6.163883863444037e-33
0.004102739897422618
0.014406188417499183
0.02683278785279944
0.038808099605256136
0.050898085636791206
0.06627322170939402
0.08740391263189823
0.11426301976612109
0.14455695440005592
0.17437475493069754
0.20185823804198888
0.2282494409639069
0.25234519353827106
0.2688521567247882
0.27444417731820936
0.2702860663761557
0.258439628711376
0.23971627066306062
0.2165625476997643
0.1923628736250114
0.1698116361734909
0.1501498245420409
0.13328214284669823
0.11855461334286346
0.10517175785645014
0.09366721456300717
0.08599800074888965
0.08386378973543399
0.08636524320345723
0.0907757575891279
0.09513417511097653
0.09928723693489788
0.1037290929317021
0.1083282028708271
0.11270082782376861
0.1168289076686786
0.12179141450864864
0.12786101689374718
0.13288623364331292
0.13337982767036577
0.12781379636384296
0.11737549388788367
0.10500488588313457
0.09390850558753955
0.08581127949041488
0.08044037690933814
0.07592068164375874
0.070575259954162
0.06344791498427041
0.05578609137148387
0.049300008716448004
0.04549087868162484
0.045544053413019696
0.04902707171015111
0.05423245494489334
0.05973234109976666
0.06490279123235108
0.06895745543047867
0.07188911791668837
0.07531934899582414
0.07973523207654264
0.08487915172243043
0.09152913884961958
0.1000285280059501
0.10791975130167608
0.11247792211070881
0.11281868419129676
0.10877205162651131
0.10142102197763195
0.09260923573177397
0.08384614442416462
0.07665921955444802
0.07183949491130821
0.0686532411767043
0.06557938710626085
0.061687302634515606
0.057837592097853614
0.055272363097580504
0.05305814933357781
0.05078476739219501
0.04997491338998414
0.05220825276702573
0.057447387273967226
0.06380458785590826
0.07019572350241678
0.07723013962390189
0.0850756697949526
0.0920207700251332
0.09539024048501427
0.09519449530359578
0.09336333571470302
0.0910554757082113
0.08830836972217052
0.08482191023386641
0.08075115097674727
0.07651284792723259
0.07307221773884424
0.0705521577200063
0.06793070593896897
0.06413069096062382
0.059435062330966675
0.054975414972685675
0.05080178523352209
0.047247792162473636
0.04543806971263671
0.0465658182771758
0.05023889318208184
0.05518629330029092
0.05985939545110715
0.06347102625948925
0.06568344090070061
0.0658273110594551
0.0636045484625926
0.06010640025099859
0.05744447510481708
0.05682172727624593
0.05857386315117692
0.061168017868652516
0.06121105614643683
0.05662676049184181
0.04959015711490359
0.04430416653419509
0.04341564004913379
0.04610653259648753
0.04934524162191895
0.05131913885281174
0.05199169341702367
0.051137585931048835
0.04857089918350064
0.04550839077666018
0.04434657988392825
0.04611248153168753
0.05029433396644568
0.05537730223713315
0.06017056136316617
0.06456895875199599
0.07008475242104777
0.07681820736123346
0.08397075559204568
0.0911276848995324
0.09688781299668978
0.0977350162772187
0.09175143296534605
0.08206500140650656
0.07327329684941115
0.0664588391654504
0.060666992920289674
0.05599641468306451
0.05285493232783636
0.05113215721383699
0.05217311594206807
0.056307569622623996
0.06099828465799719
0.0635805410995961
0.06383302679697518
0.06286963356036511
0.0617258896865045
0.06054883266587855
0.05921272922140192
0.057910669341935644
0.05725945548282803
0.05787090298312781
0.059917731949970215
0.06337347366838887
0.0672883606599786
0.07030466600811656
0.07133793667553913
0.07089993965748798
0.07082050327385274
0.07139673417349714
0.07068829469298207
0.06727139373483619
0.061825156903736835
0.05675055573677761
0.053929455890253865
0.053616319699652575
0.054019326099616384
0.05288408216168654
0.04911908611554056
0.04358373545561915
0.038884693999882335
0.03670489886637386
0.0371539357290346
0.03970780821220034
0.044078590906568536
0.05049123335881551
0.05766173593646721
0.06293271338283878
0.06535946147756508
0.06606866208658467
0.06580493652886113
0.06400756535076237
0.060744593395807296
0.05678176521785042
0.052616061286376144
0.04922376444587449
0.046879629383980374
0.045757194162894574
0.04592435929879572
0.04706158038158022
0.047916390830735955
0.047295671744075396
0.045375911283607503
0.043559498835842654
0.043816767203268304
0.04645338413945269
0.04963056298838901
0.05082167350977512
0.04993489375820601
0.048812546838179226
0.048870919003525214
0.05050566806416396
0.05348348564873976
0.05617535569270735
0.057495999580080316
0.05753449324076894
0.05692859523794458
0.05676845096776665
0.057727175367550176
0.058956836102572144
0.05905057487155174
0.056774237564925514
0.05146226623636808
0.045199657914697655
0.04174943557312684
0.043174779912989326
0.048849397110140885
0.05594666985197517
0.06132698415519512
0.06361606815617886
0.06333678643146617
0.06242628604935249
0.06186307361194469
0.0610326272053982
0.059066590755737156
0.0563399287357499
0.05431191890915461
0.05429976374229635
0.056717377920485514
0.06022603379183371
0.06263253968107593
0.06326896547869328
0.062349053795212425
0.059820666728959256
0.056102244508475924
0.05295676296599535
0.051658291337473
0.05201731621640896
0.05377878979853735
0.0565635456881816
0.059814066561362074
0.06272207205552431
0.06471274905227942
0.06539740938390003
0.0644366230049895
0.06120949947419296
0.05619263021428554
0.05190666061811859
0.050480406205780676
0.052065686877314755
0.05582004734968858
0.06090037364489657
0.06567345532531847
0.0687745643766227
0.06836348579136108
0.06472868667531272
0.06003272580367971
0.055956148796416465
0.05245324279549441
0.04932264860321726
0.046874251438588053
0.04629666063170741
0.047358811041406844
0.04811514300105936
0.047102363958560156
0.04548191875237901
0.045494876673674876
0.047476403690580433
0.04941638612501085
0.04949576663335107
0.047685501850471455
0.045832391845230844
0.04582393286435246
0.048073932086446135
0.05177642657611768
0.055926975781217636
0.05896955765728881
0.05922863890185966
0.056900968098739374
0.053553480102196675
0.05143813698363051
0.051580377213390906
0.052843307967596544
0.054002507700251744
0.05465173252834983
0.05456663388691794
0.054315613477520445
0.05432067548983725
0.05521950379315534
0.0575045395426061
0.060974635244590104
0.06504029359948157
0.06930946418899145
0.07285907935900603
0.07497440801311771
0.07523435734574625
0.07392862660287292
0.07113166489692906
0.06766219682402468
0.06415563828973565
0.060661979305811624
0.05758310200143293
0.055994069301802576
0.05616382921089183
0.05646964239954379
0.055616743048532216
0.05500241431192926
0.05562218487150302
0.056863731680310454
0.05779475053400654
0.057538185055538454
0.05623076648068596
0.05468155483975769
0.05322365582685972
0.051600649553896254
0.04956262774435771
0.0483869841699407
0.049186122301326844
0.05137130457324002
0.0537963726928107
0.055639730765779216
0.05624364663119878
0.05609874184423546
0.05706894137111006
0.05967728261718277
0.062236088453188385
0.06254355027221968
0.060496711636768855
0.057755954692642705
0.055975522092779936
0.055104510800562195
0.05383316742322236
0.052077842015627734
0.05067490350594761
0.050701727432271505
0.05203885603516823
0.0535418806018129
0.054853671124891104
0.057124147885761554
0.06074814257475139
0.06440772306968748
0.06653324991334748
0.0668106824515145
0.06586622083712783
0.06389195153412973
0.06058759273185937
0.05552020360129362
0.04939233411131014
0.04392052577577124
0.04060397657982122
0.04003954022282259
0.04106747204991637
0.04249498204386172
0.044606710267731685
0.048295011184671936
0.05346983121322351
0.05832976832408243
0.0608298965808181
0.060194458851157706
0.05749597954758259
0.054952916660720795
0.05386322679044856
0.05429768611267462
0.05566781167962715
0.05726071065355885
0.058593803981992224
0.05939256875542383
0.0596189692611595
0.05920254306870145
0.05758747185185809
0.05496515221654466
0.05282297535179678
0.05267516409539471
0.0546057998448155
0.05795203266972512
0.061591142316343155
0.06405200159450626
0.06467363340190287
0.06376636616028639
0.06145349998921164
0.05813999973832032
0.05463633173916788
0.05148725077311475
0.04994195827714922
0.05038978121941719
0.05216221512471593
0.053939223139298255
0.0551341490838676
0.0565068542702477
0.05862303804137174
0.06100062589788768
0.06256608741318546
0.06307663395196876
0.06251135504356517
0.06111684830122785
0.05959747527947263
0.057865710195527886
0.05573063579856473
0.053668317041553046
0.0524984162905657
0.05196376300946092
0.0524495607410991
0.054760498454384375
0.0584197466450145
0.062001403781043005
0.06497699586406425
0.0672532494150653
0.06759820100161539
0.06593844667974867
0.06271556477527612
0.05832640509662387
0.0551295898924463
0.05500436056830964
0.05748587065851927
0.059743532554700975
0.05933852811870013
0.056546732422812135
0.05344691666195552
0.050999629158058016
0.048855145036980414
0.047680958403565225
0.048505994346411486
0.051481269063036975
0.055477232691285405
0.05850373669227707
0.05973110698224547
0.06069768762007818
0.062437108305682096
0.06380259564557289
0.06349475435635017
0.06206543574253383
0.06161750252537268
0.06240104025275281
0.06291856113323603
0.06136442581051536
0.05812260607855882
0.055366166208069265
0.05497797711970595
0.05589487959167092
0.05760908657369826
0.05955131480481348
0.06054633922421412
0.05970624752721403
0.057493474062259096
0.05520314416637351
0.054184282904399056
0.05470685250985374
0.05646659997234282
0.058321082491740214
0.05923072092048782
0.05930761240253308
0.0597573899400333
0.061480183122303356
0.06482878459120073
0.06923129202428747
0.07291406528288898
0.0742935058987046
0.07294402394000196
0.0687611971171337
0.0628682509999678
0.0568582930657281
0.051827626328095316
0.04821343291232631
0.045982084500633603
0.04478207757614729
0.045106324846141695
0.04705013353883335
0.05019321515313279
0.0535081673875296
0.05578856620622888
0.05746246564925896
0.060767578033242294
0.066767191750493
0.07388641846351364
0.07951568164668413
0.08253417497277452
0.08290940649876377
0.081036322956472
0.07770351558897443
0.07359848845669906
0.06844756609731144
0.06246507759364848
0.05847727308153076
0.05825805623246659
0.060072978219424526
0.06153177374193018
0.06098821473401639
0.058467762747175384
0.05545845693709044
0.05358271939291219
0.05282671171205802
0.05290156512630791
0.05371777996146222
0.05589721049342982
0.0599340648820512
0.06519947474704846
0.07054526505736969
0.0737166802594475
0.07330492905764836
0.07015421649141261
0.06618765369821752
0.06261029237797382
0.06041478043169684
0.060929722040259454
0.06396293427087701
0.06791762404672426
0.07066801567294707
0.07100746440734244
0.06859599020243404
0.06385656529078089
0.058389909817569786
0.05370054574953471
0.05020504911757412
0.04790328699946412
0.046914659621538825
0.047726696198684006
0.05012029956477507
0.05335881003220556
0.05601044724044728
0.0570208863809964
0.05604863333927079
0.05357997088380043
0.05146747434876903
0.05083554379483033
0.05212665950942757
0.05575502061596392
0.060826834392105775
0.06477633360453143
0.06521426173002033
0.06211907230329049
0.057133247320853106
0.05195484481794507
0.048123436893960723
0.04711220560720449
0.04930776280795818
0.05428969200686641
0.061152051791338494
0.06840100371737028
0.07281337699744612
0.07203975094942194
0.06724748284770236
0.06156448377927141
0.0575938289833528
0.05723617405389574
0.060171870730110245
0.06453331117925194
0.06865414134021773
0.07180124326465132
0.07384894753134827
0.07408751861160272
0.07142977101049182
0.06657385840754293
0.06209966873276097
0.059288626816110856
0.057667831891605834
0.05617497576407404
0.054528833452853344
0.05273784165225751
0.05098495616396746
0.049707547914226824
0.04905432605496309
0.048645356840706894
0.048204531970464766
0.04821410753314779
0.0492744276601026
0.05172709356395298
0.05556654988493918
0.06042038825729542
0.06534732158164282
0.06836769491793221
0.069282222115321
0.06916842873318704
0.06947807284366625
0.07034849308065143
0.07056071358871344
0.06876702925239285
0.06467651269784155
0.05965675898884086
0.05561571191866504
0.0529265100879811
0.050148187509810496
0.046760143537438466
0.04355115902407024
0.04114312135909558
0.038726872821488297
0.035886966260601096
0.03269125701990256
0.030133579969757334
0.029914645896293612
0.0330276761689034
0.03892780926866955
0.04579457287770264
0.05047756630674935
0.05150807240736293
0.04978142906057001
0.04766644087485028
0.047018928338708396
0.048269598397502
0.05084521931448383
0.05412222998991832
0.0575543144202704
0.06025003636502291
0.061666352421291065
0.0609625609431709
0.05823253006659426
0.05522005769347925
0.05410861406344408
0.05494762148908666
0.055630888472858776
0.05478779311717264
0.052446751227001195
0.049712662232621725
0.04727062987530832
0.04517291600275487
0.043905520564882033
0.04416022754039835
0.04565575337283878
0.04690059172093376
0.0465248666211409
0.04458365226319499
0.04264034211507852
0.04276831715502479
0.04534501645714373
0.04825070214529114
0.049374278653598246
0.048901381931125545
0.047796527503144226
0.046816768510450205
0.04640744211387882
0.0465061528881113
0.046321409867856655
0.04515872277855726
0.04271369962885375
0.039105895366315285
0.0354709197200162
0.03354487409080426
0.03415753067961377
0.036358952462743524
0.03905042862726953
0.041885630779454425
0.0449902639436499
0.04796228970365846
0.05046822798272454
0.052143654123603986
0.052750164950152265
0.051757403808595774
0.04981625096000594
0.04826417596813823
0.04745840959839574
0.047090653612324784
0.046587513844965844
0.04544934257491171
0.043284184824110526
0.04021173645916634
0.03724936349692114
0.03574127854405849
0.03640866046917025
0.038557608411427025
0.04066594604864405
0.04206504922096532
0.043648823282342326
0.046758418114572375
0.051154403366439206
0.05413232501625004
0.053431066127918384
0.0498096716271667
0.0458528570643459
0.04366900423684409
0.04374919886277582
0.04529900101586073
0.047138324478010286
0.04908977162136613
0.05179284099451531
0.05547921000387334
0.06004475727854106
0.06464069551650135
0.06802364049179428
0.06896477182941729
0.06741888755556824
0.06497073354387241
0.06345988888229587
0.06325621361653
0.06296735141420476
0.0614245992727593
0.059464304903573455
0.05797961687631103
0.05697568827177825
0.05634308414843865
0.05569350863644705
0.055233834425539786
0.056249942209443134
0.058827934741869134
0.062210143139648434
0.06503627071076548
0.06642814312211574
0.06602275474707572
0.06479305358409894
0.06384927179670485
0.0630601077689058
0.06197439659519971
0.06067438063142037
0.05915509657412344
0.05733974033777006
0.05575877763890322
0.054751295303700556
0.053309613560392176
0.05045019532990975
0.04763972709030915
0.04728441195498933
0.04955147859094759
0.053464170859967255
0.058190843310589074
0.06230908642559934
0.06424394702856677
0.06421546901480546
0.06279660539122071
0.05994509029443417
0.05629283171960452
0.05244822815934688
0.048528021695935085
0.045772138040749435
0.04594557455889239
0.049021924285594244
0.05314117193742999
0.057280032091373195
0.060612487040779595
0.061236068251555406
0.057094669593651344
0.04918380060739637
0.04161375677714682
0.038509572390022895
0.040557542877354434
0.04541574913793419
0.05115654371149919
0.05701931260599335
0.061037109733735426
0.06169632096043833
0.060506940116524195
0.05946789161717899
0.059107717903035734
0.0588278315708309
0.05850471821156026
0.05854977992155981
0.058903919227178914
0.059593733448626084
0.060998296786284927
0.06245869618775862
0.062333909994111654
0.05927020673141296
0.05365358396946492
0.047119198685673325
0.04160148820782129
0.03908185618983686
0.04106239843325365
0.04651578424477315
0.052369465993000415
0.0562342991992065
0.058002657716838595
0.05861759404158722
0.05826154244626348
0.05693268961792395
0.05563956763514326
0.05592328021442042
0.05889439000484602
0.0645766796844218
0.07187884623996474
0.07958003957461283
0.08786284175740977
0.09656497566231344
0.102591642767257
0.10265884284417436
0.09672558879741586
0.08684726172949098
0.07580478307794646
0.06600092748391301
0.05835416327641493
0.05314290216859151
0.05090374650764387
0.05173905093634331
0.05417688879827879
0.05592883590897328
0.05611507323295641
0.0555110838313879
0.05562672382595952
0.056741760172383145
0.05853515337297972
0.06065106755105445
0.06337200858691226
0.06680534334849096
0.07032101380774287
0.07267135622014671
0.07194430231819232
0.06761479750595643
0.06158458074812304
0.05704092995949172
0.05589056718810184
0.05791725500358934
0.061473347200926974
0.0648663866791959
0.06712355126142326
0.06806940718868422
0.0680396730438818
0.06892293901302957
0.07270989929344511
0.07874174407286544
0.08330377929141362
0.08338261592213217
0.07905741474363893
0.07315154656646174
0.06789371722405134
0.0640967319273724
0.06362482762556974
0.06628213985596178
0.06881535551772235
0.07015361363783044
0.07196922572930534
0.07491566106186887
0.07794556336334396
0.08000733973243665
0.0808499531925807
0.08117541262378566
0.08108383484324799
0.07982367937067984
0.07717513787615826
0.07354956438257194
0.06962905844618726
0.06619233062554708
0.06339786989581597
0.06085927989402991
0.05815769930518217
0.05585236690964982
0.0546176295045127
0.05467412244596243
0.05590055622523599
0.05849801326396407
0.06279379029633397
0.06742403449913587
0.06969954989089305
0.06850207410866771
0.0651483964328799
0.06156922212202527
0.05978665501143637
0.05991565350096236
0.060888139394704915
0.06178406589437333
0.06250984116914765
0.06285314104797914
0.06263660561186146
0.06194619180675063
0.06157496800382688
0.06242228172285314
0.06400433012630896
0.06422788189863697
0.06218695853445701
0.0595474365515162
0.058101034570755036
0.05826975162328629
0.05859325248495126
0.05796630803425067
0.056037532770805074
0.05308445070410766
0.050346057073549944
0.05003554346665102
0.05301093128364866
0.05825625552204941
0.06329444912828851
0.06649180089194516
0.06697665661732194
0.0644734339779551
0.06083913605922394
0.05832782954319405
0.05761419193789511
0.058130644407282744
0.05936161397735735
0.06156161605302421
0.06482020859924302
0.06725585970058763
0.06582996839755773
0.060424155105032115
0.0546596276649259
0.05208982704945996
0.053412879874548236
0.05738612055789903
0.061425408311907057
0.06273647529120037
0.06000028993749164
0.0546593932309796
0.04968281336356041
0.04732950215850577
0.04785625514957521
0.05020665562477519
0.052291933762911795
0.05240933320936383
0.050229727815166436
0.047347211390290155
0.046085587748623306
0.04736523119157192
0.0501434099629881
0.05329303847079979
0.055274509046102496
0.054703847171821286
0.052805572370419676
0.05239542967325212
0.05417781645792672
0.056479867524931164
0.05817751062144332
0.05948862300616018
0.0602423316776399
0.0594113987192736
0.05712303667472223
0.0547009008630199
0.053121493752069295
0.0525724577754345
0.05263204413905264
0.05207437466948916
0.050255331698074494
0.04857281588574407
0.04822052287330723
0.0489435328505094
0.0499022899555604
0.05055682459082854
0.050802689757917484
0.05096884322968098
0.05157967132812543
0.05271782937263473
0.054453417481094044
0.056531622521349544
0.05759554606888149
0.05591450785989334
0.05258713617984675
0.0504439668990508
0.05131263331704394
0.05437256861364014
0.05707925777100112
0.057558037902253945
0.05616665835788978
0.05445045815151719
0.053184336200024905
0.052534911623089736
0.05154945276530266
0.04904504625131104
0.04520045606082693
0.042165332374316786
0.04119084945012038
0.041116841446664484
0.04061389668304618
0.04040515514561825
0.04180720488783062
0.044698612100784005
0.04802472652781873
0.05121965965796676
0.05424127336976659
0.05692735132083577
0.05946220698989822
0.06198181404196198
0.06360638430758861
0.06334877761503513
0.06192814478685464
0.05984476044016622
0.05768581216950166
0.05603244189815108
0.05542696606203301
0.05537179319657828
0.055156584209184234
0.05511463664642243
0.05572676013166686
0.05670394793188238
0.057483621663588814
0.0577592821425729
0.057681130518138536
0.05766218027859958
0.05798879117528109
0.058126640151410155
0.057306718412377805
0.05570096932145581
0.05431686687970048
0.053826115855870396
0.053199738761707034
0.0517584398579725
0.05083390827004547
0.050858934000809757
0.051052680537510844
0.05166272873740752
0.0534576655086129
0.056580784587465904
0.059623729891259615
0.0599928596524062
0.056961928555321714
0.05296321816906507
0.0507091282377182
0.05091838296022466
0.052846134882197984
0.055478473616471576
0.0577979603210921
0.05900168700249757
0.05900953462982111
0.05836984731976355
0.058033510158123004
0.05833138049002949
0.059503019317752925
0.061528904095228105
0.06419500125039007
0.06727590536233718
0.07002026429208738
0.07124620529815967
0.07073588810928678
0.0688810580997296
0.0653166326298007
0.05978808418030252
0.05431442767725419
0.051647457662758585
0.052632116389589666
0.05584334426244649
0.0581738335802461
0.05778891373661286
0.055700044733320145
0.05367187528346766
0.0529615079519322
0.05412452370058414
0.056963316144438336
0.06022549508476224
0.06224121124284865
0.06257764506841365
0.06189862284505304
0.06168623940639669
0.0634458322366552
0.06723850443128619
0.07195352279193529
0.0769823094240569
0.08216736650413942
0.08646782457685405
0.08901110499456476
0.08868751764815315
0.08495092366162144
0.07982023195042999
0.07630806710568243
0.07514124590369811
0.07393346500524961
0.07063243786422031
0.06597073353510326
0.062131437430805306
0.05993029479001686
0.05790295138148835
0.05459751105732044
0.05101124075763748
0.048829356305355204
0.048202521469860815
0.04831055843108953
0.04770720130710054
0.04576932575946578
0.04413980734313015
0.044295439402474775
0.04674283369081977
0.05085959703997466
0.05452395377136273
0.05585280578069249
0.05514573274389572
0.05387829649300223
0.052390604898226306
0.05023785073510158
0.04866623553882084
0.04916832935899639
0.05173013652522915
0.055378409689716544
0.05919405571105586
0.06255285755161569
0.0648001256630732
0.06486568685066735
0.06312928824028188
0.061940784534213984
0.06194336923761507
0.06167907534063476
0.05956374098925425
0.05606871289439608
0.053496663750697816
0.0538675656465022
0.057348037346915785
0.062204813267056985
0.06568718423411862
0.06595178176964803
0.0635708076504622
0.06069551249743738
0.05868322910250183
0.05774820015732089
0.057940049578309824
0.05782308481165197
0.05651884847930345
0.05449341228163022
0.052757549809302
0.05260999396865464
0.054194379527689046
0.056517280432435195
0.05779787869206571
0.056978194222210024
0.05343111204427236
0.04798819974938607
0.04281708979870188
0.0404811019422223
0.04212890042063209
0.04735722460453691
0.0537232193893019
0.058304989130535154
0.06049802642333923
0.06181433271952194
0.06434914198148316
0.06794086909826409
0.06995847139810181
0.06860540707088805
0.06430127723975543
0.05836261525442238
0.052841452242091524
0.04988268897525133
0.049717903867455095
0.05035961394298473
0.05022853967020337
0.05023896185664554
0.05159473992112467
0.05349567796705351
0.055019830708713684
0.05642590712129721
0.05899143680643529
0.06254747866038197
0.0651608253660221
0.06543838675023422
0.06360676207013459
0.06107430974733015
0.058792287024355926
0.056014538998635593
0.05199014936710666
0.04754289139375948
0.04454564017249875
0.0447553093156154
0.04870691376148915
0.05503610138870752
0.061822441243494786
0.067333424098509
0.07086545499729746
0.07258674812946388
0.07238875983903034
0.07042171249016574
0.06704590062798808
0.06292307347078085
0.0588026884321574
0.054528151661854825
0.05053952777723115
0.04783254855445657
0.04725325228220784
0.04857589073066162
0.05104435839696805
0.05359454133154909
0.05483558051951305
0.05415083764639885
0.05162029103168567
0.04866021674896253
0.04658502876583879
0.0452144314088424
0.04336375093545617
0.04160081691215387
0.04066012886935783
0.04076501870982241
0.04141828711184648
0.042323080896042406
0.043212838733324634
0.04450100894642964
0.04630645173858538
0.04851332109991864
0.05111181444216647
0.053818102525669195
0.055159917118121016
0.05407975475540269
0.05135173826592608
0.048313459274319216
0.046629145855709535
0.047100240735251556
0.04939738784312393
0.05174377932926417
0.051850886614211875
0.04965099106528886
0.04622293399613905
0.043416352389170985
0.042268805454754844
0.04271309696346107
0.044334686317072144
0.04594410016144042
0.04705281042460209
0.04761706305274308
0.047864909394811854
0.04775700326239904
0.04755909572060421
0.04778594137238547
0.04845073777526746
0.049280717629018776
0.04961328599675081
0.04904741134422059
0.04769685700843658
0.0466340981365395
0.04716825063043794
0.04991236747144602
0.05398048557142612
0.05749077573651679
0.05923302174400344
0.057370002420379325
0.05183183534604566
0.04602186791555806
0.04472561794149317
0.049185902566753356
0.056903831851007884
0.06451127259700143
0.06958923100303184
0.0704638562468146
0.06790870388934152
0.06404817683687034
0.06043608764547511
0.05761426093372152
0.055706250272943854
0.055251206139684185
0.05686319371090143
0.059996148263180005
0.06299832432295485
0.06405613549969369
0.06363250746164281
0.06313055196234074
0.06344541547205433
0.0647382715551283
0.06654015448467468
0.06813552210614242
0.06975301505751283
0.0728743910051025
0.07819405510321709
0.08346153342694645
0.085296523517916
0.08266012188368611
0.07625409734006183
0.06761618927519783
0.05897013111079084
0.05269206648407826
0.04959432060599141
0.04811061960332412
0.04680665319917444
0.04582700045348663
0.04606653326999125
0.04812224777896923
0.05144594812751633
0.054923923001095706
0.05846476658329068
0.06235965276548485
0.06633365904397572
0.07068579284076923
0.07553038684721444
0.0802198809270281
0.08357989679999539
0.08578164962615392
0.08729205109468445
0.08752762894820447
0.08519708824585219
0.08027502124632699
0.07295962682037929
0.06464618819366984
0.05646280342601795
0.04944104180517238
0.04526551029908969
0.0439456327768616
0.043713897322968875
0.04338808545689538
0.04277481834108644
0.042574975206880625
0.0437930561961181
0.04673273010537144
0.049916576102415525
0.052120708244727094
0.05425370831403968
0.057850068852487876
0.06316985392087932
0.068898964859575
0.07337851591818095
0.07478228728321014
0.07216545808661
0.06671565355827111
0.06029466691480617
0.0545873127428867
0.05003656886851049
0.04646072949290031
0.044515195679302705
0.04420198928554646
0.04401474897745879
0.04276819027005703
0.04106291831018921
0.03948248514364464
0.03837936731317631
0.03846638921908258
0.03922802732754382
0.040004241989580795
0.04139824740261082
0.04445237353857025
0.04927682884504992
0.0544768058967956
0.05792307590459171
0.05866040711829807
0.057555707528792764
0.05558317900906968
0.053361798946756134
0.050779554673259765
0.04775935119593055
0.045228342984945505
0.04431902354242214
0.044540545149600375
0.04486930965996314
0.04432343284669115
0.042942729125562795
0.041853603407267126
0.041931295820337576
0.04272970158651189
0.043846441064219296
0.04547757088484542
0.048322690070298296
0.053383689150837785
0.060280122915219274
0.06678884797038977
0.06990311802930108
0.06797815738289804
0.062319498850696126
0.05767548519380743
0.05751606643275947
0.061567783171133046
0.06707721027688454
0.07094121793187011
0.07202629113476745
0.07091442911140755
0.06864815709198677
0.0668335838281531
0.06620869943046226
0.06601758443504335
0.06512706083738451
0.06314410004994955
0.060454627494536645
0.057563293842921845
0.055488256726510025
0.05545083938469237
0.05685049034661346
0.05848343819147436
0.059960985534643914
0.060921456266061755
0.06079394896697786
0.05939671667405648
0.05735405028780503
0.055358631315744755
0.0537283517594201
0.05323731138441803
0.05419685733283948
0.0556332329232187
0.0565942799860947
0.05696127643682945
0.056265989378572655
0.05403707556136772
0.049837267914768994
0.0445429208138286
0.040348617904671306
0.039609916124585545
0.04337881703645364
0.05081693842009131
0.05925355738307998
0.06508113614669707
0.06677305788145368
0.06552729268096091
0.06378788506275751
0.06351609360525275
0.06522208811814913
0.06781645045684248
0.07027856530110317
0.07264182095565487
0.07478086900956331
0.07562036308331972
0.0753738885873725
0.0750467322837041
0.07449452701179933
0.07341266569079151
0.07165195563637693
0.06959485608779402
0.06819450727446318
0.06808865209511371
0.0684301471936848
0.06761590423050243
0.06502134671369648
0.06144855938912809
0.05830750039785609
0.056474427472808224
0.05671253585535872
0.05868814402999017
0.06061026817259401
0.061032547711323895
0.060752493658776885
0.06132352261759055
0.06181866440456598
0.06064620368249992
0.059136926233489
0.059173352037461345
0.06162298494236036
0.06691036117924719
0.07353559517741037
0.07901367684661607
0.08169423942084987
0.08158738910802013
0.07942939997075522
0.07673709653442944
0.07456623475879429
0.0725534110337708
0.0696468173441408
0.06525646979612766
0.05945350333721733
0.05300215770591189
0.04725752367043528
0.043728585378347506
0.04428713814165148
0.049290239975871356
0.05657914005446418
0.06317241598442022
0.06726840572196777
0.0686687556413876
0.06764732172650885
0.06440996010628801
0.059160959796761836
0.05322108145129234
0.04872890854376677
0.04694978329765547
0.04734584752098754
0.04862200453009633
0.049364672162995796
0.04897806298490093
0.04831813381329245
0.048769448800318624
0.05112910960970898
0.05627685151668759
0.06442606235520495
0.07365405179541945
0.08123784176928896
0.08445538949806006
0.0821528061792632
0.07589636133607804
0.06814735770706906
0.06082325155127289
0.05538913389868492
0.05189886609685042
0.04937381418636945
0.04728730693357334
0.046078821619690784
0.04673281070772809
0.049353485578438744
0.053197160800748655
0.05738723426330201
0.06216367296477969
0.06800526013114969
0.07422678782209786
0.07932291028897877
0.0823576131730144
0.08315014771808103
0.08171964012573868
0.07877168165388652
0.0749121529368822
0.07032430245085608
0.0656121230607547
0.061893220842339856
0.0600385210807135
0.06038214685086309
0.0622727496095307
0.0647990500736109
0.06686168058541804
0.06736323050559975
0.06611996448787928
0.06392090716032608
0.06231515727763464
0.062004505873403185
0.06259963169023638
0.06270955351872853
0.06104834948133967
0.05700478260849827
0.051762150910722504
0.04746652476498191
0.04454463544042274
0.042519226734229476
0.0417903278666183
0.043663704798237835
0.049466334534058035
0.05792857222549098
0.06608694174782585
0.07186223266899011
0.07556698370130492
0.07806726642867075
0.07918704681741759
0.0788296651482741
0.07754808764593357
0.07552772376459778
0.07255550911550951
0.0690153075102345
0.06470110645663761
0.059319658559976715
0.05387488621938016
0.050350924559180034
0.04888514570680194
0.04817268129508122
0.04740549938986669
0.04639724830811992
0.045061668589194886
0.04366158395600872
0.04277158872287033
0.04234870311361918
0.0426092815120746
0.044887558414705035
0.04975851030196476
0.05652342722708454
0.06401731285823109
0.07043096506074577
0.07412874626554329
0.07527106308724078
0.07430059489292909
0.07111827907436626
0.06656892427091073
0.06282186046299429
0.060415338592209045
0.0580849584878446
0.05469346082993372
0.05093606751048041
0.047681006087663604
0.045515712291851765
0.04485142422346716
0.045215613026951804
0.04570733797867705
0.04592599589595586
0.04622625880529149
0.0470315886142291
0.04823908802319816
0.04948408725035745
0.05108039030357114
0.0534378666729488
0.05610373402159696
0.058233091684660995
0.060210976917668094
0.06296728324678944
0.0648674617161831
0.0643118502014065
0.06185810226040576
0.05925985346022093
0.05790925170039133
0.0574848535350489
0.056588988629514954
0.05504144802643811
0.05393655574912884
0.05388682795309402
0.054950367116740576
0.05562987756821813
0.05410818855316879
0.050364002608739585
0.04621803098573942
0.04248451446257892
0.040084189004740374
0.039861543861279755
0.04241649202596407
0.04766339713744344
0.05511659119139832
0.0631282730907291
0.06978541406801254
0.07324388770588595
0.07297587451010977
0.07011277652192646
0.06604516796794463
0.06212599737360783
0.06007353412573321
0.06036307494408887
0.06144254225998386
0.06101875622240112
0.058570014806148006
0.05535258599282207
0.05277730386471479
0.05117131750902851
0.04976237854839604
0.04810525487865568
0.04640662949602203
0.04563818330753874
0.04636054594267749
0.04809355729775359
0.04957977887672546
0.050723105575094955
0.053452398663328564
0.05851749834753372
0.06414374826295059
0.06871663241059746
0.07145759499292166
0.07199674806823363
0.0702066676279555
0.06703780660886671
0.06397436693494457
0.061718831130298205
0.06000157066338078
0.058826950255893934
0.05707598071598869
0.053353254786115974
0.04812396062415691
0.043649514429675566
0.04180103137487147
0.04240232518657197
0.04418957251505609
0.04571563883526828
0.04693871624903297
0.048770223713168165
0.05245276045124592
0.058593926555872575
0.0666261223518786
0.0747940513719414
0.08057236953539354
0.08150677331103573
0.07731497131810242
0.07068945009552997
0.06523314591907563
0.062395351491501445
0.06161574195965367
0.06191838103104184
0.06220692556536297
0.06118204010641574
0.0587244741483511
0.0558615106705062
0.05342032086181406
0.051728204153543456
0.05105998349294672
0.05185034835927015
0.053554562044369335
0.05498091744969151
0.05613574754726968
0.058185810562638975
0.06176541032015403
0.06585663499057484
0.06842070798539603
0.06827585612648204
0.06611856920057575
0.06322818206800182
0.06060712221419795
0.05887413372132045
0.05915249393672244
0.062271616977207414
0.06674623902030331
0.07003382696344693
0.07037827531056479
0.06770493974607229
0.06327040663622771
0.05803795014041006
0.05283462043068798
0.04976792663869621
0.05084002533454582
0.05546944858909209
0.06118816130276145
0.06650544939950355
0.0705379125398372
0.07230450124948659
0.07169941360398886
0.06971596006636763
0.06819962666780455
0.0682882360410285
0.06982488568173997
0.07193136508347765
0.07445852443990805
0.07719147331442483
0.07906844788684626
0.0789239225944208
0.07550562414312201
0.06883831772680714
0.06102005106630391
0.05505854581228312
0.052531362856716425
0.0538587019895059
0.05836540871322788
0.06447114145595548
0.07057774347432176
0.07485040446946441
0.07578734754907746
0.07318292890112747
0.06863294590466536
0.0638306509939115
0.06052471488507583
0.06064204734100123
0.06370045643815965
0.06691615307194995
0.06776408127780423
0.06646755878950787
0.06345613510118552
0.059436624294229544
0.05577128686711957
0.053456369274650146
0.052720295000860694
0.05275980951107011
0.05314054528528632
0.054367741768458044
0.057072546536276296
0.06032848650014323
0.06207075608389617
0.061477572964227095
0.059066863684211456
0.05660778671924359
0.05594775205427443
0.05753698008029506
0.06036593775103793
0.06376398422833231
0.06749153565352269
0.07088653939745433
0.07293459107138107
0.07284666635573969
0.07057640958875751
0.06667893936801839
0.06294062773998373
0.061276849279789325
0.06199569867472345
0.06340208729547625
0.06300694591738727
0.05981999853244791
0.055533328909303466
0.052580848627946625
0.052746926077903725
0.0554320888906522
0.05904393938049284
0.06270856857492357
0.06613590026008365
0.06861712878492882
0.06974674649589757
0.06947898847435857
0.06814321735501129
0.06653616060314613
0.06621399415284229
0.06787321757346138
0.07010887665137379
0.07069399080542281
0.06957283455031851
0.06826357514929965
0.06811132272626702
0.06962649633876361
0.07319680028389215
0.07776930885501238
0.08160465958236977
0.08294426598669753
0.0808997225100062
0.07543973115304486
0.06775352854212442
0.05982023257282663
0.0523716098489429
0.04615106837476229
0.04295090012100993
0.04347625592879801
0.04640084801600956
0.050279308091552836
0.054134837685279324
0.0572910942599814
0.059438825641738344
0.061060238858252715
0.062154646546007844
0.06287431289152023
0.06303233055068223
0.06304913109509518
0.06285641783991437
0.06247771606716655
0.060412080754693544
0.05613812302939441
0.050902838954044856
0.04673119702465493
0.045041881048449424
0.04648671982846873
0.05018295299395133
0.05434406214506242
0.05758431031164935
0.05962150556617678
0.06100073300067804
0.06177298718098062
0.06122710743288639
0.05938722096535907
0.05712540815045133
0.05448391143649181
0.05149305428194909
0.04942853665604209
0.05008682134173085
0.053221506581996515
0.05644331798579126
0.05746596986382005
0.05593330560551885
0.05322553553761826
0.050777030309988515
0.04991972661420965
0.05130110965536863
0.055303715097371996
0.06087665372295342
0.06574484401177136
0.06781353573609718
0.06659121403923507
0.06256418828649514
0.05698993543987642
0.05175357358028386
0.04820887697325194
0.046740966796807934
0.047429416707733874
0.051472742859169925
0.05911358550510102
0.06914797527972998
0.07872094558610761
0.08513775735934019
0.08679147036716953
0.08389726816638442
0.07868703323634549
0.07310739063923474
0.067742319857381
0.06302360539720991
0.05993015605274688
0.059120881587612854
0.060252198886059725
0.062404908830172995
0.06489110526257785
0.06675285156505815
0.06697423949899584
0.0652040339516857
0.062297689450325766
0.059219440966050335
0.05690662618858276
0.05605930707609526
0.056862998294663146
0.05820558498099465
0.05948821376658203
0.06082135564788368
0.06303246892643788
0.06611195952240949
0.06871604198787049
0.06968198167180857
0.06985329006550187
0.070878053901441
0.07279079577463503
0.07292251607130851
0.0700017611605526
0.06487527538870397
0.05895592625765584
0.054213987084780355
0.05224513626025974
0.053596374056067174
0.05698875720541263
0.060762403223049884
0.06332818278371734
0.06416927047181693
0.06359040308052447
0.0617656517984458
0.058383497197380375
0.05364303276184526
0.048595317066021
0.04508743704033543
0.04418653315958224
0.04506215046799792
0.04609755292806805
0.046120478062198864
0.04510862771793958
0.044384219342507164
0.0458570702419563
0.050327819405433516
0.055855251788868916
0.05974085026728982
0.06086721134296931
0.05992693637250482
0.05896019108808183
0.05941624553656791
0.06040143539641311
0.06002088180175148
0.05837716635354058
0.057028209345664986
0.057491314661682544
0.06067836029659115
0.0657817267950057
0.0700202733131194
0.07080471974904406
0.06823785898658803
0.06583631220832696
0.06639114526855476
0.06972483940079811
0.07406997129658803
0.07682351822428854
0.07630890912442212
0.07272552464710093
0.06728792378227792
0.061199486307847856
0.05614732854570425
0.05358925969286159
0.05365680894847957
0.05518041732844468
0.05676113661968973
0.05649629980635211
0.05489373147714199
0.05448813875704206
0.056078987839975315
0.058885602910490345
0.06186293552201966
0.06450592581681468
0.06636446562130621
0.06578565055387851
0.06258396676724272
0.059031612996346745
0.05736554539635526
0.05749352812755634
0.058717674506225746
0.0603522998519338
0.06109718029477077
0.05961115540107512
0.056654402959730135
0.05440924040198097
0.05472858140187883
0.05845823984465657
0.06500340233966204
0.0714714909518188
0.07500989135643556
0.07463525290123277
0.07189475333387006
0.06885702763320886
0.06729060906876021
0.06806255504719518
0.07055005527419357
0.07320045210821036
0.07401492053026013
0.07285882351183233
0.07095102964309541
0.06950847422972861
0.06908614177976
0.06928196292538076
0.0693328806813314
0.06886175154170118
0.06762297947380477
0.06586465739620231
0.06423118674625768
0.06328362497871394
0.06350331164249402
0.06424556769383172
0.06354391551096368
0.06023166761640894
0.05526431561844565
0.050328440642570776
0.04653602793122808
0.044606071025048454
0.04542786909959287
0.0483031022234569
0.05136851837661109
0.053604883721657386
0.05595105049616767
0.058550950191928464
0.0605268258996784
0.0610931994884285
0.06063588181604805
0.06046258029732517
0.06126541157959199
0.062424091054181945
0.06200936813643666
0.059115759033004055
0.055248630012123254
0.05308612295567384
0.053662198293028915
0.05608533137110967
0.05885158735903585
0.06186449387398886
0.06456521901562849
0.06478569534374397
0.06146335967605939
0.05657942189533142
0.052619877328830715
0.05039253120040036
0.04961663443234246
0.05054318832165716
0.052994475827611326
0.0558952407815107
0.05781817936101544
0.05818275669996218
0.05711185423404155
0.055095449083984636
0.053179604753396045
0.05233725594331227
0.053713911797177424
0.057715367975792034
0.06341080597678625
0.06908842106917473
0.07352484993791601
0.07627440309321178
0.07819051661160352
0.0803977193173074
0.08253723539756815
0.08315156792892851
0.08097184535995498
0.07717343794181793
0.07410454000844763
0.07221419618193095
0.06960857272994768
0.06557773422950904
0.06035506905319354
0.05454680757329915
0.04881511572016048
0.0441688204806115
0.04153888750448169
0.04117369399851245
0.043493408764209075
0.04867558097312609
0.056163816196865404
0.06534428657508534
0.0747019998752361
0.08227887889643025
0.08648613995870924
0.08662115385707599
0.08442017521013871
0.08215281818177872
0.08056121668909094
0.07832639161525111
0.07465239244765012
0.06973281361664525
0.06550142676648785
0.06349541386103454
0.06354202432688964
0.06475839512602044
0.06590688664652607
0.06573118078630036
0.06303397238780717
0.05842704569748973
0.05346446809199079
0.04943764738479731
0.04672271014729763
0.04549964544632531
0.04690707966386538
0.051645416007489536
0.05848471155920203
0.06437285056695012
0.06794671071406932
0.069628536630005
0.0708367625671148
0.07344696352662909
0.07895754397328111
0.08721564949541116
0.0964276175717168
0.10442610880075065
0.10987411977531189
0.111788107761387
0.10963069745132452
0.10353286862590205
0.09554128605732443
0.08748548555915503
0.07992476472354883
0.07169986423889464
0.062493713145192364
0.05338961106691265
0.046386571540253226
0.0427596472088031
0.04287537369328392
0.04620598944522602
0.05066096131343222
0.05407524760613823
0.05610706282589181
0.05782274405692697
0.06024792774908491
0.06372248855370512
0.0671585971415613
0.06970901080794728
0.07114093735800435
0.07215637244613507
0.07328563259626361
0.07495845768484981
0.07734765331836013
0.07991920594126918
0.08208160052948778
0.0832768064475989
0.08199145441001221
0.07706833018573857
0.06955609225292317
0.06296089255592378
0.059370429995155
0.05804368743911007
0.057766436799509435
0.057671553868584434
0.05699591763121369
0.055490811487012466
0.05318464195761649
0.05008566618790285
0.046375184902459024
0.04323096385088486
0.04200380014302203
0.043804188428985896
0.04896191670015028
0.05658234358206406
0.06445519814555845
0.07130817789551296
0.07678494099199319
0.08036673055788304
0.08096624982403519
0.07786524185654697
0.0722438126149223
0.06570714342868893
0.05904929485129287
0.054378417177790676
0.053941860298841605
0.0570963231109267
0.060712695913691835
0.06303654569965146
0.06374681936107995
0.06322822440299523
0.06209897926093235
0.06145902892476482
0.06138471651405249
0.060863940191553265
0.059466772867900024
0.05782968234757859
0.057108661117739594
0.05726065518742599
0.05705407370925791
0.055538390130229716
0.05330898814561225
0.05157791935676102
0.051103829620592386
0.0520611407782358
0.05422798680414198
0.05611080971100621
0.055818828183588125
0.054439166766742694
0.053872571866176784
0.0538446719368688
0.05276678290530641
0.05121880852175123
0.05129906699450041
0.05363745705142216
0.05663374738640275
0.0592303923499748
0.061718508538850636
0.06426383143730326
0.06658597432295257
0.06946478322097353
0.07263591340320669
0.07462235260259524
0.07489598094164651
0.07357404145931706
0.07044355426760118
0.06626853930015436
0.0630694343592712
0.061672038847351215
0.06136651664659306
0.061117867932961686
0.05963293869790331
0.05693578557851553
0.054764364696220855
0.05389395832798696
0.05369205473949125
0.05386376785958426
0.055325266115312015
0.05829624927832808
0.061330090209373474
0.06343244942700704
0.06490849063840595
0.06587276239748566
0.0658963586006299
0.06500945820435264
0.06413944574740188
0.06415719176615561
0.06531952533963076
0.06717023126247264
0.06828542211060387
0.06689632681957282
0.06299381101928349
0.05789905997192267
0.05374010510764018
0.05189263473422263
0.05229031212563404
0.05387694868170699
0.054591465708521074
0.0527127406812891
0.04886813345790607
0.04554297562849123
0.04419525364809761
0.044677492147751824
0.04606015904969512
0.04770195811422898
0.04926641890720197
0.0507077481285469
0.051935926323009945
0.052686881566338495
0.05305156989141785
0.05361758520016306
0.05492442119316762
0.05713652396541954
0.05977923536506406
0.061159117405932543
0.06129014578697228
0.0616569837746333
0.06371970916372371
0.06745992587238142
0.07113280659619665
0.07363284979461165
0.0748463775843586
0.07516591648553207
0.0754565438534403
0.07721365462453574
0.07977459107155728
0.08048766502940373
0.07808995040441048
0.07293069232115842
0.06598789397910589
0.058874001144287424
0.052970601723186246
0.04930025138002115
0.049100000809063654
0.05204622726594424
0.05583458367321206
0.05794180160689237
0.05792957808815869
0.05626675904893525
0.05357375987178
0.05080779879880175
0.04900975411534874
0.04868803711656132
0.049430405441431964
0.0504849183392605
0.052300865836350074
0.05531860369003979
0.059206152731562316
0.06288787718410883
0.06534019181515778
0.0665038124078152
0.06746716442741518
0.06964453612358781
0.0737884996285002
0.07939142372449327
0.08610506893503739
0.09332607996207977
0.0989523815127235
0.10141631529011769
0.10097286177250162
0.09884991892524482
0.0962589970403095
0.0931544741221509
0.08882177553216573
0.08261281447894439
0.07458663167505199
0.06631005709636661
0.060547701262777816
0.05974644547812256
0.06441866770883198
0.07264279929051487
0.08076783390799917
0.08595582337457168
0.0875294061588915
0.08614867906891666
0.08345160961351894
0.08068585640204273
0.07863507585328222
0.07725073560920824
0.07659357853109658
0.07712699806214207
0.0783983036923363
0.07899608279982348
0.07747756553005133
0.07409290477912119
0.07054950573565462
0.06705077577498658
0.06280857531062202
0.057496385287066985
0.05276842523830114
0.04970728491964706
0.048885454953796176
0.05011677808090149
0.05305675849286444
0.057381249731120035
0.06239463175215775
0.06687780361876625
0.07011840532829022
0.07194459313270114
0.07224245988375341
0.0709746675284746
0.0689753774539074
0.06857158444477994
0.06992046998561526
0.07180542598181244
0.07272560743753942
0.07271640276908756
0.07291204034473502
0.07382527519694132
0.07513025080851404
0.07688470810676748
0.07886148340041121
0.08024136699972444
0.08042126049341465
0.07958923991391305
0.07774416445974908
0.07514333261647094
0.07163943926116821
0.06638642786770094
0.059488166108158234
0.05255786554771759
0.047436830139466535
0.045840144223576774
0.047968058327351404
0.05275096071699019
0.05838401689874528
0.06271115767012779
0.06436871026900272
0.06289444248979739
0.05867802296281926
0.05303413127241458
0.04778824987687002
0.044664304834031845
0.0443838554103888
0.04648458594498541
0.050769747049393354
0.057575480027051644
0.06542496127556019
0.07096359075527332
0.0719784892763583
0.06816991751656963
0.06075865383187858
0.0521571702702949
0.04513043372719569
0.04146837326020102
0.04155772486810598
0.044844124099778046
0.04977379463225336
0.054461141437023776
0.057657250579756056
0.058486951163886414
0.05688043854219953
0.05376500533220229
0.05144626056574764
0.05183771397205558
0.054932887166265175
0.0582857762257113
0.05956867478567996
0.05955550821719724
0.06062651161190868
0.06319803174258776
0.06557976011075822
0.06590496612685554
0.06369114655587353
0.06064547664858289
0.05896955170428834
0.059251560114195086
0.061331548708733044
0.06436244386775543
0.06634720173297728
0.0657900328763361
0.06363578930286923
0.061481490440448025
0.06033902544759129
0.05904055142708482
0.056507817487975495
0.0537065057361966
0.05282407971097349
0.05467289030751203
0.05905910753317336
0.06436411213099336
0.06837679637524688
0.06965561357540989
0.0679711592385311
0.06455492851882749
0.06168033275042972
0.061064602724426445
0.06260651499915247
0.06492006660895255
0.06629154632163367
0.06666979263515056
0.06623688327933454
0.06535778934985503
0.0651876981746595
0.06718748645415898
0.0712708392921414
0.07542246455089736
0.07785952335380524
0.07892509173883136
0.07866589825218889
0.07703515348591401
0.07459716790816795
0.07216676084198344
0.06944603837624382
0.0656642701508532
0.06132471971063295
0.05668550952965243
0.051705627509713525
0.04732239637963561
0.04504474373581631
0.045586487461113684
0.048060460621608264
0.050930383376110486
0.05263541528150338
0.05196971348497825
0.04921452579089061
0.04663937428194687
0.04662545205786614
0.05014911928456611
0.05619669222133435
0.06267201519885773
0.06731875880707883
0.06929204562880016
0.0695648960413871
0.06942787128232342
0.07015710864144503
0.07175069389130675
0.07278011843674671
0.07169784059700024
0.06846613688931626
0.06537559164353192
0.064855576638872
0.06788447445977261
0.07156634581822816
0.07188600671934837
0.0667996932560691
0.05847864061517746
0.05121829621123212
0.047750689922652655
0.04896943490786478
0.05405112564978311
0.06095345690304993
0.06827470479008033
0.07556570848618026
0.08129125997704663
0.08352341425120555
0.08239515590349786
0.08011189881354698
0.07851061845202183
0.07875530040251766
0.08107565365537747
0.0844154888060402
0.08628405220691399
0.0841473950956113
0.0788547937910612
0.07373842274340497
0.07068983710019108
0.06985575452996114
0.06960258464987308
0.06762893479921475
0.06420334612595884
0.06151929740763402
0.05985979849523647
0.058528538973115565
0.05747764649647843
0.05631656580048957
0.05500993903806474
0.0543447617055855
0.0550124188659815
0.05671953102604338
0.058898817855346015
0.06082498800981012
0.061453971043377964
0.060442088484389485
0.05901796835780596
0.05812498090176127
0.05790988068007453
0.058311404431367335
0.05883611700791594
0.059004593667193544
0.05837700945957047
0.05757530641511951
0.05728769901343831
0.0575332421440664
0.05846972411376742
0.05997962494862729
0.06082462923602611
0.05994592470772658
0.05743418870454585
0.05392372088525138
0.05086298628939441
0.04945042491352968
0.04981866013605178
0.05198920107804966
0.05551319392346684
0.05938523041029372
0.06237825572930909
0.06381443928455614
0.06373990665383074
0.06260692361048785
0.06090038869840183
0.059272109910616766
0.05780151641029591
0.05661407699703067
0.056629253409053615
0.058626033126804124
0.06181815480425895
0.06536961855719349
0.06909268102829938
0.07171202617647461
0.07244635012291939
0.07124339191940425
0.06809915897327125
0.0639070804771685
0.06030762577269242
0.058476934079565564
0.058438538585468706
0.05949826153115261
0.06088227197146679
0.06230041259317525
0.06365557754227738
0.06437704599458188
0.06386551293231009
0.06281418320154834
0.06269767123055078
0.06456144254221206
0.06820620567586884
0.07217841902433843
0.07460001802890599
0.0746779870129873
0.07288484431779413
0.07062545676019891
0.0685676972399489
0.06605120140855043
0.06254411043278792
0.05873766787826175
0.05588337785838666
0.05512767522650735
0.056433015459712174
0.058530878717053814
0.05980928252960378
0.059443389252348454
0.057879532773257344
0.056019944539564
0.05420888968101636
0.05277938386959461
0.053060188743354796
0.05638771394939022
0.06131430194419258
0.06415212654055415
0.06363375904743852
0.0618207661905634
0.060236018837907475
0.058497915058751696
0.056198111974739264
0.053515994175817726
0.051285127494773826
0.05065439139399642
0.05191635518087078
0.054066885856134776
0.055721021234469724
0.055799520758921646
0.054337962496914624
0.05283329012474186
0.05316501469357207
0.05570407247028196
0.058790765819019764
0.06103772953896753
0.06227116197592799
0.06218048301336602
0.06088233160391746
0.060066328729291414
0.061462770788195585
0.06428505756477007
0.06622171199979898
0.06578410273317158
0.06309805334569184
0.05902077835222903
0.053758304779764045
0.04853822363932499
0.04631907414781214
0.04850041047686702
0.05380301190286359
0.05966704722796293
0.06380115798771863
0.065534927324508
0.06568429136564542
0.0656803956830218
0.06507872710967198
0.06266810522059033
0.058510489860117046
0.05456646728320346
0.053883852067446905
0.0576925149036761
0.06410690524231014
0.07074957889750141
0.0752033461253384
0.07660294094257497
0.07643673320686475
0.07580866407816182
0.07447509108055111
0.07246851645418931
0.0708021325726312
0.07040979382992985
0.0707688336373377
0.07128875280415628
0.07156473065995914
0.07057916219061139
0.0675797188295599
0.0632704973947344
0.05822156295204748
0.053289327933103856
0.04972120989223258
0.04837452677942202
0.048955663761391655
0.05069029370532595
0.05333041523357422
0.056655012142282184
0.06075371635412317
0.06598232125099432
0.07326535326729199
0.08159570339111838
0.08819467690472191
0.08971041587921956
0.08530455664680368
0.07677495634113315
0.06760240716027452
0.06111602721752842
0.05888630831735503
0.06063870277002752
0.06414948774341758
0.06702827966907836
0.06792438683434152
0.06615167364632038
0.06254145668864898
0.05828850109455609
0.05438010193673023
0.051203064045840276
0.04924435297751251
0.048521926117917974
0.04900721889730821
0.05092547884032276
0.053678826404757976
0.05569013273576637
0.05631167796738637
0.05653826741302636
0.05699904215786022
0.057784461285964685
0.059182875223473645
0.06143503241536115
0.06488896184893
0.06802714986101648
0.06931369402782717
0.06856831715379605
0.06577876235076235
0.06120540280917513
0.056356203661961014
0.051898907113774616
0.048094875568779054
0.04524047160007342
0.044170199148849565
0.044649182789072824
0.0457877782321089
0.04704117509929243
0.04846903252272835
0.05078110237130246
0.05495488149706504
0.060443329542020266
0.0655907330863909
0.06868658067308135
0.06994633352676302
0.07057074289227099
0.07026484324648612
0.06856060971390941
0.06713889757196721
0.06783760846149722
0.07089108914936397
0.07422208437784306
0.07541028892496326
0.07311088933143228
0.06804210570060931
0.06263017714117448
0.05909289934049331
0.05814146959373258
0.05922835398984394
0.06092869187792446
0.06189083025496875
0.06132740813293467
0.05908708217083157
0.05645897376969479
0.05525106315331199
0.055390604183727335
0.05601613917016807
0.05623222001290113
0.05611313542102532
0.05603779710493444
0.056746477250548495
0.05742829000029124
0.057671747395292294
0.05835914075629629
0.0604101426285725
0.06274647953181708
0.06396804451757018
0.06410883184951963
0.06406774317485356
0.06409223924967113
0.0629589290325595
0.05902012693972413
0.05271337320372406
0.04645741509150839
0.04239830785438284
0.04134713566301497
0.04283514693753146
0.04536622642281006
0.047715480203118874
0.049752435942900124
0.051497173280326165
0.05291768319770922
0.05420552724638213
0.05562667724614921
0.05635934197756879
0.0559449535061394
0.05519232566742326
0.05521522742317601
0.05517809076126511
0.05398198311606794
0.051424467482823005
0.04834764448808162
0.045869128679116154
0.04502899526375626
0.04615681088489036
0.04817149173756047
0.0498368952727311
0.05074403387340996
0.05086079893074408
0.050355279739098174
0.05004033859313782
0.05008278451999037
0.04953662261846094
0.04650638916707467
0.04136509985114297
0.03732585084503609
0.037256069090522016
0.04119113201260598
0.04719948201359747
0.05363915499130026
0.05989732126484089
0.06503932711809482
0.06777327167295669
0.06738289864669794
0.06349689079577973
0.057071465333792634
0.051159525624858204
0.048431475528518605
0.04911594317502132
0.05158460197540781
0.05392416949499918
0.055193116539596986
0.05587178462967803
0.056510128791510204
0.05738362276549103
0.05835043593779259
0.05889851464110788
0.058960026341446134
0.05905630102973037
0.05909769145955793
0.059097203531436486
0.059959673967572624
0.06250349076676814
0.065241535366025
0.06560525780847941
0.06281287769686417
0.05840375783239358
0.054627181744649596
0.05233263844926712
0.05162462284505281
0.05221171562106604
0.05338815643374602
0.05444281287449259
0.05567910878924395
0.05713807499121863
0.0578856555925189
0.056708998439771084
0.05331275257827589
0.04905420912844575
0.04600704499171709
0.045944053812128904
0.04921511515942547
0.0541543321563705
0.058466979511152525
0.060763163561842214
0.06084419324867476
0.059748133269387195
0.058878329585902285
0.0586163454830269
0.058696846477288254
0.058817966146372
0.05886915866763117
0.05930264263885419
0.060626180188709515
0.06285682925702388
0.0650085908953944
0.06582691820563884
0.06547550521831347
0.06456525889762886
0.06278434250708383
0.06025639711604953
0.05814216336095841
0.058001162837599006
0.0597383200106108
0.06191297219664411
0.06373757966622964
0.06459660533046359
0.06351547502551608
0.059698807977414725
0.05434492361036525
0.04967552141420319
0.0466757573698959
0.04532059806352503
0.04493347643729915
0.044571470343333454
0.04380607639306578
0.04359458812882331
0.04504796743246688
0.04820556808984607
0.05254390535063091
0.0570387689413093
0.060744520705683015
0.06396385177803583
0.06786982975510962
0.07242412976800103
0.07615475706835341
0.07822881963336188
0.07808450528401392
0.07585681576143997
0.07214368334607144
0.06728747350288217
0.0625504238303681
0.059576684461754514
0.05801840591254102
0.05658712002856412
0.05458873641638788
0.05228547408909699
0.05013774752861292
0.048408091083081264
0.04742197960640133
0.04775099142954817
0.04941819498017399
0.051076756043731214
0.05212163804869213
0.0530672603950804
0.05485451359943887
0.05764140396071451
0.060690588619269965
0.062324101019123015
0.061198394106374863
0.05739733900939816
0.05282019460847118
0.04995492071619818
0.0495075827735165
0.050145954142186
0.05133438751260227
0.05373004785711682
0.0576782694310639
0.061996672392266264
0.06412111549754368
0.06306946976537291
0.06077223318789975
0.05957592399835612
0.05958675539063625
0.05965142517419722
0.05889424082788407
0.05683185223273659
0.05364298559792855
0.05084252727921894
0.050380494633050346
0.05263260693794508
0.05699661083875395
0.062047056374218604
0.06683663399801466
0.07033147550589312
0.07142655956086359
0.07039682867013641
0.06807220902461537
0.0654570518008177
0.06370389604836788
0.06253433730363953
0.060892628053575336
0.05876434565494731
0.05636808376026072
0.05437747387623612
0.05387290496473226
0.05483230330661193
0.055894367595575936
0.056836988410978354
0.05865532081616451
0.06188902401768464
0.06537219034004323
0.0675685682733477
0.06760472240175718
0.06585968105835645
0.06376822961976324
0.06275220545771673
0.06252999971132452
0.06169089362223567
0.05976103515416058
0.05865502793389787
0.06042775986376226
0.06475531126107226
0.06856608575321868
0.0691879222344919
0.06655397721673027
0.06228118093637613
0.057842360689092466
0.05421320996073278
0.05220838148392247
0.05233493737310958
0.054768096819234544
0.05877868954994821
0.0625407635434826
0.06455634107426268
0.0634664196674043
0.059365104140044506
0.054399078077140214
0.05040456618988188
0.04829615842924926
0.047861372362599165
0.04855431587272402
0.04947217000728959
0.04957254133578679
0.04896204226971451
0.04859211649747338
0.04909854779703936
0.050345920310532144
0.052042055954282365
0.053561964991180516
0.05465834004773968
0.05529030763977764
0.05553015346040089
0.05560429259947092
0.05574177206951571
0.05674072825742952
0.059539500186941444
0.06297070584428938
0.06505518195921504
0.06457088558302618
0.06149660372954583
0.056790864660317554
0.05239860846683391
0.050846523526230154
0.05284002864079813
0.056703972446236844
0.06007632727979887
0.060813751872396606
0.05853521615372615
0.05411985943494536
0.049446842635104606
0.046242319331400494
0.045355567554854384
0.04678580115989511
0.05031591595768619
0.055202466780796565
0.05978708622906826
0.06269922824197499
0.06426768699198505
0.06505199825775497
0.06519698982706339
0.06480293029470513
0.06424678220452594
0.06453512565146631
0.0659759449825898
0.06789535923113386
0.06945252085128438
0.06893689968911389
0.06671470291290421
0.06479008234520604
0.06414477485270413
0.06321439768500245
0.06044798545957433
0.05556030197494591
0.05003663868877535
0.04572650513166534
0.043551380815096366
0.04373367150702388
0.04549867048653255
0.047355020761018204
0.04868240116702735
0.04979459493930415
0.051257285263769825
0.053004497005539476
0.05474636992303506
0.055547494736875355
0.05481115362387636
0.05476198135951595
0.05763426321710814
0.06251324164368856
0.06729084282213714
0.07071368875832823
0.07266536929853887
0.0731408867622425
0.07143679951981567
0.06761054222473165
0.06308192086075887
0.05979917560982833
0.05844914807200361
0.05887150548851347
0.06094320189641801
0.06480680567244324
0.06907744099760817
0.07163026101151702
0.07095416787800808
0.06687358144211047
0.06098308031650082
0.05662025929030818
0.05585327786481271
0.05825987415488408
0.06267587263226918
0.06724392413785366
0.07022356064605327
0.07090659460238256
0.07022784142602226
0.0693978638758144
0.06875596089384627
0.06845690476550165
0.06904808538160544
0.0714673384163452
0.07544199009890734
