0.0
0.0015180367757812597
0.005307901417009473
0.00968649656026348
0.013045173732331501
0.01504524864508916
0.016176247115839176
0.017186101595199735
0.018063917434620876
0.01848916319771642
0.01896632742946891
0.021302230615472987
0.026979214727162096
0.035779325748104836
0.04568018162349344
0.054505119628268046
0.06060096079422306
0.0640447113683098
0.06504212043263874
0.063757837350689
0.059943346468667225
0.053609894551099456
0.045986790851752904
0.03861550837443733
0.0328026700091783
0.028641782764343385
0.02555839998269727
0.022810187966680884
0.019926579350647063
0.017070990032314284
0.014565670637078185
0.01250409466102999
0.010917597045440727
0.009819083559472055
0.009292017795318321
0.009429176650517231
0.010039219970635598
0.010844358523223073
0.012034310561882124
0.01392736588464901
0.017203180429057295
0.022454622955169118
0.029867397063932866
0.03942653608320144
0.051232489905831215
0.06516010216073839
0.08039165747371395
0.09474311694095817
0.10558607950315207
0.111865960383444
0.11357666286321526
0.11182852574461385
0.10849145023095284
0.10481540571656768
0.10046494294172886
0.09478733569553344
0.0878738147373161
0.08041736952919631
0.07269444224772689
0.06470133807902663
0.05666412708669934
0.04868993728580444
0.04060205808735839
0.03256601857973797
0.025041008494380502
0.018755894510363365
0.014320356168375872
0.011978731189207609
0.011713282078968991
0.01306571174671238
0.015438714810006861
0.0185291149276036
0.022492152836629968
0.02808908992476497
0.03635669007331405
0.047567025655682535
0.061171738132917375
0.07630139562611492
0.0921364537144951
0.10806649834636767
0.12312705848122193
0.13615423654452258
0.1458051052163142
0.15126416778028784
0.15309913106377393
0.15244467192273828
0.14955944672859806
0.14387018734982499
0.13486024827541687
0.12346056566573094
0.1107986179399679
0.09728057715491158
0.08263314486969435
0.06712620452545275
0.05197988632614814
0.03850223264566194
0.027402657467715193
0.019024254139819997
0.013362846546700911
0.010227899064358382
0.009398678264039746
0.010358893835416343
0.012532721273257686
0.015467883536672337
0.01896798395203337
0.023124761448449833
0.027668854224174776
0.03235394914826771
0.03713652414055866
0.04251221126142899
0.04894312867001608
0.05647205815415735
0.06463093551184444
0.07261349408376909
0.0796416718664457
0.0855803802499987
0.0900674742029627
0.09208491485180488
0.09107791571050203
0.08760745706821606
0.0828376118223694
0.07688015974534342
0.06897181997709728
0.059264895281732934
0.04903277707526494
0.039943896945367534
0.03294984858684006
0.027766465862714966
0.023524464387336682
0.019695066236144507
0.016652326747240744
0.014545849648268149
0.01316848154999227
0.01215546024939657
0.01128725614398866
0.010492738496526714
0.009951349198816083
0.009851256470874576
0.010411897358660516
0.011742327578545311
0.013635432334873921
0.01589291689585952
0.01841786432690756
0.02108829112931951
0.023840247613138122
0.026869550971838362
0.0307607899942979
0.03564622400995969
0.04090739630376968
0.04597685281204998
0.050514523922969595
0.05438533452152412
0.057395296685148846
0.05928887993971903
0.0592847566801655
0.05682108367833279
0.05212581423857703
0.0460567654344861
0.03984402097204244
0.034558083609321145
0.030139587777159912
0.026344353090757916
0.022930742730751057
0.020016584975548715
0.017647138037768805
0.01595344138825907
0.01488175915596435
0.014145609227679823
0.013339100835260282
0.012375675617226382
0.011341670809757568
0.010603675117348546
0.010510512692209564
0.01142120549641723
0.013296268046559276
0.01577372546112531
0.0183708472258804
0.021080869999882467
0.02445355472305534
0.02957479476731654
0.03698663044527203
0.046998080560348834
0.05929048403546865
0.07284144188796454
0.0859115388646436
0.097044492497813
0.10493592572422317
0.10926681337049764
0.10992183994251946
0.10684143201292574
0.10001873292653268
0.09078450037013307
0.08099414504022467
0.07189469360075879
0.06423669491275166
0.05814751534409394
0.053028982487921254
0.04803866617476803
0.04268166464192615
0.03696232294519122
0.03112061875802565
0.025270959055507806
0.019939810685610303
0.01579432814666042
0.013249310985208079
0.012438618213232227
0.013240580070083835
0.015594444872580708
0.019710304051338397
0.025954791142283464
0.03450585703549317
0.044981237434485885
0.05696264714600171
0.06981948392118395
0.0828391895901335
0.0952984605622413
0.10720606811305428
0.1188149806711979
0.12949651307296395
0.13735926818240618
0.14095720031214176
0.14028733151074949
0.13666168219362984
0.1310148785754177
0.12361463440426902
0.1145257853909275
0.10428530616524002
0.0930715960095771
0.08097212282666054
0.06787196556524007
0.054179873421300914
0.04081197940033309
0.029227566995500026
0.02060864398039922
0.01519597653548935
0.012354899419599507
0.011292894105061697
0.011551570490698052
0.013049565654203411
0.015676176997330492
0.019262283021207686
0.023599848801750235
0.02864015822627957
0.034362399249470696
0.04070653848445631
0.04752333196902401
0.05462245691231178
0.06143843417529982
0.06743520051597086
0.0724066094936228
0.07630345905134436
0.07888643277207852
0.08003039655264367
0.0799871632478663
0.07936790009808793
0.07771948906966658
0.07445838072656612
0.06899195511539277
0.06207397711522174
0.0550020575761868
0.04820959524139081
0.041584375520224634
0.03527083391339405
0.029961067369822493
0.026321428283576035
0.023868782571568714
0.021789689823049664
0.01935643925399618
0.01659924568227561
0.013833479528615352
0.011698261180846166
0.010541016620057395
0.010435362850581454
0.011106200473638717
0.012184457275753064
0.01334407345551564
0.01448932921048107
0.015742723877135593
0.017527965733272814
0.020062096661181316
0.02321709699086542
0.02692770576612881
0.03127199135335169
0.03630017008730972
0.041556306786874796
0.04600165723724133
0.049056669182772294
0.05127304197343926
0.05309068689617839
0.054192221648236186
0.05427248237079311
0.0529732924935215
0.04982075866350238
0.04490204820576483
0.039187268968454994
0.0337212406639183
0.029240933285702906
0.02599822435614377
0.023946126811087938
0.02267808173861908
0.021335376268938167
0.019366189449639925
0.01693295065169623
0.014392446137894843
0.012192280815063298
0.010658570440468636
0.009989097705301687
0.010071132490013662
0.010557185004217212
0.011345066381500778
0.012574835434209548
0.01452346386387409
0.017440808022810533
0.021498811044051908
0.02681730700577466
0.0333279513040338
0.04061903202898006
0.048654663732236626
0.05732149361246273
0.06637729487276663
0.07538166189505204
0.08347267375444757
0.08932365228450322
0.09199777645763088
0.09115526037996027
0.08740241134808294
0.08201576747663636
0.0762113560475477
0.07092520423189903
0.06657464760416687
0.06270304221433626
0.05809851469495361
0.05170920271553671
0.043716163184907945
0.03549803131325578
0.028431315851454336
0.023090589865461978
0.019411186636097692
0.016837243505691036
0.014780074183119458
0.013131116363104163
0.012184449438724694
0.012384840639874812
0.014169824800293196
0.017858293637476517
0.023699896576194215
0.031920259228145585
0.04234885814327879
0.05410875378649038
0.06597644620325772
0.07694193228326099
0.08659435534222278
0.0946007096114308
0.10084514607642021
0.10596869577246114
0.1109533499637024
0.11621449347523141
0.12109617269952357
0.12418995110761628
0.12433195144923795
0.12070275022631038
0.11314937285021193
0.10211493853481965
0.08851888404784523
0.07361312210684463
0.0590554197448574
0.04629412006679291
0.03567896816679001
0.027087844882265268
0.02060847935323733
0.016020471955446283
0.013017637776527712
0.011205454509651757
0.01070822483676669
0.011620776252422173
0.013997477065694992
0.017700260315873823
0.022470656169560822
0.02792635929976865
0.033449322464671166
0.038255832788742984
0.04207051657228438
0.04527431278704119
0.049006397334097736
0.05410332964694894
0.06037980773487854
0.0668041384715256
0.07205551313824818
0.07511323858442502
0.07587955834830314
0.0749615896081548
0.07352908290270299
0.07199560678913709
0.06938725548187064
0.06476754935488428
0.05813071312197568
0.0500188970085468
0.041250905159222896
0.03287733035788038
0.02610178820992833
0.021348904217600783
0.018171318077673367
0.01575374323842429
0.013658757351076972
0.012236708682057168
0.011814963852363868
0.012280174371987833
0.013334115964425675
0.014661777494867648
0.016077739225034072
0.017420951607267886
0.018515991925518775
0.019594341457275722
0.021147242615094423
0.023489283948241967
0.026518009254281414
0.029499534309676122
0.03165040297812232
0.0330450469697125
0.03482458677841387
0.038103231747226275
0.04268657778453893
0.046943075317370936
0.048811800747978126
0.047050259127241936
0.042317538481985335
0.036797693654445254
0.03246041945215336
0.029712328679118702
0.02832576346933875
0.027275099591295957
0.02518749999952529
0.021566587750895417
0.017357115618359738
0.013918800445891234
0.011891051825766857
0.01109530782551388
0.010995553156725072
0.011126074894928215
0.01117661513110942
0.01116573857927596
0.011291846709343226
0.01162258110536269
0.012215376158893032
0.01323183898292099
0.014659671227825051
0.01622339084150366
0.01759876796737947
0.01898538918595003
0.021258237300737007
0.02478518736418055
0.02900872948732795
0.03277814757360423
0.03566621439765062
0.03831202329386261
0.04176652953034456
0.045716105467183084
0.04883616071980597
0.04994885525641959
0.04829366325709596
0.04439755087082048
0.039683044492869766
0.03529882875648307
0.03126927033521689
0.026819575601117317
0.022027664798305528
0.017977315860711426
0.015542332047547432
0.01466074854448234
0.014593672267496539
0.014671611252938758
0.01438489249398797
0.013358570464915665
0.011818829191551174
0.010525707854640477
0.010258023587949474
0.011080279645761427
0.01249974119038109
0.014627741079214263
0.01768331824143763
0.021392751484751664
0.02512208876376536
0.028716500476675122
0.032541031013349354
0.037333474377601324
0.04357132758874639
0.05071016339894212
0.057206165049762746
0.06200779373487747
0.06476048604345835
0.06558275522414811
0.0641962920202272
0.061215962215889624
0.05786677761354682
0.05511165376505144
0.05317595849357054
0.051417708413147106
0.048524522854149356
0.04407537746947218
0.038631959094286926
0.03332242366790623
0.028740609267841694
0.024391589322976553
0.019858692686959178
0.015597567047618352
0.01236993591966992
0.010738142402136127
0.010536105926489962
0.011552177546148894
0.013596724996849396
0.01659865448225969
0.02069520652073321
0.026019707132001035
0.03249763345338871
0.04016042632103397
0.04879506058435759
0.057784042283269
0.06697433393139099
0.07630165141622404
0.08473994194407464
0.09128334302390675
0.0957108481435523
0.0987309699634518
0.10097943993540781
0.10214169861677681
0.10140995372090664
0.09849158171955052
0.09319209606460263
0.08545467160967943
0.0759577565328315
0.06572385529928894
0.05585246162782319
0.047071052999867774
0.03959713959226205
0.03306198525938993
0.027007579011688952
0.0212919090978799
0.01616269652050166
0.012090816761950725
0.00960010857332552
0.009187949601732531
0.01082930314004433
0.014028089710206703
0.018389543167382307
0.023719367989058982
0.0299798752460418
0.036887024203580615
0.043854070825171
0.05030279640478996
0.05599272433742479
0.061049796018084745
0.06558903096211337
0.06957777527601416
0.07308594335769028
0.07559859269067783
0.07666734594201642
0.07658800846275972
0.07575815000254883
0.07421069448926018
0.07128699034145687
0.06642616627608308
0.06020733972174079
0.0535015294065227
0.04664771894691384
0.03942998722912637
0.03207598884422329
0.025475440004470714
0.020380728660144832
0.01708174829080027
0.015322157771653288
0.014499742459083337
0.013859813430494455
0.012854032067830203
0.011802534091375454
0.01146349805898565
0.012308903011609492
0.014442102484270922
0.01745395193929289
0.02065596575967336
0.023513620737073825
0.02573766927795048
0.027624184951610294
0.029423850304882006
0.03161666523555201
0.034632529171621546
0.038658187102118595
0.04307519608569818
0.046503972223808976
0.047925458781656924
0.047379129234367615
0.046062716019977794
0.04500431344179592
0.04432195374431487
0.043698473006627145
0.04258651564361224
0.040135367184345995
0.036127354454895434
0.031173268265532725
0.02592632705714796
0.020825338362748077
0.01628967953687235
0.01280756235989259
0.010607448185313471
0.009768949344590043
0.009806938537696715
0.010364869727214092
0.011264819369096058
0.012421067536924735
0.013501355863141275
0.014221407155934947
0.014609709957826122
0.015023065568421775
0.015854983186966966
0.017392117532976408
0.019801239695068796
0.022817681200687525
0.02572907109124168
0.027899360414391183
0.029556162908511496
0.03171936635337844
0.03464313787752193
0.037359943908551484
0.03970319354384243
0.042258804477877464
0.04454486959413799
0.04499291009125707
0.043081136391927385
0.03969300627553418
0.035802525695437515
0.03202907968132405
0.028968849288325115
0.026753481554288215
0.025048061777855655
0.023134167618812398
0.020435288497906948
0.01723802479329113
0.014422128550614158
0.012650066372275094
0.011777481342199725
0.01132760052734542
0.011039580445919957
0.01131148922935666
0.012474934523224878
0.014370112690004433
0.016442844432304777
0.01842693280347976
0.020779619864515042
0.024401359774679277
0.029355172098618723
0.03464441848976637
0.03902786843145594
0.0423976034604351
0.0458283184388996
0.049979844033340756
0.05383683018478095
0.056022205888963304
0.05568010276753069
0.0535157848247407
0.05107650572592712
0.0492130263295348
0.04792894290183064
0.04630586147356724
0.04365917384892703
0.040220570737818366
0.03651388771710134
0.03282422051170645
0.029164848600742584
0.0254422653212871
0.021743207331574897
0.018396276658170674
0.015776384723700996
0.014065419413146762
0.013155382050302294
0.012644429117911138
0.012455874083116684
0.013018949643597535
0.015080148324392556
0.0189779918906143
0.024455257976602043
0.0307061335361893
0.037392136932631444
0.04457963356291612
0.05230570189625561
0.05997574187894296
0.06630900805560194
0.07049791075726565
0.07220328918087565
0.07161086640949754
0.06952270908089794
0.06728657714769473
0.06589453530657234
0.06558528068257521
0.06544726682560013
0.06387616173227008
0.059894038783963516
0.05371176013363013
0.04652095734172855
0.04002982600010445
0.034830838479752144
0.030426597729225804
0.02605527916256976
0.02185341273741806
0.018692433559819158
0.017028960124755712
0.016507567649149856
0.01657751547158621
0.01663430568407677
0.016633232200656534
0.01711682970490488
0.018922512172137515
0.02266064411606495
0.028353617864902505
0.035444352336165906
0.04312547341783064
0.05060334862821516
0.05720698683889716
0.06269363499960362
0.06731905018760277
0.0713614551661892
0.07481179857368289
0.07771410326257677
0.07997114654016388
0.08113746075761451
0.0803074891856474
0.0768434410954112
0.07100500950659024
0.06374225957341505
0.05628460011137075
0.04955335982930679
0.043163711107208916
0.0367127002188696
0.030360434551894078
0.02435090017366381
0.019103083540559868
0.015278996814160542
0.0133142079504932
0.012877912526076857
0.013395652937142143
0.01439889324786056
0.015772656066581053
0.01755603005518409
0.019599395816764027
0.021606130396685175
0.023563545715440767
0.025876461181016924
0.028945727995147764
0.03291068444552072
0.03725301195823269
0.04114737186930917
0.044192887066001
0.046468317064755994
0.04858556027294505
0.05058446097416824
0.052076944481836744
0.05249936836977434
0.0514546584069926
0.04933431570501287
0.046474091819876634
0.04317372324935857
0.03959924997052538
0.036002479975607245
0.03268777920322436
0.029693355656395384
0.02668940855812046
0.02364029755601441
0.02074676334850842
0.01810812462198905
0.015827676438248523
0.013981194785338307
0.012777345620423543
0.012357180355070638
0.012796994770613525
0.013770498298678097
0.014932658062612635
0.016159262243970438
0.017695466111007647
0.01957290189596004
0.0216499344521605
0.023842528825595254
0.026029467572297953
0.028057096768969877
0.030099005495584103
0.03263318552498538
0.035646438713442426
0.038369484352278105
0.04018375185128054
0.04127804006867313
0.041463806266855405
0.04004253349139137
0.036715297710927665
0.03236983990707237
0.02865647520871002
0.026545523330676703
0.02610202804592756
0.02661607750869529
0.02726126341702792
0.027221903031493647
0.026193643774106937
0.02426941683667085
0.02199430037228658
0.020077882745877296
0.018646656273953607
0.017478682057531218
0.0165464189991453
0.015816110121038927
0.01517218599249757
0.01461188950907251
0.014104616908049204
0.013691241604463882
0.013500895977112199
0.013589907288198437
0.014224276245301447
0.015837953568286656
0.018734308788498452
0.023124839751921745
0.028635107145995355
0.03431836992887142
0.039113434575526566
0.04169795755331878
0.04192774513350904
0.04057907282533593
0.03838230749808125
0.03588102509980193
0.03387731493257607
0.0328049699109383
0.03227621884120989
0.03167866176270096
0.030308936860820222
0.02771542816228443
0.024334086675304692
0.021151550778596442
0.019016304330767196
0.017803013849288972
0.017106649636276935
0.016790889628298618
0.01687973240141561
0.01702822502932294
0.016849243646878835
0.01609949608608725
0.014648690742682264
0.012738525683169747
0.011331785672596231
0.011826933064533049
0.015022645633250583
0.020282833123281455
0.026095781275959927
0.031475675299068154
0.03584970039534043
0.03914147338451326
0.04167568427364043
0.044457396442305196
0.04789141840428844
0.05129383429343187
0.054017528381689564
0.05594499539694
0.0571598061007358
0.05740729571285186
0.05628832362365904
0.05400960288100746
0.05074487008640422
0.046488370672053324
0.041049790287893226
0.034773547650201506
0.028773935931812714
0.024443474007506707
0.022277603232347398
0.02164815404182795
0.021446706671572696
0.020717704743992867
0.018875320602427265
0.01617494498422484
0.013376040876398956
0.011456355491096104
0.011242813393202043
0.013052239970584556
0.016711045870224317
0.021647246155551355
0.026925292187599505
0.03201675009545838
0.03729655806837413
0.043524578387217
0.05076984436195627
0.05825025990384454
0.06516882427190498
0.07113657815332575
0.07569285046964135
0.07825062295883004
0.07860451504790227
0.0773905794064327
0.0748918118771983
0.07062140215390095
0.06440017393948563
0.05691524938863313
0.049283948518730324
0.0423657554164018
0.036629230117905205
0.03206140893474099
0.028258467176274567
0.0250903909750559
0.022400866849472015
0.019896136616000478
0.01769157108959655
0.01587226194768289
0.01443036882851636
0.013492871892912137
0.013356232518995731
0.014398331006279684
0.016771460357265195
0.020262646417232508
0.024539821355426997
0.029123489732122202
0.03396409618480457
0.03920095940688849
0.04472060318865267
0.050289762166939665
0.05553078738772474
0.06008387454226428
0.06345673804737118
0.06486189787333584
0.06408003742254996
0.06141724361690513
0.057455394705147975
0.05304350202463773
0.04883243976084919
0.04479894976767321
0.04069556937684456
0.03610245824064576
0.031275841027671024
0.02656464876825995
0.022412192779717212
0.019409543012481028
0.017982019603559836
0.017770780057040032
0.017977934595141562
0.01769965516870313
0.016780096917992433
0.015581188179562753
0.014656546765389335
0.014315809492038081
0.01475898430386001
0.016040081078942257
0.01778104193888855
0.01947562312338908
0.021227590389017514
0.023651949204714164
0.02723424197570061
0.03178418450877033
0.036353093988710915
0.03972798255504118
0.041409166663980854
0.04167819173071423
0.04092291965787089
0.03954002047451673
0.03750211953742892
0.03528516124077529
0.03328346568013015
0.0318923158134287
0.030795015844429254
0.0290114956291355
0.025819975467558747
0.02142491785802989
0.016997170173164163
0.014204598825215548
0.013745016155338595
0.014695580030354946
0.015487263248933942
0.015246035723313437
0.01421061893363109
0.012901460443554074
0.011869339145827579
0.011386567465127811
0.011370866698728234
0.011803606136220755
0.012522478956798123
0.01334348332666275
0.014227991990432788
0.015396188501732983
0.01700233181368599
0.01879647638788156
0.02052623663507991
0.022156185500074355
0.02385499577668999
0.025653049180484177
0.02788575339705801
0.030737461012865595
0.03346881689768698
0.03525733325786331
0.035733734370075175
0.03475856326916988
0.03247313547713492
0.029496403093269757
0.026728859049448248
0.02495698612977933
0.02414057659686893
0.023624525147717745
0.02234966178263532
0.020085073922811825
0.017422394176330975
0.015205339119071896
0.013735978366017183
0.012813969680191066
0.012499915512028413
0.012918255850722853
0.013978259059874088
0.015357796605608966
0.01652902204421576
0.016984032611151747
0.01657929988007885
0.016119188041500185
0.016989153664353968
0.01989547412618791
0.02400231518844973
0.027887945507386477
0.030594691072384817
0.03225824008397377
0.033276944879867924
0.034195441882594345
0.0351037014130521
0.03561384134227833
0.03522411574707832
0.03432761255911757
0.033413631353727595
0.03321556078901278
0.03348692465187109
0.033483956180766
0.03274731867969715
0.031198860304161122
0.028968813955875937
0.02627220553465919
0.023504269021151415
0.020972000217585576
0.018734941051246404
0.016994446908276232
0.015559515912702142
0.01429801126610898
0.013360822612989357
0.012906445219160671
0.013261992900338007
0.014983047178828696
0.018193131118374666
0.022698876459713423
0.027539659696274834
0.031651981007766415
0.03469568700986431
0.037225335606615416
0.04024648682048357
0.04425768737276786
0.04846103876762452
0.05142713836464495
0.05262436215061198
0.05231770236149779
0.051055094646899626
0.04957598155731733
0.04807593677721302
0.046382288753485434
0.04456950196513054
0.04279833984783968
0.041030659844758094
0.03873956319623102
0.03545507356059739
0.03120307193642493
0.026809706327121513
0.02326838724917833
0.020904995801476697
0.019218577116533075
0.017839742877229472
0.016660340237860356
0.015634792554680865
0.014855400407053366
0.014922711310898097
0.016229020486165122
0.01873051967432356
0.02230872483874626
0.026959015649777433
0.032474700708852604
0.03822023237882202
0.043582163687591685
0.04827549491361793
0.05225806526717035
0.055679128841624057
0.058654412406437324
0.06105331849071153
0.06298971461084914
0.06455788370125767
0.06538182765434732
0.0644724261513559
0.06158969436728687
0.05752213108438066
0.0528001153457744
0.047645637069321
0.042156714452339025
0.03666559706832716
0.031144800858293627
0.02603479603433905
0.022046208796576625
0.019362642585111313
0.017572865046321325
0.016161143157276493
0.014939448294493719
0.013991091861123206
0.013660123428745778
0.014440325569976256
0.01649632253212921
0.019516472307487757
0.02319051874454486
0.02712820855922435
0.030911651726942168
0.03429877738002004
0.03725001471982754
0.04023618024178467
0.04352959093565044
0.04673870607586898
0.04907345192628627
0.05024158521664452
0.0502544740768637
0.04956623371295924
0.048365410837002736
0.04669261650842136
0.04444722007625792
0.041404649625282605
0.037833230617000634
0.03402221899686601
0.030268125488785314
0.027029136084209166
0.024284450140172956
0.021733306818185815
0.019008723423424464
0.016482158718976795
0.014501465996781648
0.013299477499598093
0.01282748987940932
0.01271486007075164
0.012787262141698277
0.013262440297963682
0.014441873948918027
0.01623236747032931
0.018343370793261635
0.020690922890025817
0.023289026822405124
0.026210047288933395
0.029080826061651976
0.03141229104625366
0.033087244542770476
0.034400954296367574
0.03556783242715497
0.036656195272961684
0.037899454971862256
0.039490991849213085
0.04095105507540156
0.04183042795284369
0.04127194139901461
0.039213962925670975
0.036134665200885686
0.032341997791842
0.028306403807642606
0.02481481368085501
0.02246739520189056
0.02109026631817462
0.020159436695853003
0.01895557763722772
0.017144893647181147
0.014942845483910597
0.013041338990148569
0.012044394103585633
0.011986508025410023
0.012584599985999418
0.013557631160314686
0.01488420537069592
0.016517497841787878
0.017983577342379764
0.01921636992214512
0.020436299896078442
0.021849082791484543
0.02358287789894421
0.025592634424823082
0.027681907194838828
0.029878728561730322
0.03215534848768677
0.034392681877710614
0.03645749118998064
0.03832609139011251
0.03964033558301734
0.03995111117465871
0.0388364890536993
0.03662764958119586
0.03391432162901787
0.03129446292918071
0.02944805532803467
0.0286105119718921
0.02808735513115792
0.02710924413898512
0.025341130823295928
0.023142619996569632
0.021136736275008894
0.01960937684556316
0.018408896032310784
0.017255277623413286
0.016095054733714618
0.015112017346950639
0.01450838584908935
0.01436175449023535
0.01461172114980156
0.015243280020124886
0.01635593766375564
0.018098407256005585
0.020433687785724828
0.023061911594689285
0.025897035710893967
0.02972604774236518
0.03494423904716541
0.04054526811967164
0.04511257211652222
0.048098721790814584
0.04979502056757666
0.05099529124819525
0.05204386373683429
0.05241074798340477
0.05110146150817047
0.047824678598564554
0.04344004181426158
0.039071306227204936
0.03529420995770863
0.03218836963005645
0.02951175288914872
0.02710048679315164
0.024608004682292333
0.02212450730783126
0.019892756921182423
0.018374929512802358
0.0175500523577451
0.01731785954814083
0.01740212624799431
0.017443915293230267
0.017347867442566025
0.01742876420445562
0.018117746045355917
0.01968449962639685
0.022033840065771908
0.025042751479790962
0.02903854282698911
0.0342761547437695
0.040525332920685816
0.04704674243511093
0.05267793914085115
0.05689252781285322
0.0602348289130436
0.06302157141240379
0.06466564877062614
0.06452138486136051
0.062456056599649694
0.05890038550562056
0.054553853035841315
0.050154952787181566
0.04578750408787426
0.04111702017249382
0.036397599596979725
0.03206706289671522
0.028241747876832028
0.02461308062073083
0.021098822734155736
0.01792470738414312
0.015351166167523685
0.013724867832160505
0.013129795388589133
0.013316790122475122
0.014098530499488253
0.015510164554355605
0.017512107980068387
0.019848341985240863
0.022368016324472325
0.02518998763803454
0.02837462793938394
0.03215218873911157
0.03690523586467997
0.04230168551692326
0.04731647770127874
0.05121436542806981
0.05385809107029188
0.055704878543877165
0.056895321221643376
0.05744570846100522
0.05704292880963664
0.055251913732906444
0.052314903108838885
0.04884310028945715
0.045172906836371325
0.04136026611812172
0.03701907498399683
0.0322444461006455
0.027208814509192276
0.022098980339084594
0.017750425394107705
0.01496904280156144
0.013841895963053158
0.013592025118961544
0.01346551784453589
0.013371395528898888
0.013572190871210175
0.014673034529243532
0.016988190605340483
0.02027852633790835
0.024090750604929247
0.028068478360732823
0.03167698977807901
0.033921686360270015
0.03437239194878229
0.03393149833271821
0.033761322874371044
0.03433081789536785
0.03565967754470148
0.03779166856045983
0.040327148981055244
0.04188896278887211
0.04125851270324723
0.03869985253270168
0.03564833697354943
0.03357675238659757
0.032668300881616055
0.031886591312354225
0.030222803386674404
0.027503537029632204
0.024340141020292017
0.02143402192788241
0.01912659324721419
0.017551721490436167
0.016585973477853493
0.015726154084186955
0.01470534044174549
0.013801936636805784
0.013414831066934715
0.013745354524590346
0.014811750363657263
0.01680562082729107
0.019530922159249085
0.02222429345366184
0.023893627117501582
0.024305794506539934
0.02393932771629458
0.023735839425578255
0.024239232027228285
0.025803580184415014
0.0285407796587311
0.03191782848628631
0.035227640028573946
0.03839325741459775
0.041152598968711665
0.04291887947028505
0.042654416077411744
0.03925824883824379
0.03380619992027795
0.028631342493185063
0.025042705385376375
0.02296165802697124
0.021789384520228744
0.02085871490869637
0.01986471498331279
0.01857071747034648
0.017162519877580093
0.015848492500840375
0.01465163941805149
0.013655384060160031
0.013148985559073284
0.013413382237261788
0.014484486231534699
0.01597463167304639
0.017370301203698077
0.018340392509142246
0.018724954050954857
0.018500577915739683
0.017875362963685894
0.01751960581554654
0.01834489591524003
0.021058558170022616
0.025665990687338557
0.03119550710269456
0.0363670581539503
0.03967792238486678
0.04070357572911333
0.03990674687270356
0.03816922475514342
0.03596564723165846
0.03358587180996275
0.03152872656315236
0.02997818324332063
0.029056335925497844
0.028879336171350883
0.029082632658277832
0.028698062245737815
0.026854154384025043
0.023573982787870873
0.019735874305120645
0.016514442730838713
0.014542968669301685
0.013905887854615849
0.014369943657489845
0.015338782808228592
0.01611941385884609
0.016205577491199427
0.01543501609566591
0.014355520373794443
0.013818530956124297
0.014721369982408134
0.017974008793486422
0.023785059711196297
0.03107341148873154
0.03842478459123922
0.04468098671196027
0.048995802519262256
0.0507361874464609
0.04996550278151695
0.04745657025160569
0.044546691814146507
0.042432402889050536
0.041412540853649225
0.04125441911300465
0.04137197939967638
0.04100573476360812
0.03951594839391916
0.036761605125388085
0.032845911769629026
0.028086714796779173
0.023478066341405337
0.01982191887598841
0.017243078017177924
0.01529327458340577
0.013853869263903265
0.012982865180710347
0.012738549359549123
0.012994393583380335
0.013618628192900396
0.014819887223994837
0.017023682894628887
0.020688291415510665
0.025554469870668752
0.030685412301502304
0.03531950152587793
0.038798412765238585
0.04143051639318422
0.043952427967450504
0.04669389633221159
0.04936848495310953
0.05117945698774962
0.05162789315155881
0.05059090656125794
0.04882847964280811
0.04717306993067186
0.046060364744494806
0.045493297504730065
0.045127496539420296
0.04414184459363171
0.04167411248334972
0.03758353032092295
0.03240792235494187
0.026994352986985548
0.022063474807231184
0.01826047405328334
0.016074517420666883
0.01548751325707581
0.01571587295679089
0.015741539412696747
0.015567722059909701
0.015854814088859453
0.017034025113268084
0.01890556848859
0.02123272675420452
0.024244619088753402
0.028175301055149825
0.03277798435476853
0.0376985162219748
0.04227652973386099
0.045528475957907696
0.046716923524201974
0.046159757181311954
0.04529456725174006
0.04503580798928595
0.045191514222573136
0.045200440600417
0.044972522934019585
0.04452158775046318
0.04364333101387714
0.04160342258335485
0.03798794194095286
0.03303547399923735
0.02774934931339179
0.023367282155394797
0.019935826473087257
0.017156830640247568
0.015002183934679732
0.013656971068966036
0.013109354820835414
0.013221606058740747
0.013900532540065767
0.015094825840035592
0.016565095934077474
0.017782900673149245
0.01853317868348035
0.019155989517133303
0.02021488782213492
0.021896887267123882
0.02407725050511338
0.02656545078238694
0.02914870853208004
0.031273998559071245
0.032443368871569254
0.03242060453797845
0.03134331727444413
0.030099222654711263
0.029909755632349662
0.030992209772497507
0.03235923035508158
0.032827884204862594
0.031774464195418135
0.02952349530870459
0.026999396824713
0.024996515793537566
0.023585384394365364
0.02228026460576963
0.020608491288575025
0.01880395472530963
0.017084469588610336
0.01561922834597858
0.014613135213394397
0.014162736141499255
0.014127770137222193
0.014435641846196253
0.015237287072737629
0.01666067823742665
0.01840669094539079
0.019722678460851777
0.02001992415534655
0.019583696261158943
0.019328338205739152
0.019938932376231622
0.021865910262108997
0.024417731419785645
0.02640718969820082
0.027292734352448687
0.02730487907148823
0.027268254381781126
0.02794524071324254
0.029864433108347223
0.03252632483482995
0.034666146891234706
0.03558064517554862
0.03474250936428076
0.032066819785913664
0.028409912745527777
0.0251117624275475
0.02289387671141825
0.02188642910982984
0.021477124082344628
0.02095930186162511
0.019978908986894982
0.01867943689202427
0.017300811702843415
0.016063095677007585
0.015174482513307804
0.014733914477763283
0.014608294991792644
0.014705249663737532
0.014788311035876392
0.014857059986465663
0.015010699862182536
0.015855632497122085
0.017734425760603578
0.020271809603964904
0.022575216319389024
0.024312426634979276
0.025635894102225165
0.027219297701632894
0.029554561618371143
0.0325161642671172
0.03529409453334818
0.03735224631706936
0.038689682791671814
0.039353962304928575
0.03922806794435621
0.03834904302955876
0.03667711294702436
0.03481022797036825
0.033293110108612925
0.032021427194892614
0.030438020201813673
0.028132517949592033
0.025410711854180732
0.022581529912137244
0.019946148896627332
0.017701019623455584
0.015857563783044603
0.01450406656227088
0.013631341472623452
0.013205022195844766
0.013149571491526442
0.013701870890375951
0.014943845807983578
0.017037942640505496
0.020161119756270416
0.02431968508415515
0.028953143242296055
0.0335871473103991
0.03798518261407461
0.041837505289373106
0.04477141272577952
0.04714477002102639
0.04931285122738343
0.05138421900335176
0.05301696761350779
0.05378354017595457
0.05360425916125196
0.05261537976502508
0.050447974192784545
0.04700673814209642
0.042618198859330936
0.03836529053590757
0.03515166439877371
0.03299271159540694
0.031005647165701287
0.028575301225472083
0.025589779094294697
0.022056318326903634
0.01829163367947437
0.015057607452207572
0.01332077859503942
0.013556246998296443
0.015525522926085219
0.018558120092143797
0.02197358516677091
0.025541318215968566
0.02905966175696529
0.0323543330207563
0.035106702622104226
0.037494690097205914
0.04039900127266546
0.04404197370670375
0.04815960267192484
0.0524346736713199
0.05617011086211594
0.058868594467016463
0.06010746357232923
0.05960367385316642
0.05738323833841062
0.05355326713182231
0.048791651484824713
0.043697451714694274
0.03837833257804148
0.03349146378274561
0.029895759839802936
0.027459594424989717
0.025230311278402178
0.02249664272554641
0.01953654652567625
0.016885010383571368
0.015045744520948156
0.014368589553922149
0.014947365381780856
0.016536866097470664
0.01879750536063018
0.021024298498384997
0.022919084190909492
0.024629744026967992
0.02678630119502908
0.02941411700476467
0.031730936830694965
0.033395050132209544
0.034787227321130064
0.03646684906359403
0.038608046358283556
0.04075294909343313
0.0423984542733768
0.0431014585292102
0.042946071345830554
0.04226365536741139
0.04084221126174765
0.03845530042061269
0.03534511547664308
0.031950241840500514
0.02890245756980925
0.02693205846906237
0.02561100502036014
0.024058270346182797
0.021895439582182
0.01950225167082676
0.01760379274867214
0.01673653489051358
0.0165783463381991
0.01669186974307679
0.017028440562242134
0.017831163817214318
0.019102043045292047
0.020672683434751503
0.022202082316867947
0.023364130370368236
0.02414921664607728
0.02479196063893347
0.02547251607285356
0.026354198280327586
0.027207010021194654
0.027626705537427822
0.027779218014552604
0.02803382615072639
0.028516914707974843
0.029047032812608738
0.029376566725360587
0.029797537538458402
0.030129315335372137
0.02999248123131329
0.028739142680132
0.026446585482544145
0.024084914826509284
0.02302514742407454
0.023722919303667045
0.02537808349552598
0.026397006824464667
0.02623295969006402
0.024933657039002927
0.022892011941394487
0.02067165420220677
0.018771598251538575
0.017543542218420558
0.017059540796860076
0.01716224871567297
0.01758255862077817
0.018060617345432413
0.01821051870098664
0.017927506408469643
0.017605263180415463
0.017862153297051788
0.018878928535991636
0.020461547894467823
0.02248146160067628
0.0248739988534354
0.02793047561587691
0.03179846141408413
0.03601962751956295
0.039329539279597446
0.04094846999834157
0.040887995470547014
0.03972233528945023
0.03798783087761361
0.036413097605432355
0.03578460460678413
0.03637529125383762
0.03791233154795085
0.03934720526247709
0.039277424698426336
0.03688555714974558
0.03285985641232562
0.028220255153195387
0.02387695306190667
0.02047077739564865
0.018036513150149078
0.016239444706768313
0.014945770325499695
0.014570923787871847
0.015367183270248145
0.01684821825144804
0.018100807695398093
0.018780945430147973
0.019472454108307308
0.021308412952005758
0.024595235280048307
0.028905401923674818
0.033397924871928684
0.037219477985469256
0.03998469956084652
0.041805792369711235
0.04294100533133052
0.043508264463763685
0.04348832016536316
0.04302620972006245
0.04269400429323065
0.043104045301280494
0.04419443769884039
0.045338502881443886
0.04592932858720615
0.04565907444265955
0.044236616361143885
0.041041843617681636
0.03588043632201373
0.02941788063502955
0.02313797983272463
0.018465233737097953
0.01601541658325191
0.015627347866201388
0.016211879567710027
0.016573758199838994
0.016309242205985723
0.016133522665660524
0.01686963821272739
0.018972513898955556
0.022357621292979045
0.026588931514655568
0.030703031778258207
0.03397652625479946
0.03650170345610602
0.038829497783717276
0.04110089100810678
0.042832968973440556
0.043670942844334724
0.043941815034576844
0.0441060398694034
0.04427671606623702
0.04467646263918522
0.04555325833295871
0.04646638244996473
0.046275087799609343
0.044399971201297676
0.04112927973401223
0.037066568531510205
0.032331291297677894
0.027260208066696046
0.022281805064502308
0.017806188414624752
0.014367056734703289
0.012313159023702376
0.011840683077986188
0.01257604909704226
0.014072372897243576
0.015857600121802623
0.01779151670900486
0.01991243632305704
0.022209653564606354
0.024360966136541817
0.026264468719891923
0.027843382069603392
0.029167976421380033
0.030508145723687662
0.03224550499879566
0.03407780000316452
0.03545961294520551
0.03597050025277525
0.035925425012417606
0.03589962971783384
0.03614474047001695
0.03656192053603842
0.037116024570469607
0.037608954341154986
0.03697428454128557
0.03446233015181471
0.030620769165558993
0.026338354642505644
0.02224158332148863
0.01851270826218039
0.015715759792318377
0.014255057086153707
0.013836747745364024
0.013865123800696476
0.01420763521711259
0.01489678759230087
0.01588574789415317
0.01699273517162961
0.01796830076873436
0.018802626044888554
0.01950481484347481
0.020072565059997986
0.02070641183082453
0.021551651512680885
0.022645456987784345
0.023840914957113494
0.024871678125386477
0.025698330962325676
0.026262954335433256
0.026591544841404618
0.026889110184043944
0.02755434049203271
0.028742646445026408
0.03025176330154333
0.03154164095474008
0.032346301962149875
0.033102774110371554
0.03415565480501195
0.03487367908769461
0.0344594973581407
0.03278875049470947
0.03036801089459122
0.027823093736229758
0.02569691761134283
0.02367840405930597
0.0217868873557236
0.020096506089437045
0.018646046246146523
0.017343436802753878
0.01602750379252434
0.014943749900472038
0.014395190047559908
0.014729790208874207
0.016322219851785846
0.019135624923848793
0.022378860208655385
0.02483764888684769
0.025572034334748445
0.024624007260478815
0.023029061695992174
0.02199381663343612
0.022286178594979427
0.024362555036086968
0.027813137310946565
0.031862099590319916
0.03496853071755152
0.03589022444391292
0.03518161038593393
0.034211245103463926
0.03403664718054511
0.03453245364334404
0.03486518260642435
0.03428507171004879
0.032963582003246866
0.03127541490334405
0.029702220717737066
0.028642516490271757
0.027950510603522345
0.02711458710358219
0.025337679680686356
0.022362177313665885
0.01885483016539717
0.01575710161790957
0.013751608468770687
0.012834481838932967
0.012507371350287372
0.012607028166796604
0.013661825912505473
0.015859383196633783
0.01865678559948815
0.021586334835463922
0.024427704373698324
0.026835283030075565
0.028750336753056487
0.030784206434465014
0.03379067467845175
0.03792741548139403
0.04250314419145829
0.046315966295093526
0.04869621218320546
0.04953704667147853
0.04930426182041028
0.04845122730025062
0.047202234130202234
0.04526700116656296
0.0424949200934457
0.039582220585283864
0.03739350674870061
0.03576174705445775
0.03350296541835455
0.029695798644559155
0.024831654982320702
0.020337882719125733
0.01716594625146901
0.015579561195768196
0.0155992297895107
0.01684666473819266
0.018616667918540376
0.020080621306592238
0.020954121281379117
0.02153548073950451
0.022398113154836353
0.024035229156264538
0.026887982254870234
0.031030575935691588
0.03596045024013541
0.040887927996366445
0.045344456352222645
0.04891894988195228
0.05110492367037953
0.05133533498553373
0.05014389779365348
0.048602344612126466
0.047528274003387126
0.04673066882765254
0.04548719583155518
0.04357144471451487
0.04133340556117244
0.03914112826894339
0.03690169803680535
0.03425256748689038
0.030820025953039877
0.026732106980427894
0.022294978901549016
0.01831120905498557
0.01585557533256885
0.015091093822784058
0.015675627850539837
0.017094375546666735
0.018836990622032847
0.020563418196491077
0.022176735017739
0.02355230386795322
0.024552000723333578
0.025023992514449655
0.02530096069530886
0.025859488716499485
0.02721160991271649
0.02937767745071577
0.0319702389844773
0.034177786589905064
0.03565367157671177
0.03669289729222341
0.037793484737608705
0.039264504738871275
0.040758456713833324
0.041488501021456965
0.040720326524328346
0.03816166462642504
0.034089079016059745
0.02925258139659941
0.024701103234272496
0.021323396951198465
0.019214796185892363
0.017631075693725493
0.015863621877433266
0.013822505514767915
0.012271940062679927
0.011907049219097259
0.01281447780214773
0.014305953945931673
0.01578123157985841
0.016995639193171756
0.018232585474624308
0.019780376773646857
0.021810980756231675
0.024099997488069725
0.02605149822416027
0.02716399961653877
0.027491398193883312
0.02722720448121918
0.02676672253827056
0.026480348952617343
0.026765879159585684
0.02742985394090975
0.027791285899405115
0.027545317239670162
0.026973381331185566
0.02656614787626482
0.026548039504125275
0.026869326967090146
0.027498909450716317
0.027950385655018905
0.02768676319337344
0.02651737609843635
0.02477273302339966
0.022900089843656372
0.02107173913753919
0.019683647382101384
0.019112410063146207
0.019135040262067853
0.01923703291914569
0.01896932754056148
0.018300344854962954
0.01716930129431513
0.015710303578552073
0.014576697834945519
0.014572346863366536
0.015900291147334475
0.018343663063926315
0.021252275826379206
0.02379627525399691
0.025309480537407746
0.02584464044905797
0.02630110121307491
0.027422082755052233
0.029285624464254777
0.0312501307489367
0.032452514627653195
0.03253903742685234
0.03172073108459969
0.030248714402449393
0.028458831419032705
0.027243151642029742
0.027152322037871216
0.027826792144948848
0.02866951754337621
0.028906111864412908
0.027912330402682064
0.02584203376962647
0.023446394116400426
0.021327355693609655
0.01966123973500873
0.018577345498814405
0.018026721961554037
0.018229451906394523
0.019123234189662434
0.020382147724435876
0.021613113295511268
0.02235561132494471
0.022052699135576906
0.020924011431857407
0.020153363500862283
0.02095915953334402
0.023927910089718802
0.0284294633482785
0.03318940728381274
0.03671160761292153
0.03838431530478641
0.038606930278762094
0.03802436804339504
0.03751199054491616
0.0380331552112574
0.039315770208155174
0.04005760167767941
0.03954295848335951
0.03803958187761211
0.03587792622381875
0.033366745743871974
0.031012476382188757
0.029054744047696018
0.0273780760373382
0.025749530651560652
0.02397701723110121
0.022273075224303142
0.020972684287377176
0.019960119139543372
0.019119291404515404
0.01802191964676885
0.01676419368598226
0.015561380813009864
0.01490823001982426
0.015164846821895697
0.0169848865999797
0.020488462908342532
0.02496902441148397
0.029290734858512687
0.032721287104408525
0.03504967550952376
0.036823204013813025
0.03899552019506527
0.04218319390651279
0.04645566110529183
0.05087777919106696
0.054088453688149865
0.05527499204685479
0.054102553591465076
0.05104153211204299
0.04669267275222668
0.041986784381543074
0.03773667474515327
0.03447391476014084
0.03188301093055467
0.029147329058666904
0.02574867243281367
0.022074678817008173
0.018831196936899792
0.01645210559352364
0.014941329924354664
0.014249173435115768
0.014357525013648405
0.015021872884672136
0.01635424813290805
0.018746855249940617
0.02209396365921214
0.02548640489606782
0.027966978109133577
0.029335033100772637
0.02986203569923006
0.03027345460585557
0.03142664549898026
0.033864010016884966
0.03772329003443823
0.042248217448140085
0.04617483189960758
0.048697209091541974
0.04983040799552599
0.050168271685621275
0.04998708960731107
0.04889785696484047
0.04646089247529963
0.04269978016912021
0.03799636620867635
0.033211286036652306
0.029167598473498358
0.026002501838560524
0.023109575378207167
0.020027213066453463
0.01722808349581837
0.015855330208644672
0.016380188073137035
0.018156537399162516
0.02023666557478091
0.021731140255026978
0.022045866369868262
0.02143604018365944
0.02057946714764488
0.020060208565755723
0.020300984200641272
0.021302563915286933
0.02288350240741664
0.025094416180990353
0.028113176104590028
0.031599797317777845
0.034741056506960404
0.03676759672976394
0.03770576079023223
0.03796767001007453
0.038079136868732225
0.03789742121587979
0.03700913798393607
0.03513149738664174
0.032685034708916184
0.03022886120989977
0.02822781709461334
0.026768053132087737
0.025389711034860377
0.023567100055031254
0.021668894833726856
0.020311955119729143
0.019615865269068253
0.019182358202359875
0.018730353088187227
0.01810797907710923
0.017092640469641034
0.015721610790363133
0.01421090471776033
0.013072740958415732
0.013000007491284103
0.01447707275368779
0.01724206652538298
0.020472159778906724
0.023066389261585985
0.024286092621441914
0.024520181748672955
0.02527868433293072
0.027841265360961907
0.03174990019730412
0.03546094420111616
0.03790429222043728
0.039069815593907174
0.0391028803131338
0.038074818749909325
0.0363089633286984
0.03441524379793606
0.032923321938955905
0.03225578451302873
0.032204642187383434
0.03209738239743557
0.03132631736494661
0.030029893779709434
0.0284102737074841
0.026355127976150885
0.023758086258326927
0.020994793877378598
0.018762218832294623
0.017473143515228225
0.01713171785146564
0.017467282138708094
0.018063508019025055
0.01827212792122294
0.01765498536148699
0.0165363459885566
0.015653945830790557
0.015275939655470078
0.0156906606961034
0.01750319634081458
0.020859739572659255
0.0254634102763924
0.030724140575690805
0.03601459568652706
0.04092364632052092
0.044837771424368705
0.04679685325113964
0.04649126472845895
0.04455273915108452
0.04257943602501642
0.04205603759945459
0.04298896262533884
0.04423872472706565
0.04435217432771485
0.04289074584237518
0.03999104134734491
0.0360669804056038
0.03143095990661961
0.02649994692685901
0.02229744213233235
0.019705370920889344
0.01873680022480949
0.018493957363962768
0.017947784628773507
0.01686241464594176
0.015553964430142597
0.01428297591261556
0.013518869170665622
0.013724204531036299
0.015271678239534221
0.018085166450495634
0.021478779360183005
0.02464437886365322
0.027027721984198966
0.028729479635105457
0.030300538909395852
0.03221138302124018
0.03490653834676259
0.038477870173082206
0.042664707896150934
0.0466575047364779
0.0494181436852355
0.050272209949483775
0.04926291445004697
0.0466307928381516
0.04284680431387496
0.03894751663938779
0.035617007922123675
0.03284732216026362
0.030413434007249638
0.027774128868905
0.024335309469132527
0.020139907949721696
0.016278434132063074
0.013982764325900166
0.013577963025269485
0.014518927909313174
0.015931557455420315
0.017209282238711245
0.01795941284006137
0.018374481516498176
0.019123191722426776
0.020538868728290492
0.0222203611922703
0.02342635383022889
0.024223391026723714
0.025289718555913655
0.026949919761833765
0.028869793332242707
0.030605219647283886
0.03204666515875452
0.03351937773074915
0.03510915957460368
0.0366330132356343
0.03799354060697558
0.03930777911864966
0.04010921434165681
0.03966101528143332
0.03772444302888478
0.034545966671456645
0.030109183163182
0.025269102164254712
0.02120898393999635
0.018571122852795226
0.017680070415781828
0.018050696735598906
0.01872043461771544
0.018874939360860002
0.018094589429121646
0.016833073980456154
0.015717700284594
0.015406789549192007
0.0163122273699327
0.018406697393906536
0.021294389599361033
0.02419941274840282
0.02620319211728477
0.02705348990194449
0.02715787576933943
0.027040149800727723
0.0270005390229389
0.02746093871568796
0.028552334855340394
0.02981595684262112
0.03039067421123216
0.029897532734492156
0.028940849136072113
0.0283169081163807
0.028216368828306304
0.028527297600662374
0.029159375250945353
0.02970457228633809
0.02968704593292543
0.028823446447322022
0.027316644747432638
0.025967828444560505
0.0250240087235815
0.02409833044183532
0.022690793357203948
0.020788559335902148
0.018679762365920602
0.01704434686183313
0.016236647546038614
0.016239857172362895
0.016889560384510668
0.017955523520459874
0.01890710699010749
0.019475797849497704
0.020128025669879604
0.021423759037505288
0.02323002845376595
0.02524329244609942
0.0276003742593868
0.030502327970765863
0.03356383953349872
0.035791724466561536
0.03629027568191286
0.03488884832607272
0.03225793326952134
0.029460601355216713
0.02766031953929527
0.027034547129539503
0.027364923657342687
0.028376704115135945
0.02931564955220171
0.02937325389852941
0.0283392950820348
0.0267678895630643
0.025514562769317274
0.0247457325492508
0.024013989241438882
0.02297360098305471
0.021698534916398962
0.02040549346002474
0.019307822033735655
0.018388772219547905
0.01765927925039774
0.01714552206368993
0.017155753671700857
0.017942085417720573
0.01971520775189517
0.02234625436670821
0.025127721294256642
0.027068306005248687
0.027860478288751205
0.02785397200883941
0.027905377514999656
0.028590742925766403
0.030188294392380056
0.032199927113626604
0.034129069673459904
0.03527723272915018
0.03552836958123097
0.03537960335094843
0.03511573692641844
0.034467279444450875
0.033163767680513066
0.030864721878126836
0.027924448850264943
0.024909723294589053
0.022318379549655973
0.020305633123732545
0.01869707870195297
0.017259762890327223
0.016072018281174594
0.015237794986010106
0.014897370122206053
0.014977287752555005
0.015279571241615343
0.015719626081911936
0.016503105612669742
0.017808958762384308
0.019871236079744288
0.022375139504248295
0.024773992984696867
0.026870083917946295
0.02892589319119931
0.031099131229533724
0.033433542808957606
0.03566601609767955
0.037885523526470274
0.04010733805380453
0.041995796041226136
0.0430004124339306
0.0429914742038465
0.04231187164747717
0.04109623660289212
0.039094240340825544
0.036190490676718756
0.032741494136943376
0.02953015420231233
0.026999328132048344
0.024739502101672684
0.022195884475881177
0.019497835362561725
0.016924184806396073
0.014915858625308717
0.014022173776904678
0.014467789707877134
0.015921821851709945
0.017551082895040634
0.018655839926440067
0.01927505042312886
0.01973483290149853
0.02047928329337248
0.021722307062778244
0.023846086449388213
0.026512198551857262
0.029019943609787012
0.030863509266158697
0.03208633510200588
0.033169349164880936
0.03454632361104298
0.03634006817841901
0.038435475652173284
0.04044555577798098
0.042016941764716986
0.042725642010080334
0.0422609933678272
0.040397746261160286
0.03721094312429724
0.033451450536066046
0.029812984144730235
0.026751576222905055
0.024298237701031376
0.022145994987977546
0.0201090943808517
0.018039393942333153
0.01596038675520803
0.01430857274338953
0.013501720277179633
0.0137799178014681
0.014887902145005284
0.016085646116498282
0.016766005267987247
0.017130758703790258
0.017981986979608625
0.020069539953209793
0.02336923587505401
0.027028406452977667
0.030005047087758106
0.03165996432593555
0.03192994352726691
0.03167061478470349
0.032058201718077925
0.033481753191499986
0.03543749363877495
0.036840841173378554
0.0369153441416025
0.035969521514881676
0.034739131566155886
0.033410296468903235
0.031958371134956476
0.03026831608458549
0.028109001825449863
0.025787355701508148
0.02370064201623236
0.021981928518827763
0.020479484203380725
0.01923134362596891
0.018177685752330093
0.01733368055174746
0.016532816085289788
0.015805937265369985
0.014874956335005417
0.013952439242793166
0.013517319664414648
0.014241049534749854
0.016385592018307787
0.019227619149416474
0.021750994259279413
0.02326729326701538
0.02370043573440174
0.023401685432989858
0.0232981175962809
0.024294763848240048
0.026369789677184938
0.02853254371746736
0.029907307327461777
0.030192399713268835
0.02991950548166834
0.029687798541074457
0.02970016231647217
0.029557634303509283
0.02898465230113747
0.028198239490426984
0.027544880780958673
0.027109468152114655
0.026876410382160314
0.026611273676863792
0.025855668844174062
0.024186828440254163
0.02180215764644734
0.019251467554008986
0.01699340148571552
0.015327613448080014
0.01465421360129981
0.01522428110797686
0.01676729540291083
0.018531100269866273
0.019907253048820368
0.020850094669337106
0.021457565114660158
0.021809372118625672
0.0220665819916515
0.02262503922390168
0.023976194812249708
0.025645786502598283
0.026791670656549468
0.027557951814785993
0.02862765861434402
0.030751000900286443
0.03412475096843723
0.03791989921416093
0.040785940292428685
0.04164007050488764
0.039780244125988115
0.03585641588547574
0.03156000488542478
0.027969769848673453
0.02549794154814473
0.024064652535435754
0.02321197956160543
0.022399064764002885
0.021290786626028416
0.01977662521079077
0.01803353809046365
0.016237658826356964
0.014840860185855348
0.014143854272179937
0.01423271420099195
0.01506232924251566
0.016284727814742914
0.017413300072145747
0.018357319576603925
0.019323197756201015
0.02080396340819336
0.022921032790252798
0.025427040338708722
0.027738332127685526
0.029475585812563057
0.03075961901644055
0.03215295638600109
0.034311212992565336
0.037195379887855824
0.03998149122889852
0.041733693518841375
0.04247936453763822
0.04264428736412132
0.04227512084484746
0.04088552101400332
0.037899573602781796
0.03383930650631069
0.030007985779652118
0.027248518750303367
0.025597860278607547
0.02441445102100593
0.023178749460389766
0.02177227717823178
0.020098406692987375
0.018185914995244384
0.016314917238290285
0.014937380246317756
0.014552212109539445
0.015277230449021063
0.01706752110002574
0.019477394740473414
0.02158338738254799
0.02243441873494029
0.022224010983154453
0.022270558901154876
0.02380068197959852
0.026753834912194328
0.030619912710638814
0.03482823189114043
0.038792864994494976
0.04168061166106357
0.04329562555623822
0.043813497663009016
0.04301246982900938
0.040702821857112444
0.03799161118366138
0.03588099020519199
0.03439271932353632
0.0326030639624
0.030120145698152318
0.027588023276574555
0.025318918271685094
0.023200568356128746
0.020793168657232203
0.018344977344186067
0.016568679143928376
0.015958355448588722
0.016460348798749164
0.01729402636503788
0.018003643053345144
0.01871934812516914
0.01950323523270824
0.020213451155360163
0.020712579925606267
0.02117788533055283
0.02187012559897777
0.023210110402404463
0.025143879907820327
0.027032171550294255
0.028387195635085734
0.029226168830694045
0.029906562762965695
0.030430676568662152
0.030558850628781414
0.030331870291500477
0.02999696429985482
0.029825322455908642
0.02980840578575395
0.029518860205803164
0.028893493763372025
0.02805758066301652
0.026890158691012477
0.02536861141134292
0.023538173199932278
0.021773010938746055
0.020148763423594236
0.01852077886372458
0.01669383974327932
0.01504088485844906
0.013854479529594718
0.013313846855087972
0.013652246424674832
0.014827808578925777
0.016205940102588585
0.017231320523325464
0.01792710700159137
0.018509381370699088
0.019452728005433035
0.020908330184599224
0.022896734145660538
0.02503770327995236
0.027001700942542884
0.028408432046699236
0.029246467886376488
0.029517260487839165
0.029379431604729674
0.029212485302205236
0.029193449268071357
0.029081353026380995
0.028568167292742794
0.027588744354378403
0.026045145185586017
0.02418981734635612
0.02247694342145628
0.02131099405936317
0.020541538195999985
0.019879063952040997
0.019220668070745576
0.018323638846722987
0.016885404455348457
0.015119119926548108
0.013763803647653956
0.013379180932195646
0.014074574819077106
0.01539433878106253
0.01677014218606627
0.017512845852088278
0.01751846974807606
0.017010274064275903
0.01667462050506136
0.017022714704224128
0.018482345440963003
0.021091392066811446
0.024722807572181215
0.028573432661254998
0.0317970911136551
0.03367639424736339
0.033865992755036683
0.03283977556289373
0.0314361016936856
0.03010171991315579
0.02906905210226549
0.02829202276823106
0.027778599982110713
0.02723605969210023
0.02644429694428987
0.025447285994363137
0.024147898062766574
0.0224165835009788
0.02003393433177518
0.01730793099937467
0.015219274115995182
0.014453269210041912
0.014911968305949133
0.01608056887561358
0.01728630287515349
0.01816790087792012
0.018541306959420183
0.018558443421723865
0.018767805332082773
0.019645422731169374
0.02135563882725463
0.023803311938101302
0.026434643143201514
0.028655039423665457
0.030190610323991347
0.03096480340678738
0.031175673837080392
0.031074823099514783
0.030935567805100133
0.030867725395198095
0.03102089557889989
0.031705099442006134
0.032609462221944975
0.032949028864826216
0.03216873530678842
0.03030960003017319
0.02779536510562872
0.025032111938312215
0.02222703274620004
0.019957756398996072
0.018407376341830903
0.017478293940132367
0.016452745717931608
0.01491037455376748
0.013305687654988312
0.01240277150929134
0.012637712914603763
0.01372581204187337
0.014879608138669953
0.01583528258253497
0.016605613645276747
0.01768115355283493
0.019382086803998968
0.02165696092281675
0.02404541647592034
0.02584827249827053
0.02697513717793665
0.027954532343494005
0.029278553839910626
0.0314283276758421
0.0344950890113097
0.03746939636669243
0.03905611281833367
0.038531017289117
0.03651113969880554
0.03420673574269136
0.03237807357439282
0.031179170588989762
0.030233865819790425
0.02901580581027677
0.027225223753625502
0.02518533092008038
0.022827683916821856
0.02022359257530442
0.017521113691341548
0.015377061768037045
0.014223848742386521
0.014064044701296737
0.014573646050308005
0.015316271626136153
0.01605148679969407
0.01667854830739411
0.017171973428367134
0.017729559827992555
0.018803390795948012
0.021119580858723036
0.02500811005575603
0.029897731836781783
0.034284656837290685
0.037092614965916336
0.03804450539280408
0.03744182675860744
0.03624110792023765
0.035434734085887556
0.03525492211348398
0.03504081030592834
0.03440421409750991
0.033171388697316125
0.03138497614835719
0.02926739628015135
0.027047455204970594
0.025026018253395486
0.023364995330487904
0.02205597137888635
0.020813899904978797
0.019275311151292773
0.017508996466483753
0.016174172948737
0.015783282273203487
0.016269465985971815
0.01724142738164785
0.018204944514710397
0.01872529839485487
0.01869875922229985
0.018182543717248513
0.01746779796882412
0.01702089287715237
0.017552371160750025
0.01935503136127505
0.021983107726797287
0.024743118887000322
0.02733711519274264
0.029553720452266074
0.03146883307059937
0.0333078696669586
0.03502307603824303
0.03620743752022378
0.03638371449748345
0.035101184848587756
0.03289344200431358
0.030565553962289892
0.0288477510198515
0.027809806337861596
0.027244991350110628
0.026649225728208232
0.025251712086338616
0.022966292928599367
0.020378103570559063
0.018391117398415945
0.017288473341523385
0.016438617871035118
0.015529939657518109
0.014528296347332891
0.013905190459636514
0.014059698207516834
0.01500035217031792
0.01674050472167834
0.019037209436478117
0.021326857061751085
0.023314403582570815
0.024716814587444465
0.025466949659376716
0.02583852649049126
0.026194054066654475
0.026738013925785332
0.02761582110645197
0.02872718631787781
0.029631181648133782
0.030292141282482192
0.03114300588188599
0.03210351498611216
0.0324147561498473
0.031721018834549794
0.0303863229077876
0.02838154909816389
0.025675959782903043
0.022486712657364658
0.01909417690354539
0.016253424994347523
0.014714802001058602
0.014417435445974494
0.014600196672814885
0.014593567724799307
0.01411112420164125
0.013632202790779145
0.013656480995262395
0.01420885444294617
0.015043525917901661
0.015903256176243743
0.016519693616427748
0.016968150803408782
0.01777941680916941
0.01941898613648211
0.02187445336898094
0.024467214393154715
0.026267572895978062
0.026819774378283978
0.026438517817247875
0.025702854913376146
0.02517856539132976
0.025307488968184137
0.026086451684433305
0.027454550168764094
0.028978515959395722
0.0298191966971655
0.02901721131569945
0.026757053193880498
0.023765743363673736
0.021090109838796407
0.019472279612066486
0.018808231930246954
0.018399302591212953
0.017821811664058038
0.01713125602546924
0.016515851428781158
0.01584257791285031
0.014551010262068445
0.012864400995627625
0.011933359944873023
0.012820547012111506
0.015495169263137598
0.01847655172170575
0.02011217669628916
0.01988310631526428
0.018539185666634622
0.017262632044358614
0.016945659373081713
0.018015273944624197
0.02025653663330587
0.023042583245572623
0.026009277116185073
0.02891942013128914
0.03155292249876345
0.03318149895276752
0.032738040570761635
0.03012203364317102
0.02652989651516932
0.023360956328891437
0.021281469060410816
0.020143119596441092
0.019852161650411232
0.020161877584366508
0.020375947313086815
0.019668530742317083
0.017734533958777526
0.015275190433988116
0.013364388984441181
0.012627696332295739
0.013183125003957439
0.014597972089207958
0.016429735468846414
0.018262767185999135
0.019675630484455815
0.020487223243308848
0.02064656003940735
0.02018288792590887
0.019363940971623812
0.018745682008233563
0.019112965727682524
0.02087125861000258
0.023683660213565935
0.026968399137805632
0.029729990763468862
