0.0
0.0025588908006135406
0.008559787203864685
0.014855249808444985
0.018029486406568398
0.018910569508427524
0.018249211871103926
0.018505262632734828
0.020275332764522064
0.022220042220945493
0.02395016152933734
0.026441454537890822
0.03161622992897798
0.041002861175702024
0.05196401461467401
0.060477660889708094
0.06408472022046065
0.06098325653968935
0.05408615350744321
0.04580543221202335
0.038759577859330444
0.03394117254065418
0.03155502242177825
0.030651406232064058
0.03014068325908765
0.028090718724356173
0.02465136847465383
0.02036392654524171
0.01656487290748417
0.014358604018370837
0.013330312960694929
0.01272696498320786
0.011648149682465104
0.010358970774423538
0.00918779696317815
0.009278887681965843
0.010436354309376228
0.012632955614987028
0.015307001443055853
0.018264295130292835
0.02164775656629399
0.026043172630725506
0.030904030866505457
0.03659398263856915
0.0425781696799844
0.05034013607225117
0.05887524471650221
0.06627063605880826
0.07224628752989934
0.07694619169664103
0.0803426787304887
0.08202992619076437
0.08249140789185712
0.08066149983969821
0.0775445165938682
0.07359771462644543
0.07012366117399718
0.06567936583739088
0.06047765284226153
0.05431982138331002
0.04758611056243314
0.04122643237091654
0.0348593979220166
0.02934108566352818
0.02404773219961709
0.019555328089460717
0.01623069585284287
0.013780697877833172
0.01289754124932172
0.013836865726791043
0.016311397832466944
0.019800640839582048
0.02400957870187831
0.02930459345452085
0.03718345676764453
0.046984515126495936
0.05796713860844362
0.06891708116229367
0.07958569800349684
0.08984681749591433
0.0984173861925052
0.10669646657616523
0.1135293474271856
0.11704392928180704
0.1178368688898409
0.11746976923846265
0.11532677213720019
0.11073696128377448
0.10402636083897364
0.09568931390954322
0.08712378824399376
0.07824318176775336
0.06857529781582748
0.058991402299938156
0.04851019717378703
0.03803820511125762
0.02876985961612228
0.02101398018904343
0.0157591292176266
0.012928326412379237
0.012173529232180916
0.012901150431422693
0.014579133936756394
0.016895919000143367
0.020205649007588644
0.024598858786375306
0.029649567723245684
0.034583165695839586
0.03863112482160051
0.042536983115256624
0.04615805033859974
0.050138741186122125
0.05364133877401929
0.05660759386467152
0.05933046248363037
0.061777000734432486
0.06546792105495065
0.06845520002303565
0.06961504460132845
0.06848830347315847
0.06598388985229878
0.06113088535880971
0.05530376238005612
0.04846964532861907
0.04274517501533975
0.037476638956003464
0.034403446968856576
0.031682036542444746
0.028534094008663656
0.02442481800192881
0.020020050779736422
0.015838648276943625
0.01241750406888751
0.010424159554643772
0.009706407053003692
0.010308003335350317
0.011220240052147805
0.012146590388357525
0.012660439910077068
0.013520972508498996
0.01486986582271573
0.01732034637091949
0.020456294743447977
0.024286795168767854
0.027494202765737743
0.030846638695713594
0.034333425580403205
0.03911336622113048
0.044478543331267884
0.04927224033976061
0.052624938834412736
0.053973514082453336
0.053041663941712454
0.05190946569480624
0.049708010998213495
0.046373107918583845
0.04342223122425301
0.04041601294733376
0.03787111583075282
0.034977331885601294
0.031327336271193884
0.027674045606005365
0.02396015541495276
0.020879446164075926
0.018076015414939618
0.0157949010533651
0.014248468280117867
0.013195690723492673
0.012249434299770245
0.011419650708392666
0.010947372696246365
0.011195820108197231
0.011687318518546343
0.012474644831218878
0.013886707105555021
0.01618015680560606
0.02000939320321411
0.0250389117710168
0.030906420316068516
0.03723046699458587
0.042930509577077294
0.04832149544692924
0.0539682192073545
0.05892102394804882
0.06467432675240452
0.07096644370527178
0.07684706573705662
0.0809865466120658
0.08268416408674567
0.08166383127718951
0.07804440947017205
0.0721014396324377
0.06548257076409988
0.06020802385575007
0.055588955692171885
0.05099463137151251
0.04640822162306101
0.04045007685644863
0.03420693169424938
0.02873954216637555
0.024560950456081043
0.021734934768525227
0.018523476340769073
0.015466720201491745
0.012918525926536795
0.012335340674599928
0.014201783165738188
0.01832132380763397
0.023623399226012694
0.029985358319736703
0.036066319666303366
0.04271312415558213
0.05020760843441391
0.05867999657814697
0.06809304429195406
0.07729563373598339
0.08652245077672525
0.09475324176125122
0.10109539190025733
0.10581730717006223
0.10828266761428824
0.10916098822596557
0.10832492336168528
0.10556183397591162
0.10057271795315663
0.09192430282055478
0.0814831318976516
0.07053020963350304
0.06051221245939692
0.05092386744716175
0.04130627932426769
0.032909380418910124
0.02590847780796755
0.02071677317455264
0.017198025428997118
0.01465670700511224
0.013061665251851144
0.013019064228060703
0.014477012929149328
0.01711467908277112
0.019840100769745864
0.022706907413910165
0.025548566484834407
0.028911777800328876
0.03304444776703619
0.03785028604966392
0.0429104388202619
0.04787849129527073
0.052935012285191284
0.058135696127841016
0.0633578001927778
0.06878473158806739
0.07255375068257541
0.07476747211583813
0.07506743362899727
0.07189251804039518
0.06648878773927411
0.059218516309492035
0.05294908247193
0.04878904986831224
0.04568868016267154
0.0420405288711132
0.03652101108549436
0.030558035162134848
0.025712533593823778
0.022061181529379015
0.019591690006447574
0.017190204124914697
0.014832008252367806
0.012197952899100483
0.010357160388081118
0.009765587892357515
0.010566791477450536
0.011974281618410073
0.013413918471202272
0.014647366509301865
0.015635814382631567
0.01662374536404692
0.018205870487009192
0.020133374115881154
0.022597797765997844
0.025206913545283254
0.028428289830366268
0.03236953238058651
0.038039609087217444
0.04482787724719284
0.04962075889205738
0.05110977722504048
0.0493603353251397
0.04573365393409579
0.04234155209861657
0.039453362950358235
0.0380247854033016
0.037261173038956215
0.03712989949213142
0.037039482361874806
0.03592572694046835
0.032970695781944406
0.02848997147981807
0.023666758279184377
0.019665613876853786
0.01695700331450018
0.015493010031951112
0.014705507802827526
0.014283751156019747
0.013895066423141042
0.013496918769555857
0.013561944459064307
0.013877039184387789
0.014102449529754608
0.014612818263284089
0.016301774611950957
0.020063807020170493
0.025107581242076488
0.03022173085554411
0.03501294972926523
0.03895109955014916
0.04383743530777947
0.050613538284802265
0.05870155344368114
0.06664687876951574
0.0707765172063231
0.07207472806254658
0.0721079258827917
0.0732590290870735
0.0739827189661264
0.07259453030125375
0.06865900123921125
0.06286327617801395
0.05680146770914374
0.051514551820594404
0.04638241832657915
0.04119551768204951
0.03564753382915162
0.03044226949048566
0.02619128971376884
0.02264989674337283
0.020039302486025083
0.017758198424458676
0.01588101272068184
0.014644659852528162
0.014789297466584535
0.016742097873430995
0.02014944806661493
0.024852801384368673
0.030017407771421974
0.035721979560057855
0.042311313150477245
0.049437070698175795
0.05741038841279263
0.06597916004261839
0.07510678032949317
0.08393296055368418
0.09130515186108115
0.09591032157691097
0.09868357646717839
0.09942664451869741
0.09837453992832372
0.09527322552973946
0.08946853366037431
0.08191401121677933
0.07415037526033773
0.06695718686387758
0.05998666888742983
0.052823718876862644
0.04537915902372994
0.03856356877244049
0.032403179151482636
0.027031233085081458
0.022677966538769044
0.019345266525934376
0.016974400721664996
0.015647348248836818
0.015379591344895222
0.01598193498184944
0.017231215191925164
0.01890564603724975
0.021028029420736692
0.024026182202553963
0.027890384413573555
0.03263521505121928
0.03804633951593036
0.043770157941057555
0.05029703160957081
0.05645115025978057
0.06221862441987175
0.06590616601731814
0.06768905011535784
0.06806134874061814
0.06701858123254449
0.06545690958971316
0.06401308092576101
0.06160432684932623
0.05750120225139782
0.05283196459778909
0.047862164787881196
0.04333548077925721
0.038661605936054805
0.03313382136373989
0.027045394533895126
0.021942415354577877
0.018278972604174677
0.015795376834725625
0.014239078699009066
0.013063677423887499
0.01205013175095693
0.011419767566455914
0.011105324732539949
0.011084198922701068
0.01177693926378972
0.013544972900512663
0.01558746449253035
0.017775410825417545
0.019652678002150897
0.021536487778955234
0.02346329761814674
0.026055839525616797
0.029735565900354515
0.03485474797289761
0.03997736434212984
0.04351375410216888
0.04484554519786721
0.04340570894018914
0.04140388049295217
0.03947919710969018
0.03950139221537471
0.03962126143201331
0.03851935729123
0.035205693284954986
0.03090912272519778
0.027272334368009195
0.024384633014710923
0.021674847347438637
0.01927451880316072
0.017353698132807925
0.016075971147389272
0.014836474327989228
0.013244681250969125
0.011564717638448706
0.01054962064903496
0.01060862274557206
0.011118115240962845
0.011509364563655615
0.011649101019622386
0.012069224025116058
0.01326763074636464
0.015210883861007173
0.017243589734367338
0.01897446321886969
0.020933611853482813
0.024258874239371165
0.02845913216634758
0.03337723615831836
0.037430993095092076
0.04038457634807173
0.04218063719363552
0.04365127082193883
0.044387281131277524
0.04415687105815485
0.04185650189278318
0.038101386049183596
0.03415338349637328
0.030608129798936023
0.02752070175897429
0.02478463743361434
0.022305309995464595
0.020682242336030384
0.020255488076818165
0.019917699348354648
0.01928995754741967
0.018010070754275246
0.01609717892871442
0.013782991473477542
0.01172057537694662
0.010609435322252071
0.010678654386933266
0.011404666188109529
0.0129325174207986
0.015313008694722751
0.01828540697395962
0.021470670796681936
0.02530000160056996
0.03018762043958558
0.035971649546842004
0.04100834478487686
0.04491281848251271
0.04739874675791918
0.04762302980138866
0.04738452791246488
0.04811161571598418
0.0507685080101459
0.0521152432132875
0.052691780657915445
0.05152437061775938
0.048547860869963565
0.04495239774827885
0.04166900872565028
0.038555218783118114
0.03599848850762401
0.03279433845418382
0.029268815680732183
0.02594342486854544
0.023001440764739617
0.020444833168600234
0.018548443049410085
0.017389089361785466
0.016268966839015176
0.014918137065466828
0.0139215514334241
0.013565641699409308
0.015058887623039691
0.018867582379911846
0.024517401444362204
0.03160900858469375
0.03911732005393404
0.04686472465531956
0.053825826204018774
0.05987916751888121
0.0653158090275368
0.06962293615754378
0.07223727505411565
0.07485692356611541
0.07722381214092107
0.07995473537503436
0.08178266438778244
0.08087048212921627
0.07608249264863721
0.0687859803353092
0.06147007959979681
0.05544099964853988
0.05106999926835258
0.047207072300174756
0.04353733642972326
0.03869812797713193
0.033223931885509324
0.027318140689139223
0.021840144480240083
0.017031688608257198
0.013628862859517083
0.012320892870224372
0.01344277962499691
0.016448573134873246
0.020226725032979696
0.023963380793738852
0.027628241708279756
0.03197160632384037
0.03622869731092891
0.04047674506930567
0.04362184843540219
0.04605506362852336
0.04960695909906116
0.055625411562260405
0.06233757091165547
0.06805041262139956
0.07141232993508227
0.07137922089039986
0.06809318895045335
0.06391723318247236
0.0603867430737885
0.057563967115223914
0.05374432092617582
0.04843725436043777
0.042894921925014706
0.03837934820856148
0.03417758150994721
0.030632269647193375
0.02764735613269605
0.024862689832545668
0.02185473615762793
0.018140217803045956
0.014887373827654076
0.013137467801090454
0.012754968411377552
0.012967627000107444
0.013684867990456508
0.01426763235839178
0.01508904294989786
0.016145586677073703
0.01812730635699459
0.02123783311126576
0.025474070298161254
0.029676752378560673
0.03357111382888321
0.0368021516986711
0.03945586969258641
0.0416246751173452
0.04349142506714668
0.04512075695628505
0.046267187277750026
0.04605116700287776
0.04495452971626712
0.04463396160924825
0.043560766510854894
0.042390988136734385
0.04077253749987442
0.037790850722906
0.033878888654957286
0.029053451080099865
0.02460859703845643
0.020971868604963324
0.017227690788877023
0.014284079504734884
0.012701960752528238
0.012674404060080361
0.012979857512595868
0.013171687899912323
0.01311560420620253
0.013049992278486229
0.013070650170144863
0.013213903239528995
0.014013401876597675
0.015251703028539672
0.01750429283232757
0.020371264624354433
0.02404903186791242
0.027732569203905495
0.03095731005899106
0.03342391222744441
0.03487268785094877
0.03583105582181682
0.03701590649303382
0.03865203691942659
0.03955871149896708
0.038537822858732765
0.037022072048796116
0.03565645258486287
0.03503425361984512
0.0341335004453679
0.03263511604572971
0.030739199657651286
0.028148821264223942
0.02509917152249591
0.02256715698625413
0.020458690227409346
0.018423852783757855
0.016424378985974514
0.01457923191551489
0.012830634418456251
0.011788794105957177
0.01144046968845586
0.01198478574214013
0.01344921012567224
0.01530441087498552
0.016740163962663535
0.018045841498252706
0.018895690144955405
0.020239031692880757
0.022418215295368082
0.025507109422520366
0.029269917255157533
0.032959488507005
0.036354981539194024
0.039207632993978905
0.04195566672167003
0.04358079580427555
0.04469743031430472
0.045978703473474165
0.04810338741635556
0.05090595218893816
0.052238664940103756
0.051546534629702476
0.04808631080730608
0.04322205196394058
0.037968604365955984
0.03318845066172473
0.029005886675337197
0.025411468805703944
0.02247377015451624
0.020031259687451498
0.017996993182346203
0.01614347366607515
0.014885792882909504
0.014203233192455988
0.014099056865088012
0.014670081205665144
0.01576947476699376
0.01755203733518675
0.02016539131920718
0.023192700807474004
0.0265885006541413
0.031134975559862162
0.03583964399564713
0.04076613266049979
0.04532831589729294
0.049408400194386984
0.05374302037808948
0.058383804566066996
0.06320835420787069
0.0678683294629663
0.07056012146191017
0.07071884797238688
0.06859362274689355
0.06537583603258244
0.06104950682223073
0.055894714280277244
0.05023590706062683
0.04376335738085093
0.03762965672821281
0.03263666529647599
0.028393684390863646
0.024991883783678646
0.021868248937495685
0.019077603430528327
0.017145087113548025
0.0157750505240931
0.015786605428181985
0.016487226220684444
0.017351235661467863
0.019021689038930287
0.021052365408336205
0.023621095395584896
0.026013455310862525
0.028135570644377234
0.030846954183040592
0.03518779484002414
0.0409291661182287
0.0479076428948826
0.05457412110686631
0.05983457751851467
0.06339278601157876
0.06491249814676958
0.06487891111580539
0.06399694631071914
0.0639057061878627
0.06373618477653181
0.06349616727363568
0.06164064710179044
0.05799695495787404
0.052806437389268754
0.045865143927833495
0.039746829940607784
0.03352741463153819
0.0282774182730144
0.02350409842378142
0.01967679190125618
0.016735851490746873
0.014479493015613442
0.013909307290203978
0.015183612057705787
0.017624184818101987
0.02005143055783393
0.0218109319291936
0.022898649062728513
0.02347819275671549
0.024513248811072
0.026771140595326794
0.02979409152742484
0.03278377293207782
0.03471615268684351
0.037078177018274525
0.0396048553073884
0.0429322597214392
0.04562654041174162
0.04660913601624708
0.04636234945657096
0.04584284776995737
0.0462281345913248
0.0470287500251962
0.04796673948699955
0.04707135050507332
0.043900161651598775
0.038368576611230484
0.0325506668668494
0.027881389394125516
0.024500550715565495
0.022192719990484895
0.019734733997333654
0.017374643498463002
0.015251062067300047
0.014097760993215146
0.013723756320068595
0.014158229322013017
0.015082704999030642
0.016556554331843405
0.01786311920618526
0.01965222460467439
0.021662223417630286
0.02333717341031991
0.024343753409208798
0.024392955852280424
0.024586111075196572
0.02601269277110518
0.028366901050397422
0.03144177436107414
0.03377830927041268
0.03525664172751326
0.03673236790827639
0.038650219395824095
0.04119582520254339
0.04213036912271319
0.040594426685964934
0.03799416826565066
0.034958551958432255
0.032576552662673744
0.03038680121887317
0.02764160064075224
0.02426084162953816
0.020409854702455217
0.017824254692680886
0.016773547483239556
0.016235005569651007
0.015115179058526149
0.013649451763093595
0.012459952728141424
0.01216100219677532
0.012931913230436527
0.014488235687864517
0.015744692156463434
0.016252605707982568
0.01664499248936853
0.017455543850647893
0.018992239306407557
0.0210612568359694
0.02333416637655212
0.02568194592921674
0.027917777317903552
0.029298031532840475
0.030445494697016965
0.031340270939843054
0.0335320600534014
0.036717203026372235
0.03997358032573767
0.04226959480148189
0.04278315669307935
0.041889551154485595
0.03947234077617746
0.03640184285939857
0.03293377899798358
0.029487896318102676
0.02614727490161276
0.02342919774513349
0.02171646239837506
0.021176999884800554
0.020434152235459177
0.0194820039858071
0.018026874187315436
0.015981835057451172
0.013987048884426334
0.013543986619056404
0.014001951410837633
0.015733805781471245
0.017689603071968797
0.01974034010075761
0.021847489819151213
0.02324968250975421
0.023452866482912768
0.024084135057830105
0.0258039839229802
0.029425722002977522
0.03431012517301135
0.038426362365561004
0.04182343094331357
0.04432359795722713
0.04729170943326676
0.05015914709966965
0.053390195637701546
0.055124708356701885
0.054537689036960976
0.05115072980500875
0.04728094159825229
0.04392490373288066
0.041273303526442214
0.03878094421906262
0.035925610286826254
0.03278311412199082
0.028747890650218558
0.024022617537881808
0.01958921108297304
0.01649798023684234
0.015254987405359148
0.015547494592293315
0.016438872845808826
0.01738534342072727
0.017696802667249788
0.018149098649143162
0.01931525755233108
0.02248500961824245
0.027030280371208637
0.032053874178480206
0.03709605657688958
0.04150283021464157
0.044880558721052705
0.04676600747780197
0.048231857718429666
0.049622072057002836
0.05094501422914999
0.052449512228365594
0.05429662695974816
0.05578144081904959
0.056981883070774175
0.05736173763160996
0.05679368679144463
0.05493848332178069
0.05213870923871132
0.04847873235089514
0.04392727927457835
0.03843778958544001
0.032223433352778504
0.02650318613138581
0.022293867190528113
0.0188293044903001
0.01608418464842907
0.014414253974899191
0.014403972802338214
0.01552343983023296
0.017423042483590608
0.01999108365280227
0.021823262097075802
0.023691239134036868
0.025847220751762136
0.028704373018539713
0.03212026067843081
0.03605378139505397
0.03920733291063827
0.04135036614366358
0.041957244923416334
0.042131941089651986
0.04294190121802981
0.04391651770996122
0.045532510106536216
0.04710765166709487
0.047377257430439725
0.04639321761027604
0.044533759147223725
0.041953321886991794
0.03771448945575403
0.032685000613950875
0.02759917473600429
0.023698851829206537
0.02154091218820203
0.02020032315694236
0.01910471659260356
0.01815657803535961
0.01717472015238636
0.015855266536804892
0.01515752924389568
0.015075075141807809
0.015213817502629047
0.01575140250483833
0.016655560866522062
0.017973686755786457
0.01988558588705272
0.021883606218137237
0.024150747312900317
0.026282522115234627
0.028636480723605376
0.030500915579824088
0.03220843703835953
0.03272183019586088
0.03369065071003322
0.035757199394596706
0.03794234628315244
0.039862006217466724
0.04029120193313165
0.03925672364027562
0.03656073933848379
0.032751960859500516
0.028799008475968706
0.025683644678749257
0.02279515873522766
0.020438651683813567
0.018542675532935864
0.016257777953003125
0.014389716300346838
0.013785907250547305
0.014081903282797882
0.01434346692707482
0.0143649891430675
0.014346105910037833
0.014739756747419274
0.015390584573490587
0.01613058911345144
0.016736065956858066
0.01709717324306268
0.017694912525904504
0.01893438238512729
0.020654010100590026
0.022436206650067844
0.024413758484104896
0.0258374599453288
0.02682034598572791
0.027906688299005725
0.028969759181716962
0.029864696112802028
0.02980874028012916
0.02944343461494204
0.029266978445636728
0.029650058399849234
0.030451107000749954
0.031031279123460757
0.03035161298537809
0.02874936303171061
0.02679430694455823
0.02488533798166642
0.023178166564731647
0.021433222987936356
0.019112872960011962
0.017125384992973364
0.015787310077914472
0.015127224075070193
0.01471264528185679
0.01453229939551755
0.014290996971352854
0.01388252575312051
0.01411703702313788
0.015211765832039885
0.017533984308460874
0.019760072111455078
0.021107769667322154
0.021867072230813394
0.022957196560364063
0.024468599212561913
0.02614305461693077
0.02854349199756138
0.03220958987734591
0.03714227216905881
0.04154866487852461
0.0436329853407105
0.043516381301436854
0.041673062119897714
0.03913869153212028
0.03588959568188411
0.033604512213875906
0.03167272978993803
0.02985825971631035
0.02754938819181507
0.025821138428204434
0.02477143270163778
0.023480878483571412
0.021420931266835083
0.01863661962905678
0.015871951887930134
0.014129120176452226
0.013311964441721842
0.01357130504411459
0.014086452999143703
0.015143696808435844
0.015714139565279873
0.016270470780986073
0.017095882291282224
0.01901561217075231
0.021238966221241197
0.02410510949820373
0.027207585975554102
0.03168155600128046
0.03660768964882895
0.040986094444450484
0.043589000728525285
0.044825276781480856
0.04599229837528129
0.04722382758349428
0.04860030440177618
0.04921747129898935
0.04870973892701603
0.046894710991415456
0.04334173686034899
0.0402507944566996
0.03804804217966018
0.035818532829841494
0.03271793030311532
0.029480949844379337
0.0263430700848833
0.023319557675230373
0.020967160780448586
0.019345656531849085
0.017865441795045192
0.01626107301629176
0.014612127920989969
0.013589692631086444
0.013734622928593135
0.014971153226012987
0.01747426775559669
0.020663289642720194
0.023740974411134576
0.026942365264883195
0.030882364560870828
0.03576516771330992
0.0417103860846054
0.047070810551790195
0.051266098123452356
0.054858057626979005
0.05646739333560081
0.057623665849707094
0.05796859229405924
0.05795113807147696
0.057182765321283385
0.056549651648667626
0.05411479954743084
0.050494859507862526
0.04545247362739834
0.03944133252629256
0.03293516597411632
0.027331461333139885
0.022981567275067616
0.019709994450265108
0.017436764607505754
0.01605290857083207
0.015622908595155763
0.01566943155207864
0.016514749791872556
0.01771178887408208
0.019160316733211957
0.020590703713214316
0.02188973422822367
0.02389572096232525
0.026108994865465807
0.028509474416365328
0.030797447560621895
0.032472520263481214
0.034529034342545846
0.03755591741418438
0.04093632223041449
0.04368932865114464
0.044818656280386455
0.04532359830564972
0.04558670568350206
0.045096119317348894
0.04353910382200437
0.04323565654313946
0.04258306271101571
0.04193950558117614
0.04022572265504378
0.03711878488756172
0.03253270868282497
0.02747939459286304
0.023224103220890104
0.019611474902681527
0.017179586805219367
0.016158119177763653
0.01653527913647416
0.017163056240219448
0.01716398530768021
0.016577298546804484
0.016259068201175536
0.016779421135282004
0.018316037968159643
0.02009362555337421
0.021764642258252184
0.022786577069618067
0.024162456310604777
0.026206114764122348
0.028438105034551648
0.03005541223190049
0.031743543367993926
0.032883393817132574
0.0339310923789934
0.03475189553457053
0.03536724625356727
0.035317500290576266
0.03379606975163155
0.03237572308015079
0.030982570062389535
0.029647632841359878
0.029634562122625698
0.029555972572904165
0.028435395112431906
0.025964702943577497
0.022707185820289053
0.01972789075184035
0.017264370133366166
0.01533227773733508
0.014464610809899813
0.014502050467394752
0.015281959743842976
0.0157034297083233
0.01579050984543066
0.015242103417902728
0.01507095646823172
0.015591568364444058
0.016683602378722354
0.01831440827027516
0.019216647797667505
0.020194131488117974
0.02126532891652273
0.022879446339575785
0.0249994120274537
0.027414837747102565
0.02871904409156625
0.029394561867924246
0.029775403462879473
0.03145703214946163
0.03361065382822452
0.03490347129530686
0.03530487000291475
0.03458028623090076
0.03242505954737383
0.03039826101872518
0.0284096302154586
0.02679958206670771
0.0249417246782525
0.023124009209430984
0.02142854264606265
0.020619017618605597
0.020305517130438745
0.02047157434994118
0.020166764562262508
0.018425299410179317
0.01634217041338235
0.014377990272715692
0.013676509546583285
0.014595225430672798
0.016232624244207995
0.01779541696251614
0.018650686557146173
0.01871162717841425
0.01919574721935724
0.020831238548754658
0.023648105825825983
0.026698476073813357
0.030353846401428523
0.03409055134340129
0.038675472916779106
0.04206099235527063
0.04424430929409684
0.044777451559975597
0.04360111233578637
0.04224132200197875
0.04174673839622144
0.041567703407056136
0.04122716131825048
0.039045778957505696
0.03535491548353824
0.031168705417102243
0.026787015143236864
0.02350011981867975
0.020817636304990086
0.019231278415136863
0.01776225367617986
0.016808052722727083
0.01627019628439637
0.015924207534099198
0.01568630196882327
0.01588123082742349
0.016214612081135445
0.01674327428926998
0.017672406294284848
0.019214470907454994
0.021590459833238984
0.02457576055420454
0.02843806665129111
0.03294495976023014
0.03692195553938919
0.040243310517018356
0.04195468511369711
0.043456635194375426
0.045009615404423386
0.04664093029351875
0.04822010417352882
0.04903229911702567
0.04962475797677783
0.049635825140350504
0.04845666543836774
0.04614927618412169
0.04320100417601204
0.03889351636063931
0.03433817481535585
0.029917887167643098
0.026283571640728504
0.023565145849361663
0.020981229600178494
0.01838520978299144
0.015936039501867602
0.014270453846234215
0.014031355669571364
0.015072021962772878
0.016670696451519206
0.018667755725557452
0.021162528965514377
0.023180390554811664
0.025288816677441418
0.027705325340050223
0.030002955725576427
0.032314820310996424
0.03526629776328149
0.03830940669852803
0.04192334393759547
0.044930100911540274
0.047545142434903015
0.049540002896401265
0.050399137441808455
0.04964537746589438
0.04778631340182776
0.045661059814189255
0.0433230889822724
0.04059136177050438
0.037530572684895236
0.03402634794771229
0.02943104219903539
0.02487471656660687
0.02133609015000952
0.019057573479674603
0.01751508243376242
0.016438416514509037
0.01610924584245334
0.01586988231155786
0.01553624422492318
0.015342402156024558
0.01579879955763135
0.017383661060767674
0.01935782910262902
0.021039233643446148
0.022535751919199747
0.023503266533233126
0.02448530030329209
0.025645849375501406
0.027283801899290926
0.03005184978797824
0.033232323963163654
0.0358503029722733
0.038146215558993765
0.039205250655427584
0.0398381695556331
0.040610067612530665
0.041310334517547516
0.040499825141139485
0.038099160758274374
0.03371775097050005
0.029893513541761764
0.026106344843952772
0.022797982427417023
0.02143517886356362
0.021467795764576133
0.0215648141159989
0.020656205464758434
0.018740513336027265
0.01667411309958815
0.014694926529934291
0.013943595666425184
0.014458254708328051
0.015446615165330791
0.01632337411711445
0.01642944849356716
0.016309014421732767
0.016808187440572667
0.017902114341079228
0.0197910630396971
0.02207469984671465
0.02438685642586753
0.02690042928817286
0.02934089440984035
0.032405470706575144
0.03567067355599589
0.03773746571846691
0.03663577858054254
0.033769248426900766
0.031794477453369586
0.03142391620699399
0.032080142632881586
0.03102656622645821
0.029161522700493117
0.02671597523586459
0.02406634272985526
0.02347585933942575
0.023477200974071542
0.023463813721542815
0.022322743932625018
0.020548851108060703
0.018874737211272773
0.017461753110289992
0.01631039929536226
0.015833741607122042
0.01568632786751643
0.016091193217131868
0.016615041100771007
0.017125747221149065
0.017296540618914426
0.017241384650710036
0.018195156509147655
0.020280692066698316
0.02289760521532636
0.024997388740589745
0.026479617187955967
0.027412767388228836
0.028262537712711488
0.0300286687252603
0.03298944666216969
0.035524244129867606
0.036729346820045604
0.03652437522732018
0.0362927151484608
0.0349175225432239
0.033372389351225405
0.031488764026706806
0.02996934193791804
0.028692496904733113
0.02769046553313256
0.02680984826440258
0.025125946117774387
0.02332255047023591
0.021034418726179015
0.019586620207916926
0.018687025931317533
0.01828842345954375
0.01765477133527737
0.016531425928453244
0.015634280597162122
0.015577827334934123
0.015963833356614394
0.016067979857616054
0.016109283832860654
0.01661063123019751
0.01836516960908017
0.021290613313442706
0.025196028849786577
0.0284917649513656
0.03096213421174568
0.03396403774085366
0.03738184704481534
0.04101020229344605
0.043668495519155075
0.044840874139941145
0.045524310409187065
0.04592790910016285
0.04571451333883672
0.04440574841811309
0.0417556246475518
0.03795945360550186
0.03420219506081186
0.030813615934587854
0.027684765157068737
0.02470802431445654
0.022377244548774055
0.020681359829444895
0.019519703767598498
0.018145326003961425
0.0164705970304127
0.015102826936956257
0.015332082045461763
0.017326173335421777
0.0195593418493747
0.021190026457540662
0.021847426013080318
0.021554420694050207
0.021955366177803793
0.02461299451262224
0.029006513920169525
0.0341115866425875
0.038199868366240834
0.04212842525798487
0.04559818723474707
0.048999115044538216
0.051425025691498365
0.052639127696067316
0.05253988066069717
0.05210188615130921
0.05037797201818139
0.047640514550927666
0.04448227543207803
0.04087599741080654
0.03647946370272849
0.03268510676185379
0.030161881963649818
0.027865806137065848
0.02570644720847058
0.02282868550878168
0.019656687516682335
0.017743775078279428
0.016755155935009564
0.016882455779463665
0.01718493352974593
0.017354493625414726
0.017890601954184245
0.019115066397768908
0.020188247217197742
0.020955784782992884
0.02195691199098633
0.023967068991946543
0.02769442062102079
0.03253188642749939
0.03790437058882994
0.042540342327660186
0.04553277142019053
0.046469113414921076
0.045581604311501094
0.04494805553787027
0.043947510970382596
0.042487636461822416
0.04045364535678485
0.03862093540983888
0.037683768641669765
0.03653156264795906
0.0345637624515601
0.03100256308287434
0.025876689651789634
0.021139525673940722
0.018069934207428816
0.01670461075037935
0.016358553861583774
0.01682358338717873
0.01759876602923062
0.01822368204996483
0.018346152986003162
0.018197650431291578
0.017487417805685967
0.01640168761758626
0.015560507530212622
0.016125884613738695
0.017819733839500005
0.02048013726692385
0.023226795320460104
0.02592964510425547
0.028068619426646853
0.030192862969425135
0.032258593047636876
0.034338626936708
0.035835115171942634
0.035743020188928235
0.03497435082293814
0.03280275071570798
0.030556138999515692
0.02864363579485301
0.027351705481289037
0.02638655939833482
0.026045362115472183
0.025573931240869978
0.024965832530211753
0.023856600423708154
0.022844587863130816
0.02197396473965675
0.02090618393791747
0.0196077356501886
0.01889066083854556
0.01887194815419865
0.019043955400396505
0.018810536095996033
0.01819708358228412
0.017568301455314354
0.016994930784586054
0.016781431762846646
0.01718512248081955
0.018128225472467
0.020145513966722577
0.022347680228520996
0.02432229043803358
0.026454516787751424
0.027650983786328052
0.029014467608966168
0.030020059288503157
0.031015888110240534
0.03181355130333192
0.03233502087633072
0.03220210116750464
0.03177648382515509
0.03083004937840282
0.030060157402480647
0.02895208224012251
0.028032278051909578
0.02667044728278571
0.02537292300876399
0.023533943701588185
0.02171098509485208
0.019906861100247038
0.018352440855997396
0.01755316502844412
0.01760877059758691
0.017916993405677217
0.018109937290050015
0.018074670796692265
0.017383077697878124
0.016745408762665233
0.016425288272068902
0.016997649601173722
0.018158084411808034
0.019648677604411875
0.02129148042597523
0.02355394255308559
0.026705597857172886
0.03043921293878191
0.03490528068167533
0.03784303223760958
0.03882427807873208
0.03814100183462369
0.03560924660704678
0.03371914502679795
0.03296720442613922
0.03302407401910799
0.03343801470305674
0.033809107386346716
0.033460491623019915
0.0319807267849787
0.030103636825562483
0.028255384991335026
0.026875272253430397
0.02505947173569806
0.023537151464229664
0.02227863364306975
0.02199242939718744
0.02149226333887746
0.02075493813009259
0.019547782117093897
0.01811182591480111
0.017235813427609766
0.01704972267003599
0.017344337447973836
0.018295835246421106
0.01947557297526289
0.021306967460789028
0.023839103007026116
0.026817842319907016
0.029620901873316098
0.03256134110040527
0.035631982172080384
0.03848487862973614
0.04017188714925541
0.042220984381161446
0.04436764697010623
0.045552880232459646
0.04519206970951329
0.04341161925672777
0.04108600200687501
0.03891739199309907
0.03672433573250343
0.034351387267557244
0.032347000441900406
0.030947988346460384
0.02905678056944495
0.026633075583120728
0.023692097109261345
0.02088077756724163
0.018894751303853853
0.017432658351095854
0.016397194335921732
0.015616674250283636
0.01562684964621628
0.016824017996771936
0.019097636313928086
0.022037103809610267
0.0247943450946086
0.02785668141997942
0.031118425097617024
0.03429441154459351
0.037849171370935776
0.042151671182994774
0.04621428551108866
0.048481462634855504
0.04848117117376444
0.04719399941259724
0.04616129650022332
0.04646804575750224
0.04691095055663038
0.046441083721416164
0.04505378655852585
0.04202179316500552
0.03857056333792311
0.034103906830576826
0.029766624259732033
0.026064058392114113
0.023156833070356476
0.02201564613292966
0.02214627920825054
0.022900626851680216
0.023216117645155594
0.022832314178478415
0.02108838820288305
0.018464995160596454
0.016064330831874862
0.01546275003854517
0.016932643228547952
0.01948839160272725
0.02328417936561112
0.02705765510356202
0.030601759684934993
0.033047919975026825
0.03450954288442333
0.03568138217074569
0.03672070077631254
0.038065977060074016
0.03862178252184562
0.038623527252756064
0.03878699572038955
0.039680177704532554
0.04131104011680926
0.04175332403950392
0.040169211949698184
0.0376916417481309
0.03507424347793715
0.03275728049453829
0.030540189505366477
0.028288639251344984
0.025450907908267945
0.02277122698701313
0.02088214291235873
0.0197081187211713
0.01899974610797344
0.01725241517240436
0.015189296595795494
0.01418312505435542
0.01445642153800337
0.016196756995901528
0.018130135603696765
0.019056142213783444
0.019180158855215342
0.019850452729077046
0.02179165665630956
0.024309629739491554
0.02694293300375901
0.02786545780740617
0.027753629797495908
0.02741313628560237
0.028749807816280365
0.03131365316537435
0.033177913549583396
0.03344355066968383
0.031751094256417416
0.029839048811772864
0.028757428370911393
0.028664490847623958
0.028170407643701864
0.02773931349686032
0.027188273554044216
0.02709974119973066
0.02665593222322889
0.025585378995884582
0.02381011193707859
0.02249666550645538
0.021475645596649374
0.02118783309954389
0.021158773419724036
0.020066583453954817
0.018567936863498072
0.017385486687464282
0.017405596076372286
0.018717119522798392
0.019828041835542858
0.019954942791002933
0.019218780259102942
0.018522481414993307
0.018204418206506468
0.018825510396549287
0.020610773265720052
0.023763833553008252
0.02778107172568676
0.031834189317331237
0.035193458545006696
0.03578849959561084
0.03509407865721411
0.03443571948569717
0.03538992020753034
0.03667835875665163
0.03736884345303181
0.03692131553565261
0.035154172550653506
0.03345075842424785
0.03153360517733137
0.029656585210076976
0.027186608625753835
0.024416574204601874
0.022347055021549204
0.021205896413031076
0.02126337722400318
0.021621137515310487
0.02130468399831539
0.020155930818473927
0.018703725990694118
0.017652137203471047
0.017576087620008816
0.018016053808583406
0.01856765088019732
0.019385406244362715
0.021425837147724825
0.02465101567623241
0.028635178839439734
0.03288952274351875
0.03631170735503185
0.03860268371431844
0.04063115010268288
0.043594483698453056
0.04578893452242445
0.04757345760744718
0.04819719267505276
0.04826348710902631
0.04767618557564487
0.046675854640370024
0.04401781220827066
0.040546774055731885
0.03695498416459743
0.03373363906617432
0.031122157850128136
0.028614695122661394
0.02572617168578168
0.022983312388063108
0.02088785287509031
0.018988050058965533
0.017385128669440867
0.01592638262473382
0.015474457402298523
0.015917533073737552
0.017268150822290496
0.01894304090674222
0.020283450011904958
0.021342272837776805
0.022342869835864042
0.0236583280008791
0.026330089836468965
0.02984340589146703
0.03518065394056514
0.041325861466027784
0.047407572587531865
0.05223989476214938
0.054377995292057404
0.053797715841716005
0.05138556277286494
0.04797408971600891
0.04448552756336558
0.04103694426160955
0.03830105187004746
0.035823243583994524
0.03384084661414741
0.032731314342010036
0.031431154646572375
0.02918862457946743
0.02573394329872589
0.02280389548766728
0.020614185200385608
0.019562027392106638
0.01900543382014694
0.018481112888367266
0.018169937369085662
0.017651746388900196
0.017449528071016473
0.01814318422237956
0.01955362407551703
0.021388018504543044
0.02309022160437556
0.024802262932253374
0.027322037510252705
0.030615560706881075
0.03499771670306396
0.03841556655343186
0.04049703753444372
0.04092557602045485
0.041148344697325506
0.040697353421785286
0.0393455167068697
0.03672048689441788
0.034162462389383266
0.03312705283782714
0.033172016056418493
0.03301665356716783
0.032419710371956525
0.030554899592639382
0.027935996064609635
0.02452962252834884
0.022287683939301466
0.02109038348631154
0.021171819781085562
0.02120127169192687
0.021217290487103885
0.02038852331183773
0.019800142996208685
0.01898757492536284
0.018164382085259993
0.017484469589971317
0.016874102562159397
0.016898763401196216
0.017944856583616192
0.020233811104540457
0.022533133787082448
0.024622110307596118
0.02517630497978589
0.02543063619430896
0.026218795942889783
0.028221724906382837
0.030750566552361278
0.03243700011014417
0.0333405651343533
0.034203006338064675
0.036202310507426394
0.038229005914518346
0.03859496140128319
0.03761059179943605
0.03446982083280775
0.03016200816618242
0.025687318401187226
0.023056589154993656
0.02278749389102247
0.023520906917423322
0.023593312502046583
0.023004369190798575
0.021648106695462282
0.02004055404449496
0.018747200045839567
0.018486045201471117
0.018244495649314907
0.018445375459456053
0.018606211451086586
0.019036570253107822
0.019740876636733264
0.020893328311081618
0.02173114488159283
0.022334480052551235
0.022777717094496313
0.024591517075931164
0.02724688634069864
0.029600483429260842
0.030863318205203643
0.0320966426064874
0.03418667176894654
0.03721076876581579
0.03965540315336128
0.04032720244848932
0.03987307913780707
0.038294382395304034
0.03639241122520589
0.03371439283538848
0.031282040774921895
0.029312764551449356
0.028066075130622654
0.02736039193266719
0.026400483672827733
0.024872704940418745
0.023058271372050004
0.02133081385592101
0.019915743064988112
0.01926123801242112
0.018655297018155156
0.01802359306459896
0.017174997233459423
0.016255617288353893
0.015963787706267343
0.01711619233791716
0.019770056455634708
0.022511653535407405
0.025083845054155608
0.02705252150872998
0.02867927006368307
0.03056844987450731
0.032831723222190634
0.03586552571458211
0.039305027556362324
0.04242671616636471
0.04524221927277
0.046685635510768236
0.04710868049850464
0.046220868107921524
0.04399896813769628
0.040897797032767684
0.037274160977613095
0.0342594799924393
0.03170111698921282
0.030192650571073332
0.029356817216483398
0.027957473074748437
0.025905481620386243
0.023050306391660027
0.020456437347982373
0.018399866087598696
0.01703063575118983
0.015452260488283546
0.01424166774624379
0.014015983247395966
0.015495545955098
0.018445629942120314
0.021549718962903475
0.023832548328445308
0.02540666452336
0.026833434856701362
0.028832193716560543
0.031405099399731184
0.03402825023750937
0.03627117277633613
0.038706271340224495
0.04090101608646563
0.0426665500072242
0.042946186803784134
0.04197117374401496
0.03979462241593958
0.03744382938813326
0.03611743585945906
0.034542282823448164
0.032284970805829497
0.030068300051578175
0.02768743881084292
0.02503784009580268
0.022717865910112524
0.021144828460755414
0.01989914698386364
0.01861510848495911
0.017314624883339604
0.01604409649756154
0.015660018144238452
0.016040834183375208
0.017277306617573852
0.018428850227003017
0.019181981215877355
0.01968189904381815
0.02033774436280042
0.021758159001476575
0.024389655672397186
0.027196858613687813
0.029859264541355623
0.03237988459603746
0.03495469267612293
0.03703841424170392
0.037760951121891984
0.037818791747461215
0.036677877236782196
0.035205625462048806
0.03367333931776204
0.032121005312654424
0.03110421170023122
0.0301825708604157
0.029537948796554123
0.028609433092305313
0.027166883677031007
0.024371465656751298
0.021477330091156984
0.01923521871584822
0.017919765621128132
0.0174127207106768
0.018211447208002118
0.01965199255960666
0.02042417094433139
0.01998984661483883
0.018561775489438957
0.01714582160349112
0.016920572321099513
0.01832638676335285
0.021227323626892194
0.02445761076764295
0.02677874971143647
0.028129676542610258
0.02855550175290916
0.02921033624268571
0.029696650941263437
0.03032609393385101
0.031135005605161876
0.03145870199015926
0.031159273379496727
0.030926125366279315
0.03149068819576234
0.0327184681274699
0.033250996655780754
0.03240212996220216
0.029729887966143544
0.02612664217086052
0.02300717402403866
0.021697337458511688
0.02234985641391464
0.022795388447001186
0.022493092919568036
0.021116794240841313
0.019455812367287367
0.017955989224538494
0.017272785159116233
0.0171507188371052
0.0175167273719292
0.018010095523647626
0.01849641199016546
0.018725032978271574
0.019059653934135737
0.019603937389986538
0.0210591406886653
0.02241851912040245
0.0231903346994585
0.02389785714861003
0.02435089439677625
0.025537969626880038
0.026226982690318784
0.027055039200419326
0.0273922428887171
0.02782755625839258
0.029174491181687086
0.031685633175997895
0.0337266947982673
0.03502839094766069
0.033927816497016594
0.03081406935442737
0.027640740637582352
0.025820327380364688
0.02500255871260212
0.024576877491910912
0.02336175234350241
0.021518905927428687
0.019744193287640377
0.018389910870929508
0.017004129384534456
0.016196325693020104
0.01609651223791953
0.016789280912721676
0.01763414735046106
0.017917390744372264
0.017946234616565374
0.01751174068246308
0.01769410382480916
0.018632381098399577
0.020270862339930015
0.022049027343277117
0.023935408733423476
0.02604023406480176
0.029467979482807934
0.033404383045346306
0.03693433056697662
0.03864152897826233
0.03782527619734931
0.03541217727068702
0.03325498255051171
0.032502251975776345
0.03359307191238558
0.035907675546230144
0.037022569997498915
0.03561538728871621
0.03229382750149426
0.02851146783048516
0.02583535954170279
0.02428279965561306
0.023002249072944743
0.02173428303651106
0.02065597707639227
0.01930064458385334
0.018092747810154148
0.016900626301031254
0.015979308126672906
0.01614855303150936
0.017363471343894293
0.01926394156415811
0.021806867958044863
0.02378578273844683
0.02549628722683141
0.027826009790700795
0.031237366644396015
0.0354151507501173
0.038741188415947925
0.04058126644311622
0.04082460332884004
0.04053191095557237
0.0400099653276315
0.04066512408860526
0.04134704991374313
0.04169578402640286
0.04114726225266725
0.04010684904064317
0.03793459229068749
0.03532643480346368
0.03281624567591157
0.03051650079774075
0.028170856257772964
0.02581928249006077
0.024373133733787248
0.023047770099582643
0.02164236205517748
0.0200879557205004
0.018809974215885233
0.01780971413268689
0.017566610230754353
0.017831840164449178
0.018399651099966618
0.019389676100599492
0.02085985798339147
0.02379411951845133
0.027649535230352962
0.03151906465785549
0.03488278319806334
0.03761567993782504
0.03933411200371033
0.04110180112650867
0.04237778713483898
0.04256324565822265
0.04124643223665786
0.03907045129698145
0.03743045408118682
0.037287678495221334
0.03811431809790696
0.03848335190192249
0.0374430539994933
0.03478965778656313
0.031323451063889896
0.027972013246379716
0.025632135658551665
0.024155175026206285
0.022916944164522963
0.021212946055736082
0.01900283786477091
0.017164276371578167
0.01584886480891271
0.015466793104340725
0.01582428894901834
0.01740051546557962
0.019644065402964796
0.022033994719769037
0.023955539356865597
0.025242685437287134
0.025909367182838913
0.02667101738682245
0.027722754867849825
0.02963852738440352
0.031473578184094325
0.032962269703148396
0.033818616500054334
0.034683862208410354
0.035422738652241
0.0356274444898461
0.03537322959625727
0.03359436213512101
0.031834761803181934
0.03079179144002048
0.030559505991378428
0.031132709963653638
0.030999194536940146
0.030496622808572713
0.029393319687656752
0.02748427234768901
0.025606365876487534
0.023015259717089294
0.020131490651261803
0.017764313224099507
0.0164075436296109
0.016163538365097735
0.0169009733695444
0.017967969805191848
0.019331569207357045
0.01995863754588006
0.01990477419150287
0.019849561351632614
0.020733865608618285
0.022668259102936874
0.02422891054337143
0.02517388025532551
0.02543075056382097
0.025868285484356563
0.026582949823375647
0.02781553769033239
0.028895434075491545
0.03048268720467503
0.03254616515946576
0.03389809004482657
0.034154947826850156
0.033494705944612416
0.03192549948480484
0.030527313094751797
0.029768712528458
0.02995370879899634
0.03044966843466211
0.02987070316463898
0.02785722294486369
0.02521338677890599
0.021998770991345125
0.019697818524445306
0.01824823166954779
0.017881013483925928
0.017963516179271524
0.018093730724373
0.017964950201844652
0.01781106907905123
0.018144026777250178
0.019037647083681435
0.02000777160374128
0.020720892892297203
0.020964768363363296
0.021637531284558247
0.02310802529909835
0.025803254284317383
0.028855200637810663
0.031298827647620195
0.032210735341103414
0.0323911755840146
0.032917897431900434
0.03417338881789923
0.03597029592029664
0.03755726529760125
0.03802560348848537
0.036969341202361214
0.034257725792082645
0.03108229978169462
0.02792585181433246
0.02569235047257654
0.024421027391256164
0.024137793928672623
0.024310259740790267
0.023473247281984213
0.02230778892813722
0.02083727262866796
0.01936369911393271
0.017788645805841226
0.01641751902795399
0.015704770658431257
0.015351152924168788
0.01616453462150333
0.01827301921516544
0.021091350286336845
0.02366928418850843
0.024928432948022147
0.025922725175395258
0.027405795276995458
0.02966312891103151
0.033300326566071084
0.03643822375731859
0.03903120959571056
0.040197452064410506
0.04071680418203276
0.0402695804054032
0.03947696397604529
0.03751443089657229
0.03566307359430662
0.03414601465632205
0.03287112819331284
0.032700050097723365
0.03249938877819409
0.03127918012517057
0.029516319408035122
0.027090998765649462
0.024492450788337856
0.021556195258857106
0.019316733791837556
0.017733658126393402
0.01705152967667781
0.01714509318778337
0.01793458384581069
0.018994195858466595
0.019253075855467962
0.0192215160924929
0.019733392969770783
0.02148978946905285
0.024020124125061333
0.026215566232619492
0.02787183066444922
0.0295876191017583
0.03251584039346824
0.03617839405229409
0.0389331823142759
0.040034529808406216
0.03971284586223363
0.03836553808586312
0.0363521100712004
0.034529242627691775
0.033532031877847465
0.03238965180995817
0.03043416710070897
0.028977143815399967
0.028065528687169203
0.02708546125553526
0.025960399274492313
0.024456926712855098
0.022747905902211353
0.020909868803578834
0.01922673032178822
0.017850343885838133
0.017035911262119584
0.01651890133933978
0.016392704125462555
0.016904098839204067
0.017606994944966863
0.01758915140919441
0.017293183110397188
0.01743549725385277
0.018466153925863933
0.02077240994469473
0.023871364549084565
0.027041678103390802
0.02934620843214197
0.030453209309654467
0.030996106212251625
0.031755744440805866
0.03239734205819309
0.03261459747956304
0.031666699355082616
0.03112386603052035
0.03097209806408135
0.03142359991151134
0.031254923233846044
0.029225855200326306
0.02701486116810946
0.025493999648486275
0.024404876544975748
0.023262865685275892
0.022089267987196494
0.020790605494544333
0.019485892777802345
0.0182199714082117
0.01791415122445481
0.018159705050262476
0.018358959618239367
0.017791544173740386
0.016768500241838954
0.015709286477657323
0.01560715784342378
0.0166574808788169
0.01879173269678719
0.02131302545021726
0.0235695457226131
0.02482997929752805
0.02546098796764003
0.02581809342943272
0.02682267585985755
0.0288080821230544
0.03091485670791143
0.032706822155400196
0.03391019636027002
0.035692606326346604
0.03740695752996671
0.03843771772468666
0.03775424541079001
0.03467041581977255
0.03083770840568169
0.027603551555187525
0.02574915632093924
0.024787451580993068
0.024095965041240893
0.022946784970570146
0.021927858099119388
0.020815740954945938
0.02021505490687504
0.01989306851118642
0.019610589674853286
0.01873865081788859
0.01754983159331621
0.016305257488065474
0.015813444120824673
0.01651765434798069
0.01772195245804725
0.018897335446055746
0.01973997213401159
0.020383505880524806
0.021359342013173955
0.023399526392965518
0.026572892468029838
0.03021459646132164
0.03306480205994976
0.03501374310567532
0.03570182183293919
0.03560560732001016
0.035977441761948864
0.03667552808674835
0.03808199207733457
0.03811102792138565
0.03664179632854288
0.0341522400113743
0.030995513179104817
0.028505622705761575
0.026980135563727064
0.025618164860330986
0.0241554642319369
0.02189083835605647
0.019561807707790386
0.017681118924495046
0.016615592485920146
0.016575216176486406
0.017264998849063566
0.0177893930455834
0.017838950141918542
0.01782180253260083
0.017610452492495977
0.017797352050510067
0.018680256702314976
0.020792335470957515
0.02365224779709962
0.02674656094941438
0.03046578391307388
0.03273031229315705
0.03369105703838024
0.03454668091430702
0.03544287784974301
0.03678500273889822
0.03766690046270214
0.03781867669235161
0.03779282421442
0.03689137662245375
0.03587920749715379
0.0342503060276864
0.03287389967337203
0.030735843928673172
0.02812129481694703
0.025726577158915243
0.023675502342768325
0.022097523862570037
0.020783438934871133
0.019539435191340753
0.017935323936224937
0.01638045365788479
0.014933574582607677
0.014106844182269224
0.014278402486188831
0.015400003998765979
0.017729389461553807
0.020770884097375705
0.023213473989444525
0.024850251156314767
0.025765363482123264
0.02678130274550128
0.027608456803477302
0.02914901864481854
0.03144336730098147
0.03369411892625301
0.03568914733482029
0.03649613471273547
0.03656617393993152
0.0361684215821129
0.034882466235621246
0.03321969457534495
0.031974679550372254
0.0307163534240119
0.029683219820393226
0.029249874015644932
0.02872107486690951
0.027014904717031954
0.024654572716959373
0.022673420533766038
0.02173414480739388
0.020989760366507133
0.019549203837179653
0.017677039023063567
0.016203783276448294
0.01542378680622432
0.015491619697007844
0.015873764766705985
0.016484322486280255
0.016946187421867646
0.0175642132501129
0.01884265938648515
0.02098845429803018
0.023715582171160255
0.026376184408042874
0.028643861879997425
0.030099213425862678
0.031744738645597334
0.03325664305458142
0.033526215308194635
0.0326350676134287
0.030490645316403366
0.029864558570695022
0.030909623603201528
0.032261620077224
0.03286251982391947
0.03176118447077563
0.0288391878321206
0.02595426311621963
0.024163747427665375
0.023389759366238667
0.022908028810831923
0.021885949280084853
0.020029750248834043
0.01819431614277856
0.016503317970377913
0.01616848372427052
0.016509756575062363
0.016755334522438475
0.01619285102029358
0.01538247895586165
0.015802938629427995
0.01748417695515792
0.019526393686679067
0.022082151695525916
0.024257521067443253
0.02611692044554407
0.026763953172114843
0.027032550175800356
0.027105620554848674
0.027338085565798614
0.028729160559321412
0.03152929257437625
0.03417421506187946
0.03516054617214817
0.03509548068240415
0.034281519071080485
0.0326165708405678
0.030524670847742012
0.028240581845518222
0.026166696126462392
0.02445263858539602
0.02284222078874391
0.02212156007347072
0.02157628747061106
0.021003134105646585
0.020180732240470227
0.019091756892684622
0.01738656535038311
0.016056824106305247
0.015342568552081015
0.01582163473998852
0.017320434437647404
0.018789684411815517
0.019963334279146
0.020140205764004503
0.019966048938577206
0.020007887305097796
0.02070399118027807
0.022566593773701703
0.024822781076436002
0.027679886920616625
0.030773376355014773
0.033973282208252104
0.036908664926604884
0.03811214566314189
0.03717596132964047
0.034660213583254364
0.03159840040723008
0.029317027444907152
0.02825376390595623
0.028853166750798943
0.029752143917162237
0.029832607219186222
0.028548920406412263
0.026682265248978397
0.02484779254458462
0.02281664119756419
0.02134942129188665
0.020177307204824937
0.019063567980859692
0.018003611492805268
0.016568551812907197
0.016244972930099057
0.016657636903351987
0.017899141117686434
0.018990273401327563
0.019855800851602684
0.02012284575699247
0.020180004417473762
0.020669281907315915
0.022463884677829473
0.024561349798394614
0.027063648969802498
0.029116719157405258
0.03188845212473022
0.034395047784576936
0.03594184418098048
0.0363650821238362
0.035634537451657955
0.033937121843198005
0.0320346836174383
0.03077416022369972
0.030670550150492887
0.030187043832994306
0.029427603993598925
0.029431752437845283
0.02929654200908459
0.02785517512151493
0.025376283425649522
0.022493122697420674
0.01974178788270997
0.017891726926326387
0.01710910365576563
0.017017203340821664
0.01721641346913617
0.01711060932061667
0.016642141744864728
0.016015649875134114
0.015910844868686606
0.016504617439238558
0.017869481447244474
0.020464847475366785
0.023666623742296666
0.02750019576960668
0.030798310613403684
0.03277883957862622
0.03322066391314018
0.03330430647184128
0.032179084260634754
0.032623967210682545
0.0341751950025645
0.03695375863258445
0.03797113597060409
0.03713780060021809
0.035025444700757184
0.032833096863520116
0.030563571352449803
0.029817548459265906
0.028850748652813115
0.02772913880920602
0.025381475512944538
0.021650744069709252
0.01823199557094787
0.01647516941285458
0.015408821804989568
0.0148341169815708
0.01395003893144248
0.014349771990767219
0.01575573802835017
0.017965191642932445
0.020211412681244927
0.02137613819040555
0.021385869634748842
0.021371477165700793
0.02194917548233799
0.023773785681012898
0.02596652654879459
0.028300073581978738
0.030217803333848752
0.032588615920522715
0.03470055607182693
0.03628890666302203
0.03657379235215911
0.03542415692757153
0.03326747778028058
0.031028977293100026
0.02931323369910937
0.02782091179363073
0.02620643612699987
0.025482070308306067
0.024734976460105713
0.023230101198715058
0.021294971957665155
0.019646915464376316
0.018239672220672732
0.017349713310885397
0.0167336192744577
0.016686495255107257
0.016547279625262187
0.016685515539225888
0.01663748792753898
0.016109143012068918
0.01642106075553269
0.016968931614307826
0.01869166197868455
0.02034038350197906
0.022676743438889566
0.024626871064277345
0.026187098341535785
0.027314095317450538
0.028477453374652677
0.02955104966339948
0.030636417029594857
0.030900380214640092
0.030917226128827136
0.030323801639430593
0.02979336812047756
0.029342597279428694
0.028524161571298917
0.028165883125384265
0.027206537017366073
0.02593957969123407
0.024511506490014223
0.021876039318425126
0.01960011608360027
0.01783885756735564
0.016934388642177688
0.016633800154256393
0.016694368390756623
0.016480007685888108
0.016658475788762946
0.016981616936110923
0.017430075292346647
0.017633943052836075
0.01771451890253524
0.017666516363656053
0.018308961339627144
0.01899470275556631
0.01961889808756493
0.02047339224592611
0.02180828040738939
0.023707113397980577
0.025740002717055253
0.027155963196626037
0.027763629398076622
0.027462517927795815
0.027696865222001474
0.02815093461394378
0.028776813695302394
0.02897163910490703
0.028081682011744567
0.026771833009449453
0.025571118219208534
0.02450552109088276
0.02431026028265079
0.024186546931361082
0.02331209618549948
0.02088879041906876
0.01868744435233509
0.017689911014188188
0.017809269342347698
0.017836866988509798
0.017303931584693885
0.016538600547193503
0.016445288951091035
0.01650101825459679
0.016685411268063447
0.0171174559738512
0.017614896191541333
0.018889588503250697
0.02062997736690902
0.02275950118408087
0.02488955773481884
0.026047211417555685
0.026399417905252177
0.027593104733395386
0.029588236088643808
0.03160320383015424
0.03205398072645718
0.029813037653796167
0.027663259547332907
0.027225066895168265
0.0275275141185587
0.02806840699641091
0.027589911586354172
0.026834598384779442
0.026247249756963777
0.024906122143273486
0.02331049576644329
0.020884167844364514
0.01833297092667203
0.016305203115774984
0.015454010926943509
0.016160185767984878
0.017707319365383032
0.018732563462915856
0.019311874626505483
0.01942337353786557
0.019105245858932186
0.0198518489509589
0.021410726068163154
0.02324919833286435
0.024274205042755393
0.024611462837694394
0.024526114474700073
0.024338229195052238
0.025137496867046787
0.02724384574845636
0.030143026259182054
0.03299367291576088
0.03419475179498791
0.03395965123599984
0.03286252440336421
0.03220505252498557
0.03239992274246724
0.03233534894755432
0.031165871259014436
0.028683145338244613
0.02579721021509598
0.023651861121182574
0.022409349790712903
0.021881557462068216
0.021042614651352338
0.020045657772002155
0.018763517974869543
0.017686797382447578
0.017236757305042115
0.016952479266597254
0.016982125962131167
0.01705968206870074
0.017198800648814003
0.018010076602562146
0.01982144483486267
0.022404793274352575
0.025765682802807933
0.028576772122615723
0.030814795672534
0.03157819772282905
0.03091244514575842
0.030993232022280815
0.03136787894432765
0.032851169175023655
0.03473373134271201
0.03601413108677461
0.03598449079416053
0.03495451933639883
0.03400612243361794
0.033096735684078615
0.03183556782636162
0.02971973420917375
0.026480292537058015
0.022671574992558903
0.0196178067669082
0.017529242336684688
0.017018719411179974
0.017237511879632395
0.01771077230736283
0.01821445317289445
0.018122141517055428
0.01751582417592834
0.01654167230625468
0.01569504558749599
0.01546822284369574
0.01630938988316913
0.017867429845809416
0.019871587876670285
0.021516256076080112
0.023097370025228457
0.025170165745180783
0.026827547913305317
0.028097868580915716
0.028994486595237325
0.029562855179970576
0.029913209693491823
0.029578666586801014
0.028724677724116642
0.027997703803846422
0.02775048556599611
0.028372968983324028
0.028894948864784678
0.02938898328872958
0.029364094242434295
0.028611946949149845
0.026831480847590516
0.023769487005615163
0.020833301167956515
0.01858395890434134
0.017360202305074623
0.017004114180043946
0.016139920090242805
0.01523214763539728
0.01501426601188847
0.01512969593468942
0.015457859574290266
0.016351759504780492
0.017283458713793044
0.018544066228321724
0.02015925004950666
0.021396119679265125
0.022553804164046135
0.0233319598025722
0.024083285011482887
0.024852431930086488
0.02545990780930631
0.025907285631372314
0.02669672946148941
0.027431720632240135
0.028201961431403445
0.028861719271435403
0.029242337357946596
0.02891907070016697
0.027044735324328738
0.02423952991239762
0.022182033527258786
0.020945787463774672
0.020655087521013544
0.020406802181016523
0.0194727133289663
0.018282319714642715
0.01723341736741247
0.016595472111597138
0.016188963154638258
0.01585185921313158
0.015426705183091404
0.015680412489587712
0.016116734672273928
0.01659724708462371
0.016990997342590547
0.017343287609256592
0.017846717080356882
0.01894077802824085
0.020715346023080134
0.022275559456703942
0.023287337050509043
0.023288075266107582
0.023309328705588443
0.023963786083092714
0.025616098275900088
0.026787701616927416
0.026867823635848446
0.02558777679000022
0.023609608875175752
0.02200383458863858
0.02143932271515024
0.021516713513734912
0.02221026194824695
0.02294915409597958
0.023400193305174052
0.02327324095102828
0.022067857497415654
0.020674472509839344
0.018737625809398945
0.01668083427733047
0.014900546266995475
0.013645207947305966
0.013345721799412172
0.013909169830995102
0.015352903895783638
0.01703650197425021
0.018376827639041807
0.01925858313034017
0.019386071865583995
0.019353519863871117
0.019647086017344786
0.020915968703533946
0.022544439467316244
0.023786258977121933
0.024974538151719072
0.026269608958642998
0.028041011719037223
0.029806977593266407
0.03136891550880199
0.031475050476158534
0.030620165512333587
0.028177484835338096
0.026314364414247837
0.025881395530989625
0.026391874771078704
0.025757058249431853
0.023800823871450896
0.0214530385386552
0.020116788579678923
0.019733891420618686
0.019712313506041374
0.020348683358951524
0.02051746846533682
0.019728421161613913
0.01763729504218004
0.015600198395725733
0.014161275196019302
0.014325135127251469
0.015746117347210358
0.018957108912234035
0.022638295465034527
0.02560657632696895
0.02714836945596718
0.0274627920590346
0.027269703579578055
0.02611837914423886
0.024805650206246612
0.023359144816680825
0.022799272651645535
