0.0
0.006005308211445067
0.01952829172234434
0.0332980027169674
0.04198048785667248
0.04721420108884495
0.0557824498070809
0.07149085540206007
0.08998655145316134
0.10511341082855435
0.11404106080485452
0.1204644443289104
0.12259310237183309
0.12255321321818986
0.12077547119192941
0.11708279396673976
0.10870882249622041
0.09616941452208101
0.08261859047049572
0.07069953392708268
0.06256501195992017
0.05709221384554189
0.053137090337551186
0.04914387473787741
0.045818553354706505
0.04411412198668764
0.044682922944335776
0.0492252693159201
0.05912618722676275
0.07200988738232432
0.0861039607251801
0.10008227183737402
0.1144468757002938
0.1243838401275368
0.12815192345366458
0.1267174180003133
0.1248121747832515
0.12194020464538177
0.11755113694699133
0.11271179790854623
0.10792987203973123
0.10466483926402649
0.10135893908743557
0.09749250156215379
0.08985480614981489
0.07973162731884105
0.06992079068989085
0.0633813808060567
0.0609811653654804
0.06253638788044931
0.06508985813514463
0.06658579697848148
0.06577491858555833
0.06544718336915582
0.06729963060655626
0.06874060660530049
0.06873600334254887
0.06896382232351353
0.06994121437658184
0.0708974132453677
0.07159210464591641
0.07500531331873912
0.08100144980424032
0.08649110515330578
0.08879551794831023
0.08454971619154994
0.07723421472671087
0.07050736363861462
0.06699209336292783
0.06768132018096286
0.0714126573874318
0.07678134744628241
0.08139758405903041
0.08298087995936844
0.08221389457638946
0.08088693879593449
0.08053777282822216
0.0816181380523192
0.08115265410966506
0.0816280443703651
0.081535980733559
0.08020934312508421
0.07558540369860828
0.0708085610696504
0.06697819223905215
0.06346295093047306
0.05910890926550398
0.05406381575378752
0.04996683011235181
0.04694942685905008
0.04477899074076393
0.0438132010737327
0.042735068758710755
0.043809111346834476
0.047890732685767025
0.051647617108316994
0.05513712954232313
0.06022615094743893
0.06899589262914695
0.07856572009771633
0.08878323633142245
0.09727739609552902
0.1026420699674646
0.10556905027575732
0.10770829368846725
0.10913460977271126
0.11001065058465039
0.10814683198446257
0.10537257214470547
0.10104776264105861
0.09314864591272075
0.08256341538405955
0.07088466578877194
0.06319503063133594
0.05905770116693421
0.057111085108398685
0.054743242935126224
0.05278741810762792
0.05118971579325278
0.05119088493315685
0.051819780966566135
0.051113105893073434
0.050205978723706385
0.04986392087341288
0.053446571708466756
0.060268614941911505
0.06646394872672715
0.06955705478914988
0.07078602135328077
0.07367121792269649
0.07687536291105368
0.079614104468084
0.08120468686684333
0.0798532539733672
0.07722760935561197
0.07482201760135893
0.07159944122421329
0.0671155537874121
0.06399727248432001
0.06289000119470563
0.06498168978286349
0.06621852947381297
0.06432041048409486
0.06179180966464469
0.06140685239139038
0.06253060516588771
0.06357965835549464
0.06357098795434109
0.06358306127574137
0.06301044044966224
0.06193091400723718
0.061923008940921585
0.06430128865479676
0.06700754711801715
0.06838446544412914
0.06701335742918435
0.0647098063587274
0.061849301287112815
0.05884512204548194
0.05746491124192904
0.05759587569296935
0.060139229205298884
0.0635028698744431
0.06653618356598247
0.06881971279449821
0.07052205160700008
0.07236775240505441
0.07589495306667209
0.08124004224351145
0.08659896491164132
0.0904705107629132
0.09023033812425399
0.08977757233834499
0.08834259298694401
0.08502414586943786
0.082366476078683
0.07943798157121476
0.07640444991711792
0.07227457733937818
0.06811607268177662
0.06390870269398266
0.058799345549126504
0.05328656799552474
0.049472425050397936
0.04852582807939937
0.049668067317224326
0.04969990514464186
0.05028597674052754
0.05268640695796059
0.054895212217925295
0.057594358085827885
0.060127047814399336
0.06372972006136837
0.06830686056140552
0.07320368609455866
0.07861731170822554
0.08192462175078197
0.08182794896172801
0.07775145702937283
0.07367795491443893
0.0707365930723623
0.06908096917056257
0.06816414536941795
0.06885309959459487
0.06791262764698335
0.0648458109856038
0.06111180244812388
0.056775764055517514
0.05201027890363948
0.04863681380373541
0.047701755363165614
0.049441532967066514
0.05224962880181334
0.05612608701538615
0.05929713383176172
0.06011699239601746
0.06032256483140487
0.059773313843312845
0.060613886562628505
0.0644964633345795
0.06980720571856959
0.07478919981637804
0.07824664706952521
0.08050086105074009
0.08163139781934736
0.08217924600924946
0.08447276061325912
0.08444089676714149
0.08142802407279638
0.07795243683056062
0.07806130567009456
0.08143207163345882
0.085210061619422
0.08596446221172821
0.08334715692593454
0.07984110144068914
0.07589749961813111
0.0721222746387567
0.06722602790175168
0.061786701816702545
0.057197732930278765
0.05646121359099785
0.058276277209529895
0.06116164794770489
0.06327257479064738
0.06418444752610822
0.06332421848042907
0.06249829403346502
0.06408806377804974
0.06546460557014498
0.06483156057632014
0.061462036780709134
0.05814941929765786
0.056019681644353087
0.056309844687533715
0.05974455406668303
0.06404858315668197
0.0683969831587502
0.07357396100786708
0.07803102309419813
0.08000496268525381
0.07967871553795972
0.07794916900960185
0.07780130768910556
0.07938127735842973
0.08171146288965322
0.0815004054045431
0.08214786627990456
0.082606092734977
0.08146399327401758
0.07866191685520792
0.07482775146622814
0.0702990139852138
0.06589452722609858
0.06275227644313824
0.059926352703510564
0.055416686821615845
0.048974084993967035
0.04380221559949373
0.043569704185254236
0.04627286335954334
0.04780962075839235
0.04910593467748518
0.05055146454046096
0.05488976394337378
0.06086622518334051
0.06516960731937875
0.06858061689840864
0.07201544727112663
0.07451197784348629
0.07585810570814017
0.07845276441067199
0.08296831558923341
0.0879376856423693
0.09241178826112711
0.09535446743282369
0.09595528335737903
0.09427992578808463
0.09154205067344254
0.08778678070856134
0.08568277582044945
0.08563679885629955
0.0863459875181993
0.08752998675006768
0.08869409980276885
0.09040527614249536
0.09188278446497333
0.09236385149117998
0.08896911551440632
0.08232305760864293
0.07374887891076334
0.06634824604798054
0.06125111515327161
0.05981801256900196
0.06087598896304441
0.06290679548986775
0.06671906362554224
0.06969759207755526
0.07036602222852525
0.0683939190942629
0.06628449302912841
0.06694558564775827
0.06919514069382947
0.07107921809958201
0.07271550493648606
0.07492932343573275
0.07694272127925723
0.07683244649765475
0.07652037161904851
0.07904922009644998
0.08164074487206964
0.0827993571439142
0.08293276379835608
0.08289526467387914
0.08265623609417729
0.08183372392432968
0.07928942052706515
0.07526137394494474
0.07121536135559564
0.0678018454944845
0.06597705794526033
0.06442718560642485
0.0645401695613242
0.06466662821749587
0.062089116947686096
0.05869553173052408
0.058703487269607085
0.06057415823064559
0.06306124309611585
0.06660700934646388
0.06801422926058644
0.06757456732755145
0.06656510589222885
0.06864701780901362
0.07164567874038774
0.07255056635095875
0.07302030659579889
0.07506405591167324
0.0774967138353607
0.07959949134701315
0.07952750889979213
0.07846778125429689
0.07770082788632066
0.07769882288077302
0.07588183168547392
0.07052721960295738
0.06493950865449108
0.06327431243255334
0.06551948233909519
0.0666500842365984
0.06535123408811189
0.06314998803504492
0.060209369743042994
0.059562591769677715
0.060757740159236115
0.06291913581395951
0.0637044116181247
0.06288592112887892
0.06117528628205814
0.061393317318412764
0.06358148271856157
0.06576016449153672
0.06682184163498242
0.06814002709601662
0.06772532403084892
0.06649822993070278
0.06378560313779745
0.06071125405448384
0.05775797909867836
0.055362181696689945
0.05351550963503438
0.05438055451393081
0.057960853033289905
0.0629239192401366
0.06570017826286152
0.06694556798065442
0.06566609682083666
0.06366544001891687
0.06365620342099278
0.06586957338031132
0.0666877294220118
0.06509127389458934
0.06324687385379577
0.06291425629690629
0.06401447455966135
0.06457677352066522
0.061018287791872475
0.05287698190992572
0.04453440357630852
0.041200885280817515
0.04120715217850569
0.042342648920680355
0.04469029797806061
0.04884354308144301
0.05330133841298453
0.058992900860985
0.06353708722361115
0.06524652808603085
0.06480298918968735
0.06446309617905568
0.06670624596327843
0.07011693773634343
0.07307536504080524
0.07629512347996122
0.0770503658621229
0.07508678750980742
0.07013996544532602
0.06445751855522239
0.060959423113963816
0.060168406716078024
0.06097088474045565
0.06161778450253635
0.06046374684656961
0.057719150886114096
0.05368520962114534
0.050476007200770424
0.0492961775039142
0.049032091667004465
0.048231939030523405
0.046861241077844715
0.04714647995127488
0.0475514820157952
0.04780868833059569
0.04820817446304644
0.05100624244100601
0.05644877798455006
0.06248688744851902
0.06667019687299588
0.0704210663767833
0.07212368777225586
0.07025865175624722
0.06444072565490146
0.05967095816173433
0.05767835142469549
0.05884009212505888
0.06279820037408738
0.06884909630078617
0.0731612909575663
0.07100138786389808
0.06421503959905774
0.058406174878509826
0.05755720440457608
0.059990415571535664
0.06301638934830836
0.06248062134385305
0.060166311639019546
0.05822732314932052
0.056508650386619064
0.05549980628122261
0.05440957190730435
0.053361228759365505
0.05149030434648931
0.04884855684797207
0.04846165999007338
0.04689378603140516
0.04462978514521257
0.045201996740602594
0.04967757223682827
0.055343711027679016
0.059446833889767785
0.06113492381679032
0.060567916997272854
0.0584305561948574
0.05863471674343172
0.06192758108631854
0.06626716084649258
0.06866371714549457
0.06966774445858731
0.06998713969900903
0.07211859286544964
0.0742600328468807
0.07462239753660266
0.07382500724853568
0.07336924930015706
0.07233549408261718
0.06905826481984266
0.06624584523449388
0.06469311406309566
0.0637795571616934
0.0606869519266217
0.05754868793520905
0.055645419625175135
0.05162549872775752
0.04713296123616163
0.04294643127998993
0.04258543516964481
0.044489583742277336
0.04828992905078708
0.0521745346887598
0.05467401233537736
0.056032308150414795
0.05480239148372428
0.05271530973655244
0.05396605666488986
0.05919487274666483
0.0646736096575396
0.0692456185222979
0.07142372184992361
0.07190397243132819
0.07123923179344607
0.07103626348168574
0.06854840557725607
0.06459250382305902
0.06223885300905685
0.06046626528929557
0.05797457613807892
0.05407413651508706
0.052405082883136986
0.05229555217529414
0.05161997717565242
0.051341882455263825
0.05286862781100556
0.05561934543080365
0.05933372780157329
0.06323445280513652
0.06569093061793986
0.06737786918259542
0.06908053577087736
0.0700374557324978
0.06967051122112265
0.06817891640776082
0.06411198047242878
0.06059719171462456
0.05694690597068416
0.05457181183932985
0.05558283810090745
0.060754834735188785
0.06405545209687998
0.06510600874400328
0.06399788095736626
0.06293737183853491
0.06160672701465324
0.060920674319260834
0.06230771133687375
0.06520777493220442
0.06762844551868362
0.0688488038623326
0.06966227849192645
0.07146421981814366
0.07315845617737565
0.07365975338616564
0.0719693123486816
0.06940519350417591
0.06496456417778612
0.05865114726444393
0.052866673425955336
0.04984422167368243
0.04998510738818454
0.050737182321144055
0.05216856008451912
0.05465953303218894
0.05609934324733676
0.05745369962072473
0.05809700923165574
0.058170885875185624
0.05806529157546892
0.05567907073925308
0.05246965633555775
0.05227133795267257
0.05490745940236151
0.06091670113410658
0.06820077971998419
0.07235236874579068
0.07317040711189003
0.07044663991228478
0.0662161211902633
0.06167556683165127
0.05785935323602877
0.05563922085861263
0.054755279874806016
0.05370467963205704
0.051530391791338594
0.05047237951743432
0.05119703354838522
0.052511396624922664
0.05332528112080202
0.05399054830346787
0.05288210693032627
0.05005190167751159
0.0459833887050571
0.042621310676316415
0.042510880634683876
0.04596037438562206
0.05118925578735499
0.05803080808364752
0.06283058337110935
0.06463455663759664
0.06352800632475672
0.06062200515959149
0.05875505789218105
0.0581496976882531
0.0588299645939545
0.06006106881914814
0.06086795846259662
0.06093317193383676
0.060512244726225205
0.061421373448310314
0.0648052696694805
0.06759853859132338
0.0702165655585785
0.06990116375277669
0.06575636256754072
0.06074426918221254
0.05685638124245094
0.05701370505560221
0.060306256268560635
0.061526558677083884
0.0590975405297349
0.054456476031898446
0.05142456519554844
0.05056046184109838
0.04997081590514745
0.04943394431016864
0.04876512913768879
0.048403895069098146
0.0473796871693542
0.04931974720643948
0.05157278187024251
0.052031493037429585
0.048738230177933294
0.04642477622167925
0.0464924572354943
0.04976687153820586
0.055645658392494274
0.06182345010832718
0.06753709141248312
0.07136034113057807
0.07099089507048426
0.06642264447253754
0.05951047707255374
0.053949402376553504
0.05047168458815057
0.049838293077825106
0.0518352098051387
0.05491010247042445
0.05582659312296573
0.054321624553628566
0.05248641302389222
0.05120592033689368
0.05034878015598128
0.04872357697626099
0.0470295406445019
0.04637105635213452
0.04556283225336656
0.046874447927000136
0.05049602785976108
0.05372866172938114
0.05530050943360134
0.054434693190675516
0.05293314942368179
0.05111736959151048
0.04929730998220789
0.04904650157165194
0.0516956320866525
0.05523834867937005
0.05766180852672028
0.05886843614639955
0.058571611691720524
0.058841696039010925
0.059593501785426516
0.06043724082230285
0.06123572933016921
0.0611528087859101
0.060393682750523
0.059089696088909356
0.058597907948289896
0.060957658514679804
0.06231775266080369
0.05961031144382708
0.05599996178403776
0.05341985644930408
0.05161782256643077
0.0501372362539425
0.049229611634734154
0.04918907730112341
0.05010432510918703
0.05209797306795301
0.05270751090617746
0.053392730181209755
0.0520918870598314
0.05096970298623273
0.0517550693636144
0.052527190922395085
0.050554185425885884
0.046564055656475145
0.04544004877731053
0.04855651748524959
0.05272707091232676
0.05415041972806835
0.051510318189600446
0.04851247449072382
0.04742482764067377
0.04736732026307759
0.04741807396347185
0.04803995449703405
0.049909891905439305
0.053873455291068774
0.059018183105595916
0.0606408796897406
0.05780420192558883
0.05169343690717997
0.04615945359359014
0.04424456846899952
0.046393703072854404
0.0481212338130089
0.04593556429692163
0.042081706051253664
0.04325422664338843
0.047128185023430184
0.05110574050824744
0.05255247664477319
0.05274625231077136
0.05266333149303011
0.05313957453074029
0.05380700692241486
0.052759267517411466
0.05015519712618652
0.0485796951746665
0.050504630501636436
0.054701912012416455
0.058808879830630705
0.06091505275009938
0.06079769044782908
0.057577483331792446
0.052431882150347525
0.04761527170269123
0.04444066483057859
0.04412504092297355
0.04533529868527416
0.045856264972116395
0.04524820107257945
0.0454615802637404
0.0473836956763816
0.04968676821150447
0.05094556619420343
0.0493602055501838
0.047386792694330035
0.047298750488669696
0.0471902236567098
0.04842054715645849
0.05001199825795388
0.052075840075669476
0.05396182658602749
0.054759324066410854
0.055155662255755446
0.05551236614001033
0.056718216777515214
0.05721584556502186
0.05680492348053139
0.05530812043419978
0.05369036876010258
0.05447607737649582
0.05783366998053159
0.06337412968291883
0.06441759182087539
0.061333006917389486
0.05713974972113049
0.054831750341787736
0.055651205086094155
0.05819358702616528
0.059908651876205844
0.06043120180142606
0.06064575017533315
0.06025035593026699
0.0579377811160304
0.05493128512147791
0.05241630480653135
0.051500332488717375
0.051707308635478615
0.051766915480159284
0.05205013258023056
0.052911845800622664
0.05362720028611893
0.05491022628553952
0.05514314661080956
0.053281791100234434
0.04958466763377278
0.04802024585712077
0.0482577405704034
0.05121667908597616
0.05644775529513132
0.05942402491451486
0.05873468756622286
0.05406608437962606
0.04981270886420758
0.04905478192468305
0.050177537509998454
0.05208191450907746
0.054345882511150835
0.05604611711243565
0.05716243403186432
0.05802498053620061
0.05731423880947023
0.05504071040278481
0.052261243416205444
0.05134844485432102
0.05280230764290218
0.05479385565681415
0.05826888752205063
0.06073478307510059
0.06277241817820864
0.06519504512986794
0.06651067724230462
0.0660449719819612
0.06399086247976016
0.06238107107297053
0.062432778813528815
0.06206853456701328
0.06030982736192955
0.05808114583519485
0.05736278384617923
0.05775190780151682
0.05853200913037362
0.061157749194119405
0.06407260651003255
0.06441961195911054
0.062436482555176503
0.05755349200770938
0.05162340111754209
0.04868070018790823
0.05050008772426069
0.053445390045620586
0.05472137438927097
0.055299164221950206
0.05695895109655295
0.05890633262523003
0.06001858634012657
0.05947116775468007
0.05757174927533035
0.05465864935455019
0.052564836357700664
0.05176412607615357
0.05334883595881342
0.056137466773039865
0.05829727164995421
0.06017844045664881
0.06090105688841566
0.06045755300106989
0.059402767290287
0.05818859814494986
0.05614244945651276
0.05471837446962173
0.05240187949377953
0.048833838970658065
0.04716824169418549
0.04800549391215415
0.050209823083634045
0.052517845823711884
0.05489142141635917
0.05622950272547393
0.0575799308311719
0.05808978190700164
0.055678694319531666
0.05008655599544054
0.04636014160971203
0.04815987617723194
0.053290992023504874
0.057102624885223184
0.056830149899347156
0.053565187169971426
0.05129875077162889
0.05103751456525135
0.04900583398536101
0.046808668045102676
0.0471747100726738
0.0499683825665285
0.054550853623216454
0.05916223642413078
0.0604229037754712
0.058936101684254415
0.057574493064627925
0.0576240656615852
0.05986259437233503
0.06255005298333179
0.06466417780934826
0.06427152646965294
0.06108053879163602
0.057438926602807534
0.05391194661506344
0.05172510261681969
0.05054996304685069
0.0488310969451811
0.046284447934435306
0.044271439761171774
0.04422267868341542
0.04666974294667471
0.04975376015614207
0.05223185183956952
0.05352024664197988
0.05224131591236486
0.050468263229416374
0.0508051917924979
0.05207379384737431
0.05331279172796106
0.05324339114432143
0.05287654007572884
0.05313348091971312
0.05525992962841832
0.057558919752099195
0.05900782167157414
0.0585477105765429
0.05481346316012181
0.05135937050055369
0.0493914315001842
0.050188019083916686
0.052800550516502655
0.055577192675248084
0.05562929157091825
0.05420671248238617
0.053490074927182565
0.05334229904151937
0.053824186180635156
0.0540944616323941
0.0530270941515137
0.053290862676387746
0.055173483857257136
0.05686481745363595
0.05705247426310226
0.056180402128940744
0.05631588837618921
0.05743352501324496
0.06111584387412429
0.06410893035018828
0.06599563572731956
0.06700442131438956
0.06932730301634658
0.07096082674527028
0.07110886918553354
0.07054135551256523
0.07045757672126413
0.06963371018315698
0.06716572383645335
0.0640363179218507
0.06141154629121736
0.06019857328277563
0.061069894397544476
0.061050259638446486
0.05931640906752368
0.05513812594848596
0.05061463362924217
0.04720137388296045
0.04549319540485092
0.048080584847488776
0.050915825178136004
0.051170026544600324
0.04887844426911938
0.047755378227816954
0.04983015014214981
0.05317919157807116
0.0536200450891302
0.05161158673396712
0.050692459289131395
0.052325236917381716
0.056375713155686
0.060645880562417334
0.0646776648430395
0.06729229891102496
0.06827306007745584
0.06668865575717998
0.06527162866374984
0.06522436999699716
0.0658593678345441
0.06530762987745556
0.06413360323827721
0.06561672264502845
0.06800005123208533
0.06964728182574663
0.06939520812510538
0.06649160323056483
0.0633587794991301
0.061753203115105085
0.06237922469559395
0.06279781941914056
0.05964597914728312
0.05683028387554237
0.056375392947719136
0.05807459082109414
0.059535290866043394
0.059347183633011086
0.058651573040515805
0.05680066990289805
0.054224374857619065
0.051045233085918164
0.05024381851788793
0.052623429980965156
0.05768457276667912
0.06420273290208878
0.06938176044986566
0.07204476975597258
0.0735875361150354
0.0758663080042066
0.07991517278820087
0.08370308561786305
0.08565937909926492
0.08516434120836507
0.08487979809185146
0.08411294573236568
0.08397354200041103
0.08229332992133774
0.0790533981135088
0.07552142473155377
0.07357481795365688
0.07122766027980673
0.06692786099586229
0.06400476465968848
0.06503238669318832
0.0681104102259462
0.06915956457715795
0.0677683932199277
0.06706243860410765
0.06590846503970216
0.0649830941433432
0.06399062704536601
0.06300100841089297
0.06069376382217741
0.06015956339766153
0.060746752557684525
0.0613607720627929
0.061298005941507805
0.06192950960987451
0.06501113849978689
0.06993487049560833
0.07395216421371197
0.07516669516517066
0.07238949513813858
0.06651217693023644
0.06090946782377114
0.0603181748436788
0.06299884705334151
0.06677152946500924
0.06705481294290916
0.06565830064940109
0.06509791109041208
0.06531162579218804
0.06470636362606262
0.06248646145211014
0.05918595437988549
0.055363439637913306
0.05347366819460409
0.05568715761838901
0.059412342085133754
0.06194902695993522
0.06271818619245448
0.06317944901855894
0.06474838433416542
0.06555503949429246
0.0640766137524217
0.06331168821572682
0.0655932469527225
0.06898362967344115
0.0705186360194691
0.07002778924260912
0.06909867281102908
0.07103206787616963
0.07393331759344098
0.0776963304828462
0.07864601149082603
0.07497969021472288
0.06870305664830145
0.06309221392485055
0.059358662366404226
0.05754766340660743
0.05700161574945506
0.05689817393106827
0.05642004548491178
0.05544280976603283
0.053501503483579786
0.05058478896746883
0.04843321230385031
0.048283300452238054
0.05044196089998078
0.05155724479578474
0.052505404103783064
0.054557317154726864
0.05541977163914549
0.05402596273798335
0.053319243824333715
0.05642401100159331
0.06093543510407651
0.06471320044906825
0.06806013801566221
0.06980768743622781
0.07093950049627537
0.07185561191808781
0.07385884217970545
0.07481321669152673
0.07502668709453598
0.073856013176241
0.07164361659528048
0.06723659279870937
0.06151868602356111
0.05632335077068342
0.05372265734019336
0.05346312098478926
0.052378237012319466
0.04984003448040264
0.0480045860206952
0.04943882860652885
0.05388434697444512
0.060325466639306435
0.06686791997725225
0.0694327390053471
0.06755877082895802
0.06507982676421468
0.0633990776602137
0.06316583271286197
0.06256225996138721
0.0599469485287955
0.05847187163211242
0.057827819774776607
0.057764397940985056
0.05792703634676166
0.05852968189039296
0.059199744798195855
0.0602788481777693
0.06312772818186228
0.0654928428911162
0.06585838388384432
0.06432068151524306
0.06329659913341909
0.06114810930794773
0.058366937934513176
0.057766498228482385
0.0586695252116909
0.0584212062045822
0.0575218639918812
0.05702522317818204
0.05670753259602437
0.05392141944370483
0.04951332982926306
0.04693684417108637
0.046594879084549255
0.05017259737129642
0.05669837922576176
0.0629364016935443
0.06720944536967487
0.06735133247296735
0.06524765153211376
0.06424778827578533
0.06446854046672598
0.06412294501369693
0.06175816262513631
0.05801587447376042
0.05616734854378603
0.055573599020748626
0.055663162796536984
0.05546898164419252
0.05451737359608102
0.051779650354864766
0.04828366667341093
0.045389179208066795
0.04241953526306569
0.039492507302380075
0.0379985245859836
0.038375589963580405
0.039197374115496196
0.04020311453510113
0.04111829798665572
0.04381582363293171
0.04808117324735854
0.05355938713529975
0.060000359896756096
0.06671987420124671
0.0716272471619187
0.0725311830338411
0.06830168870615091
0.06296081659560061
0.05827899965350292
0.05549742621794154
0.05286068673028278
0.05024069909264932
0.04790953928211353
0.04756856284453548
0.04809078126857075
0.050950768047534185
0.053380099238247714
0.05351112690340582
0.05143759249026358
0.048337456655649945
0.045487822542003536
0.04469304948334298
0.045955039404198775
0.04826892463092172
0.05253459658295991
0.05861254050473568
0.06387332847489466
0.06333493486476828
0.058128759796135784
0.050720745026396216
0.044926814794373146
0.043338032546474545
0.04610737939522471
0.05124716411363825
0.054947727293063436
0.05699099870037645
0.05716932206766749
0.05742665910196221
0.058047964357872406
0.05723562621801091
0.057223925862523596
0.060401554703004616
0.06529695672355201
0.0690420285004535
0.06937096425306832
0.06801339316197046
0.06566390185124213
0.06104756262114324
0.05627768989618257
0.0532025879646075
0.05250482459980289
0.05204528723917277
0.04972330789228807
0.046672689385880026
0.043917007451395346
0.041191319455629115
0.03950193742521923
0.03898942570430543
0.04037486188669509
0.04223974394879601
0.04296984863137205
0.04429993869248637
0.04666718524000409
0.049253096759296185
0.052393973102807634
0.056489707872090615
0.061006208662082194
0.0648757502122396
0.0675182427207919
0.06990683397731713
0.06867940144151806
0.06612701411564535
0.06273788608501134
0.05985763243218103
0.05844739957279202
0.05824563604447044
0.05619731827151944
0.05361961898380183
0.05017959942224729
0.04615286730616984
0.04321544167242824
0.040514582722108096
0.03912494074513653
0.039545458495447494
0.04081161953554983
0.04300272842812849
0.04576610363406038
0.04902514570672749
0.05308079495345381
0.05765081102732671
0.061338912384691316
0.06392838084892682
0.06467850807598076
0.06371361400444844
0.06077082530904373
0.056928598572356985
0.05646636585590534
0.058677399821114744
0.06120528769754877
0.06341919207668482
0.06448636060636935
0.06320888407441007
0.06014058026731833
0.05746489976876575
0.05713409584397604
0.05716842357513819
0.05715026615515947
0.05445569829391842
0.05094177687831667
0.04777690755418703
0.04598602953734455
0.046921273292839315
0.048704720257705475
0.050308257959801636
0.05170428428152968
0.05456364448429356
0.05760859680154834
0.05860442040206487
0.0560843993981446
0.052191728946685674
0.04933567115897609
0.049252745406869344
0.05164846942704773
0.05361538576163756
0.05273017176969397
0.049449828367508976
0.04677350296493595
0.04591928736007311
0.048238492921288054
0.05186865308118341
0.053649489830526226
0.05387250325151427
0.05353956611747627
0.05496746574168632
0.05774470259506674
0.05963686294368472
0.05889899876562274
0.057007341658846786
0.0563083932082325
0.056856556854323496
0.05627639440018899
0.05501544108765394
0.05513278744088618
0.056697870020192935
0.058828118027128506
0.05859803677395757
0.05541612712400872
0.050989106339951414
0.0473269500540283
0.0452395776133513
0.0445357100527707
0.045002773853929236
0.04544468223725684
0.04608524630513443
0.047073601415833596
0.05009611104112954
0.05409755736237064
0.05702435072921375
0.057538899536789576
0.05592103080085176
0.05183155199316951
0.04777877889384187
0.046317227981102674
0.04682818561335161
0.046836478366701316
0.047344228804143
0.04717759375711352
0.046127572382918605
0.04440771183906983
0.04280402880500663
0.04172410675340523
0.04097837429687025
0.04052370563221328
0.04120608343393984
0.0430484230646599
0.045900025251127005
0.04870016939982094
0.04978893294688243
0.05079061800048571
0.05187823491203977
0.05207750231732238
0.05133983653813062
0.050057395848779135
0.051421395837487976
0.05405443664816789
0.056238925103418304
0.05642144490820008
0.05870505130648206
0.061917364388399024
0.0640792728668185
0.06430662472016026
0.06293124588794198
0.061354649137549754
0.06032102814306107
0.058674041881558905
0.056788029722198534
0.05546768608823089
0.05408758649269576
0.051658254062310206
0.04915471503029796
0.04622663939384749
0.04409793900745122
0.043752339998320844
0.04570833123811868
0.04788066435688237
0.04958857455128874
0.050608138864778045
0.04989413522916413
0.0493717229306372
0.05030353485430029
0.054088048563665246
0.05626256968108188
0.05689817764401467
0.057067405522083954
0.0560746463333394
0.05290771770827413
0.048795841659924635
0.04745715360283787
0.0492639503643242
0.051721383004565406
0.05372784311363528
0.05390443305481554
0.053430045653825135
0.0527934939178129
0.0525975246198098
0.051281373889587034
0.04998234762880635
0.04826336583801751
0.047565832808823864
0.04935659654369913
0.05206445816415117
0.05327738970676181
0.05355971038380474
0.054919486316733664
0.054384752893659474
0.05125711983151836
0.049963086020620336
0.051111140351744945
0.05109712985690943
0.047781754202381
0.04317756515650608
0.03999668109031973
0.03892922915290874
0.03933939286691481
0.042077859308643044
0.04528536226560946
0.04714265817774021
0.04480935287753249
0.04031707208629436
0.03858678464266029
0.04144382122115546
0.04779665094542171
0.054283153796750284
0.05796010880135326
0.05889753948782347
0.05854562888376875
0.05695264719759926
0.05597520379508445
0.05534367859708054
0.05357339969054547
0.05016172182271465
0.04732708492111427
0.04633587726595217
0.04742027725544556
0.04803172648223779
0.0485301527212378
0.04999790763795309
0.0505826862373172
0.04957138468482923
0.04708689719643804
0.04501293070703973
0.04548443195870917
0.048888563248923954
0.05167036295517336
0.05228869498356493
0.05106220887184476
0.04635512394107349
0.04351514992628662
0.043943358580770704
0.04677272389801247
0.04932673763202423
0.05044138052207701
0.051175237232243494
0.05265655744517182
0.05317216546469876
0.050240388333358914
0.046607514628183085
0.04386006550265375
0.04309845709788622
0.04418177729303148
0.0474133676163388
0.05112617382934565
0.0549475097129021
0.05644860776379335
0.0564200530794094
0.05697455869851902
0.05606135708271637
0.05630923611963249
0.058024315652381246
0.05978775431825479
0.06198294331880398
0.06450429019391794
0.0642008740431162
0.06227644181013213
0.05940404580375356
0.05534594189385237
0.05186396055519822
0.04898332101826714
0.04838401957014527
0.05030709506827692
0.0536308836438267
0.055997973653980265
0.05502351260691078
0.05248947707362756
0.050465144719084774
0.051522553609069585
0.05351825099301899
0.0549300579592199
0.05507558426828229
0.054631091376101705
0.05294949569062106
0.053096604110766096
0.05587937525214015
0.05862377748882875
0.058881925696822324
0.05723537672956653
0.0545034689694351
0.05180547477822871
0.04824113333608608
0.04576805049603931
0.04343128532246194
0.04261156934375355
0.04341911981298356
0.044119100051618496
0.04446287907200885
0.0455400415599473
0.04910853008700526
0.05536694638339379
0.0632494162493161
0.06906056851166922
0.07135032167443547
0.07050954697750463
0.06767474877157914
0.06480596788808779
0.06487264158713615
0.06464084819720248
0.06369429091518782
0.06251018127921674
0.06026561657481951
0.05832601714221064
0.05713263049911275
0.05728561382906302
0.055686643344974564
0.052430190400403344
0.04930938412651017
0.047460239849292755
0.04794362625866637
0.04761312993193411
0.046955234032841665
0.04927048199801258
0.054693852640071955
0.0592684358794118
0.061593054584468086
0.06390735724360863
0.06689598207949841
0.07098053452080011
0.0754922284003927
0.08051412062288389
0.08484078692714964
0.08604265062936481
0.08448994549023307
0.0801834454665936
0.07482740197105606
0.06742506225319751
0.05917615678310869
0.05091950964647995
0.04540045914904692
0.04367112399726744
0.04683458347983397
0.0504721534440469
0.05292341592973721
0.05325264273642375
0.051749168405024616
0.049063301508979834
0.04840608848497691
0.051616363554784446
0.05408851130155289
0.053331608069377576
0.05462175708123487
0.05749615102136843
0.05999621271308134
0.06218891363942475
0.06111629647383733
0.05844939481282768
0.05549013261474501
0.05321018433065421
0.05224352303382534
0.05199348023984699
0.05235546097536092
0.053571532072901835
0.053905375873882055
0.05333097988235795
0.053353553307579904
0.05442420668491211
0.05506903764342966
0.055295073289575114
0.055701927101321096
0.05567893493023272
0.05531180787884492
0.05521267406676525
0.0562390255879883
0.05789455039918553
0.0597491105679272
0.060129748294040865
0.06110688563421779
0.06285889099922375
0.06573623087072918
0.06779595251027289
0.06888117720484428
0.06798324863582444
0.06414193119697208
0.05764163448916153
0.05127792082568453
0.04762495360570899
0.048167654615092044
0.049929849771336014
0.051938761148242495
0.05282924240924494
0.05425847793014706
0.05793627550197502
0.06231468939157513
0.06554571826546081
0.06614944744345992
0.06559184415621823
0.061810919101074044
0.058158660167153535
0.0528871515594644
0.048583619589672646
0.0474210736762143
0.04907274301251606
0.0510316608200445
0.05146025261790202
0.04962450245281313
0.04712704869750745
0.04414890954367729
0.04270993681534768
0.04313649451042534
0.04416473753836247
0.0455264932546367
0.04699236918638434
0.04903818156478369
0.05237055223665777
0.05690469496948936
0.06316967813456427
0.06725778946133061
0.06646408428237947
0.06230582782842805
0.05866673117671427
0.05799796679579239
0.058892205856085386
0.05719014712275852
0.05573893598699793
0.05650153093482701
0.057297269845804556
0.05629801433777684
0.053664954569871116
0.050792154760789944
0.05054777004446578
0.05088621773500092
0.051833292995327906
0.0531374333178667
0.053568949286195676
0.05173605126764085
0.050712947636862134
0.05103100365567553
0.05310308967404897
0.055072924483158286
0.05744999609775721
0.05983890713708546
0.06078957427920602
0.06048599531569176
0.05899639097329437
0.05801128953174562
0.05769853052303223
0.05668452945615426
0.05469492205140215
0.05186582456122305
0.047561537327529095
0.04325194210806224
0.04112743817035354
0.04273372230512956
0.04791477777940001
0.05327520733399733
0.056596081777854204
0.05796435249140418
0.05742968780450025
0.057619674932509427
0.05678700931486548
0.05568630108203823
0.052991078817784046
0.05062981994423978
0.051206821493345225
0.05269601115181713
0.05299348522593259
0.051973407783773906
0.05134369518414265
0.05225196250817803
0.05347702901928178
0.05405839769236554
0.05331641138854989
0.052138029539426825
0.05195856324934856
0.05151631735419259
0.05159194364071754
0.05178300808704646
0.05288933424293196
0.05398774192531584
0.053256705699140545
0.052633546416787934
0.05226839802599774
0.05291677605284888
0.053466858855738424
0.05290654693773557
0.052213367286618566
0.05223147441282862
0.05341266046079935
0.0550106913789882
0.055877354711320736
0.056830865709281024
0.057030536020744815
0.05615278208563307
0.05552022032597954
0.05603787394149694
0.05648989095656228
0.05580753294819411
0.054905249542245356
0.05413172605642107
0.05493769520944026
0.0557160019360774
0.056337315507099535
0.056483150804862485
0.05623852371138505
0.057096291538148304
0.059576646575555905
0.06195757947129157
0.062293668389353865
0.06348985982020817
0.06627250191037064
0.06759407873469302
0.06703148039472435
0.06572015399266143
0.06404532346470418
0.061567692647187235
0.05893772401133125
0.055135181347824094
0.05078337233742337
0.04694907030375371
0.04277579624009282
0.03990833005534927
0.040512932029465314
0.0425301395901429
0.04399997270059397
0.04437377457789154
0.045159475114467315
0.04667011514662017
0.05032019653834474
0.054749849317659145
0.05844249014026236
0.059393950932683584
0.058697297446767785
0.057296050846463276
0.057972234674945236
0.05959832226959905
0.061668639588961675
0.0640712983676108
0.06574501859814713
0.06682114835385436
0.06610793282675549
0.06430777841366088
0.062496058954881785
0.06055180464895633
0.057180236269349274
0.053905100560661424
0.052210265239958135
0.052364226625709706
0.05420627286949957
0.05464363987040002
0.05340534685094278
0.052009703600919804
0.050401524052608844
0.052283361262903165
0.05477991350439668
0.05494911018335321
0.05490985840619175
0.053535190034081005
0.05147199013110517
0.049455365991660775
0.04764890727027672
0.04745081816930624
0.04849875820734496
0.05231307040952766
0.05609049112725913
0.056924276405617084
0.055670161557081405
0.052263532336193755
0.04792371730567875
0.04460757800698967
0.043084646128094865
0.04371271679566138
0.04731045998066487
0.0516214832292487
0.05590301863356353
0.06005261394418896
0.06184436419005585
0.060591261532560975
0.05852242924976412
0.05786983388418813
0.057784689767540226
0.05729719192207285
0.055149951509637245
0.05141649745374694
0.0466952755053261
0.04198435859229443
0.03851760582194398
0.03851868234482136
0.042430311847858296
0.0470275730983641
0.04958106368405158
0.049514505457942705
0.048770465874962615
0.0500522920640772
0.0528113083196949
0.05520325320433458
0.057087008499628986
0.05773724712208543
0.05867469140431442
0.06076234579482086
0.06385167496579848
0.06524191961736409
0.06486225085209772
0.06216208462404454
0.05880889698004117
0.05456097299777409
0.051737243147628065
0.05234310146408191
0.055709020549888494
0.05936719931878222
0.061004559597778535
0.06052547765232567
0.059245463595464815
0.05670737423264598
0.053763826380158176
0.051498189180411
0.050249336980948335
0.04866529363999876
0.04814919511404935
0.049976413410241824
0.05367400775675413
0.05909746340107629
0.0633296764690095
0.06416800433525909
0.0620686957401703
0.05799241350473273
0.05388741457517324
0.05124187741380292
0.049911123916141324
0.049283249635066056
0.04970300856044194
0.050416172782303884
0.050718629051394536
0.05133887688525716
0.05250742375157878
0.053395983095516186
0.05321634570505524
0.05155206410600139
0.05147861668999533
0.05307292341614198
0.05610300379388713
0.058863657120542305
0.06238383590745817
0.0664592816820176
0.06888875331074988
0.06702107041916801
0.061782941674220354
0.054893366553476944
0.04895965455752472
0.04516491842253664
0.04360086950976772
0.04433906292281094
0.04586400140356307
0.04749327844030397
0.04917338101984679
0.05204945454274534
0.055846019095792836
0.0600774341430376
0.06479099059770925
0.06820706814351186
0.0675442298534499
0.061897661533535334
0.05830340209162061
0.05969658551817881
0.06177820051201082
0.06072274656992177
0.05639169578498731
0.05204455422127085
0.04992824631715287
0.049772420011283805
0.049499569967539694
0.048636571634090735
0.04585938771330088
0.042885919302065534
0.0406396162440794
0.03896868702672316
0.03945211702795973
0.04268331834936594
0.04740508985355009
0.05309007931581401
0.059640895823700316
0.06650930400102706
0.07063874490484164
0.07107697087000751
0.06706740099066515
0.06356629857277202
0.06112919496241347
0.060634782921986534
0.06254306391375018
0.06448073970043318
0.06313907624380394
0.05925673547444449
0.055129160363033676
0.05242712402121242
0.0501005882829013
0.048092048965849434
0.04690984085864722
0.045396563904050065
0.044237000852047875
0.045090927829483506
0.04751911770772326
0.05110954059147517
0.05692617929986482
0.061770181705793833
0.06468380789919254
0.06198051432912883
0.05854676780005833
0.05625753235324421
0.05596185415614018
0.0548096873528876
0.05208334714833621
0.04909677874114052
0.04842699395779453
0.05057522340745759
0.051891182426230864
0.0516789859117792
0.05060232683212247
0.049592018948527695
0.049985933534163925
0.05215447731709978
0.057222630081021734
0.06376913122279773
0.06916159421850022
0.0728411679839887
0.07393365634793236
0.0751832893853023
0.07363090379461351
0.07158529284716468
0.06686625665028881
0.05975741726383514
0.05261133249427729
0.04966576363158178
0.05189939816373421
0.05630820791264464
0.060526700665869744
0.062096680080249364
0.06136198775296505
0.05854585708069097
0.055019565582026746
0.05079126755474579
0.0489156562232842
0.05080159373676173
0.05538079348788883
0.058357686792200894
0.058598575855630095
0.05789019518549617
0.058220868869267334
0.06069780581388029
0.06181803415795894
0.06095903237348298
0.05845309847762421
0.05602016271654612
0.05529890112218493
0.05361343687353969
0.05120441714396187
0.05035911290838196
0.05112199552659534
0.052461067711049116
0.0521462193447793
0.050962126306212885
0.05031643776053174
0.05063506503709447
0.05121527830603816
0.052939383551636195
0.05570948016859936
0.05823420977313677
0.06021614756912966
0.061869802188281954
0.06453714372888117
0.06844334461870054
0.06974452229725249
0.06914135624867918
0.06623287183990399
0.06169299450456918
0.059280636619331604
0.05978184867243421
0.06010527663445358
0.05777376869984661
0.053566419367870655
0.05051995326386795
0.05021645183584354
0.0536395268640531
0.057608546954524095
0.05962558671250214
0.05798752454054177
0.056504498789461635
0.05567298640558531
0.05509025651518169
0.05408570043233312
0.055092236383982786
0.05761108817797203
0.060949410102844166
0.06546119831825441
0.06800640689457131
0.06722294767447813
0.06282497453207621
0.05848375677864839
0.05681607730380695
0.057897067556848245
0.06004129481765678
0.06011164476008152
0.058709180115525714
0.05618755226117145
0.052258629909997606
0.04928794150129382
0.046196121918153574
0.045135021706250195
0.04590903577524474
0.04777709602876771
0.049756436020363656
0.050697560509973705
0.05059140803315071
0.050637976386213375
0.05147416491661942
0.05313466861772989
0.054484740834569806
0.05366357059299982
0.05151997507888867
0.049731730329744456
0.05063625090691506
0.053665715273009514
0.05722902666112942
0.05608791499654979
0.05217078494387011
0.048045780686006956
0.045616389621747064
0.044764943122831524
0.04535678109990563
0.04673171204347341
0.04656906975195627
0.04540969651228073
0.04421607600259949
0.04302059415591612
0.043554849521081074
0.046634922044385595
0.05192536405659021
0.05648955311525542
0.05779507711042802
0.05705098099253667
0.055914185247547515
0.053823032817648414
0.05134740274214207
0.04753688639925562
0.044081609500050134
0.04197343932942626
0.04240289223959054
0.04574108704920627
0.0485531999003036
0.05039349521809602
0.053380792085579
0.057287742828565
0.05964950195662246
0.06088593033612942
0.06191488141471687
0.06417904356490495
0.066059840785216
0.06745701658547869
0.06796032650187742
0.06845641194915926
0.06821883232257042
0.06658106227759729
0.06155538141078888
0.053718122026281685
0.04670475549786093
0.04292752097289627
0.04217562784531473
0.04199183510445642
0.040596816318906895
0.039570142129158714
0.03984364977688014
0.04126390753849281
0.042459245905281086
0.04314861185055694
0.04466785185826903
0.0471623772794308
0.05126823449711428
0.055806229917524326
0.05818304581155124
0.05953648365318673
0.05996647643965921
0.06090808701624891
0.06172844926765171
0.06239917324343966
0.06269246655029377
0.06188423228418577
0.058982147466870256
0.055811204818731586
0.05334926036115068
0.05184737166032605
0.051816911833359264
0.05149723902616476
0.051323338511928614
0.05064041268381084
0.050088795432442726
0.04981656759713994
0.04954668041922839
0.049212610751505965
0.05190169480320678
0.0563294818337914
0.06113108823492199
0.06211694779577569
0.06344877712288627
0.06269728172855826
0.06111707097996757
0.058119033942535106
0.05380374037742495
0.049486851450809215
0.04536037880772074
0.045434500141193775
0.05029095490384638
0.054916270830728586
0.056855243820899154
0.05678739499288817
0.05637027124036113
0.05543087473892213
0.05500385479338654
0.05645735087385231
0.05892357220390347
0.060928002984724984
0.06179085108650305
0.06272778696482453
0.06251409401822287
0.06250564469475563
0.06097084355526569
0.05820882420542029
0.055206553411829375
0.053725839398465466
0.05496807415032079
0.055639262266760775
0.05368160962201033
0.05066252382194623
0.047936439864905395
0.04744150366497272
0.05018070632425337
0.05594042827040224
0.06136903626618967
0.06331761520556098
0.06055567605381938
0.055852209128629426
0.05270092302417172
0.05508308146693013
0.06150478740984092
0.06761221120182725
0.07016692657862547
0.06998172440315072
0.06695011074419693
0.06349960049893198
0.05834873440462503
0.05462032049078783
0.05203791679438548
0.05231187033906119
0.053537053967822476
0.05343405186912358
0.050182272220263904
0.04653195426602182
0.04356647095184495
0.04287891083042681
0.043908715302182336
0.046698487627148615
0.050021030633533456
0.05143486412217847
0.05253420508146877
0.05355021583601099
0.054431968075578596
0.055340254743966914
0.057801215994807274
0.06070399891090419
0.06290998754038317
0.0631328980128014
0.06334332142897335
0.061873671275531804
0.0588538049514602
0.0546839571571342
0.051255777947516
0.04886786885226265
0.04879525909682589
0.05005332991983851
0.050041890513733214
0.04945580159451067
0.04804538089355983
0.04581131911041924
0.04367966605779285
0.0444369439082773
0.04685202037334413
0.05014993314036221
0.0537090872941605
0.05830043652272159
0.060128988351523235
0.05843997672483458
0.0547315385178408
0.052581585569946965
0.05359952087774229
0.055256152729324805
0.05516239149680001
0.055203071637122174
0.05425238780858843
0.05215280304461857
0.05053896918070656
0.051015104083099935
0.05294313261212385
0.05273188794168898
0.051058398275418054
0.048251339193721134
0.047361227264366736
0.04923971796224314
0.05419920496781641
0.05804277998523174
0.059573212625727165
0.0591751786436364
0.05813420644608297
0.05611810389515227
0.05582398963349071
0.05737723650967469
0.05666997307782039
0.05399519668775453
0.052492139801166696
0.0518701911421394
0.05239555818155794
0.05101906876595111
0.0475603629299372
0.044001585127428494
0.04046321507280829
0.039609006944672516
0.0404266930653142
0.04342962870798675
0.04612632683206686
0.04792341917091554
0.048831202542229384
0.05127709527026396
0.05542976074020755
0.05928480278484735
0.058842114248646035
0.056451410545716056
0.05440213625952898
0.05546046278410111
0.05714131700786747
0.05665736918429753
0.05551135982037764
0.05492750381025539
0.05390570494563885
0.051701074409400145
0.048898907325906876
0.04596087185763638
0.04412637786359688
0.04352777864182274
0.043983002006285486
0.04463520341264513
0.04617186801460842
0.04837697508002829
0.05179957540633964
0.05572269247938174
0.0575039486804335
0.057486720211960884
0.05639525708462918
0.05468595115108796
0.05375575589985454
0.0568647569703442
0.06260999771755171
0.06798031426769234
0.06849439622918967
0.06312851430806408
0.05581017261703259
0.049717062000704755
0.04835305984865604
0.050841950802039675
0.05322459586553107
0.05394667122893259
0.05366470069662668
0.054086934174367364
0.054619761769459596
0.05438651712441848
0.05211975028145814
0.04964938571797795
0.049356507607122124
0.052398103460145354
0.05597916023706786
0.05685144311254579
0.05631787544168339
0.05708737460260283
0.06027614016564039
0.06357203689258575
0.06612803411702388
0.06627574056757915
0.06495324713614377
0.0635134617830927
0.060791568754041
0.057980797660527585
0.05528544618434549
0.05435692550349681
0.054946204334795135
0.055667457386075044
0.05673340635338927
0.05915421396483684
0.0617804850294572
0.06233544543808491
0.06021147233833839
0.05846436056726316
0.05619697553289863
0.05326733127686476
0.052470769692529805
0.05362810222494606
0.05674577041707836
0.06009201064474696
0.060984884091160194
0.059281303489397884
0.05629226428032102
0.053157644894786533
0.05164006933551155
0.051428179950759614
0.05253766124043212
0.05408592315054135
0.054830221509335725
0.052968692662153635
0.049128792319163325
0.04749300093045372
0.05156958998832913
0.05622099438319098
0.05805245048606262
0.05624187060722649
0.05257805332558113
0.04955436259528742
0.04973849064050055
0.051804072665535314
0.05491198370295866
0.05753697523798348
0.058500964070649614
0.056755863395418306
0.053330418151355696
0.05087573056205855
0.050056289181508
0.05241400943768453
0.05514117961902682
0.0560090304818563
0.054816779542650705
0.05340503109612213
0.05380963032852636
0.05624792378130796
0.05958912766683802
0.061616494493667795
0.06136807533577294
0.058402405619943164
0.05439909916648237
0.0507501835767054
0.04978617012152017
0.05115895666075861
0.0523453985953954
0.05072292597533946
0.04907802586375949
0.050381590492523005
0.0538221264084887
0.05801856872470292
0.06010189035526838
0.06026758423852838
0.058508494596396815
0.053480942519034305
0.04659364764032399
0.04195588252423615
0.04352341626787499
0.04925928699248479
0.0536765256829191
0.05550692279592365
0.05600888970488933
0.05575790883859952
0.054286347161208275
0.05243851222059558
0.053047909465349985
0.055944952488860694
0.05945642539150605
0.06190218183232398
0.06169015074416207
0.0611716091397505
0.06141497587851079
0.06298556442699826
0.06359018756550283
0.06228842605302843
0.05813677409889031
0.05363695408219353
0.05255190207065011
0.05312649713687986
0.05344952659394392
0.0527505472860361
0.04979800067708124
0.04583907619397869
0.04345583487215823
0.045551692954869244
0.04811787541733851
0.048632572210318734
0.047535818722170116
0.04648648827936493
0.048824120651680174
0.051888963467071225
0.055362671228021416
0.05597835972718086
0.055624295503291316
0.055686927679044096
0.0573932209359406
0.058897457617284876
0.05750211234016444
0.05465539033408571
0.05349353254333692
0.053373434863280445
0.0542844966696922
0.05500019702596575
0.05529321307541067
0.05430342863416917
0.053599195482862565
0.05284053937895722
0.05325335013972912
0.05201334192917912
0.04912077156473329
0.044370379083879405
0.042938535384585065
0.0454407282244757
0.04799631821198859
0.0469360525713156
0.0435523352356514
0.04124365549983201
0.041935196384364104
0.04363900908081058
0.045011508722655
0.045216759624132345
0.04667820326167463
0.05090878931700691
0.0535358001845999
0.0542474289539737
0.05505809021042486
0.055191816295325685
0.05758397048675738
0.05991196088526175
0.062316340110477014
0.06362965036931992
0.06309049613717849
0.060649643936939
0.057061421906557316
0.05360404441793098
0.05267863744802491
0.05225681655479772
0.051708486153400963
0.04915580137439616
0.04489510687880865
0.04203920618182101
0.041216168828269804
0.041147832263546374
0.04281235904343815
0.045462662313650905
0.048145114161942865
0.049001270868754526
0.04968414224901916
0.05173239573116187
0.05490853135901456
0.05705974219145793
0.05682873186576434
0.05530560458019727
0.05540110097721104
0.0583020740776544
0.06184026973181445
0.06358640620244421
0.06467473777525828
0.06616800925168753
0.06693708781961535
0.06512405679806688
0.0634323690964901
0.06313280021847253
0.06504897525934443
0.0667573073443133
0.06587077951251737
0.06269892109375395
0.05742775761103029
0.053174671620224497
0.05292644036804342
0.052733145673452095
0.05255040400968712
0.05313266918944652
0.05248080611690095
0.049751402283217436
0.04749539468490924
0.04761191920732476
0.04789296602098362
0.04750192185111276
0.04800693826048764
0.05059413004409153
0.051645677857451125
0.05257264562258863
0.054576600483508916
0.055409294671204756
0.05352544685639728
0.05216696746625837
0.051856609619124944
0.05312924272232137
0.05458747185463413
0.05514325510381878
0.05419564358269485
0.052773900502361484
0.05016498193324699
0.04813384217454198
0.047898222649397554
0.04859180958561639
0.04983291909692271
0.0506087281123146
0.049272844028817556
0.04842162588221687
0.04955210888714693
0.051458018828585084
0.05323799167487781
0.05380983128173017
0.053955073539321226
0.05465313077096712
0.05545443027178317
0.05437523856866867
0.05258847700521276
0.05009167148630803
0.04893634469973945
0.050406318666416705
0.053534271177658584
0.05755589387693314
0.0603562247884102
0.060653365832760174
0.060267244646748916
0.059580885077489744
0.06112897051285283
0.06351594396211771
0.06491672122327417
0.06310007593822879
0.058595038263771375
0.0545779992712377
0.052578085996726316
0.05265454029016004
0.05289243048930752
0.0513534642971884
0.049293663715123434
0.045357444721027367
0.04102642949673586
0.03751084755168494
0.037333529866300286
0.039311816891114605
0.043621877708025614
0.04653156559911752
0.047063981009862
0.04615567283070994
0.044827693413392745
0.04463435486343227
0.04666067146062911
0.04878368746584809
0.04965629381064376
0.05185882355641822
0.05518745447441275
0.058565286538525566
0.062140572565146976
0.06518693466451114
0.06620821371150246
0.06439368901667453
0.05976199408502526
0.05541575820805761
0.052110937738646314
0.050008645682474324
0.04788804654425098
0.04472962891477811
0.04291806121897606
0.04226017249217578
0.04228982433445117
0.04348501834262275
0.0444866199789791
0.04576710092360542
0.04754441570943103
0.04771136111028429
0.04561826267501101
0.044048930717669486
0.042826355728506654
0.043662005286997076
0.04853301739398
0.05538689949358146
0.05919413834106554
0.057551603984145466
0.055139145343853495
0.0568824562445012
0.06256533506486914
0.07060791734512939
0.07593422293932349
0.07594337224314757
0.07383749906360959
0.07131124628703862
0.06961999312458599
0.06818195954427014
0.06705939433271965
0.06510753535713341
0.061913847568794374
0.05921141294056904
0.05803103534866121
0.05608540323433458
0.05196276255367244
0.04713987221196361
0.04307369811678898
0.04132459316926805
0.04079972576144254
0.04093079798311688
0.040639816646604945
0.0413840631033666
0.04336716975124813
0.045133886045781516
0.04470560191832754
0.04309959386414746
0.04379305295553674
0.04881744207527082
0.05298381297635004
0.0538407428793141
0.054099261668729436
0.05580294276527276
0.0594273185826428
0.06387158650380602
0.0666302661612953
0.06556203588776718
0.061774445624882116
0.05733149050196997
0.05402615848503827
0.05219139064696848
0.05047919826224861
0.04965026621242931
0.047542548646062374
0.0447185379201326
0.043315497819166014
0.04399352239892309
0.046942302909162466
0.05130077031282533
0.055102025558600734
0.05712685465748796
0.058639676444088656
0.060865642759169496
0.06401979254021473
0.0660859990112846
0.06623221863931397
0.06404114114189888
0.0619588287549841
0.061004840902586975
0.060204321367762666
0.05985639338339663
0.06031258970662415
0.05978753459893488
0.05776446945374302
0.05409457768474428
0.05009967323069324
0.04841138575015858
0.0500935996461522
0.0539387538383133
0.05631776601482254
0.055796776852324696
0.053291001772980615
0.051012491834405274
0.051757481745771626
0.054572716787398834
0.05678338133377118
0.05514138360877091
0.05071399450254664
0.045566133327668096
0.04195542178567018
0.03949731326757392
0.03974660654950017
0.04206300694270044
0.045539322414633536
0.048205387440614526
0.050703713263800874
0.0533416782148645
0.05584930719153301
0.0586946631793519
0.061299960860154185
0.06369883752453336
0.06343991142872842
0.06243392527579376
0.06320829875904212
0.06604744714996072
0.06902117601191898
0.07170082052992971
0.07061630279349898
0.06751264160878354
0.06322426650677396
0.06084969529062633
0.058771973241246424
0.056091245092347246
0.05365657413729041
0.05087066642371647
0.048216726293042925
0.04570148278150322
0.042882766632583745
0.04059901111470101
0.03968224539339881
0.040331297820711966
0.04361688286457022
0.04856468522752019
0.053116070551431506
0.056154349316232754
0.057704255208820256
0.058583447651698844
0.05922870996932835
0.06022505010968345
0.06251486729180099
0.06495899098234373
0.06665812745702472
0.06571017184169348
0.06167101596026586
0.057819342159090494
0.05729865217913495
0.058921161220015325
0.05891031895726637
0.055951161187042804
0.054150491958510905
0.05282485549609658
0.05161001065339724
0.04930176620006101
0.04616359499078821
0.0418063978268302
0.03930376838062324
0.04154123114280885
0.04715060821458772
0.05185413590432209
0.05260939868016549
0.05048049457724609
0.04916070136864332
0.04914169104567297
0.04969058116436587
0.04921174903168418
0.05180104762618187
0.05536872378592561
0.05789323731127276
0.05751102694974994
0.057736495043704594
0.05866568999506111
0.060453996784557304
0.06296339166804836
0.06585637185043128
0.067665830892901
0.06549829354432381
0.06139401016180492
0.05886531921817762
0.059142282942702726
0.061051291949806366
0.06223414866021301
0.0632792019697068
0.06449892982328535
0.06508296044114702
0.06360630168783378
0.059447118388632626
0.05423928243338426
0.050780884064884846
0.04801948534687874
0.0455540452087058
0.04622712246634232
0.05074953179780791
0.05360572002730602
0.053514598061125886
0.050199778562825245
0.04717693025190392
0.046068307761096605
0.045515755692825656
0.04674010248649021
0.05048952997783659
0.055793739046007366
0.061823335767582255
0.06733714439277384
0.06885512134068181
0.06685287408593729
0.06312895861529115
0.05880500863844949
0.056546572276573386
0.055544632328448876
0.05457552356209452
0.054026101446770405
0.053446149555097716
0.053137509496126716
0.05324808728216012
0.052277304543239526
0.04924471199618916
0.04599321432831016
0.045896282045978315
0.048077567425007905
0.04997712472426133
0.04924780445557979
0.047306308241464284
0.047502098360229464
0.04976543428470563
0.05237356849791716
0.05644615681393793
0.06134208014725499
0.06598447016893631
0.0691040734318279
0.0680159691475685
0.0644674224014591
0.06061661925287305
0.05949221010630283
0.059931519732863064
0.06106044149761171
0.06262854793453337
0.065583245158065
0.06687586418671393
0.06580943091195784
0.0642145519069597
0.06281900619601208
0.060628269325804215
0.05792360828972102
0.05776054750445019
0.05896304841570706
0.06057223461315828
0.061069059282315825
0.05746019749346267
0.0521073788826592
0.04793633571398502
0.0475699006817851
0.04962644180189845
0.05231609807865515
0.055226404191179454
0.05643159903583214
0.05468484137333725
0.05295235711992783
0.05232343301852697
0.051704667089141856
0.0518329238203153
0.0510453564816396
0.0506560326929374
0.051728975978271745
0.05450315364351571
0.057174678993878535
0.0582524962703136
0.05859968055332133
0.05856703585854146
0.057443461942723074
0.055660506041449904
0.05487731137855105
0.05665985217480933
0.06036942478838623
0.061261134796652475
0.05796666422485802
0.05346351911783819
0.04963124978909877
0.05070430136426733
0.054116382444752205
0.05674556256220703
0.057532006333812474
0.0579822896778688
0.05760441609701058
0.057297849344552794
0.05707831456420695
0.05782190503087869
0.05960585331220007
0.06273166906695063
0.06350743163970961
0.06083163321346834
0.058635540031313424
0.0594032502238832
0.06210878631395388
0.06651061669612504
0.0699355735317651
0.06981485762691854
0.06778461846693805
0.06422204659247553
0.05975211398723102
0.05618072131990562
0.053274903271296976
0.05085751482145132
0.04965490193566893
0.04872696907972085
0.04723063618877256
0.04580465263770422
0.04618682267515847
0.04958494594512235
0.053881542161710635
0.05740516857392042
0.05747904463828206
0.054496588017200816
0.051674297814894875
0.05025215723913727
0.05085224963734436
0.052599976867697816
0.0556033090769815
0.05772071290690592
0.059826039717336486
0.06099721932241115
0.060417271390461505
0.058110047817723366
0.056070793525308284
0.05563928793223132
0.05685893966219724
0.05760058308383135
0.05680498523057533
0.05450956833660257
0.05296438375449382
0.05231992376109812
0.05358499486191198
0.056495473074024076
0.05763261696774006
0.05697611418435442
0.05461670454634543
0.05349786276267359
0.054124211024477974
0.05671313692074725
0.06117391428844477
0.06381778424884586
0.0637304714276401
0.060794382837240486
0.05808857484078177
0.05630882723563219
0.055718146687938036
0.055457848661541645
0.05526693714634577
0.054847491066969116
0.05458659412285037
0.055546662208521363
0.057107194247973746
0.05745371839360766
0.05699487335985967
0.0565198690467491
0.057337711199299486
0.056348734130413955
0.05171713523761169
0.04747439156352555
0.047793333680386636
0.051736072873122006
0.054254622036414075
0.0540542846531268
0.05314249800946441
0.05035106082886711
0.04670723408296491
0.042780957677269124
0.04040654067377255
0.03953945815237699
0.04015059094350088
0.04267956852433471
0.04638406081529068
0.049234503241324286
0.05007053652707484
0.05266168954612313
0.05668252344222944
0.05999016202920246
0.06095299681749181
0.059609464575522
0.05632147757478242
0.05379616475856325
0.054033217045465445
0.05544823361366402
0.056854301938451896
0.05787302730600901
0.05979249898897332
0.06338517578560014
0.06692388790137359
0.06828442719162399
0.06739259797296915
0.06451911432927723
0.05924910564349175
0.054996168894384675
0.053676624282938575
0.05422038628463331
0.055875994707817345
0.05745874360164824
0.0574624614711072
0.054029301648743415
0.0512957436095742
0.050193161784366974
0.05116354052922191
0.054017404835412335
0.05734746309270856
0.05805010404163049
0.054957661947515724
0.05053911226340014
0.048215710604322295
0.04800089406178149
0.04850627161186951
0.0503164289605518
0.05346650293169648
0.05554053610972761
0.057564540838734635
0.059622334188869176
0.062364520061095476
0.06506285055767247
0.06550243421183587
0.06355903015512886
0.05970254164345063
0.055113795133071214
0.05291042092986332
0.0528448282086764
0.055926588940400375
0.05896957316157869
0.06017573449494604
0.0577863434522777
0.05363396547337818
0.05073122859155727
0.05030408951925704
0.04989039235888071
