5.056128044027397e-32
0.003850658086823635
0.012616646906473966
0.02048175259004063
0.024393537211480115
0.024978669898242305
0.026451271090582828
0.031384560373636065
0.04230379727675191
0.05563778208718285
0.06731119107713673
0.07547371207577057
0.07791901027254186
0.07742305182129215
0.0737833330933881
0.0706039090062059
0.06650944878505431
0.06086890644149971
0.0533751830541958
0.04499182199133296
0.03648003040588952
0.029170357607859992
0.023623886157635422
0.01966354041259956
0.01738176930394952
0.015688091939813454
0.01566785328777309
0.017512139420127467
0.022078475853098068
0.02929283997214199
0.03703740759719536
0.04459923398156454
0.05066121592681665
0.055723498473300416
0.061728176298297556
0.0683705932330893
0.07355127889944066
0.07399523720499805
0.07148101889672158
0.06765884121885025
0.06446337442702038
0.061718488616830054
0.05949297175236356
0.05520364096046907
0.049318037658317944
0.04306429692929983
0.037687913016769506
0.033175817147174776
0.02890603588945136
0.026181591193591053
0.024816549109855413
0.025153077886086683
0.026328483073050073
0.029494299756657617
0.03422289031970561
0.03999220990872439
0.04603511736564878
0.051290335084148986
0.05627449966860415
0.06237960858167064
0.06955143863129534
0.07538906916986549
0.07679735414943392
0.07354322246491665
0.06770187551438914
0.06219513273260472
0.05642311362271391
0.05003434889116614
0.044402120533296376
0.0410103617515696
0.039976766414932516
0.0393119194620337
0.03794096308509853
0.03669793498203386
0.03656863221332604
0.036628211361986865
0.037001131334430254
0.03749881851069787
0.03832273968356698
0.03919303874103523
0.04213111237350111
0.047217260544770746
0.05348324155590626
0.05823626581632827
0.05965819744095841
0.05910930267737228
0.058630899034315336
0.05581546179159311
0.05247943041473769
0.050928008768368845
0.052447250961552803
0.05411035534551738
0.05419426159439142
0.05206463184354436
0.04800685270025109
0.043012250867749076
0.03982916329866272
0.038435603332263826
0.03773213215015612
0.03676303589976907
0.035366754495860686
0.035383740505479155
0.03700710720109195
0.04050175172254382
0.04379371358029334
0.04659631842559201
0.04730476570656625
0.047840479249892175
0.04961771192741518
0.05136207767764651
0.0521082317293053
0.050994224202193565
0.0492616342751762
0.04723885792665114
0.04555050642234459
0.04393339619150248
0.042295501210873776
0.041479006440522326
0.04063837788711625
0.040255426580397526
0.03952319791545231
0.03803502379326196
0.035339971598635306
0.031950267867726305
0.028580338582054086
0.02749396414306862
0.028625261322784697
0.03286148251877758
0.037308863227585594
0.039934318744374246
0.04023348254343823
0.04070226397826158
0.041620674399213416
0.043811462317371035
0.04608302018270601
0.0490660285288874
0.051694348583817454
0.05468732761984554
0.05729656200768509
0.05675881852196573
0.05267766518015552
0.04603940852252452
0.04046061339456469
0.037514997293289415
0.03853587461670508
0.04001312744484161
0.03973944347647037
0.03741711847891487
0.0334423574959677
0.030522948318704744
0.03019541172996992
0.03244741086615061
0.036508197380415205
0.04058902291741934
0.044205101901442716
0.04552291273245631
0.046495707784668674
0.04683653447604268
0.047741758976357816
0.049361203438954046
0.05043900470157643
0.05186009604496364
0.05382526599382072
0.054473747111391906
0.05187830812523146
0.04791787842286174
0.044508099715277374
0.04266527521730988
0.041609111921368486
0.04081765520891274
0.03872640214925533
0.03654541993615327
0.034204286098628155
0.033041836056882185
0.03250487536866332
0.032879320199925816
0.03477948444700179
0.03726110442066847
0.040098265928865215
0.04215711366784625
0.043526093054279374
0.04486810795682145
0.046715972812288585
0.05085552660450079
0.055765467417776604
0.0579736029835345
0.056129306111370764
0.052339739382605034
0.049003885154348586
0.04850086933321691
0.04895107330247545
0.05004506809916665
0.049072800071027926
0.045282525667479534
0.040080500026027165
0.036297015662245594
0.03370283929265888
0.033580080201147784
0.03536487427687684
0.037365181952791995
0.03802050995231888
0.037891490129601975
0.03772219285708461
0.03882312211567768
0.041025842124237814
0.04242133034602615
0.04154476625885954
0.03972816008237195
0.037881204348344584
0.038063329199628994
0.040680979415781165
0.044972511747711844
0.04791925439982166
0.0493900190329426
0.05006323852924616
0.051247593351159006
0.05168257358108459
0.05063382949287831
0.047306119375181685
0.043400276127701004
0.04046388970165418
0.03900884871591731
0.038780565509786105
0.03833422022724534
0.036999033550128256
0.035108738012704914
0.03372691646618688
0.033525890019362584
0.03445154490410523
0.036828301963860076
0.03939683633946423
0.040623554975922196
0.04062978631579595
0.04151899478640036
0.04353600942892944
0.048724803590076346
0.052733858449675916
0.055299299761901836
0.0548689222923719
0.05262755955587545
0.049673318437391936
0.045747010654777785
0.04207397485680887
0.038649061201285806
0.03571184476116502
0.03425990540297437
0.033645202822162504
0.03359496076533309
0.03354983435919623
0.03515862100195767
0.037774027886890965
0.041327640661914945
0.04273426847836313
0.0430205984354198
0.04288753027881194
0.04368683568318896
0.04548534865530564
0.0475199341904667
0.04940614316084505
0.04865548027321164
0.04579523402050169
0.04160551641094174
0.03800962904964853
0.03519274601586203
0.033840009692294996
0.03271083964919105
0.0315559088993387
0.030864016940426543
0.030902325419880236
0.03200404107644709
0.03319456872840908
0.03425762257650343
0.03421595149332597
0.03306246859607652
0.03171908201765131
0.031623972051471425
0.033737632158426
0.03632103194630312
0.0387010328311323
0.04049330281382217
0.04219216368209434
0.043746059692251066
0.0451495978375442
0.04505627731359215
0.04414639055103285
0.04166183422623992
0.03958016207775938
0.038560994094237494
0.038768225900165966
0.039564356397680876
0.0396928975475401
0.03924721904267871
0.037290966704481586
0.0351315954433064
0.03374928017442206
0.03448887934380537
0.0352835596574517
0.036075125702147166
0.035872108096593205
0.03611432883138201
0.03660459258858323
0.03737410416644629
0.036694345630311355
0.035281570852870626
0.03340226291094035
0.03267206729839759
0.03159420581906438
0.03127490013547078
0.0329980016248959
0.036403772807640546
0.03944573418822253
0.03963911942658512
0.03818169931288705
0.03588817546496983
0.03484987839822957
0.034640103175926105
0.03526261812108907
0.03638049947415003
0.03702543343885206
0.03764762348929521
0.03736570463203585
0.03739751379810216
0.0374130241939772
0.03553393219903646
0.03332603881325923
0.03214924221999965
0.032729648108409115
0.0340387650205444
0.03625394597668287
0.03859983994815004
0.04068585063246957
0.0425186636872308
0.04387341516535708
0.044929973527196854
0.04576959654774474
0.04503947414787392
0.042865393609336486
0.039581340600135455
0.03722314509466977
0.03619094832662804
0.03573463602129069
0.035571381623324294
0.036157391827871775
0.03647093348053034
0.03640297337998483
0.0359740129748611
0.0351056767288643
0.0335115351418877
0.03237659801573043
0.03366923505653087
0.03663407117469842
0.0399935452967986
0.042379912963513
0.04283693966524824
0.04243046878360424
0.04177196834434574
0.04257132252427152
0.04484629319801546
0.0470132986660844
0.04721468409726195
0.04498593710503359
0.0427819055332487
0.04061741253749778
0.03906860343417349
0.03903622005543666
0.03869194571629919
0.04018941234146549
0.042004690076169346
0.0410357850663142
0.037230211782774025
0.03242720671130146
0.030059026901502823
0.029821576499621257
0.032023572200876205
0.03476470777164867
0.037080321961888166
0.03829929913030408
0.03929458386332836
0.04139133665615049
0.044197470819141854
0.04726647187709121
0.049375751937390785
0.050998588416675227
0.052207347367602006
0.05383256945372061
0.053781032583197254
0.05178144648351508
0.04891893333804221
0.04640674482614158
0.0435706792765523
0.040312199328713105
0.03760242114672387
0.03640793420102767
0.03606719363271869
0.03479253736771305
0.033111184041470586
0.03201389506255068
0.03178381408982576
0.03177716950346812
0.03172910950466542
0.03340634699573059
0.036043527234412
0.03939803492295261
0.041988929607570405
0.04441793379473537
0.046005995050317605
0.04734508984987262
0.04872641060158256
0.0490995443605498
0.048068213665445454
0.04591071636832632
0.04444498437265457
0.04349531574046049
0.04274458756835664
0.0420115718292924
0.041006366638221436
0.0387769307598665
0.03652081220949695
0.0353460716483056
0.03593406331075821
0.03808757349748513
0.04032970421769131
0.04261596299508668
0.042818465977546794
0.04266420826399467
0.04261177670669012
0.043224137194700495
0.04464416795575626
0.046125636097163004
0.04787173045309523
0.04871970653175713
0.048642673285615834
0.046843900336697
0.044740107488591425
0.04304025916918111
0.041199589314388836
0.03935649382126027
0.03900989390618124
0.03853760142948273
0.038903991896333985
0.039556791239070715
0.03904722083931352
0.03744278940451838
0.03521020904445
0.034250749937092935
0.03513625121123052
0.03805832246979698
0.04053267684101028
0.041900456307188395
0.04235424508113128
0.04271374717822835
0.04330872130942421
0.04350827001633308
0.042116553777196315
0.039837713387808026
0.038893302800857246
0.03983612028507577
0.042795217688311925
0.0458627071519264
0.047138775748267164
0.04553097953188129
0.041398768282537995
0.037571671035621874
0.03696706005194462
0.039620752390806785
0.043179721047524135
0.04555539454874607
0.045811809738210106
0.045151433196386724
0.044302234539389945
0.043643232941459234
0.04378366400115275
0.04394034485866601
0.04381517671418687
0.04363396065265711
0.04283783681815648
0.041986094757801094
0.042416937513137506
0.043926661985300305
0.04589062151538904
0.04729185750512136
0.047963002496521745
0.04838442195063959
0.04848309781445174
0.050178267087085074
0.05177282449554091
0.053756405171094486
0.05436102595084312
0.052421121344535214
0.048441449753012455
0.04360106686117771
0.03952536233627931
0.03703505617316229
0.035929767585240434
0.0359843515093044
0.03732139691526104
0.03913080700803398
0.040845514797990846
0.041766530976361634
0.042084753038846345
0.04226280549844612
0.04300008287321362
0.043238121568018574
0.04379926991983614
0.044694281145353364
0.04628943684102533
0.04755318060877598
0.04821277091214642
0.048621124216929656
0.048498565529533404
0.04735987287418918
0.04510874257125811
0.04396459222626526
0.043585428109368704
0.04344541494128277
0.04183753585823443
0.039360017218850345
0.03601579495112631
0.03324610991794912
0.03306564470570974
0.0354341310160735
0.039021098740771504
0.04088887891081631
0.04097595683127381
0.04055727145640724
0.04089945150253524
0.04189365902026196
0.0436977516795398
0.04599957749953207
0.04794141821903902
0.04919879964070041
0.05038562484873826
0.05167779307191242
0.050691152179320166
0.047220049192003725
0.042156554972692536
0.03831056475760542
0.03685605156700688
0.03743589223751322
0.03956370701888554
0.040005759682064664
0.03874839331847394
0.03648988988855434
0.03406535198355277
0.032277681501917836
0.03199884913737017
0.033238847945536436
0.035243193331699826
0.03692772948935189
0.03832377877260299
0.03893460377073524
0.03861868411023016
0.037557632292673844
0.03651576433560905
0.03678364521473805
0.037813799547805005
0.03999283338243711
0.04206860447431346
0.04264723632892373
0.04111946818992272
0.03934403600330686
0.038653884286236936
0.03999459690521594
0.04153548504087678
0.041290270928374645
0.03954481593279317
0.03677464559990312
0.035263274765645135
0.03462981907351417
0.03500658037516234
0.035199243352765544
0.034284088677779066
0.03217951512361156
0.031226745706158604
0.03278806195936654
0.03626578286288569
0.038986560500977166
0.04071735517787077
0.04088057837215624
0.041441724775837116
0.04193026713221951
0.0440982608387493
0.04501101269853288
0.045299677027403264
0.04396267298653801
0.04379207189447654
0.04399771968555907
0.044663395825489165
0.04329158085700993
0.04089512894829454
0.038613464343733285
0.038591574584135695
0.039739547539660865
0.04081173962453017
0.04125388542567541
0.041096628796139956
0.04104650071246635
0.04155312915670907
0.04168977924954625
0.04183517181241363
0.041929031194293614
0.04251208021076383
0.04526732888631373
0.04791778484756123
0.0496056026954941
0.04897383446014496
0.04687134658888063
0.044670159147927685
0.04335053392011704
0.04160140945071516
0.04049089719686461
0.04008112758082427
0.04009484337021445
0.03943058870488036
0.03906417688842554
0.037654932070095466
0.035037285623743634
0.032027642515798635
0.03022014007130414
0.03077958133306352
0.0326617220945893
0.035199459180775286
0.03837389877439759
0.04017403253937593
0.040108247889417574
0.03861838047792513
0.038075074408862604
0.03881483331940369
0.040531289928517976
0.04239217059660568
0.043646526882716905
0.043028455447723435
0.04153627146175457
0.04041463729126189
0.04032620580958175
0.04004484269560516
0.03998088444065034
0.03966307440078924
0.03924257572136712
0.03919584105313025
0.03940046862324547
0.037946739439305016
0.035740553522974505
0.03332664056048399
0.031149939860766036
0.030448715034826906
0.03236681134867487
0.03593533484063598
0.0397169366812205
0.043385315287954314
0.04555140469177939
0.04699816680085481
0.046916110020875264
0.046641148834984596
0.04628351859112261
0.04652767379393315
0.04519869408492921
0.04268852086525374
0.03832998925473008
0.034965105312976474
0.03496052899141268
0.036517673656698654
0.038026832021054224
0.03725834172494298
0.03549449374993237
0.03371685936215245
0.03378948747019667
0.03515862077021737
0.03677261107104675
0.038587138624376405
0.0407273578188288
0.043706464750364965
0.044689197716908075
0.04433943505701116
0.04267856497876089
0.042462179802370596
0.043232372506058526
0.0436031690448382
0.04273737727928327
0.041375856724892204
0.04080487069885478
0.0404254061308194
0.03987008628891199
0.03949851472618886
0.039880925917040254
0.04148621445120644
0.04299882440719572
0.04230755221058804
0.04038591311322146
0.038325435683320745
0.037586012931717205
0.03662956209219602
0.03546943509046209
0.033647698716213335
0.03266137395258251
0.03323570988032513
0.035530859131308934
0.037941094605604374
0.04127616778944025
0.04358159440218735
0.04441480733574096
0.04226405629025631
0.04026222949183287
0.04036147770387166
0.04319905492948467
0.046228001148305824
0.049205413478093325
0.05017362549239
0.04964153468923228
0.04613032169354015
0.04286735866028118
0.04252261101444248
0.04501520888518472
0.04737781865589219
0.04714043789027697
0.04334703017721848
0.03891305590235725
0.03498010881764623
0.03348458801195347
0.03419810443903448
0.036691912752436426
0.0398234672374734
0.04318743405577758
0.04489256247034435
0.045782087254247775
0.04625635577131525
0.04637961569085735
0.045720593661764966
0.04418865055862707
0.04319806112410867
0.04435269306033726
0.04560231310189105
0.04630160176610225
0.04628234290762405
0.04523519009075686
0.04249904527691967
0.04053357703042162
0.039509411655960384
0.03929382058637542
0.03870520809829831
0.03793729414132071
0.03704858143517925
0.03635814062308199
0.0363018284582477
0.03649996679540839
0.03694920729137275
0.03707880658606595
0.0379008679915184
0.03896876833872014
0.040965699120201086
0.04329194973312618
0.045194340281714554
0.045811154891822935
0.0451689484395058
0.04394351336802965
0.0451262061816859
0.04770190955740678
0.04945738165598245
0.04804514702724135
0.04482438811846753
0.0408472127333959
0.03902907214717194
0.03897941894490127
0.040038064041676265
0.040377887519370805
0.03872458749228204
0.03627087034315659
0.033465425219586405
0.032964233915948785
0.034367134731956614
0.03706753705170303
0.03893769215203013
0.039920181451266405
0.04070062575688495
0.04185949408678727
0.0435915826969816
0.04566810959795791
0.047110147180944646
0.04771985634610044
0.0472062306175397
0.046377327576640946
0.045304024408867015
0.043910136550963506
0.042423004378441265
0.040023631414865826
0.03691203617715046
0.03421994320800899
0.03392096375857785
0.03497481769527833
0.03716211761070422
0.03826939437392182
0.038438726481496224
0.038607885702458405
0.03972470836536972
0.04128611476297446
0.042362406182772795
0.04182368293023964
0.041326854936157814
0.04051679078799082
0.03956232987510155
0.03845630186906968
0.03748761732909783
0.036052330669391223
0.03508990135638377
0.03436504193286127
0.03382789111462256
0.03346788194242222
0.034802562335147405
0.038334102163391004
0.04198231531664203
0.04363557200189243
0.04265548549450143
0.040208435236948954
0.03813254574397328
0.03763930629801267
0.038715707401323705
0.03930629122573857
0.040112184420880104
0.040839513644485105
0.0421683036294402
0.0431680684014316
0.042498862905449276
0.041569916293439174
0.041954513479121394
0.04334823350738845
0.044560101297116926
0.04442307721771589
0.04296891839263799
0.04170978026587667
0.04127860460080847
0.04147224011237019
0.04090129380530845
0.0382244142627368
0.034466298323469265
0.03047077321147812
0.02839183733658646
0.029479747137479227
0.03246830946357054
0.035519932660562775
0.03696857166054429
0.03701450761126365
0.036591109642558635
0.03738026371027354
0.03861471440899906
0.0401566847888862
0.04093770877103357
0.041041435056988464
0.04058668764417602
0.040480838149574774
0.04158089952880458
0.04256193285625903
0.042371749031894695
0.040904586999163724
0.039339347295595725
0.03962263644505385
0.041105066486415216
0.04207392129364131
0.04066445279041119
0.03774071847781201
0.035381958380596296
0.035511499652999816
0.037919881667754084
0.04137405986356969
0.04406632261514768
0.043834532436802326
0.040639583479341365
0.03695629875399324
0.035896690827982324
0.03746801749493163
0.03979463736072382
0.039664865420605114
0.03966935484448478
0.03983660086207004
0.04080915194227183
0.04197694320531407
0.04251927679180672
0.04261433870543288
0.04101964015963404
0.03921921714148878
0.0374940566538966
0.03739464031339079
0.03744391420702411
0.037776690030085464
0.03656814946567331
0.03502076524626253
0.03378111067030503
0.03308296878306958
0.03379544458686526
0.03508609218391477
0.03693178327297998
0.03901212242157221
0.04128838394622071
0.04293130069927489
0.04439570770841488
0.04479467643826934
0.04496273653225019
0.04271351916320677
0.03982471408395348
0.03668643230204971
0.0357934743870879
0.03582045602113683
0.03614058376558431
0.03558450450318753
0.035459848364526876
0.03578139536008941
0.03585668206044753
0.03665851241573524
0.03734843782110582
0.03809489350675816
0.03861105097292706
0.03911348103718348
0.03957450814193038
0.0406869645366259
0.0411273498550844
0.04064665048628323
0.039652810193002964
0.03986999439202923
0.04030489890972607
0.040544060384990914
0.04010618783555149
0.03909644169997713
0.03890512328517195
0.039517263836774535
0.04028455482419168
0.04090957850086503
0.04030020696295901
0.03828365147332864
0.03541088079845431
0.03302437008461817
0.03232336390273281
0.03342205233037542
0.035393715496375516
0.03666289711535095
0.03596229669131266
0.03569697128810653
0.03618951102177585
0.03775110361924833
0.03894661896178164
0.03947075729714245
0.03828189822355684
0.03699384532770545
0.03608818119178826
0.03672140954284969
0.038217738858863405
0.04008093243683402
0.04253004878979139
0.04479709422466414
0.045931054189895876
0.04411483328223757
0.040541789620574704
0.037128590319437736
0.03537015832202488
0.03500055826651199
0.03702394297117711
0.04003817786679396
0.04326254386106368
0.045438412636336724
0.04497117489416335
0.04194369791989385
0.0389429121656288
0.03693961547708131
0.03789935134854687
0.04005514991415377
0.0422561625578355
0.04291402162442596
0.042151890465389294
0.04213404037019175
0.043670373849408924
0.04576498372338971
0.04698561847526251
0.04627348004591504
0.043735854413310966
0.04045214983746772
0.03871749167456284
0.038411816246895686
0.039325654058435286
0.04033118624387131
0.040679846154346236
0.040211403616956715
0.0404193474579284
0.04096244127905481
0.04051469514260456
0.03894774792623294
0.03697719782142709
0.03629621162679451
0.03728913455088877
0.038394005958595954
0.03846614791641845
0.0377873982907098
0.03767906423609696
0.039453742370292554
0.042117140032512594
0.04562311939377228
0.04888832128528035
0.0507335250407525
0.04989785242580482
0.0469297043101055
0.04334910439641381
0.04139348245579125
0.041023267191398205
0.04094710425192974
0.039453668343241405
0.03647489259290754
0.034130393766472686
0.034565091892668584
0.0362597522478632
0.0371417822830666
0.03728208833711168
0.03783888727456118
0.03873416921098826
0.03964532425559791
0.040444295298725785
0.040925471396163295
0.03967111323240837
0.03704363663971092
0.03515226586008383
0.036684446740128974
0.039959988431373814
0.0425157840637447
0.04282048193369729
0.04137877991540424
0.03923501878727746
0.03780448886017826
0.03729060675731274
0.03621424867536196
0.035034489010840324
0.03569275222237352
0.03956611636838533
0.04416030012797561
0.04691361991194594
0.046409247770155405
0.04390414288769258
0.04037835017774399
0.03872254671043893
0.04046502471905773
0.04411280257177522
0.046858885075480916
0.048179038027401415
0.04648739656989846
0.04385662122407799
0.04205269666811125
0.04168781795412313
0.041743855092301024
0.04098854929867892
0.040314097117005974
0.04005853611811789
0.04031959785441413
0.039648439644116115
0.037603102553631244
0.034106952829285574
0.032407878911959356
0.03353725037767839
0.036234617938760455
0.03924279288982514
0.04120418211925331
0.04145902949778374
0.04075982940439443
0.04139028749795794
0.04240872241578661
0.044069790936510575
0.04412800952280421
0.04279510330190412
0.04083290400236485
0.03902729613166591
0.038073333152027024
0.037915603076515765
0.03906976978656515
0.0398547735442618
0.03977172848823784
0.03952386811524999
0.040575368054045186
0.04191583144139837
0.04234345267595881
0.04166746963725474
0.039927248278999135
0.03924460211503438
0.03963811324128516
0.04148240506367802
0.04314153739800791
0.044498987337141194
0.04467802212984859
0.04352014547798858
0.042245053304546
0.04178564130960043
0.04256019471203496
0.043675553199087704
0.04465543191073938
0.04533197003649958
0.04566281271132842
0.04774096685856233
0.049338889971206286
0.04931310261420731
0.04805932656104875
0.04691254523447783
0.04621157188459659
0.045722884547552724
0.04574715722542614
0.04549561553888926
0.044650387138803274
0.043025419236488206
0.040326546138360356
0.03858434591095097
0.03837607138964297
0.03901285965244113
0.03901033377039872
0.038728766577966506
0.0390176307242883
0.03914283435980554
0.03779210021007283
0.0360729710748999
0.03414661245326585
0.0340998154478961
0.03597734466757336
0.03821342978547024
0.039828052313932175
0.038902285422492563
0.0369439674352781
0.03489505888748349
0.035144081687902326
0.037522803452569975
0.04128390586709061
0.04402863513576302
0.04592637007981854
0.04852577851204682
0.05105112535261167
0.05018855892634784
0.04596911217562858
0.03984051679332192
0.034977191195373236
0.033149054609035264
0.0339649961491283
0.03689470720858045
0.04035840720940507
0.04202126150219403
0.04193192323597176
0.03974495317511652
0.038053554849933106
0.03695714886307529
0.03679762202571853
0.03731982717486348
0.03814083066848115
0.037752598116414376
0.037034817776324044
0.03633483840204005
0.03625319616253124
0.037166455750688755
0.037000054152696166
0.03666836304577801
0.03659160597086054
0.038013206070031114
0.03869121630584084
0.03892996474036709
0.039016484532112664
0.03918573076235285
0.03992946543314289
0.04068722414190614
0.041566836554000806
0.042672618115212675
0.04366074036870101
0.04313908648418256
0.04149884455473138
0.040293390431619135
0.04026863333798076
0.04220013998374696
0.044244229026583926
0.04526659018467358
0.043709136091289506
0.04085353959269468
0.03783656723985414
0.03627319582503136
0.03652922074459665
0.0389205724391108
0.04238964070645705
0.044881174418320104
0.04536417969843615
0.0437167797343368
0.041758291845058665
0.04060467257461244
0.04114439064359451
0.04286034562835004
0.04461209146009069
0.044379651863330725
0.042782415815531945
0.04127850546694171
0.04098121070960145
0.04130682194776352
0.04092734064494505
0.03897116289761612
0.038481916513290464
0.03889138956847188
0.04029561932105719
0.04027638928508952
0.03914700891813022
0.03781832718991173
0.03686678642816794
0.038297904451572794
0.040301368259101196
0.040391149579937655
0.03774715860139372
0.03394554172839819
0.030827694530492764
0.030769716914242407
0.034072964035151795
0.039200555692593016
0.04360717251971488
0.04451389398231582
0.04318467352847444
0.04100816582959227
0.03979772630958034
0.038744238702336974
0.038670631553304295
0.03862680828357287
0.03875269603198914
0.03905927344066938
0.03938931308369251
0.04059700649807398
0.04105892786848716
0.04175170256244615
0.041903672048032414
0.0419659833294476
0.04287951310121804
0.04349316300360617
0.043190749986337616
0.041204217589829895
0.03925737494148405
0.038048794751818805
0.03768852109611067
0.03727221229968691
0.0370162294102473
0.03547826835217871
0.03475486258239038
0.035445467779430403
0.03708648469253985
0.036332642622803155
0.03529812349729166
0.034572264697602204
0.03595255984526865
0.03837377037566547
0.040667933578808005
0.041121872994326
0.04050708031430845
0.039719145227173895
0.039264344551035904
0.03889689056543984
0.03965846806494007
0.04054979177817472
0.0420994492943642
0.0428307280642834
0.04289347072497545
0.040784618396715516
0.0373807523749527
0.03349510187565019
0.03075457964765332
0.029797948210467596
0.029930189312869435
0.031124258179747042
0.032009654597231464
0.031715640291202885
0.03008760780194372
0.02796565769066083
0.0284333141209823
0.031683108181321466
0.0370710242602265
0.04174613283282283
0.04288449228593995
0.04109831318835323
0.03800529526529051
0.03633430506123174
0.036305697543258006
0.03803982457303707
0.039547907102916544
0.04010331163320471
0.04121207548728101
0.04281357580628764
0.04446479681767693
0.044917228201427725
0.04236870366434123
0.03796301806685941
0.03501263960706563
0.03440697410426987
0.037631098655377324
0.04116301997901862
0.0421603297743511
0.04113101687046484
0.03927483778850661
0.038454017373323594
0.039286945656537155
0.04092007115204629
0.042274359798806255
0.04294835356963707
0.04366494302326834
0.044620525483707166
0.04480505546597764
0.04347542947097651
0.041490593379117466
0.03907279926527525
0.03771906739563907
0.03733241791735987
0.03869197102328073
0.03933172296214069
0.03874306310915919
0.036715493877110345
0.03529529836005121
0.03532473080175678
0.03623447748122759
0.03618297268388687
0.035753518294323404
0.03549198702027223
0.036216505704531846
0.038269056587561655
0.04007952427498829
0.04013635215940482
0.039173804664678485
0.03808383496289517
0.03841473578537551
0.040406188143846736
0.042612609526984944
0.04392301383279519
0.04347375489011323
0.042479912975525266
0.04293541460531152
0.04545507793750612
0.04807025399777791
0.04793997699914405
0.044605859036355125
0.03996894101289656
0.03658273146032139
0.03555105302892341
0.03581015314078489
0.03614007593499667
0.035614466371596556
0.03571486978835948
0.03713070098007961
0.03977273436435089
0.04167471336619087
0.04211997783962648
0.041393624334151446
0.04009776498027435
0.03948669618417717
0.03948937142958801
0.041051140704670655
0.04301985742570227
0.04511192698391093
0.045458071770158016
0.04467629243526846
0.044446953073732594
0.04546524157385022
0.04585627321054209
0.04425805038938567
0.04107664467279189
0.03774379348168941
0.03531641738391868
0.03519076845420996
0.03630750763960935
0.037333635249108675
0.037579790406762785
0.036830090023654845
0.036745294669973
0.03713214825253525
0.03867220669904539
0.04018453620369934
0.04149489678317605
0.043053803534609664
0.04335010157313444
0.04207264291029899
0.03962368630377986
0.03766996725393689
0.0376986738115807
0.03920414909567406
0.04087945153481267
0.04087912741514228
0.0387224748093936
0.03495490635749791
0.03172139631867768
0.031031896645096278
0.03177898097726523
0.03393564523164753
0.035353578860322914
0.03712290229447988
0.03865410841699861
0.03876845184450637
0.036425405464214695
0.03218546713499406
0.027836491226590338
0.025674068914083623
0.026241579498036547
0.029973400612552038
0.03477978630209617
0.03910088696762341
0.042113937785119154
0.04358486890448089
0.04358979711657578
0.04283501070404908
0.04206079366810112
0.04021241728850923
0.037962703874899764
0.036008057568208116
0.036665343962025
0.03814063822621818
0.03805147807673781
0.036717791617785156
0.03640050296781309
0.03644740833322654
0.035841801642578865
0.034628708590532346
0.03373710702516969
0.033560062269292104
0.03376566385080105
0.033732287095729015
0.03308053328324981
0.03202854150979941
0.030806170499334727
0.03069758562660023
0.0322061890957732
0.035597947668446
0.04077491335863207
0.04621086242564713
0.05011536676907935
0.05157175413660293
0.049835931352515524
0.04693616825956531
0.044248309569652616
0.04215423941494562
0.03978835214166916
0.03792701787535892
0.035796063010133786
0.03442984167511986
0.03392238184863116
0.03431824793472165
0.034472258660232395
0.0333801792916382
0.03143176555873317
0.03036905091984034
0.03049360843729927
0.03244050580624409
0.035490588378092255
0.03817897041480135
0.04004726574170347
0.04164122262469698
0.043978469886583035
0.0456106898963694
0.04632933419537192
0.04584788707023023
0.04503875224156748
0.043889760339082685
0.04151731245415687
0.03714210265111622
0.0336593835880708
0.03211087071726245
0.03371053488531512
0.036724824593858535
0.038501868049014426
0.03849247128841595
0.036069799157106855
0.03305438991917764
0.03081759407256131
0.0302605406457951
0.031012047908694322
0.03255917049045235
0.035002974139639306
0.038653127035765227
0.0423768534556576
0.04587573858758145
0.04704241576850287
0.04649527433980196
0.043798543325207676
0.04019252301133792
0.03713897020602412
0.036328328149370454
0.03809899790107821
0.040441147384329225
0.04172640540300712
0.0407345795685607
0.03756068040125361
0.03447384809803154
0.03263445979131337
0.03167600172973885
0.03224456416755768
0.03267790574542375
0.03386985859401824
0.03485442993669207
0.03545982128614825
0.037053090229244245
0.039521304004322945
0.04302774024657068
0.04691009763810428
0.05012277195379413
0.05228509516393189
0.052809269477967734
0.051555269771338286
0.049332047862254036
0.04690041853514732
0.04364543038737755
0.040797666924192046
0.03869432405492635
0.03689475458848664
0.03490660626510865
0.03350304993001085
0.031775353349295765
0.031131298018207965
0.03096638818776956
0.031163673798383307
0.031979247319656665
0.033685819296792076
0.036420370349934346
0.038893977364288325
0.04080792602213185
0.04200784236328414
0.043266955244968444
0.04580073291096523
0.04913765519874242
0.05237316468205662
0.053722807454536704
0.0543043487332596
0.054405205517048034
0.054595299527240036
0.053598595314092126
0.0502207147380168
0.04568098154498839
0.04134072274281434
0.03901770507896624
0.03946569635480458
0.04120564655453314
0.04140060786905516
0.038752892835766634
0.03486674441359423
0.03248718300981021
0.033736027092214106
0.03784876981575632
0.042533258281588646
0.046002003092381095
0.04812266879927365
0.04940836001108737
0.04913770468645128
0.05002940616888383
0.051780241344461485
0.05428616561105827
0.05377164599947942
0.05081499433049138
0.04885844506357427
0.04842786995067067
0.04907840064564747
0.049686791748898264
0.0492770381773877
0.04737798426539849
0.04466293675174034
0.042183304278476996
0.03993859164697455
0.03690515868909479
0.033641032534246045
0.0316567498129937
0.03105433606728137
0.03065257290461621
0.030578908109156824
0.03196506371262291
0.034498232948257226
0.03886291557195978
0.04413006141484134
0.04797336573863987
0.049506111412978386
0.04805816625656844
0.04480424472191217
0.04186359309775597
0.04147334204150476
0.0445758670355105
0.04867964352558205
0.05046341708903186
0.04885211716327298
0.04519821701050419
0.04190088563910476
0.03970122465397728
0.03871277143285182
0.03922092219737939
0.03951395320842936
0.040015633767822724
0.03997804583837935
0.04046058182602292
0.04117929085870928
0.04160054536688188
0.041527637174439545
0.042174613896297036
0.043229954503978055
0.04325929377858882
0.04334816756349695
0.04440930187854872
0.046958916911018264
0.050175575006143
0.05318027954580657
0.05446562374122735
0.054330001468553345
0.053359225361247854
0.051743428414116055
0.04932585001794359
0.04637818022753829
0.042975765755308336
0.039805767938725096
0.038654592698779425
0.03968930353049908
0.04124032455989073
0.04188559204541217
0.04013829470132693
0.03701255760604831
0.035077804635917
0.03655752868247736
0.04117156985016652
0.0461537835256395
0.048700704158975504
0.049723797663350465
0.0505352180140806
0.0514095186774208
0.051181208289435266
0.048847186488959964
0.04580657052273017
0.04477180113512017
0.046938045537587826
0.05147952623177349
0.0560609669838394
0.057777599011769605
0.05593219590472821
0.052363703355015244
0.048758554004611494
0.04614500460286536
0.04542152206759155
0.04500478161247053
0.043667808055919355
0.04113305986416831
0.0410866629912034
0.04096906545776532
0.04016156515745228
0.03875186443677884
0.038183250598405334
0.039004293971673876
0.039959922244804255
0.04165501833850955
0.04445765259092212
0.048136984871092664
0.05032677680564841
0.04994302756484408
0.04856242622191606
0.047028148829127765
0.045801226848336256
0.044496370520654395
0.04344285233615516
0.042154714534751905
0.041051878184621304
0.04112232065049715
0.04211530423218669
0.04250130027313046
0.041446851624929906
0.03907811609702621
0.03723648645690576
0.03723099647107978
0.03794928494602225
0.03920034425718455
0.03940083213944056
0.03854100546100897
0.03820159666775583
0.03794966913630885
0.03896828161638226
0.03919276028960561
0.040584207618581725
0.04377992612757345
0.047569996348729646
0.0529848041813416
0.057061737746345036
0.05917393763663275
0.05783170207807303
0.05472116417128116
0.05190562118168401
0.050857278167833087
0.050414098558017366
0.0486776964651684
0.04486800143612059
0.04002472230489965
0.03618237410367763
0.034846645871863056
0.03602597787734421
0.03666830286796024
0.03668243326354596
0.03558274650291381
0.03504430594761928
0.03450639920668382
0.0345245855047164
0.036915109496547416
0.041474922879429374
0.04568578237785381
0.049021209434536785
0.04985796790688088
0.0499504670306704
0.04868213316198077
0.04856904272793
0.0484324603876742
0.04792952856833521
0.04755168839368032
0.046916500306884254
0.04497557399179654
0.04234010296976894
0.03959706049836961
0.03794225448300977
0.037261930174342074
0.03806678142387724
0.038681312261764085
0.03933938975362674
0.038870362585536875
0.03832679152490049
0.03768686055886746
0.03804886325563047
0.039076265545514986
0.04025899228067637
0.041667778043868196
0.042293472450805204
0.04229690876827208
0.041709949010345304
0.04166050515033185
0.0423987714419179
0.0444154167116447
0.04627452653991272
0.04827652393796424
0.05070886306748851
0.052625835859332164
0.05359735416926959
0.05269829911446021
0.0488327921188029
0.0450048523328868
0.042499874850834715
0.04239483021660658
0.043247477374155005
0.04455860423066367
0.04391724558743336
0.041423247428412094
0.036506088566894
0.033228138829857375
0.033521530333193855
0.036911726444200384
0.04080947662328897
0.04377481087208059
0.046079269221432816
0.04696523444338962
0.04729810347259704
0.04768127860380496
0.04743955761601191
0.04599832263216414
0.04385316094857332
0.043974919435966646
0.046789814955682595
0.051695141472636964
0.05614934927656227
0.05797373395202087
0.05601360020091504
0.05212814834426602
0.047932999600203176
0.04506181292176928
0.043678804698756714
0.0426445076831314
0.04231660521798379
0.04255323461484014
0.044113025555024304
0.04572748455189413
0.046842421814001264
0.04731716953101483
0.04769345446214693
0.047614574576686414
0.04797823385926697
0.04804739453130242
0.048729176043316565
0.04849560974394318
0.0488245565763281
0.05073273369857167
0.053161466886480734
0.05479980238992564
0.055271037281752006
0.05560860465431708
0.05485705342612646
0.05357688231220443
0.05101510961791617
0.047020667198059855
0.042873542770610715
0.03974061963007975
0.039329479012398354
0.039531065670479024
0.039153369513056736
0.0366697985030707
0.03484178038837235
0.035081761084555595
0.03811182490381333
0.04232980657749564
0.04573232416358446
0.047972530984340345
0.04843293141795743
0.047173515212546945
0.045083043398074965
0.04431159180475431
0.0459234116676088
0.049382291580275996
0.051998285041974304
0.05298493338694466
0.05202254895244794
0.04845117613225287
0.04449284186907823
0.04260809807021188
0.042839192439311474
0.04390290657405358
0.04495667996958184
0.04641366882779481
0.04688342579703127
0.0467143696873977
0.04459921095911249
0.042363838430336094
0.03992491000641879
0.03755514160072139
0.03579162464550768
0.03461588040108589
0.035076266095509574
0.03725781946397884
0.041584953164368166
0.04662543193202443
0.050838314756737384
0.05239468353703811
0.05246118247709675
0.05120270184230036
0.05111505139390547
0.051186337715631726
0.04975244604613041
0.047865001590733244
0.04518271079664884
0.04215040735088668
0.03901409523429393
0.037475640294434315
0.03691067500459666
0.036851004783853614
0.03635460093266946
0.03570632000806159
0.03410748377183089
0.03428380760369048
0.03679562987523203
0.039952532413740055
0.041759853080212864
0.04063216165411784
0.03890464527130474
0.03763163594842546
0.03874984255901971
0.04169754316344303
0.045811371424214986
0.04867354340667388
0.04840862729316423
0.04549226671743689
0.04225781894379749
0.04083595555750385
0.04181085334420417
0.044346937555008216
0.046055445990248155
0.04596335085902481
0.04455814767656596
0.04245015975431801
0.04080108487081822
0.03958623054874849
0.03814723985701222
0.03711292240419347
0.03679205488521993
0.037427362278837376
0.03762901375722077
0.03861327952195169
0.038077910336655356
0.03705505865753914
0.037253695295648606
0.038196392787746246
0.041126377937260046
0.04385111090296887
0.04621330258163786
0.04687612617477566
0.04693784754837919
0.04672261077469689
0.04711795396920359
0.04789086075476867
0.04816807997651892
0.0479866202109459
0.046363353246689026
0.04370836242625953
0.04044892068240505
0.03885597199031778
0.03877492707975464
0.038970633367235184
0.038115728339763864
0.03528697361254557
0.03115857159416267
0.02777355559989178
0.02665634074600457
0.028175289535328454
0.030739717896694958
0.0331802030336672
0.03590968450796604
0.03860850457158281
0.04110186636010796
0.043266583650637035
0.045791686688476156
0.048218052732894305
0.04955518387104985
0.049722784721808286
0.04890599980134274
0.048863798859495086
0.04960867651456704
0.04843155128585235
0.04654891412195409
0.043588938930234765
0.042104996514133596
0.04042454362978935
0.03880768486296182
0.036073393484579906
0.03286665324882685
0.031529005969389436
0.032871695570655
0.03706534551803281
0.040900217606115334
0.04286083234170933
0.041814715243057986
0.039758989770227945
0.03751529844463595
0.035677010644072554
0.03521400762997087
0.03712079883456247
0.04008467584469265
0.043762057077198685
0.044849634043005904
0.044948267705583356
0.043714153769583
0.042746382516853657
0.042038576131673736
0.04233340909339524
0.04278905193156863
0.04336551701975947
0.04407683040275815
0.04321768217087531
0.04085485270661984
0.03803797483464786
0.03632566367892245
0.03532127563013699
0.03500190094558191
0.036582120964946736
0.038787151427300263
0.040176862881532285
0.039936679884674975
0.03875453608104208
0.03835166944343285
0.0395577936091447
0.04262802198821366
0.04408362293721337
0.044112050984379314
0.04264512185270786
0.041383533981173996
0.03917356389421629
0.03642167215000993
0.03317619228700275
0.031586015715792316
0.032665484296169556
0.03614219755532335
0.03971721404563894
0.04048242035620203
0.03804539061409106
0.033686351099583185
0.030958685864115532
0.029958760932961213
0.03237444542660958
0.03656096668110514
0.041106369936118756
0.043819173931175036
0.04370186047427819
0.041477811370283675
0.038674570499378
0.03676334917230828
0.03574234147571677
0.0355045102984425
0.03630243538035659
0.038507940644871966
0.04014259980566258
0.04016106675908794
0.0378245605965277
0.0349016661600409
0.03212869696735194
0.031159552795314058
0.03166661783135021
0.03222998800785679
0.03225552098297898
0.03220473829874522
0.03240103773404191
0.03341084020925157
0.03392619311580517
0.034084870534062096
0.034353691500511825
0.0370905550943705
0.04144774753086805
0.044409281184894726
0.04543295034038753
0.045121835192922406
0.04393541355892431
0.0424274059636537
0.03920578140034667
0.03652959176419443
0.034488569555202686
0.034910207226879195
0.037085587350806
0.03925873160574711
0.03962909970980994
0.03939602359533493
0.038758086918343426
0.03782780912453585
0.036545961590474726
0.035732188682513884
0.034584048495589596
0.03568158898353661
0.03834371706163901
0.04059605933121344
0.04050893537753569
0.03911991337805543
0.03785866938949452
0.03727670809990821
0.03657108627993323
0.036964833638871104
0.03741583599582581
0.03815813991493702
0.037764433812448005
0.036822192131125184
0.037436426685833364
0.039478946317600794
0.04082521936225544
0.04023911737252967
0.03750102485386861
0.034331757376013176
0.03279941591164372
0.033735957322471914
0.03731044579365333
0.0408722991431776
0.04243822966607712
0.04253163951679033
0.042000512788494364
0.041205918361230165
0.04109727110204851
0.04169934713642928
0.04324114937005807
0.044277167792956484
0.04479381228369305
0.04446004166345152
0.042014083059786766
0.03996563124664113
0.0381949791353305
0.03875132149853989
0.040036162584385186
0.04059124737106
0.042047951620425156
0.04378628827681806
0.04520366318923369
0.04344828939923774
0.03943015520853692
0.03708876430556492
0.03829046706838647
0.04148362911271902
0.04486974675098501
0.046571572855318
0.04850640146292597
0.05021828193163961
0.05000483172157801
0.04838368943911046
0.046527714722065336
0.04572809153674608
0.047138389549639545
0.04850070528365418
0.04884112951390721
0.04828144327100874
0.046817625444374955
0.044532796803687553
0.04089956357514773
0.03803966652942506
0.03660498090504387
0.036466794558578014
0.03742882179957387
0.038620702216135505
0.0399151232710123
0.040094940028622454
0.04006356242745371
0.04136132690557606
0.04456811152786386
0.04894159433229371
0.052529309473062336
0.053165961973483444
0.05105030547964873
0.047519791942863196
0.045028804857261795
0.045270206676955964
0.04663548571005513
0.048287122679377084
0.048898100588834544
0.04817278357937888
0.04683981027721229
0.04591717983503382
0.04339707474071171
0.03999230807998707
0.0365096169404132
0.03451497766722942
0.03415009867622888
0.035857683197448906
0.03842919607967286
0.03984475233921913
0.0391963157099952
0.036580058297296165
0.033950323690881794
0.03267898041132318
0.033446666552522576
0.03577856823258531
0.03899553271003297
0.043481790344591355
0.04945702180551803
0.05495265732574369
0.05695555009934698
0.053800930496077926
0.04772147725393147
0.04212449956117776
0.0393934298211797
0.039630097091624746
0.04239684746688831
0.045899337111361314
0.047459538131596875
0.0473428724107783
0.045845136228520295
0.043710558440229634
0.0422800123944812
0.04185611265283495
0.04261648102925594
0.04306445778368124
0.04380971485054069
0.042900395833904925
0.04293347684346673
0.04426579329009577
0.04561784163157156
0.04614848857615621
0.04583878278296215
0.0457238173233353
0.04704934941039643
0.048909032073013316
0.050254196157088794
0.049266478013414806
0.046736477556872706
0.04442650740685762
0.042966488657258
0.04339727730217844
0.044468514766630586
0.044784663752684244
0.044348480492845045
0.042802358525881275
0.04120291905327278
0.04019099223211672
0.04061515785755055
0.04133989538972922
0.04027509127375354
0.03677065443470664
0.03388576051930217
0.034142370187560854
0.03760274632405037
0.04353805542161003
0.04800346286681981
0.050468856594884856
0.04963663331883245
0.0481024513315788
0.04704324311377132
0.047196073196666966
0.047803282312714135
0.0469060362413652
0.045099503410463156
0.04287383679973802
0.040402706911698345
0.03717278734700086
0.03418885274234963
0.03312987245432825
0.03460877040024883
0.037351957634872625
0.03833286552202695
0.037797819652243825
0.036530324546153015
0.03577156771860163
0.035189099128358485
0.036391830340379926
0.038173487039387666
0.03951079791569697
0.03909517267739544
0.03780107191116525
0.035655619626382036
0.03429136180963014
0.03473252606372084
0.03626295942234528
0.03878872605530458
0.041866336321925664
0.043642793827900365
0.04444866125241281
0.043476549387132885
0.04146637737865907
0.040100061146736116
0.04009855751805575
0.04202663416838493
0.04483374771010981
0.04720016734158114
0.04770926803981157
0.047105262147453114
0.04530741968234345
0.04501283980652575
0.046012108889341916
0.04728648748432499
0.04749889591601068
0.045490824853704565
0.043114504589529194
0.041941082943358236
0.04174527025102165
0.04150684983986813
0.0401871136386305
0.03708970441096161
0.034277835155070394
0.03334975182750091
0.034967833161166056
0.03702577507470153
0.03824539737101813
0.037988185011719855
0.03726568748067853
0.03714675873370128
0.038277696313298956
0.040663385824040374
0.042262952700332264
0.04214994041028727
0.040289054117751064
0.03932172968362653
0.039723132522752794
0.041002330565459925
0.04138872065781977
0.04099237299664497
0.03897353703160436
0.03650353642484757
0.034491215151458594
0.03455442880285974
0.03656576572560814
0.039526222964379146
0.04183497404620094
0.04426226724058117
0.044933845394684174
0.043897837218805316
0.04122618838148311
0.038351858220594816
0.036709335293366716
0.036555337994751455
0.03762495214097758
0.03882604397718733
0.0389807596849848
0.038629970006897205
0.038581700417231336
0.03924030345769753
0.039544783853710186
0.039574397729795964
0.03866910163652674
0.037321953835323586
0.036703688773781794
0.03798709764282007
0.03956424055346059
0.039609350052176355
0.03768113137687749
0.03525134721383897
0.03394277458173237
0.034601586075276906
0.03831259270359214
0.043001452897116134
0.046381765980836834
0.04823293171721102
0.048690985384070434
0.04873289302127168
0.04832429868135686
0.04658090195985816
0.044472767836142735
0.0426443302559551
0.040616328600128884
0.03937000654981865
0.03946932431320962
0.040639886555788
0.04141862954320123
0.04184548415007228
0.04134210563549087
0.04052803349553887
0.039497359486785226
0.03883226662857655
0.038486665478430826
0.03820773242822666
0.0372849721593793
0.03718918214703188
0.037077338804909765
0.03765541765705128
0.0377463648258912
0.038739686969267696
0.0387016637249697
0.03887712649313029
0.037785925320636786
0.03698811364391071
0.03725494495954564
0.038529224317752665
0.03979199626602228
0.040057401023471495
0.03962941899115338
0.03923722967577036
0.03910227003550101
0.039219485559397804
0.04003298113779939
0.041098719840968675
0.04155548546274634
0.04075810344159922
0.038403606522271615
0.036061809743956036
0.034080066712027075
0.03479161454332994
0.03702621628972173
0.03958851808968779
0.04149264195739887
0.04153158098199534
0.04076154895087322
0.04022007961111167
0.04090993303790349
0.04325388312696759
0.04688801863192504
0.049650920011587794
0.05071648610197324
0.04988761299969586
0.048133606650378344
0.04616159737236118
0.04335196141570043
0.04176346235591237
0.04187138310406627
0.041685701596742404
0.04091998378237414
0.03965596570392347
0.038119337283532645
0.037735827334004234
0.04002047538969323
0.04316058801182334
0.04757145762679603
0.050777914634446045
0.05248502802836216
0.05136649647723012
0.04811255379390507
0.04426632178661574
0.0420344576455104
0.041892768951850394
0.04334951814922337
0.04536049534695391
0.04553344854993024
0.04220477288167515
0.03771942972294291
0.03474879865995216
0.03549922186352542
0.038316080589616296
0.040190287537018136
0.041054079619565025
0.041622215803672556
0.04228543839961974
0.042588652780062866
0.043157479718398395
0.044661920414834584
0.04609083054402341
0.0463550898737219
0.04551475033007228
0.043778159926400925
0.04217463391961009
0.04157942421072519
0.04270730275484749
0.04464561913449573
0.046942330385227576
0.04783721626384207
0.04686224213792093
0.046078568728536086
0.04544671547591566
0.045524864431558225
0.04510194020411871
0.045284460248921465
0.0480491890437498
0.05157212304872998
0.0529583080968741
0.0505782471431161
0.04515149849313792
0.03978769774657547
0.03610504898014155
0.03661688627209757
0.03984290290571789
0.041975450600359905
0.04331292301448435
0.0442688925999458
0.04739018102488459
0.048988412396628524
0.049299456102528505
0.048491921331048495
0.047116239575399996
0.04593819221270125
0.044473062748297806
0.042454755430996305
0.04085262154183659
0.04015262822375502
0.040675514025835025
0.041178393724711285
0.04220736498932872
0.04334754600163597
0.04532853927578472
0.0457763528670609
0.04483688837390483
0.044292805807777384
0.04421231199024918
0.044239834478555236
0.04362476013563891
0.04145071397664209
0.039176281991218566
0.03857265201920377
0.041116422488618465
0.04498341507523576
0.047098992053388314
0.046687622302857334
0.04377154210922817
0.04055251727596829
0.03897173972305848
0.039102009787246414
0.03883315825359933
0.037122141850009324
0.03551638620026068
0.036179431447678094
0.03922172744641993
0.043096832257738006
0.04533503491140727
0.046012039549992306
0.046420015127186715
0.047289778618595894
0.04684619254105658
0.04567350118093719
0.044216354535411125
0.042978488064351776
0.04209388945130057
0.04130283656129506
0.0412603802948853
0.04133740917546074
0.04170267533115634
0.041183111833253544
0.0402001378221312
0.038625176972518147
0.038404720958369234
0.04087542189115049
0.04463923686844326
0.04748636981694902
0.04741650233628002
0.04534819518935379
0.043599057645137974
0.04304255247030937
0.04427567491028449
0.04569078729234756
0.04824605392293348
0.05100129093383941
0.051090148085719454
0.047143598330936835
0.04153516294811962
0.0373292444664966
0.03665286189092469
0.039375453717773644
0.04341579732160179
0.04613615981851524
0.047247334868376845
0.04878272377070384
0.04995235201341248
0.05038132267624798
0.04770641533556233
0.04255777438337493
0.03779569326984503
0.03490745060161632
0.035675118526795044
0.03878552294894252
0.04226188145173642
0.04490135486969503
0.04471196068040355
0.04333439661377357
0.04173541485821248
0.04050057397414548
0.038358163262821585
0.03547064166665551
0.033940220026793255
0.034224392231739856
0.03535191397096448
0.0355228834257198
0.03503466334244085
0.0342862841607529
0.03385795110723288
0.03437600360053751
0.03658918315565886
0.03991038112196119
0.04251107810214582
0.04315142416944746
0.042779478360115065
0.041842715285175434
0.042127719448519056
0.041631055082617205
0.04033152504834999
0.038758914994942655
0.03938496715319876
0.04088065558646788
0.04151616834268827
0.0407787923159108
0.04003338840134416
0.040662447786852615
0.04320080800821449
0.04533895045066946
0.046499902558296544
0.04666428402973748
0.045790244067156705
0.04527412410828855
0.04469284865378076
0.043063726708799335
0.04080670791499274
0.03891043700582437
0.039340548030138124
0.041655308602175346
0.044756002791930205
0.04620946469166961
0.04578909658268155
0.04481356818336465
0.043425644929505514
0.04230770101897583
0.04105169222825323
0.03959089897467488
0.03845981365797081
0.03832840972943459
0.03890423787090948
0.04033536060333165
0.041440780983526646
0.041587463428028076
0.042176382801877556
0.043060574208658525
0.04265159685429559
0.040892875484596074
0.03985991245470067
0.040970553842988554
0.04277167470653688
0.043736928441313244
0.043177865259499355
0.041252112424109026
0.03845609855067531
0.03538656967595552
0.03290480136700096
0.03176863134144212
0.03313136278279364
0.036264124737733036
0.03966668732126385
0.04058075922141536
0.041072102773281265
0.04099233965348277
0.04192185231902851
0.04266811613769647
0.042888833261533775
0.04284636554984506
0.043204663990235
0.044970074516612925
0.046964336646904005
0.0462997487844443
0.04307833055700043
0.04017753289816987
0.03982358916802401
0.04311060919367867
0.0463852248400187
0.04705935695567999
0.04539326364094295
0.04326251626580176
0.041623812283590335
0.041741201393310966
0.04270162343502915
0.044107326636609115
0.04444422828449109
0.04448776548479399
0.04445443695132693
0.04473540608621445
0.044071365113233354
0.04263191611696145
0.04128352231343242
0.04157897264718494
0.044289227396505544
0.04769146780320972
0.04922573308884988
0.0490149640618409
0.04838998317850378
0.04856987181039435
0.04904543464787595
0.05010145294415446
0.050260513623479136
0.048934227521078476
0.0471384357875295
0.045542908263994944
0.0452645435175849
0.04582304411520858
0.045259441908423
0.044318014908128756
0.043988772072218144
0.04565222787118302
0.04778887489437738
0.04926038093959196
0.05012531976675322
0.05026994891044422
0.05061575182571382
0.04994144974735256
0.049237448565137364
0.04755586883186189
0.04567443669601631
0.044951351839632205
0.04533104810445818
0.04640025122170053
0.0480281597492476
0.04843887491507313
0.04784265121886003
0.04567399589147096
0.04359433786217845
0.04217074606813357
0.042990066668295246
0.043779970311160495
0.04456308646941545
0.04555106408443837
0.04711874141307851
0.048657128859683006
0.04884139186987876
0.04838562420354076
0.046702426501878135
0.04459595474445054
0.043180448290741434
0.04354245402565554
0.045061480727414976
0.046703687992152236
0.045913261443645374
0.044618254006059684
0.044316235099553535
0.04527910695040599
0.0468903978568086
0.04781603494760611
0.04885474697942388
0.0491691231532535
0.04874665766362202
0.047041475903858314
0.043264421979554206
0.039338685922750985
0.037393222693864706
0.03808333660225966
0.040203892997444646
0.04196498462789393
0.04187732269143578
0.03997801752891529
0.037390283634485454
0.035710623753590395
0.0347333291046299
0.03547433980914803
0.03787981346285947
0.041861437170805406
0.04545638866809021
0.047130492244969034
0.04794456240167844
0.048635513899813326
0.04911938198349597
0.05013084628396669
0.05037225053623333
0.049694779995792235
0.04837106000296236
0.0476566112168397
0.04867478373959898
0.04961540390968353
0.04924844835584895
0.0458725656169803
0.04202654984620641
0.03892360420934243
0.03858487118247107
0.04028006681846104
0.042652289142667464
0.04463632706042939
0.045910406503312656
0.04469499892388638
0.0417537634101486
0.037990191608791656
0.03675452247732357
0.03903788471774454
0.043607596861361377
0.047693565754044216
0.05007526559960855
0.05060863729723108
0.049001393674668596
0.04511390803690503
0.04001241466223267
0.037024307326416594
0.03731498583318929
0.04059108840628686
0.04499355607469953
0.04784133667046299
0.049312394983577326
0.048491942870948775
0.04696652879694743
0.044970900678700174
0.04372607530469155
0.04300847331213137
0.04256289125715152
0.04201106814278444
0.04206660224208107
0.044613677476273955
0.0482471968692641
0.051756376628193185
0.053796624332192934
0.05536305705191932
0.055957865242739845
0.05503264778128911
0.05328945144042173
0.05044004472916381
0.04819061315508667
0.046360771477123655
0.04493134799696918
0.04410171059152527
0.043316049718225495
0.04384750804737055
0.045618215988044324
0.04730407092189853
0.04851730176695097
0.048816524062532264
0.047824731675744796
0.04743184198719032
0.04685371859560962
0.046862311348784824
0.0469165316575609
0.04496958412794877
0.04306263091617639
0.0410477547855279
0.04023105434227724
0.04067203053530092
0.041070146554742476
0.04138517061375224
0.04143761505955882
0.042094030095781686
0.04323552349879163
0.04469898524181912
0.04560176851700831
0.04538149666131488
0.04397515918569337
0.042436684921686174
0.04188906296415118
0.04112662126840115
0.039738524319774884
0.037642766335359075
0.035534487937906416
0.03531102503784818
0.03605284390847291
0.03667066082500218
0.035230961091488856
0.033134136693708856
0.033621939752317066
0.03729148120131986
0.040759751758105256
0.042130385773449484
0.04015411471059471
0.03839534884807259
0.037912427170398534
0.03968059785847006
0.04159696112541663
0.04219699772749214
0.040819784102473076
0.038736339213676765
0.038556816454120534
0.04038335025631482
0.042401185341491864
0.044066865969841496
0.045284543619437324
0.04670539443908207
0.04756853216027121
0.047607306620866804
0.047449060148757355
0.0467179057132347
0.044798927042117166
0.04205386373340083
0.03931965783939252
0.037767235590461114
0.037942219343550035
0.039165460543227205
0.039552040074848936
0.038948470203023486
0.03819844223862311
0.03724170183243676
0.03714992255391375
0.037505834686062695
0.03883254447880802
0.04029839053988732
0.0408030403281622
0.039599511739029127
0.03784527971754137
0.03703678319295621
0.03799503892915789
0.039431930974414754
0.040303615108935625
0.03980560063776064
0.03845807564977146
0.038225981861184595
0.038152093477911285
0.0382124037275768
0.03754608270176113
0.03788300520574019
0.03980075006869946
0.0427681074510114
0.04462465427757978
0.044852409004155026
0.04369172978225495
0.04220958002842151
0.040322706144508794
0.03948643000356443
0.038341832626359575
0.037227255388382056
0.03593792876435976
0.034352171221162534
0.03349155372031871
0.033050320170816806
0.03437787710750387
0.037108963416745716
0.039961901152079336
0.040996893383011344
0.03891984515647815
0.03577510513296383
0.03481542154830311
0.03717705954862731
0.04068761848146107
0.04377421425149909
0.044909265244150696
0.043728119736561516
0.04102652024870075
0.039058960743966566
0.037573840772030596
0.03711892298209404
0.037421983056573085
0.03819435009889065
0.03820543373530374
0.03831174116912023
0.03843084046647206
0.03941764721803071
0.04061553287086116
0.040810819451198625
0.040499963751051034
0.03939355496784004
0.03847792316007377
0.036777833004991774
0.035266829916486574
0.03447817227735188
0.035351620608046606
0.03656496555242698
0.03906317816992326
0.04134658416549626
0.042502939418447815
0.04164609457315726
0.038693293718750084
0.03628078198543353
0.03649837489891249
0.039266419488229405
0.04410848979098903
0.04844443348286976
0.050413853222724535
0.04964793600738199
0.04779299143164921
0.0464835829533088
0.04556058971255784
0.04352782794159355
0.04075932375330152
0.039343013479909775
0.03906744378999148
0.03917138877210796
0.03925120334946975
0.038087303192764314
0.036796392404638195
0.03518008078047984
0.03376799247680578
0.03340438064716807
0.03404570334747531
0.036383844612102895
0.0386073418602618
0.039689275852980724
0.0391950406548008
0.03785549822225219
0.036894163852289524
0.03648759432688107
0.03756985637523775
0.03987977735507365
0.0411577300926722
0.04046513817494916
0.03860738296090904
0.03712889861483283
0.036414709887699466
0.03627299010042394
0.03511392436953348
0.033832025557132196
0.03267253377937577
0.03280617971040333
0.03530928404105336
0.03795607858035475
0.039820118127764176
0.03943748680095427
0.038061488927826584
0.036824801635248754
0.03694139837674133
0.03845822768416144
0.03926654884090926
0.037140246108117614
0.036044243090503185
0.03682120153059789
0.03985116005160876
0.04255838900280902
0.043572612632017484
0.04126739777068937
0.03685752336829122
0.03300632630156527
0.03227393071139254
0.03416442351488632
0.036571080097013396
0.03881638045412954
0.04003984834897977
0.040359310654920114
0.039170627773736186
0.0380502929943378
0.03694349456651515
0.03625741725202943
0.035943773126241266
0.037301637781571556
0.04029374970136012
0.04227860480525555
0.04367911077915868
0.04384541142540487
0.04344919934208387
0.042130104193846135
0.040370195148402004
0.039469403057078536
0.03879008669550905
0.03729322296625512
0.035959019868034146
0.03647031637577639
0.03885341734857185
0.04032342563302282
0.0405032616951852
0.040038657375315666
0.0403279589599816
0.04065973298222153
0.040086541445646176
0.03858041955301756
0.037556943552475575
0.037664909617029195
0.037585181284588404
0.03679310354570546
0.03623214455467185
0.03630801226452782
0.03815955838596784
0.0402014111266702
0.041268851851093406
0.041485713289561264
0.04119800685892041
0.043024507494605985
0.04371257617028468
0.04339344220909758
0.04122384505822709
0.03955511848154629
0.04023839812764813
0.041603017656577375
0.043639183941235636
0.04476487322686973
0.04628312045523328
0.04807577711196793
0.049383047907423
0.04686215514778537
0.04100798048171408
0.0348137525053717
0.03142365762884833
0.03133727691713283
0.034259673374545246
0.03747538494398556
0.039028880431770795
0.0389542073754656
0.037575908273205706
0.03642746001344677
0.035568287116213966
0.035027221902072504
0.03449283727944449
0.03545798995015632
0.03747305576610982
0.03899857062497617
0.0386579096416995
0.03672828158107899
0.03509111892135801
0.03475129130005175
0.0378228571771526
0.041641338261033146
0.04429419014276675
0.0446683198402276
0.043703131723698406
0.042175307171753086
0.04025538614056946
0.038451031185812355
0.03702846925187673
0.03640066637514849
0.03646978263521734
0.03664939257567835
0.03563908003709802
0.0354733608172753
0.035838097347101805
0.036860636535463204
0.03832815241763741
0.03909051112047433
0.03853618346511771
