6.182227124907199e-33
0.0033768309107680954
0.011175733377734783
0.018876960647138993
0.024128130420925445
0.027900973421881574
0.032559373551366864
0.03970703792111352
0.049395706793478454
0.05944196129675814
0.06671065108792106
0.07159733309238814
0.07600885470827484
0.0802164089685408
0.0819664448368949
0.07913938517892553
0.07239025768023742
0.06451245622228048
0.057167969652879194
0.050382333003113976
0.04324708197621016
0.03561627615734918
0.028155828029335476
0.02176058178771987
0.017275607560265253
0.014925871191487609
0.014497537106755153
0.0157576195403007
0.019279351664028117
0.025582598288882784
0.03419768221398137
0.04421613720980503
0.055838934006911596
0.06954539665793262
0.08481667343648455
0.09950515959072058
0.1119948036488409
0.12191508477990842
0.128722962071649
0.1312585780003699
0.12928278766034856
0.12486531020274531
0.12093620562880376
0.11933583944312458
0.12006727806463999
0.12227343449126431
0.1251731113405279
0.12734643321417294
0.1282725534388184
0.12852088796111635
0.12890608454127722
0.12938804470629803
0.12924223299277215
0.12795487648611575
0.12695618795135244
0.12836678118567418
0.1330859581236077
0.13900040500974936
0.14367590890366633
0.14627505394542067
0.14786277732622946
0.1489629082308224
0.15032540690615384
0.15300309087026873
0.15736113498881246
0.16188673407884485
0.16379745093412879
0.16022128126107715
0.15059790418554372
0.13764123919860505
0.12531038684891474
0.11558052058603084
0.10785869904952687
0.10123686062892022
0.09506673017566912
0.08943172582000786
0.08550665899362846
0.08330717695028594
0.08159002393985056
0.07928205321436423
0.07644557768727027
0.07433740162405539
0.07391763788688671
0.0748143245241541
0.0764605426966823
0.07873862524189243
0.08086934379947752
0.08095126743983438
0.07949525927010957
0.07809381574540487
0.07712609942944965
0.0760081614278435
0.07447358615162375
0.07204095856861417
0.06799194792096175
0.06263749411952574
0.05666346687877115
0.050240713978031586
0.04322199246447338
0.03672061402927916
0.03204776684672026
0.030293949621255447
0.031890074519060355
0.03524931597403363
0.03838946221328179
0.04015371411691719
0.040806683471749504
0.04146293780122969
0.04276887035619
0.04408330730224251
0.04487729194333
0.045578663974170056
0.046354240827447366
0.04710470959302619
0.047559722927518026
0.04671390331122387
0.0439630158861367
0.04018480036751612
0.03698329569676174
0.03523793087888095
0.035277707823764666
0.03703538508932926
0.03920445020779914
0.03964672009725117
0.03715250976141507
0.032807612523563574
0.028502280247016294
0.02605762572486812
0.0264784892866553
0.02972488001262467
0.034729941337290564
0.03987669989699631
0.043725097046769336
0.04628323649809374
0.04854488926612508
0.05053805245636333
0.05093516773082293
0.050079820579013404
0.049628238284622574
0.050408252188221196
0.05167780400429042
0.05138350545210048
0.048076975005585686
0.04236068635285994
0.03573823063581161
0.02970498693591503
0.02581150384518722
0.025562627626277104
0.02874048461179935
0.033603585809526784
0.03754706256944744
0.039433697114664525
0.04025591040221985
0.041509100972417425
0.04396859872506138
0.04656237045232126
0.047272502819944544
0.04546111883612809
0.04307471318355448
0.041951101016901415
0.042482939426026434
0.0446761535261599
0.047871990892594904
0.05025351659970332
0.050187286831411056
0.04827602895019556
0.04497796488323394
0.040253423718733375
0.034852124404238446
0.030570256414228093
0.028226782973560533
0.027421025492238238
0.027639082404175216
0.028623001644069397
0.029523320155860327
0.02969558338996286
0.029112315541501267
0.02863328191707267
0.029675421647489413
0.032979226163999543
0.03744955836265471
0.04129637833739142
0.04415939442953595
0.047076996897014806
0.0507128733778823
0.05416606450913519
0.05628126315650979
0.05670657187486318
0.05611424436950929
0.05478127111966037
0.05245799169764086
0.04886100103172636
0.044079978068791895
0.03898559099563417
0.034825028021731846
0.03250587570447158
0.03164543524408347
0.03194913720795175
0.033255937064686596
0.034752793122130296
0.03579856553274903
0.03683651619047795
0.03793429707241841
0.0384385139731301
0.03779740224872412
0.03625376795266009
0.034357694202498144
0.032765560616646726
0.03240480476959621
0.03347682546051591
0.03547922970741152
0.03797405128492251
0.04172377254789887
0.04709286801122438
0.05226377255295145
0.05444024300028226
0.05200281317110807
0.04660192886646201
0.04116560873399313
0.03703384506866468
0.03386006340622812
0.03166876810923017
0.0309431403451848
0.03155245096931721
0.03253893799905827
0.03336625237006198
0.03392420800618704
0.034442450151171165
0.035246033186311365
0.03685845739429201
0.03956635657260165
0.04360915484134833
0.04826091399658064
0.05177941178852487
0.053030663380796046
0.05237793894239139
0.05067870580927348
0.04925812523082903
0.04826063407664612
0.04746242937236166
0.045915887351882616
0.04312546282588236
0.03994886903711357
0.0376762134585945
0.03731337847110732
0.038343377417787025
0.039300199536349244
0.039286757060723765
0.03838303178397702
0.03735251539850614
0.03645207593531352
0.03548129749943942
0.03445865232827556
0.033961972097838675
0.034394072975424746
0.035438427418671745
0.036632983083784106
0.03799802148712362
0.03991609369676611
0.04185254589839007
0.04258706763904395
0.04144726419249973
0.03905108458902713
0.03617786646882125
0.03347516326710383
0.03219946825633115
0.03345565073464938
0.03656868876910966
0.039536012106769124
0.04074049618327314
0.040188686015693774
0.03852318446109434
0.03631252546463199
0.0339544403704423
0.031687648450511266
0.03031215420291106
0.03078881862850357
0.03294466467756914
0.03544190748087973
0.03692866664350033
0.037416506949588715
0.037629157889038166
0.03728130897892335
0.035870338111147204
0.03329950414306034
0.031006552683154227
0.03055956434901122
0.031735020588951966
0.032974487322825825
0.03275432632270451
0.03098448074673538
0.028642207226051958
0.026577599586278228
0.025320535002726692
0.025271317372403252
0.02632616560631176
0.028357929871631056
0.03150100430292593
0.03527229844350958
0.0385437331005454
0.04094222076351525
0.0428463103274488
0.04398291648841263
0.04383749195751154
0.04262408516911166
0.0404879979824834
0.03786678197618586
0.03655868538696743
0.03825310603430734
0.042517135269778475
0.046372138062594576
0.04737732441798482
0.046072832282609236
0.04417314745047304
0.04224700133377672
0.040453026715390986
0.03905061361270053
0.038768042434164686
0.0395526668830644
0.04001863879606516
0.038837523913018986
0.03596019188269968
0.03272325192755017
0.030449350914110787
0.030234920623185464
0.03200237685083568
0.03439214585183525
0.03654886359079462
0.0389774680087539
0.04198153605687687
0.04550442767924173
0.04887092285995535
0.05092203033621182
0.05073509882014498
0.04863050203300216
0.04509042327701822
0.041196563997744864
0.03853661887368041
0.037729659859663124
0.037805891608160905
0.03737842944705801
0.03632805733952187
0.03588807834821
0.036715772791657594
0.037767135021921854
0.03733330654358624
0.03513868301186703
0.03185697109851787
0.029031196532321682
0.02840915011076088
0.03068089026421905
0.03447587389909015
0.03763515200558553
0.03951366192044423
0.040789871020464975
0.04224840009366937
0.044042508541597906
0.04576904016023315
0.046076563656463086
0.04421096449074326
0.041692868484271735
0.04060168175483059
0.04092820863034881
0.04111067791995736
0.039709823088444486
0.036683011329528094
0.03331783234097592
0.03060451464203837
0.028955334438161652
0.029231287798767887
0.032277371175608825
0.03720385939029977
0.04218869438435556
0.04544709016558506
0.04588313557380537
0.04390553778064957
0.0405994375004855
0.03739915007993972
0.03556067868246121
0.03520257348073453
0.036158486493333024
0.0380577208499145
0.04029188260773726
0.04309518144939052
0.046732827099031746
0.050103452071296566
0.051844727042373175
0.052188421449935456
0.051831412347075424
0.050634221071984044
0.04837643524134769
0.04575894310106401
0.043386800229496855
0.04076785447334463
0.03750887017197012
0.03507618552119022
0.03460762000816526
0.03516865903762187
0.035552195871918615
0.03577883449659536
0.03647033716230118
0.03784419762646526
0.03970789262700815
0.04157617891879873
0.04284524465515602
0.043462317137864005
0.044182029256318645
0.04545887840313567
0.04673774163314842
0.0472667732562987
0.047026580845109654
0.046762102262081
0.04687312885994573
0.04730574190155684
0.04799848215085301
0.04905556020498232
0.049688997385957286
0.04932764662306099
0.04772253026879294
0.045288577693316984
0.042908844657663585
0.041574243139123716
0.04111267601062711
0.04029341557517017
0.03889962925769662
0.038599845856258176
0.04063309574879918
0.044210406769232206
0.047489228377294315
0.049787042996070036
0.051362181512148754
0.053272992841406616
0.05561026599114151
0.05710714210255156
0.05679999672181494
0.05447285348986552
0.05102769276801984
0.04799773185367746
0.04620807366439345
0.045158088541274406
0.04363181668027736
0.04175189176277952
0.040575639506544615
0.040709396885499044
0.04188690333758041
0.043553496679702874
0.044989959032200814
0.045346163486372174
0.04394864510035274
0.04151000871835117
0.03931032189243467
0.03892203356536981
0.041137980629425336
0.04499077793258435
0.04874177246695159
0.051458931325833936
0.05225268215945009
0.05116903029926275
0.04927020269557775
0.047801955352041396
0.04720189435186997
0.04774098341878575
0.049118190280260716
0.05050259499608503
0.050435243700857425
0.04839424218606096
0.04521425492600966
0.042129811805701516
0.0399608503654036
0.03948282680654057
0.0408939316407735
0.04349230461352854
0.04604804848006508
0.047743935084824884
0.04858136411517581
0.04884954619634023
0.04908421296564273
0.049438486648289655
0.04974249911055905
0.05022530736532637
0.05135781546454246
0.05341568735590715
0.056053374945324405
0.05836497404611405
0.05972704168668787
0.0598230222492007
0.05876241840445322
0.056770125333054894
0.054549361818000505
0.052165697206406965
0.049042297429000466
0.04475437832024392
0.040082974810396424
0.03637748045143038
0.03469942877766503
0.034537030847303425
0.03506624312817598
0.03624438061526309
0.03816243285873462
0.04109950618238593
0.04456394681499698
0.04792635991337074
0.050771490920657414
0.05289718445146969
0.054176008662378546
0.054710270559487136
0.05415860929543314
0.05288739891640145
0.051863768051188655
0.05139036964216387
0.05083270359622177
0.04913348136393018
0.04628601685808855
0.043691447138341284
0.042357652656093286
0.04148091846716844
0.039970846299464596
0.03836591006021568
0.03802878592471762
0.04003248382799032
0.043789231847175876
0.04742952035030802
0.04936246462804465
0.04926934171962994
0.048443460648194006
0.04803810835189056
0.04782814113019527
0.046825478664587784
0.04513542744324927
0.043458399644251265
0.04252302746752674
0.04262299309129982
0.043400622730929476
0.04454258152143017
0.04587680743191745
0.046413496918842057
0.04539454153213685
0.04322664317827508
0.04139413050858376
0.040282717289110814
0.038719012113836056
0.03600602048930598
0.033397156393267756
0.032587954782991896
0.03409819856548526
0.03654812047132895
0.037818802990118174
0.037092845484958774
0.035289250726165795
0.03359553742305432
0.03278314885926448
0.03301833647234854
0.033490289029435946
0.03351323071849022
0.03332191893691515
0.0335942413667763
0.03445890302698547
0.035748356127630276
0.036710170657674485
0.03735655502714257
0.038783278614787704
0.04160484140668387
0.044474318663574895
0.045707125160096125
0.04489602873313318
0.041982970436602624
0.037603559894519356
0.0329752170550621
0.02923454305504328
0.027189365103634112
0.027393503699751107
0.02924347695319021
0.031782191840435646
0.03438219503042822
0.03688225587613355
0.039961985837561824
0.04398613852233743
0.048337899313028294
0.05139545364448199
0.05141388581345233
0.048164091659557075
0.0440774543540676
0.04138800268109621
0.04015161165854853
0.039599399571582886
0.03953256960920209
0.03948649323230667
0.03986392479392078
0.04076664224659968
0.04169110858462231
0.04148526992180877
0.03976341324396132
0.037508038311606484
0.03578015432721094
0.03552668696868549
0.03674893428250655
0.03835073319002534
0.03899963855005881
0.03812566967493197
0.03585300631344563
0.03364987985041671
0.0330028007839123
0.03370729433217698
0.03440154350679935
0.034166097230923335
0.034046080233937494
0.03616055385665416
0.04114278523982078
0.04690709328853859
0.05089445902984996
0.05151782971438558
0.04918402830734117
0.04526652914153344
0.04065807158493643
0.03693464728559403
0.035149143759591
0.03469122832537374
0.03426730013386051
0.033345663214044904
0.03165902770323887
0.029709869202205166
0.028556230956176692
0.029015619427478222
0.030544442828725593
0.032050282719109834
0.0330083027229471
0.03374693061076551
0.034884507897893956
0.03659898893571268
0.03867319068974112
0.04051552567359381
0.04168813936045191
0.04230375130483843
0.04264735433418725
0.04332547060105696
0.045226710360554076
0.04820370145427538
0.05084379113658266
0.05168510009225029
0.050771636737830826
0.048185967085664236
0.0443584747696057
0.040500808097461226
0.03722452394593958
0.034486328727183706
0.03302263564966692
0.033502806489865006
0.03554866210521581
0.03820961756270598
0.040989080682506486
0.04381196244966519
0.046153008387609024
0.04681060800159098
0.04620491863703136
0.04565759292025849
0.0461662400249022
0.047046546697820345
0.04697284780202085
0.045428758566519976
0.043754541151214445
0.0421627811386755
0.039532348093975024
0.03598637752138737
0.032854947059195394
0.03108990731552242
0.030629649115468643
0.030224803745355154
0.02932204973698318
0.02879224370274974
0.029845444826033865
0.03246904682889666
0.035418680145762
0.03675785110440539
0.03603321213631098
0.03448987192221758
0.03344984893454667
0.03319716781705253
0.033730437382507965
0.035624746003908817
0.03942580554718982
0.04477684694129626
0.05082083165815561
0.056435586817865785
0.05990644976600963
0.05984405558819573
0.05650565243852933
0.05156591717830643
0.04691829056742675
0.04375213934761178
0.041518601647178875
0.03928816350801182
0.03696519073301808
0.03495658508375511
0.033588658893761704
0.032761613359252525
0.03208001026234607
0.03163664645236413
0.031916441372543625
0.034150114535329505
0.03858657573582294
0.04396827980338682
0.04911502318955017
0.054001844289745866
0.057792412711523744
0.058394962056065876
0.0544218445290725
0.047139310841100984
0.040159150898054295
0.03654832445912167
0.03669041897647412
0.039316810128277674
0.04270441173607655
0.04491132576953597
0.045021694108842034
0.04342858484221198
0.0406813507565846
0.037691262715194594
0.0353973547303803
0.03440761344583233
0.0345527499516721
0.035658134307173656
0.03770420093856156
0.040237183959497894
0.042477044646551915
0.04424552467027849
0.04568226301531296
0.04667417162907322
0.04631915210380961
0.0445811726178871
0.04288332037624833
0.04338666511359927
0.045543022289554536
0.047312677139259324
0.04761209752768973
0.046880582909646175
0.045877447829233406
0.044990436232603764
0.043845245754374394
0.04285055486304075
0.04299949075282672
0.044406735535454496
0.04587555075680827
0.04602521730283624
0.04401354628890212
0.04040185920669859
0.03691913776856573
0.03553774861239168
0.0365695124037743
0.0378971641049696
0.038100141471346875
0.038330721188079106
0.0404458136238355
0.044298857301072074
0.048000293259911606
0.04936899116989059
0.04813086595119498
0.045311754263040425
0.04286144346506601
0.04181137861556623
0.04209127939940434
0.04284898598454765
0.0436736669446384
0.04484024381552853
0.04641528537142714
0.04810536201083551
0.049549985522254425
0.04993866955788621
0.048171060853368954
0.04425222930817099
0.039766541002037914
0.0370939752148996
0.03715511268483831
0.0392353744546252
0.04200688731929651
0.04425188018264249
0.046345805899418176
0.04923642375704848
0.05281012106307935
0.05581404900596804
0.05666108576317759
0.05436956764927103
0.04939342376264009
0.04325833170565572
0.038019964053700006
0.035249338488806035
0.03494144281988093
0.03578838361996863
0.03663518285810835
0.03654028705865982
0.0351295470304962
0.03362489946806504
0.03364373431568717
0.03610885712373317
0.040037046466080944
0.04329155246426758
0.04482696454647579
0.04583628816202054
0.04731673736831004
0.04833441139309804
0.04724899420818261
0.0436643056461961
0.03888401349978916
0.03456564359630541
0.032416355898867544
0.032767240326882816
0.03389375218505695
0.033768624769676826
0.03252938648087281
0.03154422841840452
0.031319041498190925
0.031269811802744935
0.030940835056976684
0.030365393241874407
0.02969793560122597
0.029644895349629774
0.03093613126502666
0.0335772071929974
0.037079842433226505
0.04075650088993627
0.0437936488655262
0.04583466827495066
0.046404552128588746
0.04513759333339133
0.04298401215819098
0.0408252165843304
0.039920020629612654
0.040970628059203165
0.04320490923722042
0.044723863160604685
0.044102965861947195
0.041437744585236504
0.03790944145685642
0.034603320067618945
0.03215541039603579
0.030764003491557224
0.03008563415138393
0.029721937029728026
0.029610555401376314
0.03015437803353569
0.03147923971324046
0.033373861172145726
0.035520125732131556
0.03783529533102427
0.04055153301085394
0.043514510757989504
0.04592272656314186
0.04726685520493491
0.04714218486132854
0.046041438774904055
0.04469797306847928
0.04303067138155291
0.040531361292663
0.03702139587959736
0.03302772982395538
0.030042655956167272
0.02900742764242904
0.029375263606430124
0.030613016607687903
0.03311799664281669
0.03734957016251983
0.04215363896147506
0.04507356350288611
0.0446485805312215
0.04217917031860266
0.039708077974606654
0.03819775586840914
0.03720506019742809
0.03635940048004975
0.03648542051015634
0.03821863732709431
0.04122095607973266
0.044032231584625894
0.04527144257831424
0.044528730187626694
0.042533991775063604
0.040486126298672584
0.03909656926742766
0.03761231884088466
0.03494364347068444
0.031787641882491405
0.029406040203051296
0.028713322636517626
0.02959930353016405
0.031207529049267956
0.032925230567886175
0.03423045174124539
0.03514051503021733
0.03569513608015505
0.03610747139462578
0.03627246312531345
0.036433488499443285
0.036731725011027797
0.037026405037413126
0.03661082783186294
0.035237826494159644
0.03381408119403766
0.033478421309850195
0.03466375217899232
0.0359690162994585
0.03628181940253121
0.034958805478292526
0.032879029156644334
0.031971818436387904
0.03309947341736059
0.03477476197562348
0.03530344238272427
0.03496560417653582
0.03518183244487816
0.036713537274236555
0.03894212795661607
0.04030866802864463
0.04003542811559436
0.038911977065056474
0.037682515310210475
0.035906673239559705
0.03311333369954155
0.030505632239030626
0.030122726060516136
0.03282320081639364
0.0373657677782807
0.04231814020854836
0.04634028177766924
0.04831350931993425
0.0477077850513485
0.044706303983702025
0.040199017141225694
0.03586280793927057
0.032944523314676136
0.03135903612588679
0.03005258385144982
0.028711261844053135
0.027680456577601723
0.02765011919535351
0.02947071174515831
0.032764641129946724
0.03671969781086447
0.040755621229461476
0.04438804345185836
0.04686775951117904
0.047553698278127575
0.046532849593792544
0.04453910598436366
0.04221524676863739
0.04030675515909494
0.038861011033053165
0.037280287387133446
0.03531931819750018
0.03339744717540617
0.03210257527755514
0.031695086979721385
0.031855225160536085
0.03142663913697766
0.030083164408583354
0.029361764035095942
0.030529806450898225
0.03274849920297696
0.034335265610264544
0.03514547118323814
0.036285086277140756
0.03828708077248193
0.04034660063389421
0.04161927447722129
0.04247593129923632
0.04384136813028315
0.0460298684807887
0.0483646292108746
0.0496954544658631
0.04900291548439275
0.046634851273392945
0.04426834266910482
0.043012634588503254
0.042463207772134484
0.04174107883475029
0.040125977918200044
0.03720631847118742
0.03382630268944348
0.03149160000356229
0.031185326679848243
0.03264599109603571
0.03461886970220449
0.035645003128037846
0.03531130488756927
0.03414875895303458
0.03266830832060775
0.031333819603226794
0.030609580294528697
0.03063919143481606
0.03178172714357818
0.0338616714888339
0.03547495809371649
0.035644989970379355
0.03422472227308313
0.032313037134756875
0.031288756160946646
0.03129048992249166
0.03182307244926939
0.0325897870162555
0.034014899332107856
0.03605832884772107
0.0376274482895946
0.037472039049673556
0.035190945668461614
0.03232094229382237
0.03186772942739939
0.034552621778874665
0.03781023465086183
0.039159800274853274
0.038794322129257146
0.037899227719243284
0.03699955419672392
0.036092438518688874
0.035478530255488985
0.03569873229419136
0.035947606495721394
0.03499796556875988
0.03294338306168674
0.03079908889952472
0.028933031205546914
0.028096941471790062
0.028927773740600106
0.030501030283043032
0.031210316195878822
0.031179596298213895
0.03157077705624028
0.032821753601702246
0.034563352169768996
0.036750559637967556
0.039460316751829025
0.04263470521047301
0.045869862494725994
0.04882418869195329
0.0507440873353401
0.050788082647237914
0.049142035428464605
0.046095239966211156
0.04176403518601119
0.03732534952985595
0.03482149172019933
0.03494384088085413
0.03666591651132506
0.038868139372895655
0.04131013557523358
0.04319693498728791
0.04326792052605792
0.04115568233202574
0.03790054150883451
0.0352736620575426
0.034135738657876634
0.03369062954458868
0.03322508300331313
0.033319452221176
0.033742471142496545
0.033589493533316986
0.032468798062839206
0.03139545101001464
0.03154342317229064
0.032932744383463726
0.034780299252692354
0.03672917468365414
0.039405748239343716
0.04321273724205345
0.047082432116878084
0.04904421314286531
0.04772261814673491
0.04319494283842547
0.03769887474679082
0.03455432392630004
0.03537655947217956
0.03848931558598751
0.04122200854461439
0.0419986698136199
0.041163975110836026
0.039606687646026165
0.037827118232765584
0.03607609466928874
0.0350270303092178
0.03435433131582926
0.03319193071678268
0.0318173547588218
0.031946471086771046
0.034334452298451425
0.03786010611265443
0.04133237720817224
0.04434464102973747
0.047029763813930966
0.049053673499521895
0.05012370862992163
0.05023656998735205
0.049668222290175035
0.04900892611123141
0.048683768167712214
0.04831717939908076
0.04766020228235662
0.0460744531914047
0.04292243701764123
0.03864627983321049
0.03417686406315422
0.03108284819851821
0.03056326050759221
0.032455487852303955
0.03523482809142586
0.03765569001439746
0.03906808506288766
0.03894828189439362
0.03719612888966521
0.03519749445626722
0.034463329102042216
0.035279199751550624
0.03688541814526842
0.03881160663261336
0.04033723538480973
0.04031623361705271
0.03838940329157079
0.03574399975635595
0.03390340931495295
0.03366224812470513
0.034785711729832754
0.03627944662984071
0.037502464089290234
0.038464213019475876
0.0394483101201654
0.039991248781888714
0.03978357006724959
0.03966439636568198
0.040270474585935356
0.041817470106767674
0.044474130409287556
0.04774125503339527
0.05031630922921386
0.05012623881939373
0.04618184017523745
0.04091400218935573
0.037582194322784764
0.037993075237556545
0.0416213311369631
0.0457610182495036
0.04738313674457514
0.045608376898119335
0.04199687202226068
0.0383782258739313
0.03553858310778894
0.0337512827088106
0.03273065130181979
0.03206305183866723
0.03180078409674308
0.03204921147572514
0.03251843297144975
0.03307089523394974
0.033944264770140106
0.035583137336945986
0.03779196810079521
0.03979856941053407
0.04055987363426514
0.0399171336816815
0.03885764997051642
0.038401517998075334
0.03870391133258499
0.038611412470257324
0.037017398653476766
0.03527803485539478
0.03581307037234904
0.039089360241245236
0.042618345617048796
0.044065276305145756
0.04279586660701844
0.04037503936727049
0.03873430905918762
0.03890806391966844
0.04039398313053537
0.04242553953365525
0.04458619676182645
0.04618633365519563
0.04649985284242451
0.04558280724081698
0.04351365652311681
0.041024785029278255
0.03955223649133298
0.03931797587368616
0.039208534773924476
0.03772842205268957
0.03507931970207911
0.03323141260751373
0.0339043393379738
0.03748375257868604
0.04238639091630892
0.04615615508716858
0.04670649594245245
0.04415413803280447
0.04099025465458596
0.04055381221987851
0.04299457404418542
0.04599784516166471
0.04762891184788459
0.04740124426704524
0.04588888640640287
0.044276585181753564
0.043156283010798324
0.042705318269671465
0.042589705599863685
0.04195644013461717
0.04007662958555967
0.03753975712990711
0.03607956757578637
0.03675488846802557
0.038936612663749044
0.0415239402470767
0.04393477715858518
0.045679099241288046
0.045956221214369555
0.04493711647039926
0.04282481376214159
0.04021480908866894
0.037592709106469
0.03560146079841811
0.0347490145740027
0.03515189821991011
0.03635841778846582
0.03746908726903687
0.03798813263730889
0.03888045783828754
0.04119284880605072
0.044488560577577815
0.04690268423530924
0.046967688101846074
0.044909651286217184
0.0420912525802186
0.04058555213828516
0.04099896837745373
0.04176407578343169
0.040767278417321084
0.037691349687265036
0.03425370677862008
0.03259482567172529
0.03315850788053985
0.035453953107026044
0.03865196277740097
0.04137989787326132
0.04206848465950559
0.04046252586956456
0.03807592742232475
0.036311970542260964
0.03563119991642372
0.0352651257814296
0.033945312065980206
0.03224897272894621
0.03198993919042312
0.03360557035313569
0.03547114073499711
0.03630405732338588
0.03547625179531084
0.03338168056570343
0.03127842035550827
0.030213348698473322
0.03043648074424346
0.031075598776158085
0.031263739233457516
0.030899563133478476
0.030638773209006334
0.030910049402540562
0.031280698064469065
0.031177653609470807
0.03091113140926372
0.031280946082632675
0.03325859762188264
0.037487000625279654
0.043296466180359414
0.04867769501422426
0.051699417698998856
0.05165640291342924
0.049253928095391274
0.04599435593224856
0.042563440462559984
0.039169142782069434
0.035728787037765795
0.032969793701423056
0.032050215623614146
0.033397570681840405
0.03617595613771032
0.038880765057148825
0.04010880792895032
0.03906862352608477
0.03598902917678628
0.03171273750708315
0.0279279609491686
0.026824511056268246
0.029656311088956736
0.03541275510743666
0.041805862314062615
0.046313937982674615
0.04774064011242343
0.046638123336803984
0.045328318057901155
0.04537489987220713
0.046607337422053544
0.04783136639193025
0.048333111091719054
0.048234118801401604
0.04718945432118752
0.045599086800357624
0.04400492081235336
0.04229134898857459
0.03994833013932258
0.03698599058443025
0.03439570844637457
0.03261143496231071
0.031352376524324745
0.030573173677291
0.03088647974506164
0.032694861983004274
0.03526093106698606
0.037191648109701436
0.0379557267922735
0.038133560049089396
0.0381765964358159
0.03783008563373275
0.0371674395084899
0.037053060651810014
0.03855109636649797
0.041037822843800184
0.04316038185929492
0.0442897166254175
0.04496628909093881
0.04536836917303137
0.0450607969282988
0.043660786049396945
0.041551708258759666
0.0393782453162681
0.03778139320148572
0.03711023359544226
0.03739846999230348
0.03801295750655951
0.03796088858292746
0.03670341775613927
0.03484736030422235
0.03361409461459117
0.03349194411632091
0.034262343968295056
0.03529791327852387
0.03620713334768731
0.03763899228720015
0.04018087267595842
0.04311274079846836
0.04515506587767482
0.04569404344344692
0.04565104291775907
0.046307385631103024
0.047430635832196234
0.04786920475512536
0.0466550204763914
0.043833629934679354
0.04056654169431104
0.03794014160902503
0.0360971173295557
0.03503111535838583
0.03467737339562509
0.03473678418763253
0.034805371553065685
0.03455743336161718
0.03436968934368181
0.034472193623877066
0.034554400328956895
0.034287301524370754
0.03393176355198697
0.034030302809562575
0.03512392006708309
0.03733295459049199
0.0396730072492743
0.04074616160774949
0.04006737350706316
0.037935097618041105
0.03511092061286371
0.03298256212396808
0.032839801825839066
0.03496540955592495
0.037722781980506846
0.0388352060452455
0.0374576149665235
0.0349026892812542
0.032118874033430396
0.02933459184823064
0.027200709962907264
0.026491855603255763
0.027327741756983038
0.028835594787631494
0.02998623813386129
0.02975528911485153
0.028332248155105176
0.027603757113247494
0.02963832183932269
0.03448773319491606
0.039349548232053284
0.04165246139126689
0.041228411930870755
0.03926874430161753
0.036562636452132896
0.033827642018725665
0.032035280296769386
0.03149955655294809
0.03166298825127588
0.03214689682292833
0.03225474035955249
0.03122751344826326
0.028395615498938733
0.024446229203772152
0.021211123682106547
0.019454714285587513
0.01866639754549603
0.018366152390376304
0.01918135339153019
0.02165579242265672
0.025229674805208217
0.02920684469512572
0.03328693735299731
0.03713051895036431
0.03994359477002649
0.04135678699590692
0.04185575900060336
0.041791714618713116
0.041184014023825835
0.04003177271008603
0.03894676711330838
0.03778962961813128
0.03647265747905284
0.036441957560109234
0.037624870972934384
0.03831141904714234
0.03724671990289462
0.03482429596450284
0.032761202369485876
0.03275755671514884
0.03513842816389108
0.03821437551527937
0.03957287704091786
0.03868579997024504
0.03719199132365643
0.036661143525872075
0.03703875770614615
0.038030872800157135
0.03977662746499328
0.041439523021184324
0.04138880991723721
0.039219294386593065
0.03681799610273494
0.036369919144537584
0.03796130566704239
0.04028930266184204
0.04154557798196327
0.04078757448388977
0.037759841012705096
0.03298728345168001
0.028197455386174346
0.02557643162164151
0.02559071495565257
0.027161150768730342
0.029518445817494958
0.03209876728912034
0.03425257096585136
0.03577219718934232
0.03697084297442939
0.038205408403763685
0.039002659638071355
0.03875503985432029
0.03771964627289374
0.037272785631188944
0.03913433377129983
0.04291735129110016
0.04599865987158519
0.04619179513511886
0.044046902087982176
0.041094136578476895
0.03818101351069089
0.03519237393029823
0.03224552626475837
0.03000706385507586
0.029290381029989456
0.030127110699150795
0.03195493950129995
0.03390635996932663
0.03528660001130386
0.03604203629164791
0.03654665579535732
0.0378378789007023
0.040842751943644715
0.04525621815780885
0.049068020871475986
0.05094323301626302
0.05153547979778984
0.05130902573116342
0.04982552737706831
0.04692973756657825
0.04350582965552357
0.040275097721983566
0.03753147256191942
0.03544570540019014
0.034238662227823145
0.034089901012011065
0.035128459981676685
0.03746855670021066
0.04057645126220993
0.04338673817978452
0.04506201961530015
0.04533977158834184
0.04387918935797361
0.04097474083345643
0.038110931752589776
0.03690874660373045
0.03762729095385013
0.03930906021734
0.04096118575256866
0.042404964982097386
0.04405045561635052
0.04720519269313993
0.05243183772773034
0.057975090156256424
0.06163803338149468
0.06299420232318349
0.062177152201769864
0.05986957767551361
0.05625575993255582
0.05098326736941467
0.04438999154705124
0.037871445566066086
0.0328274768854628
0.029410694010980832
0.02770963148221258
0.02843000549916296
0.031855836704782675
0.03693450904483644
0.041974028322666924
0.04536974139058304
0.047192928922950655
0.04905466330061868
0.051521477173715406
0.05363241647610724
0.054632131019345755
0.05526399045256738
0.05661825043369629
0.0572161902400345
0.05609341601264345
0.05488052512940369
0.054518136498781566
0.054227301692762804
0.053473890187532555
0.05213662884579887
0.04932154253089637
0.044823255359928066
0.039899899483108
0.03605769960686425
0.03353697962123891
0.03204534809481863
0.03123118912148547
0.03101140578120066
0.030959808900553325
0.03116203514443772
0.032203160049622405
0.03450856760566943
0.03752291589910112
0.04002768261474032
0.041646510677979906
0.04327249991512779
0.04618545912708225
0.050015790306835534
0.053674976415325745
0.055845346913574026
0.05552472953779507
0.05246480466327853
0.04822468747765303
0.044952701388332794
0.04261057213090384
0.040492879070719856
0.038468825911110734
0.03637150597797366
0.03442597336879145
0.033270724665638435
0.03321313184169053
0.03336098500456536
0.03305131197841314
0.03232872584549099
0.031551713122332285
0.030917288457995677
0.030831945476912218
0.0316783565392921
0.03336387839933492
0.036196968531004806
0.04040834172619139
0.04486267036662735
0.048765177613425775
0.052010979796015024
0.05446470010279832
0.05603770542908653
0.056955385544123834
0.05730195582549463
0.05716795011492299
0.05651361586501289
0.05475235945576419
0.05106063185961316
0.04548586678163412
0.03935072278519257
0.03498668610429454
0.034092364656160314
0.03628853123044173
0.03953506345913851
0.04190823685642682
0.043024674800318005
0.04361110030902326
0.043848782920724784
0.0432468819312201
0.04179146538673772
0.040327739640038614
0.04000306585076498
0.04225832126712184
0.04781003268101726
0.05508022755773706
0.06195753361795913
0.06690676463669082
0.06905640828153385
0.06914351159208353
0.06850832203163974
0.0679329394506743
0.06642014099644893
0.06221022655263391
0.05498312736397372
0.046632514372796835
0.03932610635596443
0.03390491445958888
0.030666844084843613
0.02996026659418393
0.031275482136093324
0.033322522467637034
0.03586986061337278
0.03870378760792564
0.04100543208049035
0.042837947471512566
0.04497979818075017
0.04745616950207432
0.05016573952835207
0.052939746476335786
0.05521412499942083
0.05644755019053714
0.05626249056103562
0.05407834559059971
0.04978547317315139
0.044420241703795826
0.03908378643750707
0.035245569217843775
0.03423435146436435
0.03603686228355214
0.03968390832669285
0.044109073906640726
0.04791928072371704
0.05002190474421799
0.05031705965796282
0.04903145956896572
0.04639844956502487
0.04295057832146891
0.03952775384244921
0.037329680861195716
0.03722456074660571
0.03870343039585663
0.04105220248922444
0.04406911013343613
0.04744230413611633
0.050766096534366305
0.05347511440004281
0.05544214955448138
0.056879976365158576
0.05762696276889832
0.05748134334109486
0.05661773191796691
0.05567020155318684
0.05530874890973936
0.05562046388749613
0.055824858309696766
0.05479744160221829
0.052203003759161405
0.04849448191676564
0.04435455228424563
0.040449066023132974
0.038267268983746314
0.038095718848428266
0.03805305716248111
0.036749968933817885
0.0354065030113011
0.03619281326092597
0.039241933680687
0.04218188392220862
0.04284807977771033
0.04184702401074563
0.041259913408398095
0.042361174907913315
0.044915274131502786
0.04772204922896304
0.050103512936013825
0.05160079476643805
0.05243668445670997
0.05308212690411264
0.05286918618410087
0.05025937069274954
0.0450348746666383
0.039190677693796104
0.03539940831293809
0.034901388492241565
0.03703525012281808
0.039931171479959046
0.04143735707148813
0.040560867476180644
0.03780265256253463
0.03457545038405908
0.032710605954840107
0.03387588071328479
0.03818152044551602
0.043406178218478045
0.04708767395518286
0.04903929716619863
0.04991597725959395
0.049506642567662344
0.04681927189128405
0.043134765141618306
0.040443462729770445
0.040152414869067246
0.04223178728541266
0.045593455448861064
0.04885817729252107
0.050855512289258525
0.05088044771994621
0.04882775960998418
0.04548262635633932
0.04201434913506283
0.03938594290765305
0.03768833130645342
0.03628631741187571
0.03533413322336268
0.035651096344242676
0.03734737130147789
0.03954685071016706
0.041228970469946634
0.04168868729290542
0.041472880158230745
0.04166091084658655
0.0432972895800211
0.0473462888740939
0.05343759610828672
0.059328718963497507
0.06316270898526048
0.06383477884044919
0.061430023388568386
0.056707601170783335
0.05132026151714303
0.04789832584620682
0.04807806566939243
0.050939575103681446
0.05380198429719243
0.054302421620655024
0.05170045434283167
0.04731531915992588
0.043204749912212057
0.0410018029872792
0.040958650698811036
0.042546105568343484
0.045185121511514395
0.04789370316034468
0.049432521667996644
0.04941009238288434
0.04900059952739653
0.04974840527901797
0.05191910736260799
0.05499325466392244
0.05855459124204242
0.062122380921379804
0.064810014356974
0.06540575193815117
0.06321999250166088
0.05923166616232599
0.05548750070062788
0.0527615314881727
0.04986717451066983
0.045510557928351104
0.04021094064701723
0.03593144758638819
0.03387808325459288
0.03377760265827202
0.034477295988655565
0.034960437368229375
0.03492179916795115
0.03449398796872599
0.034244776573490864
0.03476065115196876
0.0369909250537527
0.04136716003687966
0.046721426743643574
0.05122147586820797
0.05333194126783601
0.05280704918981655
0.05014419029688679
0.04623972105560839
0.04250013559505479
0.04064753845125461
0.04078028038214892
0.04201953889314732
0.043556193889358566
0.04485225212965191
0.045369258648137616
0.04465014670992093
0.04311252166907644
0.04157067564533468
0.04007353796812742
0.03785315008390582
0.03452602280132089
0.031092348794402105
0.029403049623173333
0.030733895578214522
0.03390805171221942
0.036404953073230134
0.03751488019464825
0.03911648355751346
0.04234885031257184
0.04658546982820245
0.050082072039537295
0.05172665102090565
0.051738756274755
0.05095683572975554
0.05018971544141499
0.049354754455647
0.04881235736377702
0.04902660553665662
0.04948291291293897
0.04906187551866427
0.04702832595386667
0.04317386179791892
0.03885319743261769
0.035777372031459344
0.03474444417137617
0.035173382112738995
0.03636150228559297
0.03799528715754809
0.03965934100100461
0.04101730718350366
0.04215117935289745
0.043042674282600515
0.04364613655733182
0.043874876112689386
0.043786519219792625
0.043943148670022275
0.04468914512051326
0.04558807198438386
0.046774123432665286
0.04804546359392935
0.04932738801427714
0.051069854441869726
0.05171985155971559
0.04984829659323209
0.04637776537219042
0.04341619964175193
0.042029505294129174
0.04221587758489275
0.04265096222369094
0.04118730610524209
0.03806286968693562
0.03535034692823744
0.03484579987248476
0.036976817120099696
0.04040730446637107
0.04311722957484778
0.04417947685720422
0.04411415667108773
0.04462164854868971
0.04732114651763081
0.05129447952736221
0.054474554487371596
0.05523685295626743
0.05369745234989228
0.05189534212551319
0.05106542660060513
0.05030450854521497
0.04875202351884881
0.04676427543657243
0.044438326352888774
0.04220102819744098
0.040463755346491
0.03952650426718353
0.03899190366505111
0.03824674210375952
0.03730932635710343
0.03659411498045369
0.03577494864662525
0.03412088976164667
0.03190428261191709
0.03029134656629667
0.029521054207278265
0.029311880234928322
0.030429900103244267
0.034008157625406286
0.0394686237003626
0.04534382740085403
0.04963296560913984
0.051137019128612723
0.0505447875202959
0.049405495857011164
0.04927289491603378
0.05003999942115448
0.050718301136068206
0.050128257431393354
0.04819338716799697
0.045433658578797574
0.04257795389782697
0.04001821530351509
0.0375325699753542
0.03485967319101365
0.03243586551860479
0.031602561942966526
0.03327830705079734
0.036539556768729026
0.03949033094193349
0.03999773229980466
0.03763818806222483
0.034563435534776456
0.03323604746861247
0.034694679513549084
0.038356996915082375
0.042576105901888796
0.04522540630318152
0.04548900133119669
0.044309679972877214
0.04314255372943823
0.04245600588559384
0.04173209616117324
0.040564388878850284
0.03945214565804492
0.03914548684927568
0.03954843633225868
0.039762255437879424
0.039392302437927545
0.03829110178300866
0.036472300582017815
0.0349483174136786
0.03459005009241574
0.035100481953649516
0.03607445334706432
0.03736320091491459
0.03890249548393662
0.040518541887073115
0.04175303119835416
0.04211783718003813
0.04204209985434365
0.04169578242061086
0.040320029573341354
0.03843568933308476
0.03769804101707759
0.038782196329408276
0.040752066084635157
0.041907992536930304
0.041258916346410546
0.038582947840418616
0.03452626258091401
0.030439882322456157
0.02785275204582261
0.02779689076233257
0.03041032308490439
0.03460480136198503
0.03804620486336982
0.03851657739386125
0.03630301443689229
0.032793271874537615
0.029775397121644755
0.02890593090852683
0.030577727647306558
0.033669406765720285
0.03635680789382801
0.037114570596522324
0.0353353605709357
0.03179328353653996
0.028171721687196085
0.025623795468302863
0.02449990257079131
0.025266737111751522
0.028324560896339484
0.032963965751424344
0.03771708182185091
0.0415243824988127
0.04296644927870041
0.041081581913086015
0.036741300045848434
0.03262305510341425
0.030565460614326533
0.030745760428998403
0.032094967338812286
0.03405809903599873
0.0367921476079253
0.039755361586645305
0.04074207632555309
0.0384267467524868
0.034088108218718216
0.03049415581859778
0.029178602070235586
0.030385732211366312
0.03330844395285295
0.03621669554995061
0.03756158380749603
0.0368880211028608
0.03483358112413177
0.032618998439130235
0.030891690894174793
0.030007573978348277
0.03023579697949503
0.031500335267632
0.033210349868760335
0.03498930863531153
0.037143209745839
0.03940508344499825
0.040647035826389344
0.03973205227476187
0.03780794666653892
0.03727871834302014
0.0393540966199492
0.04242809735225949
0.04420092539480216
0.04384895724582782
0.0422800019932951
0.0410197712888851
0.03978694893916491
0.03818814187717652
0.036270818967451726
0.034188373222634454
0.03209211969206826
0.030430488869470106
0.03016018012320277
0.03142098693422056
0.03263653985897936
0.03186893466874532
0.029749237907238428
0.028570862310721645
0.029657324946570383
0.032273931452585905
0.034985390009152545
0.03652773694166824
0.03735015524774712
0.03844849823637816
0.04009437310054463
0.04164613955522867
0.04254188045147403
0.04228066255242547
0.04027615401520896
0.03687753273960147
0.0335437659203937
0.03174987957300557
0.03199067194705399
0.03370274292911907
0.03626390049598263
0.03963156834086954
0.043350823803861176
0.045666909685458154
0.04589117249237059
0.044444504670685586
0.04182244927499963
0.03871268838786303
0.03620874238808966
0.03606508349115373
0.03832053666670967
0.041282505311251466
0.042911128666236524
0.042651035728900395
0.04098424712861525
0.038657932831426246
0.03644802417607772
0.034494129521956914
0.032745875590916636
0.03207666572798105
0.03304582846728649
0.03534482608652323
0.03808246714201999
0.04049666591170565
0.04218256088936465
0.04266502078841802
0.042137052726679225
0.04114881894555225
0.0400643516149812
0.040209489951299734
0.04291248173809398
0.047825217140636214
0.05244811967370504
0.05434440182716926
0.05302649497708595
0.05003452202730682
0.04743443904446506
0.045640218892793474
0.043960864508747824
0.042207468543367356
0.041396923231642485
0.04234586259599181
0.044568269524812416
0.04686145438871824
0.04817882457027408
0.047872495804002796
0.04538980150861456
0.04120211254220979
0.03699737989726428
0.034181600885617724
0.0331298927055637
0.03367824335905517
0.0358847065291389
0.0393318289882489
0.043207294971281875
0.04687822971494213
0.05024382873180166
0.05398923598588324
0.05791632307026907
0.06023890196377158
0.059355796301941335
0.05592411320225502
0.0523122218948246
0.05034819101399535
0.05074326132367255
0.05306717701469598
0.05635539512080522
0.05930202167010678
0.06074669371556123
0.06033531896230651
0.05830902071961202
0.05491988224357221
0.051183512937569266
0.048436645717446825
0.04660090303840542
0.044727812783855445
0.04244641314179372
0.04043114760141228
0.039482282218841806
0.03968704436916198
0.04046341771969367
0.04125980673143948
0.042014148353352196
0.04325463404596112
0.045175010482318034
0.04701109855769049
0.048291526779587056
0.048693385273947634
0.0484855759075925
0.048168924485338195
0.04818236178832
0.04867645855520343
0.04892983580053288
0.04799249845692192
0.04603292623867197
0.044177451363736436
0.043736277212751126
0.04481852910755584
0.04606523533719094
0.04621965130507067
0.04523804553011174
0.04391713983008488
0.04286601942333581
0.04245943179902508
0.04264966855130866
0.04296117324095283
0.04291296233333647
0.04202036301326598
0.040485038543511355
0.039593747498489505
0.040653902119436564
0.042667523518128095
0.043404787499403345
0.042268302308975624
0.040314144199461166
0.03858173917105298
0.03712667571016818
0.03588103116130584
0.03492869502859116
0.03491962281907358
0.035561175602300724
0.035815516220213145
0.035424744115229716
0.034804523400450725
0.034814594429683994
0.03536290674123508
0.0360750001160824
0.037285314556942034
0.03925351237315053
0.041139202891585507
0.04170351213626205
0.04068365985659684
0.0384233361796051
0.035441260591830094
0.032620040676927024
0.030408034957306686
0.029541750247771947
0.03031297965895766
0.032186975823987586
0.034719583162078876
0.037162497305827755
0.03927693045930546
0.04139638577255574
0.04352578907939657
0.044913746443445014
0.04503819413503532
0.04389984241434626
0.04168926115542847
0.038914639996530796
0.036361615007271315
0.03564236146962649
0.03709145991715798
0.0393700950472467
0.04038597480951363
0.03949985531884971
0.037690847144080344
0.03606978911847739
0.035451881969512704
0.03628418004705652
0.0383170693621241
0.040643086870055654
0.04269639758291868
0.04482084773789716
0.04691085508466955
0.048568399990258165
0.049255439418636596
0.048984690951338686
0.04790463597196909
0.04563372808996042
0.04245314242301088
0.03942588510025784
0.03780618685077428
0.038089600753984
0.03989418775587782
0.04229530029606331
0.04484038033111325
0.04728013223379141
0.04897789402750708
0.04930307504680827
0.04763764359747612
0.04474037967925448
0.041806374399373694
0.039679076521843715
0.039841036604587016
0.04326815306905636
0.04854945082209458
0.05243837259350394
0.052512727292964446
0.049635115763077615
0.046424575235424134
0.04415152535110637
0.042500466078217905
0.04098184186016456
0.0388589688141374
0.03582905337786982
0.03270077765000043
0.03126721525620461
0.032886450652630274
0.03726280906349665
0.04230002830541638
0.045951149231144
0.04715698537467391
0.046084989362785815
0.044074782170541345
0.042779585315855455
0.04248764686697484
0.04218397793289683
0.04102121459700863
0.0389318749464912
0.03693743260811177
0.03604204138275378
0.03670132999362249
0.03879286692238491
0.041894325693639295
0.044548314295851744
0.04561095861302953
0.045086766538648085
0.04431745062399359
0.04409662915028378
0.044661922677807706
0.04572433257393487
0.04669052545271361
0.04686023968058061
0.04620183911177332
0.04513292007722692
0.04420298724881841
0.0438880576415519
0.044612709259565585
0.04584293686709819
0.046483580570189795
0.04594622232491905
0.044630117165137734
0.04355061270279187
0.04310119471884229
0.043020517797778164
0.04310348039352848
0.04311243417081171
0.04321049655486607
0.044435433172442355
0.04700606651616125
0.04939038926896871
0.049706814016470945
0.047676371496867646
0.044577701784274344
0.0422350390852988
0.041141010068592616
0.041133012225736815
0.04151402462455534
0.04125610942150022
0.039901221974926945
0.037610107237880795
0.035502728859416625
0.034731956281711295
0.03556464374510163
0.037415437123133756
0.03948731110187409
0.04148916087451015
0.04333125385566738
0.04481455549968135
0.04539751800088218
0.04422276327005611
0.04104310405517503
0.03718459156962362
0.03432878475241395
0.033397882360663975
0.033902097393097644
0.0351413597744626
0.03743708883029302
0.04079932686198474
0.04442520212256168
0.04730335435486568
0.04819608960522533
0.04669705220197332
0.043939594758939826
0.04162160582946235
0.04104037691061641
0.042111870366109805
0.043525410179768964
0.043734079414372046
0.04215719700485742
0.039999351557348566
0.03915841801403525
0.04049689942479418
0.04342163987401641
0.04624690531315638
0.04845664401223516
0.05034762384147793
0.05225286898736467
0.054307958839148206
0.05636684170371894
0.05763047454774777
0.05750796745088288
0.055722885115340334
0.05220376162508625
0.04651905980292023
0.03988641878889644
0.03576241180344144
0.0360444121198856
0.03942610339012825
0.04335588813334882
0.04671698471408466
0.04903817232467148
0.04958581894354905
0.047560160125837886
0.04367843279447409
0.04017536554707445
0.03859169208345749
0.03929072516577559
0.04171398958330432
0.044367807989362185
0.04531045794396847
0.04453663141582673
0.04321255817468507
0.041948683231992884
0.040215703565823574
0.037587947086590225
0.03530613153457573
0.0357288391665676
0.039674365292052836
0.0456922090618242
0.051579526944677864
0.05600327689459241
0.05871032710297518
0.05962226177938823
0.05895535312677394
0.05743988942858644
0.05555374857488824
0.05268544435515723
0.048750990018834324
0.04514413102943017
0.043275276614103964
0.043066777928714106
0.0435409427693771
0.04311951202769696
0.04089032827560712
0.037591018829813166
0.03525271711571004
0.035999366474750605
0.039441749108762914
0.04358838796496085
0.047063480970625536
0.04938056236295469
0.050192559131896
0.049342585664043134
0.046989476264432097
0.04336400654017882
0.03928378668290132
0.03655196943133317
0.03689638877453299
0.04030787676452674
0.04507123640738844
0.04952446697310544
0.05273588034931518
0.05431993951655075
0.054373267996136704
0.052959642312367286
0.05029147566646155
0.04678456435540878
0.043375914830905075
0.04134599043164199
0.0412361996557209
0.04223252290955465
0.04275369357681392
0.041728525120162105
0.03920113591913706
0.036337880036567356
0.034143742462235206
0.0330751270181335
0.033236326916678764
0.034958942031361684
0.037949298006647605
0.04185754496612638
0.04589763093388681
0.04871477039844157
0.04984464291508887
0.050611009707987854
0.05234218116137654
0.0548181560706826
0.056853085246553865
0.05741744836992975
0.05617344161843604
0.054298444743597095
0.05322607649114718
0.05305125740332811
0.0530816348597187
0.052401057244674136
0.050584780955790186
0.04783318741879796
0.04502204252001739
0.04306577800211563
0.041342369981631266
0.03913977793453209
0.03691567073656436
0.03554423130495333
0.03487091130157064
0.03425259967191273
0.03330771510857709
0.03265093684004059
0.03281856536638457
0.033716942769109255
0.03474105942812475
0.035196332447468115
0.035080573962491216
0.03552345249720337
0.03770273196913165
0.04182421788099994
0.047259075008951684
0.05219052353997728
0.05404339698060838
0.052011185017520924
0.0478759138484519
0.04430448388751036
0.04290979640545335
0.043101784547442894
0.04379213624094929
0.044547861718483885
0.04476786392598857
0.04428098005974609
0.043682812970906884
0.04265129219740271
0.04036060165085044
0.03734158860814606
0.03512664716298855
0.0347778884898506
0.036324703637819804
0.03922070904732097
0.042068525710015965
0.04331901192648759
0.04238366303993817
0.04023990448967875
0.03821190268520827
0.036916974868480466
0.03647973704228184
0.036616059254965916
0.03673123512010917
0.03656018222207213
0.03650494313656181
0.03745086968231076
0.03934016689698125
0.04094311919832409
0.04141807764836432
0.041511137019846295
0.042325186700376556
0.04475673211785465
0.04809289146662456
0.05076847565566885
0.05211890058352623
0.05260784013194188
0.0519262863223365
0.049589124055598205
0.04660860690713861
0.044798046018703346
0.04557058048006352
0.048875279777665544
0.05334483821282705
0.056213367614430354
0.055791939784756835
0.05284617722657133
0.04881930535377106
0.04495422412979324
0.041726079217839315
0.038703107383195295
0.0360891594026768
0.03489199953092213
0.03536611079874402
0.036375590374074986
0.03705719980155932
0.03827070453555733
0.04042377357009046
0.04282071866880687
0.044410190726292216
0.04470174172515636
0.043876586623180995
0.04286450586542456
0.042019096002606525
0.041235547799286947
0.040841235442389094
0.041089313696488085
0.04210616188535799
0.04346607484864391
0.04399252080297171
0.042809037813002174
0.04057260362593519
0.038803423575514674
0.03847950863081885
0.03908156454183656
0.03921811505423135
0.038130935212145854
0.035843301445186035
0.03347691404828401
0.03225154716116481
0.032246253325557264
0.03198568613257862
0.03091264582496272
0.03082437789170164
0.03302606097679814
0.036917419670379405
0.041454329669237316
0.0459019306877971
0.049874578859468215
0.052195419258819924
0.05110175112974217
0.04636704301581705
0.039497670942944124
0.03386855667800712
0.03217810083933495
0.03472389616165021
0.03923894577890552
0.04278788631312977
0.04394071252407205
0.04322586901032536
0.04196048876175892
0.041220282114936155
0.04137795270395182
0.042237399076902195
0.042832084682261774
0.04266215134499154
0.0418751464459825
0.041034611177101554
0.03984049623877478
0.03790186469643026
0.0359340957099068
0.034991176988302834
0.035594870069423704
0.037919396127228326
0.041366067309248765
0.04468947604614792
0.04675624745027597
0.04744685563154509
0.046584149231797295
0.044255010056983395
0.041982616314491614
0.041028080678443594
0.04168142996768542
0.044331889555209954
0.0495804750759447
0.056698062435977456
0.06335339610909337
0.06676009041741733
0.06591889225673447
0.06189484935164083
0.056652332577993965
0.052150796276941795
0.04942906440059607
0.04825384810888141
0.047402398306914874
0.045882840760549166
0.04404477218075733
0.04289616144505784
0.04220174311407411
0.04125281003612055
0.04078810070157948
0.0425309882669926
0.04674828259200211
0.052114802490915935
0.05680734031339313
0.05898571769561641
0.05780327844156946
0.05378452346621154
0.04894768268377604
0.0448134670631935
0.041773898184043944
0.04034273420627685
0.04131725467649269
0.044630321866147016
0.04892518990354212
0.05258754083365401
0.0544319384051009
0.054764820125987976
0.05538484622208144
0.05679102766874282
0.05725439069752011
0.05500076022277078
0.05130167933700566
0.04818007969670747
0.04586406479384363
0.044092721977922154
0.04282929239908748
0.042938693215936304
0.04541017853780149
0.04975029851216358
0.05347392513823561
0.05481507420113982
0.0535584726695508
0.05134063950253811
0.05033144499546644
0.05100732934495026
0.0514231894725695
0.0498431919988757
0.046710651505781346
0.04374665912449964
0.041798067324159124
0.04035717259710697
0.04003436922470637
0.04109354300606711
0.043000388045267124
0.04510497297137098
0.045924661813775865
0.04379224566459964
0.039206581669301716
0.03456023026258409
0.031817682957667785
0.03162145775749205
0.03326737409978674
0.03575164823374232
0.03844475940574972
0.04032210089242259
0.04044754078434088
0.03873479432963517
0.03657064811172705
0.035786389773412766
0.037545333529467026
0.04160845222190335
0.04637813067858421
0.05034845577433437
0.05307835491792372
0.05459654680448574
0.05472239379046044
0.05365117200037554
0.05143052369056498
0.04794777318307652
0.04284970934885626
0.037459641443488234
0.033536258647790265
0.03196111422079622
0.03211007443871548
0.03269851698223423
0.03312800618602228
0.0331712105216741
0.03310212840786542
0.03373008330178414
0.03484924551835056
0.035951346159994534
0.03761316401129512
0.040022931618035364
0.04270724739762635
0.04462252052346301
0.044587207005469705
0.042506131278578455
0.03929671777570509
0.036340838209989755
0.03438380632895648
0.03388598570606838
0.03518711730232217
0.03807668553661095
0.04139353794500336
0.04367678664460687
0.04444330584096628
0.04451105044809453
0.04552204396461582
0.04781296373619626
0.050664348037813244
0.05388387571404267
0.05739850908183137
0.05963344808105266
0.059503702572217154
0.05684753593911687
0.05264542918361377
0.04846615116292412
0.04555245833072282
0.04436665956264327
0.04446437534783202
0.04526910116058437
0.04676572816612771
0.04824951425984375
0.04823588334985004
0.046830797399251625
0.045706615795652404
0.04562590674837358
0.045736539159239364
0.04502102941271687
0.043794294293464764
0.04283480079342936
0.04274138199084446
0.04337065382474743
0.04445578169440869
0.04561495583575727
0.04601540556329078
0.045013174957658816
0.043592467537722696
0.04357658263722416
0.04522037499981089
0.046650576922664146
0.0467588850840926
0.04565822470160708
0.04382910891779687
0.04193147366796106
0.040908861617661996
0.04123866443729318
0.04201361817153975
0.041537375046732876
0.0394506565254842
0.037219237635751086
0.03608425195980438
0.036110952540355595
0.03636959435672541
0.03592280218286502
0.03474409912941752
0.03260814577403641
0.03006126096560554
0.028682444183151145
0.029447904473843406
0.03183460769532685
0.03490673588427753
0.038336761939860076
0.04188999960340669
0.045482281814775274
0.04781690869515145
0.04773822686629965
0.04580854510782737
0.04383555023438434
0.042910091074890355
0.04215453853458384
0.04092973506414503
0.03995898808403936
0.04033896714118236
0.0417126871491964
0.04284856667553218
0.04282866887538365
0.04173268548302078
0.040616567347288544
0.0399105517036731
0.038946087901779225
0.0375013745295198
0.036472106935402676
0.036445095177018445
0.036526440003537525
0.03647684531303647
0.0369605027676883
0.0378709860418383
0.03781121924977822
0.035915210250709276
0.03333031594110057
0.031929495190732446
0.03305919803564231
0.03642203376821618
0.04066750248840748
0.044534841008142034
0.04692884447749446
0.047677778527869676
0.047409015744772666
0.046450089290044606
0.04435896379511505
0.040510866563141144
0.03563883538527352
0.03176334275799512
0.030214579563881787
0.031188516771253956
0.033816748131273326
0.037065910296063244
0.03966959425569253
0.040369028644570815
0.0387030937356359
0.03556220870213195
0.03217419044128379
0.02978878399085184
0.029024293278459942
0.029970469638550608
0.03225813922764516
0.035239077632159464
0.03802252790935698
0.039603823366409524
0.03993281749761388
0.03953623691289573
0.0393990989193833
0.039928245251097665
0.04094132175314381
0.0423353624566901
0.04411836408243544
0.04518510013706743
0.0444307138532162
0.04166756501166418
0.03818380826478274
0.035311451458958296
0.033905529167907296
0.03431667788747779
0.03628858149277197
0.03867446908484303
0.039978358501148135
0.03984258352191574
0.03962570187162688
0.04036587724933173
0.04173533058643216
0.04278808893555231
0.04242170368185072
0.04075373517178385
0.0395475489586197
0.04020874932370016
0.042324748543968414
0.044376510240018596
0.045143976525393106
0.044138222863177236
0.04170733148563491
0.03888384426941054
0.03654650199636233
0.03566255539525925
0.037472278620793074
0.04244334581062347
0.049544956730292036
0.05669332330445755
0.06121758108203487
0.06200519251962982
0.05982114002243805
0.05617622701433425
0.05191019087262932
0.04738475304916002
0.043508585285797256
0.04134390540417056
0.0403957361568654
0.039393394887299156
0.037809678532556255
0.03552942183277609
0.03289258760193616
0.030770287353447886
0.030038284816198312
0.030478714740622345
0.031674707779876944
0.033167555357661666
0.03436445369615979
0.03515339289232044
0.03561136702084465
0.03569349231198037
0.034877273769439825
0.03294814994832734
0.031114435754726198
0.03137974830685292
0.03405510841735857
0.037968357256515886
0.04123387373768758
0.041678794557088714
0.038300675946474426
0.0331846921106894
0.02978480785552963
0.03012273171802224
0.03383290376017563
0.03955529656641829
0.04528273357699643
0.04898085113129519
0.050040312106206686
0.04834937809045567
0.04408581968964654
0.03835778315390676
0.032230613234354395
0.027388146902046176
0.025149086523851165
0.02605493905302286
0.0294070401818218
0.033527311754589735
0.03653093809464958
0.038802527956232666
0.04150654817990846
0.04351569571683615
0.042579670968269784
0.038239072236587096
0.033002755267134094
0.02910064379256448
0.027193169781649932
0.027495156122907934
0.030198764662204513
0.034646693219233776
0.038912074792995334
0.041161752507915796
0.04115667754734722
0.03992775303855762
0.03830962649968952
0.036925051679461474
0.03602219498223106
0.03649822242890033
0.03850856812827643
0.04092508413570753
0.042026290554699725
0.040546379832541946
0.03663551137898063
0.0320742905714885
0.02887912672917746
0.02783546988243725
0.0290399509624939
0.03207734157806271
0.03547347480059019
0.037230242533303225
0.03674072822176052
0.03558977939070828
0.034700000980387814
0.03390413857310278
0.03362043311461439
0.0345875686413177
0.03725638242885458
0.040862641590749434
0.043915336270055234
0.04528742694530373
0.04440286218617832
0.041990076219486666
0.03910173418318957
0.03612456513570065
0.033324330268472216
0.0315447597180733
0.031580280744162324
0.033806632602341416
0.03716267573229324
0.03972355755515659
0.04043138121430876
0.03984128641489275
0.03851498195903446
0.03697219261201118
0.03520577297788891
0.033473167953022735
0.03219868954985331
0.03181651949410483
0.032463726164181125
0.03381974403899369
0.03584319576290792
0.037996708390033995
0.04011229622716778
0.042290579712228146
0.04412770498283236
0.04464904786070466
0.04326833567622576
0.04087431717485205
0.03887776150309416
0.03843856601056691
0.04010017423819031
0.04266292573126765
0.044101802677251375
0.043494453078204834
0.04141303858813469
0.038462814149054475
0.035169769555954675
0.032379724459393654
0.03033679046459904
0.02934565266958555
0.030014993998868204
0.031798105065098156
0.03360427393548194
0.034674782799359205
0.03522318993249977
0.03508175122284178
0.03445696936930238
0.03450022405579873
0.036187273425221655
0.03867548840489839
0.04031845606340772
0.04020611942699004
0.03839761050699752
0.03517925303104034
0.031178874258592768
0.027045747436520943
0.023708148979977067
0.02276916863805313
0.02505161135840605
0.029786522519266587
0.03565070197967678
0.04107460762018727
0.04493343921128247
