3.200097850537396e-32
0.03251517884571251
0.09330828487772264
0.15454064785518373
0.2194175067060146
0.274258276394235
0.29863842864544304
0.3042349530720646
0.27814114487695796
0.2711868829752496
0.3059864379613312
0.37682233151830435
0.47876520554006263
0.5055509461867854
0.4610732315707611
0.41513900879406074
0.3928833794389673
0.38303592943428505
0.4101419598715491
0.3762991078268639
0.35990783852146435
0.3044728263204224
0.2743731429727278
0.2541278589411493
0.24029867374318625
0.22084162803469148
0.20687524774828295
0.197512035572304
0.20086660370466644
0.1998828201370118
0.2167015117744852
0.23071929747606068
0.24382419227204277
0.2347884594215502
0.22796894105956897
0.22295311007789304
0.26289207874985554
0.29254077780195265
0.3450965377310913
0.3768474324112229
0.4030736292543696
0.40480507317528336
0.39319480302026244
0.3862574352369267
0.4173769454951395
0.41068668855366863
0.39402209069881566
0.35797128363784325
0.3332155531994464
0.3050582313837484
0.29352913047706697
0.2720099488508219
0.27642663155013086
0.26850265992621986
0.2529256785543482
0.23476957381086924
0.24480621607555203
0.2554167033067826
0.26162504034335615
0.2641884832093937
0.23902448961644762
0.23635487059195553
0.2259211825215218
0.24390385286208885
0.2542955581326448
0.29748504312486035
0.3216585351465051
0.35557090237024086
0.3522345386716242
0.37033967146764535
0.3820044542362526
0.3990209078869748
0.374556890359941
0.34012524736835437
0.29499584719635985
0.29047721034497864
0.2896386079593839
0.28977643814421117
0.28406984651222067
0.27215577289917836
0.2661182360553036
0.24429684271952326
0.21534398928603754
0.1915688408952558
0.18757916419093426
0.197002021770836
0.22199354063216026
0.24115449766850966
0.24671015667190468
0.21814811940790932
0.19067243761458771
0.1859401248671303
0.20980250140692444
0.2485203167317058
0.30883415446042445
0.35113766706845206
0.3759137632224117
0.387323671344746
0.3721139043682605
0.35566208939605026
0.33388314842601424
0.3209480395406664
0.3134009928304277
0.30188530739309233
0.3190189044543899
0.3259407545391864
0.33587059924409796
0.31166267263966
0.3036750745627022
0.2753745323850869
0.24939723430438618
0.21331413867977558
0.20520828945561534
0.2043262190207285
0.22218215916842884
0.22283381267653768
0.23875145012335958
0.23670402113422984
0.2251383089793036
0.21446112826419952
0.22240369397572618
0.2343290057325846
0.25017207744550235
0.2700193624674859
0.30026758710653406
0.30595435811371396
0.3153722469820059
0.29865864393445485
0.2918977310688125
0.27703716548331175
0.2989519994275083
0.3107386985518145
0.35042503849798956
0.348598621407316
0.344613527818507
0.29692381255869954
0.2596816093899791
0.23006080107706595
0.22966138973591246
0.21844512046163392
0.20339473164504765
0.18356847284033984
0.1801181250972101
0.18894581582614883
0.2238254463188009
0.24771621499598578
0.2712953982737033
0.28756796441125915
0.2737337822596243
0.27346790128651066
0.28831393779061604
0.2973188439062927
0.30331826751427515
0.29472577433775143
0.29649203414932046
0.30028997552858405
0.29942370138187435
0.29269053556634966
0.2825199294120193
0.2665095521786574
0.2644504010008457
0.26427898193424776
0.2731526920557212
0.2620399670126403
0.2576274258829352
0.24174170469279857
0.23887873025679301
0.21661375517445386
0.21140873288597856
0.20115010710151104
0.21404465447821625
0.2305695752195361
0.25171690671097513
0.2698755483183995
0.2659813641772435
0.2647202126312969
0.24594419661254963
0.24087316565722852
0.240403372935585
0.26557510918640487
0.29078917987429687
0.3439056847398145
0.364610899534491
0.38897399779840547
0.36272508824552135
0.32002961312724376
0.2851472705358382
0.25694343635258754
0.2486520952348353
0.2515850369091013
0.2853750884943116
0.29696307392800136
0.30878485375895737
0.2932117343323453
0.2602413977703279
0.2242674995988824
0.2011639263727143
0.19591564181680102
0.21331132317904003
0.24290385900438097
0.25729919734394685
0.2622294116060616
0.2513027671851544
0.23908910362439567
0.24303149778546868
0.2494895134516427
0.2662561092406345
0.2565538059574931
0.26841186528367306
0.2684534048104222
0.2784794846893561
0.29934988578694144
0.33858329541172527
0.35650576778187415
0.39751885616012617
0.4072117331047556
0.4030474413090359
0.38740878077092
0.3686941337268606
0.3336960327422202
0.29757031423081326
0.246329326137899
0.21103522773830208
0.1987387386530056
0.21518934195967984
0.23075776234166256
0.2644385834709755
0.2726456626230986
0.27170191320132386
0.23830680484654893
0.22678162717768646
0.2288355937483713
0.27493052541547675
0.32909907905672037
0.3801586993824111
0.3831186829174228
0.3343735224927344
0.28500738690123695
0.26117007804786097
0.27011768436795813
0.30817357338636775
0.3100622813818496
0.3229309948081058
0.316990517438205
0.30497492114585795
0.27462325274747196
0.2558480667401854
0.23955882100853929
0.22624884106624785
0.24523444171842118
0.26034702560362866
0.2633042165494153
0.24952349139180552
0.2416980818402642
0.2358047731906283
0.22805223115009268
0.23587011500778263
0.24870607741247958
0.2512565514317275
0.27013623315864227
0.28607914328193174
0.2961974995977777
0.2972074090555002
0.2993136408734418
0.3087680313927949
0.3229967503839781
0.32601419708139545
0.31508354907772795
0.28151566203581163
0.2522852102569606
0.23513514488807674
0.23948404626608044
0.24733034656284505
0.26130764671783846
0.26443111808231107
0.27248573824616157
0.2899543127286126
0.28216670387449977
0.263724562252722
0.23975473714610018
0.21626866006453035
0.20312271683206395
0.1951878843821517
0.19598610308659478
0.2160932357375703
0.24722042656752713
0.2621795203118555
0.27332013351197465
0.2655053541324494
0.26157069023239343
0.28139647070997764
0.2790533710046849
0.26201795417791146
0.23857778245470315
0.24162712069305378
0.27490468415546787
0.3086608518563929
0.3246679762563696
0.3389761812681825
0.3363197984904612
0.34108668668965575
0.321379068233718
0.32140400469935243
0.31453307542072617
0.3060675805630097
0.2979687248539245
0.29175689356056
0.28322266697731563
0.2527221113015781
0.23655794728604537
0.240923558367566
0.2505617364275113
0.2590590295653475
0.2614579000743965
0.2695615031018996
0.2797902829158083
0.2860121379237438
0.28499637670564
0.2646978642826853
0.26130859531685424
0.2578204031011649
0.2646464781122071
0.27995376302478087
0.2838132691108886
0.30190818917972023
0.2946482384803703
0.26731091482704866
0.2288767982438081
0.21628460908756683
0.22600825731452368
0.2587086649798087
0.26702597310318466
0.2711218816539183
0.26346301723812526
0.2580850514681704
0.26847818667222345
0.27846296307524915
0.2999631275281954
0.3087212719911498
0.327823977349357
0.3265145817515249
0.31988964065054964
0.2985269068446287
0.27127105988907807
0.24572739978304892
0.24614509853444366
0.25719358124439295
0.26252575392304756
0.2594946569303922
0.25613146701921324
0.2523619999003638
0.2492371801019449
0.25022875527108973
0.26909017934330925
0.26846242603056975
0.26378203969255554
0.2408646119778293
0.24112246318301023
0.23689462277571974
0.26107142949050177
0.2721036879418061
0.28644582153618464
0.27796040185226667
0.2630139522275083
0.2560528502887297
0.2648348891028253
0.2733862479377422
0.29032843507150197
0.3011999733196868
0.3008274684239627
0.2836000843788536
0.2616366772588078
0.27408708185145436
0.2790164002027376
0.2861592638156431
0.2835148336865344
0.3057445632235221
0.3251740923084808
0.3220219280815879
0.293014153202838
0.28096575627206916
0.2757754965187021
0.2703785704813596
0.27174442259426057
0.2895236851784198
0.29042345650144413
0.30889836685153427
0.31370566906176334
0.3357282559544353
0.3178554954227692
0.30141699076087736
0.2703328467327704
0.27846443195248743
0.28149040339166415
0.27994409175916235
0.28655585726934246
0.3065654615665302
0.30517800049596516
0.31191996445899955
0.2944408462310885
0.27702360994515096
0.24900470883029943
0.2500168601903321
0.25751928507715705
0.289036938086515
0.30802476738946066
0.31136349162595145
0.3298251284415168
0.3447665796223397
0.3359268742904498
0.31313363428822816
0.2856682816720896
0.2608607869830714
0.25530999208113536
0.2583509981841429
0.26444062354976566
0.2730844870936367
0.2824202019631187
0.27004192777594827
0.25138396949980285
0.21360151360339996
0.21758879628085617
0.22969378595296255
0.24332845474241477
0.2566684740296525
0.27514487744335303
0.2813914116493496
0.29281282405418974
0.29468429785333816
0.317328213449276
0.30152681052199914
0.2714489870198491
0.24185704535265265
0.21489897862249366
0.20812035166476955
0.20149098684495703
0.21830497720180606
0.2487041921747043
0.2800686011257906
0.29654054033086874
0.28305709614382263
0.2711294219940627
0.25195439036012346
0.24782859518428585
0.24204910805926605
0.25014490854924637
0.2494189714999006
0.24935486559573886
0.23359081478655688
0.2319354275659161
0.24073568745603713
0.2524251311434113
0.27540919549015663
0.2756635543302667
0.28556958678712
0.2711917209307252
0.26118839502840424
0.23407413710692984
0.22245103856400414
0.2204561049219339
0.22855679390448636
0.23645539551843656
0.266399590048363
0.28160167051788115
0.2893524347624646
0.2673796985148792
0.26029807638926145
0.2585456319606993
0.24220168045994528
0.23975085575143149
0.23217164391509795
0.21975186526241255
0.22395289429903936
0.23262096967693227
0.26073957375769247
0.2845462552407658
0.2870534316846615
0.2878557361684208
0.2749503279970227
0.24787201761570268
0.22734837036153055
0.21253563670712572
0.21806564817612706
0.23116205621874475
0.2505997511831068
0.25972952719037545
0.25674887568142096
0.25771329243707003
0.25029733932245724
0.2528250960254783
0.2571625513857994
0.26111482913569967
0.2622779279470222
0.2594550671886431
0.265214061637093
0.27935409020478835
0.29083106046746526
0.2838806882377393
0.2817987373341019
0.26768040329212295
0.2514187795586593
0.23993291804637087
0.25724417371445235
0.26825264561844936
0.2938191831987937
0.30226001839796773
0.31001671367968703
0.29473239920065686
0.2851926096034087
0.28399317143055974
0.30377139602626996
0.3207068978681311
0.30899202019797983
0.2872670503389407
0.26767606294852464
0.2545237272335202
0.2571785368847537
0.27681045408255056
0.2843220262220118
0.2994591889704666
0.29275813867028094
0.29618174625378396
0.3045294478761566
0.29483402930897007
0.281692118504163
0.2689155941734744
0.27502694878915224
0.2816152835011568
0.28635080097778337
0.3015787343149642
0.2962362014633492
0.29415515312713836
0.28061138245191664
0.2840357450897401
0.27764118071901017
0.2916388118805685
0.29459141104522657
0.29240086336588933
0.28584567384024573
0.28386214305946506
0.27408686259791376
0.2849778129481183
0.27668183994276424
0.27129265379172934
0.24633263776511188
0.24000781745578237
0.22794007029542057
0.23862902113737613
0.2479831083632189
0.2640221034704987
0.2588077074466405
0.25002985431035923
0.23685748995273614
0.24860468885874634
0.24198127718329268
0.25510028679803154
0.2451153040618449
0.24444625714849164
0.23131113956690774
0.23633126499484478
0.2549188515203194
0.27893262244016337
0.30054240783903824
0.33057671430139557
0.31317307823006496
0.2951023087677343
0.2671909130939129
0.25984800482913967
0.25620346752532075
0.24792920674328467
0.266170593667578
0.2580650119854007
0.2645153442610912
0.25706727738078344
0.25107586972229734
0.23605214659375284
0.22694889574359678
0.23139572716882104
0.2464729355209718
0.2696114321296501
0.29304338774626587
0.2767559096627113
0.25344486266716937
0.22427591283381523
0.21707713073773957
0.20772131856960918
0.21780525295426162
0.24214545529986709
0.29733203515036405
0.3140786782405456
0.3275620709491481
0.30863762081214785
0.29805633441682666
0.2738574548820102
0.25270997474144025
0.22750483330028537
0.22788006071151776
0.24155625052135546
0.27104382097028534
0.26625782325012587
0.28927580881070536
0.2816341529962871
0.2736223592048741
0.2602788239272436
0.2706492658210164
0.271807742483917
0.27261989673563336
0.2781371555843601
0.2748150892289291
0.2704482217592201
0.263596268812795
0.26395407335919124
0.2509219345950945
0.2475093293623104
0.25110062584404247
0.2807214795047504
0.2888873406744905
0.29858701752225225
0.28402375157191284
0.29031193843467423
0.28759730101883485
0.31650665825446317
0.29962460981647043
0.2957014901276321
0.2737646670368143
0.2612576421191545
0.262879506407953
0.2702014188169723
0.2742555741288933
0.2800736404145419
0.2777202116664811
0.2637322163181909
0.2686075074285944
0.2593015533834301
0.26123586983358316
0.2590430892092856
0.2563519573960071
0.27414753074597853
0.3017455369182727
0.2928541700579228
0.28318840851339094
0.27048040077710606
0.26624858328081996
0.24635376263543055
0.27063474027557977
0.2651844071940084
0.2749097820500732
0.2950810876911073
0.2977188332313087
0.3059254167653927
0.3190310189825569
0.3291730675607917
0.31960248710792627
0.29976094405319353
0.2750156222251674
0.26165477015837363
0.2557065661228063
0.2554418052637267
0.25220726178685327
0.279232591522729
0.3019062116609755
0.30879249835157646
0.2999057689471274
0.27653739384506404
0.27398450721737705
0.28123784282732717
0.27477791738889173
0.2711674900618427
0.2665383264812427
0.2590186888420104
0.25706216173333146
0.262324906137275
0.25930521438716553
0.2509305125308281
0.24548258850401453
0.25097161706864635
0.27383794405876577
0.29283815320226175
0.29684719514081503
0.2851665227277955
0.2853134005847105
0.3004839113229184
0.2960022377364739
0.28894617541980133
0.2922732269374181
0.3028206954760751
0.3137737973580504
0.3090262835483066
0.30276418128971305
0.28546895646144627
0.2809510381003663
0.26991003117432166
0.2720340513630309
0.28639414982824735
0.30103546171763534
0.30842742027434594
0.3169630234399811
0.31842323536619693
0.30291208706601574
0.27862144188008947
0.25113525338702203
0.25159376150100243
0.2636387063980602
0.26613858260808
0.2685971756064374
0.2660147157023528
0.2649214609688775
0.2678859108843649
0.269608802869343
0.2889889909604372
0.3121804556056067
0.33723276728071494
0.36670628444249376
0.36411616768545063
0.35112907937259624
0.32735146574827534
0.314394538112882
0.30044649648094596
0.2744673808609746
0.2625219105233788
0.2775974065894969
0.28037881699186396
0.2802202760220647
0.2590769785309196
0.26164883271176
0.2617466827508122
0.2693487722610684
0.28081662480724073
0.2925966395834566
0.3059530670729584
0.315097293578722
0.2885686071703804
0.27104919061751703
0.25714995899554055
0.2690900861854658
0.2761910125517627
0.2850687850838774
0.2834866746619924
0.2968193713358071
0.3065994810924883
0.322089129950733
0.3230288049929388
0.341564742264339
0.33725267905509554
0.304296393663044
0.2667885478998356
0.23963276617520055
0.2386272572411099
0.24779345452175228
0.22795555414192553
0.23283123241498604
0.25338623486970985
0.29648444101546545
0.322331976305055
0.31843339165047935
0.30875593826734915
0.2907843950413789
0.2511408545583988
0.2236098914172603
0.2166381680716751
0.2063232637697588
0.2097456129605484
0.2219046476932558
0.24626132057449127
0.2610102170046225
0.2672872687360799
0.25109856838467376
0.24077317443590882
0.2150094272504938
0.20930163605808158
0.23117345073796144
0.27148825562789725
0.2967780577150569
0.32076162258881136
0.3355990437264892
0.33388235543718525
0.3310655180479158
0.32741625821021836
0.34098519210493655
0.3274989799248265
0.30908626340837014
0.2738877182968486
0.26653681540502955
0.26432580484251966
0.2679965513332623
0.2608079926941073
0.2649105034275047
0.264555767660657
0.2719048807567128
0.279495615181857
0.29508159617572177
0.3035726362593035
0.31124793795979644
0.29993766027717006
0.2976094104454964
0.3044562576914957
0.30556910047064206
0.30845259431232563
0.29653708754880087
0.30169062444948397
0.2995769492033191
0.2937038893478481
0.2810172642119214
0.2881055624434747
0.2765249215256784
0.2927620992024515
0.3158194768846864
0.3281404765502695
0.29355459164115594
0.2530887902044891
0.22223650879616935
0.22025955239783881
0.22433283561998027
0.2321767959771258
0.24247958042448392
0.2601541896313773
0.2652366944109874
0.2594457776473856
0.23886680947316205
0.21987456013760476
0.1987038051675949
0.19815559121875745
0.20647931607087447
0.21974515833443253
0.21914383794434006
0.24328349224636037
0.27763624682250426
0.30439618476923197
0.2948931314633393
0.28844900203218005
0.27153322336491503
0.27107396080029433
0.265328609774887
0.26661889333390787
0.26863975619841396
0.26481363380695544
0.26320116789314235
0.27387394437383766
0.2807428621224121
0.2700048062181358
0.2714466075918329
0.2689253919533597
0.274788753508777
0.2856606329676372
0.2960166204117535
0.29310505003600207
0.2856424817450068
0.2734273818943626
0.286352068612828
0.2823833584409888
0.2999861941913498
0.3065129559953957
0.29786097540747564
0.290536003814524
0.29327011658975854
0.27244903139229587
0.26151710198242084
0.2523064640674151
0.23713521225687392
0.2108466101336148
0.21681778790029993
0.22788060480145642
0.23860390338657184
0.243679146024592
0.2592056904870009
0.27791336686193746
0.2809878586558664
0.2658618030866987
0.2600352638409861
0.2523438583384803
0.25148806344301206
0.24950280879948497
0.25691778813698085
0.24375212121342435
0.2403225735679689
0.23970763161676195
0.24752892083231387
0.25633705286593905
0.26235564129846234
0.26969341546304737
0.2857764207964744
0.31293977159097286
0.29985846099702895
0.2757569132439891
0.26544168312657657
0.28696945905635624
0.3077131430335425
0.2831509378304578
0.25584467872366057
0.24314857541280882
0.25431106348131405
0.27263653084852557
0.2988365416172847
0.30082181394654556
0.285690980915176
0.2705990879976185
0.2669118069190314
0.2666802578954998
0.2503026477541569
0.24014596695532037
0.25081222847349827
0.25812153508955726
0.265784466562266
0.2848979627996631
0.3080373319545581
0.2983629197038052
0.27113831904636243
0.24800814785731354
0.249069860354173
0.2585002534657465
0.273857508274093
0.2979518134443318
0.33188018467465596
0.3273022307006317
0.3344010097931569
0.3248074686344136
0.30591448306564983
0.2798182002757584
0.2558511490401804
0.25125544481460066
0.24719028220894806
0.2383611504080017
0.23766655079204832
0.26455703388096313
0.27422956581892177
0.273846532180078
0.2944321243245066
0.28826612601304885
0.30200306874737604
0.29230871066217773
0.27920489309730456
0.29630351690353696
0.2969466631394153
0.29810322626660046
0.299627091648841
0.3167409863278675
0.3128962523686063
0.30250356085955327
0.281695926367076
0.2653050881603479
0.26481850098634174
0.27201861000649546
0.2909327446185411
0.2848815492840966
0.27119612286257533
0.25666467968128237
0.25142716794408204
0.24978084851110746
0.26934382273217516
0.2866459480383248
0.2916129437729173
0.2734825230109276
0.27325914095918585
0.2496986398755795
0.2328979823213942
0.21889887182850795
0.21896378128935146
0.22724875821537688
0.2406549069055529
0.25842095818507843
0.2617739608083227
0.2665365315218691
0.25788586266210817
0.2609697724905606
0.2756675305569637
0.2883347827157691
0.2919357907887719
0.2963134962218773
0.288649085581079
0.283024037213264
0.2688922600446031
0.25480010962749056
0.2453903442525771
0.24627814229161332
0.24235006872486248
0.24005535110311044
0.24035017978261744
0.23713987797362893
0.25656266017263374
0.25917156946603115
0.27290678425662235
0.26282397128329604
0.2592291336964639
0.2301749219611453
0.2294413749749157
0.2339243547688052
0.2580231082386903
0.29143242394193847
0.29858778596361313
0.27977975769949415
0.25690625037112913
0.23214961781281104
0.22871088367417683
0.23839009977483108
0.25887857033834155
0.27967371675088126
0.30937171377733685
0.31256037341505
0.3078384590858101
0.29216826981510885
0.26757666507469124
0.24040801745952903
0.21111785260421942
0.19841849113820859
0.20192016151711592
0.22165367361287627
0.23665619422720668
0.2501547239911768
0.2771179419974619
0.2945839817397602
0.31502004111609017
0.31296994724092525
0.3077527609462826
0.2804885518330153
0.2766503747938643
0.2609258542731815
0.26979701448812915
0.26391763712723854
0.28688459933994503
0.31524376208193194
0.3533178193237339
0.37696520709777387
0.36493839131854733
0.3218912081668442
0.2975693680628623
0.27229381773928424
0.28301769837618934
0.29190069396593915
0.317503499282368
0.30979306067091633
0.3098636388759513
0.28890132108255884
0.2797315812265304
0.2657636845661208
0.2718101449893988
0.25890808450298314
0.2483696515784905
0.2442761892185232
0.2576149416179762
0.26813926336288574
0.2677351706552897
0.25703070032501896
0.25299119537970804
0.24387641133973184
0.27521923656308456
0.3115679945175367
0.33154263027950664
0.3392105109367258
0.3438821706070335
0.3041139605873679
0.2712862690532149
0.25052979763101413
0.24152037480513497
0.23253890719349798
0.22208863627037562
0.19618897816328595
0.17106309393128882
0.14917806796446897
0.17628997515005532
0.2085009426829742
0.2426467943423456
0.2648497327756778
0.2767798851200985
0.273333919684293
0.26124277814161023
0.2722879559747554
0.274103861884475
0.2693525014418997
0.255695275010085
0.23590944705583564
0.23590951941961044
0.2588389337906625
0.2914884638344105
0.2964298733183714
0.2816825691320802
0.2601542592573844
0.24800994629149448
0.2418980401328884
0.25943305519763676
0.28355049340791416
0.2825932019898856
0.2842659985089398
0.27017331213473833
0.25045149141960094
0.253409560655332
0.24292041652748958
0.23776219689357891
0.2250265361431137
0.2215648121457282
0.22358111074958328
0.22026822245446673
0.2241495377678753
0.24409750315243617
0.27690401867620384
0.29360549607065956
0.29028481455098865
0.2662709136346325
0.2656541549803986
0.2602917905307769
0.26416538792572747
0.27682186923735086
0.28945978156800284
0.3102633540610746
0.2999177529782787
0.2827814042122589
0.26049737210768054
0.24725413413684652
0.2398500682970511
0.24463362632322574
0.25084975694786765
0.2747766794001978
0.2893579369798872
0.30727223369474826
0.29886351343160905
0.28476958890419185
0.257133219447503
0.24998747001988184
0.24046972825979163
0.25552451269727283
0.26225030312367986
0.2602215914600675
0.272005407699052
0.30683306418771394
0.3310073950708787
0.3489156739103961
0.33625808324508066
0.30182448756651015
0.26898132992940027
0.2581663482409878
0.2627089465378928
0.28166437327385285
0.294554172681836
0.2816177063102397
0.25961726588341477
0.21478989812303015
0.20076576049554803
0.19643414525516595
0.21794593328483103
0.2242304672806797
0.2597939416099665
0.2822318542492273
0.3101502830438472
0.31329997919190267
0.3147743122828553
0.30468266236641095
0.2921402472482002
0.30355211256724757
0.2979015858113817
0.2875593664551158
0.2850651152755324
0.2730664020957708
0.27826590640950605
0.27292443360682134
0.2553320974765859
0.2621862075284184
0.24581061873271637
0.24539034478794658
0.23845359756979187
0.24485191488338748
0.24631096066331667
0.24819505701039518
0.26562137217964765
0.2789440842361674
0.2629606997317403
0.2472573418462857
0.2351044421769366
0.24504777099952968
0.255684760207525
0.28191796214567083
0.28297942402310405
0.28139400498023365
0.2649720180621967
0.2811398030985339
0.28928523096345776
0.31484212590720984
0.3217198363062883
0.3315493647257686
0.32431059927678024
0.2855545661200117
0.23427455033310488
0.2088678046630972
0.211493298653377
0.22251011486145927
0.25294265504437224
0.26516552864699106
0.2686297210334396
0.26772092778752815
0.2625020622110042
0.2527414088303352
0.2550721994250894
0.2717205559511311
0.2838638522014915
0.2920358672554709
0.30161097309572843
0.30503428822207335
0.29759216575616937
0.29615568277322174
0.26160489408967375
0.23669407621077457
0.22543919249969546
0.23621501003848877
0.22627393867683226
0.21337254606829908
0.22971269023625626
0.24118769314502927
0.2673404425198873
0.2831481969574702
0.3127472889899112
0.33344706102980826
0.3168653005852136
0.2821211059025661
0.2534165154049927
0.2569531348125866
0.25088520988178326
0.28737205897728857
0.30028468111941403
0.31950715173704203
0.32461658623783635
0.31401495817520525
0.29530744739730574
0.2796697853522807
0.2630313906248109
0.26319853891509803
0.2565174550911262
0.24082741591352919
0.21950830250282358
0.21771496932289736
0.22104652686571266
0.23682497163575406
0.2597256639494897
0.2693787046391203
0.2764659192912477
0.2932749346008534
0.3034043985709292
0.3176185833429178
0.3228113709816563
0.3270742851114981
0.3245571069518622
0.3131149971113056
0.3070299343195794
0.3059902658206358
0.30638020392321463
0.3131749987522966
0.2872206946680143
0.25552848865837163
0.23973962521255715
0.24554314849561623
0.2539605030910668
0.23783795923060372
0.2346729241710555
0.2323797906970671
0.25613012644237054
0.25661967105192407
0.2715737004303532
0.26974680285233193
0.28808586701540356
0.28855895423871325
0.3014715790320506
0.2883271628157983
0.2805843519861792
0.2487911380293637
0.23444190728385927
0.232402831715948
0.237338290370987
0.2595295218617278
0.2813391805160311
0.3021097083296272
0.30931445868285407
0.2921632695252281
0.2702366614687218
0.24727244232031173
0.23599361185628212
0.23148537528945695
0.25266647089626004
0.2757554557984553
0.28237984284198564
0.265374099152134
0.25295486374857395
0.2704578293621325
0.28775139668262395
0.30255818607204815
0.31610537410803236
0.3152296372858377
0.2812612554018038
0.2404173240043773
0.22478121776332713
0.22450491989224883
0.2313682996750957
0.2653575390918239
0.27426997056251773
0.2610530488390971
0.24271534552382845
0.258420299126723
0.2715298739629918
0.27726913650025864
0.2784326970546821
0.28167474699349
0.2639994759084645
0.2576730157424571
0.22444504736486537
0.20617130316491047
0.19914015139093846
0.22004856524327077
0.23965474295266137
0.24751409282474016
0.22950089916883096
0.1966798417334536
0.1929586375659028
0.19987933533217758
0.21847347313142015
0.2536146260451291
0.2839566587682798
0.2876813305009844
0.27574420317423604
0.2651649676047144
0.2680313377838282
0.2613078217781592
0.2561218803876504
0.24582360468170936
0.26165488908616025
0.2754184315304118
0.2938733309060176
0.28826611438527416
0.29953342440446046
0.2834151703799339
0.28331654473925116
0.2683047876616698
0.2681061460312574
0.2715293988024145
0.2822356989766331
0.2943667202689729
0.2872085564514727
0.2610684728676221
0.24366786068318808
0.2029446893200835
0.18373100933586178
0.19178290512066976
0.22510075180350045
0.25127463082258006
0.2682352125891943
0.269093750982883
0.261018270877602
0.22910863525256112
0.20439229100075776
0.18987605695279133
0.1888337100210123
0.21372392288910724
0.24140285978245205
0.264644188886998
0.3029306522435558
0.3171875446327375
0.2943278744179938
0.25427026082997606
0.22355379558391222
0.23782697893697669
0.2521523048088527
0.2828882567038527
0.3139563366741339
0.35074067426538275
0.348544445977994
0.31807105217320236
0.2633226385126962
0.23527413105007328
0.21488958159738786
0.2255267435636842
0.23952916242752195
0.2711235326276084
0.2820622671761154
0.28339309540014157
0.27066423636712605
0.2592367359035317
0.26290411792497986
0.2640185162557164
0.27659269646208684
0.3047560532725947
0.3276987152883458
0.3327162239357871
0.29754328441381545
0.24378349000634728
0.2242375406484129
0.21742627071529028
0.22539664739604007
0.23013191412435652
0.25327574295113003
0.2822370861374791
0.3037419034509236
0.3171549324706701
0.3165248184387034
0.2877043804353047
0.28244629921575515
0.2754980595905206
0.28534955324220135
0.2915915605202598
0.2871769029452317
0.2848578827193718
0.25260851904372283
0.24501170874383763
0.23694503269568915
0.2475788645705618
0.2616747314868897
0.2865100650203505
0.28809469376057417
0.2988395938677522
0.29339179087762896
0.27862874909849394
0.2728416711379612
0.2934164993449907
0.3298130048595874
0.36559106729489105
0.3813966642970901
0.3771530046774441
0.32615725752569835
0.302253348645642
0.289978306437769
0.28740201871108184
0.28572379050588864
0.28230697477326133
0.2791662905628971
0.27067981070448444
0.27037961345675915
0.2790949848187752
0.2914123538553552
0.2889358877365566
0.29374894966193094
0.262912670275843
0.2562244717280286
0.22689147183331151
0.23407473547095897
0.22697539127635213
0.24354872916327525
0.255682410931245
0.26943866642994607
0.27121078933143977
0.27440099697345255
0.2703168662199074
0.26801617206970463
0.25117232161466385
0.253374536876937
0.24011906796184407
0.25070091751638557
0.28076534553203913
0.3106451605372452
0.33019204000246183
0.33869828839978044
0.3397012613533622
0.31817645924584087
0.2764426502437774
0.23773551454529143
0.21893786493115613
0.23327773034689062
0.2471910217784861
0.25028477300868157
0.2578688982498986
0.2662108542593687
0.25623937182199696
0.24517036268268522
0.23954482968467583
0.23133193476340924
0.24448244837417138
0.25761200581500654
0.24431679984936983
0.23968908336701134
0.2598708012393452
0.2773095975565585
0.28747670645411244
0.31759882687087715
0.3369765842033917
0.3331293544625855
0.30109678770918474
0.2536681439639268
0.23041073291615352
0.24908706862372174
0.2809531516356969
0.2957014804294771
0.3188704646956995
0.3029938416333152
0.2986696413658308
0.2816811334785911
0.27455139840431186
0.2699473683845779
0.2764247446101642
0.2944070001964748
0.3070081267365247
0.3121050262984037
0.2955908728344493
0.2556457526424613
0.2334076811329304
0.22347880228695544
0.23128308677199685
0.26287974869198855
0.2916327650678121
0.32645486597756324
0.31077482198026235
0.2963537633214257
0.26679603976568134
0.25073369054564315
0.22339482540321928
0.21461982214984515
0.2156883991574749
0.24553865283172474
0.2654623789413464
0.2895960952308684
0.3065914249864117
0.30799200178346714
0.3126000380001259
0.30325345978315804
0.3078615063383918
0.30226565170996406
0.2979334368824885
0.29401196180347833
0.2883286913165034
0.273159839589203
0.26490412139905717
0.2632627913272795
0.2757339290416553
0.29621866544533754
0.3046872523035383
0.30272146506119935
0.2896967484563552
0.2826241031116127
0.2660636307916393
0.2697255395789033
0.26885494981882213
0.2681972167302278
0.27897829660782225
0.2755258542521641
0.28475455382066245
0.2781561591779778
0.270402095169775
0.2543386010556779
0.2453628697080456
0.25117412098365516
0.27362218792701204
0.2981134774122075
0.32731796281572473
0.3299477292405631
0.3202810946814744
0.31905657983175767
0.29409711887452994
0.28967705884958245
0.29355940037174966
0.31852770581424633
0.32331494660719273
0.3185380578614563
0.31337769538877985
0.3138709478833708
0.30801536131802565
0.2913139452412693
0.2879016232871777
0.27774246616106807
0.2584216152784797
0.23675733117875583
0.22461040248359532
0.25685376341463523
0.2772736504992827
0.28518513348751057
0.2886882578807548
0.28249425333995926
0.28810770636999183
0.2851488316571349
0.28359954915701574
0.28301794046411693
0.29180674661061357
0.2745331817738402
0.2887344968095038
0.28675661226265237
0.29900469889677694
0.2842150930776705
0.28138598734612597
0.27131127636110636
0.2929928012391532
0.29757653699961045
0.3090993406229981
0.3008144931831315
0.27691260633837483
0.25243273421238344
0.2354639078337593
0.21620551563619225
0.21275017906400628
0.22911157428529838
0.2706219122554455
0.29440075412199196
0.3091346212485525
0.29199558561457883
0.2767433919850992
0.25092058684370155
0.25151772475335876
0.2679150302080419
0.2875359669194364
0.2871159629608954
0.28738800069772663
0.2833026921170284
0.2835291521028487
0.2913873344588183
0.32910498509712366
0.3404229933548369
0.3605888202489095
0.35179211580460845
0.332976615957996
0.31528258481070753
0.30647488920361676
0.277395690274622
0.24080202478712232
0.22044378594776945
0.21667746865193124
0.23106666882638344
0.24531737754538258
0.26279230108220564
0.27990555090562175
0.29956567834407255
0.319112116158481
0.32188210555371927
0.3091540300430964
0.287594776112094
0.2559999054887787
0.22121320943667475
0.21509552685566008
0.23387342541793887
0.2791147179150051
0.3063204967903043
0.3173306753300032
0.30467098111458374
0.29956039179752614
0.3015372124550163
0.2849273780804518
0.2701288064016632
0.2604415590798526
0.27873698211713843
0.2704634742118759
0.26652786535269435
0.2592296368072093
0.27738554258002507
0.287895833077131
0.29622344697860653
0.3011773941743479
0.3160743675371998
0.29421129818540726
0.2726656548286122
0.2457967788345838
0.2101075973277873
0.19839751472247116
0.2059363862166148
0.22922254852234825
0.25102145982307256
0.2824268114206762
0.29080363377365664
0.29320552790454285
0.2819037706869186
0.25626286772911977
0.2561751551270926
0.23875188205997283
0.24177816820080883
0.24281612109512665
0.25767402884849766
0.2699723439825414
0.284844200722321
0.2973710305174307
0.30369506580940586
0.2972438705530138
0.27650295706724476
0.26768549267047204
0.26767243735037116
0.2588404901124428
0.2507171079523421
0.24841558906772299
0.2529339243997221
0.24390748663389838
0.234254079760316
0.22802251356793893
0.2361406269261265
0.2243448227962133
0.23456661743709786
0.24122478968467248
0.26173412656456646
0.2597428699689653
0.2802042339634892
0.29733659151890685
0.31598416808525204
0.27856075619222254
0.2646623805352134
0.26939497682872066
0.27808742994173086
0.2889886829173087
0.2927007418177178
0.2836412625531885
0.27447902668698543
0.26514952635604816
0.24996929776049306
0.26359063328698445
0.27215745432772576
0.2961791791812056
0.3127268291616205
0.31204898200823983
0.2920888012550979
0.27205917169581006
0.2691785654451606
0.29452662442046257
0.2932982264804289
0.28964853515114675
0.2717050803239065
0.2554749036490654
0.2465926139874885
0.2605058085275232
0.2867909704787442
0.3037760788745256
0.3189284251078823
0.32462005144434325
0.3208230684059465
0.3133451111522052
0.28000959101908357
0.2521902658226141
0.23629560277071188
0.2520102184624635
0.271207251561954
0.28676603638547615
0.29059775335790045
0.2757548902761033
0.2561752667186422
0.25309826333343133
0.2647041577697905
0.29327564129628125
0.311216995326374
0.304728951839618
0.2860973954243585
0.27429015585463673
0.2758678932022452
0.30461985254438567
0.31030530330857165
0.2968746089695836
0.289384215009306
0.25770512128428763
0.2509323715210885
0.26246817695366903
0.2909252317157246
0.30119878822076296
0.3130992470158771
0.3001981200419104
0.3012179999497846
0.2815457073814741
0.28392249911032036
0.29269236111316643
0.30299513107025094
0.28921736260116204
0.28395122036602244
0.26219160912414524
0.26634455510095156
0.26208710219805337
0.2691124698857263
0.2866357735188983
0.29204470503639796
0.29241651536479507
0.2786966202000433
0.2766099012972374
0.27641164995109335
0.281653550142411
0.2986652649048057
0.30790973436639735
0.3157888199068597
0.3173651494304747
0.30408289301900937
0.2917698494074002
0.272383192812967
0.25871936125300826
0.2521765038865508
0.2707822586672682
0.27238533523845654
0.26962331109345034
0.26758648414134745
0.2884258560687653
0.2834241972736133
0.26729323919400216
0.2271704946041122
0.19537520620894389
0.19554101438126853
0.2273235512644728
0.26366800136352175
0.28699896691235477
0.32655620075553426
0.3375130225986243
0.3309970681843895
0.31557113332807396
0.2824751503536942
0.2617687460430655
0.23086801265450094
0.2265298340861432
0.22969783463180857
0.24465096029559882
0.25120811604530624
0.2531991103401517
0.27078819028104134
0.2748681313115744
0.27590546805372207
0.2802215760787078
0.290377650907464
0.2908844944724714
0.26494327998123207
0.26294752272290856
0.2627957492896189
0.2622427510108776
0.24416652459109545
0.22491038334121946
0.21569620389388158
0.22567208499802946
0.24459009086311786
0.2804582526543427
0.3037858704376655
0.3149234530351959
0.286737438975523
0.2720781702286574
0.24922428032495164
0.244466652977161
0.2386203845389309
0.24570432610817602
0.2451218746505389
0.2634082226303549
0.28173903096671743
0.3111369756462246
0.3213307662509584
0.3190869833382001
0.30116712920690375
0.29076028117542146
0.2623453290487522
0.24711042535080133
0.23990795451525557
0.22733483200918786
0.23487193324492442
0.2590017909533547
0.26803516173626096
0.27076740746599004
0.26879062532225867
0.2766426949892909
0.27696120188303075
0.2763324321400713
0.28316954503459674
0.2824229560463062
0.28323058864917944
0.2804587022325277
0.27138705139726893
0.25441791861165586
0.23510208668800792
0.23796137388346705
0.23434733787532896
0.2612159463051696
0.27422287791446515
0.2935312602339758
0.2907971644791267
0.2958979351201708
0.2827415667657556
0.2545951626647033
0.23982310864322656
0.2252967271543277
0.22424959862394556
0.2276111752587028
0.23946957179125228
0.24784821485486516
0.2586091044521615
0.26698154093189325
0.278380217638686
0.26863478444696476
0.25108743468055106
0.2358165421155611
0.2139232935794082
0.21005908987259705
0.20150503625572427
0.2141233400892923
0.23134902128651372
0.25144021144666145
0.27551627331391787
0.27980414874105114
0.27121965758972894
0.2755939163865154
0.29161308578659245
0.3013102613395572
0.2933524743110195
0.27865212562047376
0.2656121931653213
0.26779220141485266
0.27623681881155626
0.2769106730525125
0.279577722522618
0.263275120999991
0.24369066663972527
0.23697541516918474
0.23435782246599382
0.2282929905973042
0.23183133616731127
0.26120566578810744
0.2942595008715268
0.3281488980825882
0.32716989429580257
0.2973775931901163
0.2715149243686126
0.2631058146120935
0.24443529298075573
0.23807379678304247
0.23811466742376233
0.2384107637911407
0.2463145433893534
0.2568600910737706
0.28236712849531337
0.29326345597757725
0.2809172203770992
0.2789587935963888
0.28385014428441707
0.29559174642275304
0.2794564351904342
0.27838759420718595
0.27635648734965124
0.24765874077958008
0.23467140658187186
0.20866052060620222
0.20967055230350648
0.22024079640538524
0.24958428192784235
0.2624612717751244
0.2757184342979723
0.2805208106201941
0.27457134182007725
0.2747672255628889
0.2648235410374483
0.25069851951652256
0.24670265706814457
0.24036350257437136
0.24445027708768707
0.27451630733649723
0.3108269702629741
0.33852596236118787
0.3373758887136453
0.31191261379716545
0.28212265432300176
0.25576412990699965
0.2541863284400799
0.26491809753143275
0.2903324099759872
0.3038890115243592
0.31636987629148156
0.302883258324845
0.2871798675301075
0.26274324241195735
0.25826011173897695
0.2527354864255254
0.27546896205583743
0.28132719163208286
0.29697898506646264
0.2957553321076185
0.28707063672932126
0.2566880820238379
0.24693912457507175
0.25790259775734836
0.26154754037533207
0.2778735635694624
0.28336690278904286
0.31353475077720844
0.33049324422603255
0.32151557319192914
0.31711162022523054
0.30391786000703647
0.30427968566190766
0.312398021642631
0.30327739757181027
0.2983678438537254
0.27890724009176826
0.2721717084955237
0.27269557755247503
0.29973640429905885
0.311333843418565
0.3044256798129341
0.2770372172688269
0.25187189608779226
0.23644679389763607
0.22098811548526925
0.21457465359563138
0.22910343777338743
0.23100003700966243
0.24509802821565427
0.2604621841407477
0.2826840686777502
0.28934186320363003
0.29268344749918757
0.2699367543809852
0.25280908259752866
0.2430329194404052
0.25077106751648254
0.2799638511702105
0.29253636948924017
0.29235187825486975
0.28511108559425646
0.2882393170439385
0.2930870888203928
0.29736754601280396
0.3115459147698999
0.29383359664938546
0.2733800807516706
0.2689765006333365
0.2760036292469923
0.28879620296234426
0.2860292167088539
0.263164773059047
0.26064176337964146
0.26767249121259806
0.2681172012166138
0.25426503287116364
0.2821191142019461
0.3102925497401551
0.34024947204192196
0.3393530870526622
0.3322352205365058
0.32583125423985915
0.31979563502435243
0.2934247143421409
0.2519044172873266
0.2547832382540856
0.26440528231413085
0.2958189458710028
0.3006283748583623
0.2849122417340257
0.2870058103469473
0.2616451012273691
0.24573237578960574
0.22350368995900535
0.2052599340526994
0.1840998030461186
0.18456882212981146
0.19029367370897066
0.22995505855838652
0.27875744818436704
0.3265433533757247
0.35670890721922227
0.3597225856270029
0.3493378388738547
0.3328144321393733
0.29532136008249527
0.288225512974696
0.2785083283370758
0.2765988651363804
0.27141265273152326
0.2631395873527175
0.2665004033823264
0.2692540356672197
0.2819833628046935
0.2647686310710455
0.25360999492839453
0.24758020687655327
0.24639976421656107
0.25100885033282694
0.26135969405398374
0.28579699043140605
0.2662579554297783
0.24951005389844003
0.2160780310419229
0.20744936897916808
0.20196051074529742
0.20805130255052084
0.23331953473936204
0.2825277344227085
0.3289796949653815
0.3513831101425894
0.332917473376561
0.31965860679773217
0.3017152403936563
0.2852387971780724
0.26886610081080603
0.29141152304229295
0.3158687066560855
0.3199146935460358
0.296678944921861
0.25298251381283265
0.25027344177765454
0.29033962302212596
0.33427136204062674
0.339726863905246
0.31056159977639164
0.30684977089640136
0.2809744160467693
0.279400244739871
0.24613857401960637
0.23768464108217482
0.2409569791438852
0.27243588203475616
0.2826581920171996
0.2961071543060277
0.2679079157888497
0.27133606757661505
0.27810671307028273
0.27819641621516134
0.2619580416874912
0.2547992891221361
0.27114151239333867
0.2874013036614872
0.30149061414683
0.2833513960693331
0.2644510729169627
0.24053921705440662
0.24107904117070914
0.24442358086602678
0.2585261123646605
0.2648866841086279
0.2762555322546794
0.2695058909326389
0.2672636909292147
0.26488579607059676
0.28007312253438194
0.29286669014228944
0.30056402380971875
0.30307033992917026
0.310666466970235
0.30662024923918224
0.30825534671938754
0.28467209982862385
0.24983081162211915
0.2283067242821983
0.22988801175408724
0.2367188298508539
0.23812160846032038
0.23915782466208688
0.26534649774761593
0.2927056634080172
0.3138801175250257
0.3170981995692651
0.30830876519336464
0.28799597630595614
0.2591579062485885
0.22150626334624435
0.21180530826230076
0.23137578505847403
0.2729978221012024
0.2974178328630009
0.32838526681684566
0.3174341587486028
0.3116100767414496
0.29223711074322356
0.2747167813056536
0.26011025706015406
0.25645806683692923
0.27987497950788703
0.29665022821529774
0.2938025767956776
0.2696133780790639
0.24674521353398826
0.209661146921155
0.18747217921747708
0.19335769678530546
0.21582518478671395
0.24279918177877183
0.2540531354931442
0.2578102541012175
0.2657241762466068
0.2754808817047323
0.283750867178404
0.2879864770384266
0.2886909403681323
0.2807689385302196
0.2765894651323134
0.26695545155887523
0.2794471775615814
0.26911311529513254
0.2616262549576246
0.2597135944527114
0.25618656342504176
0.2553780997805235
0.2512474699107701
0.27465114658071405
0.29829590965781777
0.30520127151457166
0.2716982575055597
0.2506160558021867
0.24501365717843082
0.2479472984217484
0.2479850975534155
0.2697996191327783
0.29098636957089297
0.3027264656509307
0.29337778192931374
0.28848776238454965
0.28623773379314926
0.30485718679119156
0.3087447592378968
0.3039688951139749
0.2850371335913036
0.25495412224017594
0.23764696304421298
0.21350045865728673
0.23287886044096934
0.24601317037417775
0.2634070925064937
0.2707347945804245
0.2808379661073125
0.2888000410558062
0.28439977474759975
0.28113122425768283
0.2771819893413479
0.2929949814887994
0.292827871201023
0.28629780108975994
0.2688240973955528
0.25201937502048044
0.23340333589829634
0.23048658131803515
0.2172299602469777
0.21407188901152885
0.235651160239889
0.2620147050529501
0.2662397511820611
0.2554584000166354
0.24965642564732074
0.25100467860140485
0.26672664881178443
0.2731429187767685
0.2668640964509364
0.2820688062337373
0.28593864559358734
0.2874756506929179
0.2775473087124596
0.29452828338525694
0.28827055320371703
0.29857195014481797
0.2720162429146833
0.2585467573002194
0.25116564719126633
0.2509322234050129
0.24540786192624203
0.24744751064713633
0.24909170906081549
0.2602375675445668
0.2631871656052914
0.26988039372139444
0.277254964978099
0.2640895896945207
0.2409984894483654
0.23341395365191978
0.23116512754736265
0.2507029645526949
0.2797776864981532
0.3273877808310803
0.3580950744924049
0.35488683700261514
0.3083484988140031
0.26506983784389304
0.2235162021938183
0.2030389485278142
0.1972225282606713
0.21611436825675334
0.2282973383700618
0.2358348387571451
0.24444378702980715
0.24628079053725077
0.23639669414628198
0.22935645941754212
0.23712264336255925
0.24739355713238792
0.24458114614351664
0.24546071412465975
0.24875940170502273
0.264208428201111
0.24710025288679704
0.24442963203203366
0.24358898694014341
0.2667512457375721
0.2587862627683706
0.25512546288407584
0.2388988647751947
0.24338961939459905
0.26740329359284654
0.2901624517984173
0.29623105531482763
0.30561498848737
0.3228490063261229
0.3187967238880165
0.3075269688927746
0.29038014805959034
0.26433415129920707
0.2589307305029547
0.25837916346949497
0.27243332461570796
0.2777750491366964
0.27774851272553835
0.270568819205544
0.264401860712196
0.27457889472025226
0.26215509400947634
0.26426240974830184
0.26724743940361173
0.26840126254770247
0.28337197206477616
0.3110781139722246
0.3396440207949167
0.33608419830058206
0.3102515431968934
0.288127558698387
0.2763086550524357
0.2906600116667742
0.30451159758829105
0.3230540839618268
0.32602360465847485
0.31634737620053544
0.3037942051329009
0.28317823105785184
0.2687122721379137
0.2637812206522087
0.2716160391977684
0.2709566049418058
0.2654895825282836
0.2562736259281153
0.25973264404412894
0.26571453972395964
0.2663449179695361
0.2703218368410917
0.2806682905407654
0.28042356370832217
0.28456594827889947
0.2677489144924732
0.2731578883051271
0.2715537429852627
0.2704917670592236
0.27723294578915486
0.2537130745015686
0.24688649085460723
0.2495824428712498
0.27527074929155565
0.29181888872954914
0.29124566440198996
0.2966969400769299
0.2836273937864807
0.28412264554749206
0.2767811271799264
0.2652402102012343
0.2424612372201914
0.23774542700583357
0.23459290925068296
0.2515457559081603
0.28451791483323424
0.30895378287488523
0.3240053508079517
0.3282557860611263
0.31624549336032776
0.28806175982688637
0.25864557226355434
0.22528718215582139
0.2254518356976936
0.24362828778505005
0.27749331519158454
0.3109963056937655
0.33301388807064936
0.3414607180566201
0.32815816099856354
0.3390314079322664
0.3459594128036736
0.3651793668710088
0.36256630349660074
0.33563089436731036
0.2903423716862786
0.2693561096595024
0.2588160465075374
0.2644709532030815
0.25372399387184363
0.24247014687889307
0.24537966638249342
0.2633661675361866
0.2923172317445942
0.2937309643044021
0.29857564537551595
0.304292046070088
0.317320079531295
0.302601275742153
0.2833078035024389
0.2755096111930539
0.28539271695692553
0.2936587480840364
0.2912431391829114
0.29744293589309156
0.31553082684674816
0.32048845543630167
0.33566145252979607
0.32833867373635045
0.3248473267081073
0.3120419563542252
0.2864491688980141
0.2569110868740185
0.2586155250048116
0.25789548584390387
0.27248726280457125
0.26447024825485294
0.2718909714894734
0.2579141839300479
0.270426658165415
0.2723424086142237
0.2768286990435067
0.2767971144710415
0.2785936354874266
0.27586777651523664
0.26416002487188633
0.2515468617994616
0.2550437723928416
0.2673781351479148
0.2904477915935203
0.3053564441197622
0.3202656369499964
0.320161258937036
0.31015396211771257
0.29053778247674655
0.2587718949414406
0.25331619303511804
0.24798129878688427
0.25536449882399237
0.24601784178924174
0.2526916885827608
0.2668230636235569
0.2752463948553013
0.27020768176259774
0.26730166640471503
0.2553115885689896
0.27056185805513794
0.27549452141254444
0.28596679728965435
0.29741871285866184
0.3176300407454386
0.32016871441278033
0.29581179327630736
0.27197302319360417
0.24939428719144457
0.24124886155568176
0.25182563899874216
0.2604263359606519
0.26724001572203054
0.2706761300532507
0.29055715098158047
0.29826481657860826
0.3194437322941438
0.31725585449240323
0.3019814450169269
0.281327244426223
0.24875477250670233
0.2465625981718405
0.24419918335973012
0.25097664089090455
0.24410198596991278
0.2637747786064794
0.275983770025135
0.282362062438082
0.2773969021179911
0.2698609423642591
0.26178154173830426
0.2633481096082181
0.2618808438958208
0.2792842673014775
0.2955564775698816
0.29512657500632766
0.30482977960304364
0.3042284287911983
0.2975447418745934
0.2833591124756477
0.28072956071631755
0.2829225616490404
0.2807363106318238
0.28868786961721216
0.29260328054050383
0.29290820812787477
0.2973861775370305
0.28974389546488716
0.2729744445941142
0.2557077662223804
0.24965843505064458
0.23509976838675536
0.2450251783080043
0.23948936617441247
0.24350537195091018
0.2477766933723913
0.2719909194668716
0.28000690175469717
0.28133783323236544
0.25887472101361786
0.2587982000219975
0.24636672508542373
0.26043094233977115
0.2792651308799227
0.29090552764430344
0.2871542574325063
0.2818848355066874
0.2847642623604802
0.3016546412289255
0.31825047332596235
0.33314588326492967
0.3337797066714027
0.3170887275888312
0.30267248963055626
0.2865230153048799
0.281545619050247
0.26934754987540604
0.2798727771132068
0.279410148632041
0.2927718251243674
0.2594181007538006
0.25314426254517525
0.2596224137003746
0.27349530370355973
0.2817696428946089
0.27846276735375425
0.2790494770359023
0.27682598002870135
0.271517981702188
0.27030347253751424
0.2774926718997139
0.2935050788168093
0.2901341189971018
0.2847510420957349
0.28843261713377427
0.28131353615447696
0.27795605126505196
0.2750240239998492
0.28308437074526505
0.2732813403841934
0.2693165904218926
0.2596957911942995
0.2675270199995127
0.27763095831910334
0.2785525147989178
0.2622906118383632
0.258405827309598
0.2364027322059872
0.2141845695776459
0.2155623645109842
0.24048795913404644
0.27639610841888224
0.2828584640969571
0.28498858838418895
0.2985484008809717
0.2958714837941747
0.278639193427261
0.25314159756339927
0.23332307097488483
0.2324531841041755
0.24770039492290313
0.26187094962480545
0.28743946920899477
0.3014459538906578
0.2949658171087293
0.28815637114785453
0.28826763570927183
0.2729952645021626
0.24792013980499564
0.2340233729746827
0.240297509027637
0.24883017589613154
0.25001511523964254
0.24896344159304307
0.2559922801729984
0.2567272097786906
0.2611147392102401
0.2537309842822747
0.25230986434079505
0.24167297265181445
0.25158077231801174
0.2709358196266184
0.29654396877298866
0.31855576960309184
0.3130428351187961
0.3121928896872107
0.3005262870187496
0.2853333572946232
0.27405709173980164
0.2962184423274001
0.29647721422446605
0.30601854559100367
0.305048938152509
0.30944263160826746
0.31295939984932897
0.32812954446501874
0.32161150656203247
0.31218126013759734
0.28550893276243505
0.25997367051212295
0.2475965925245934
0.2525541171903065
0.2576114606306976
0.26604032144948453
0.2671301849984002
0.2815786675887328
0.2839382278706826
0.2943958760501917
0.28235600034573893
0.2908453599608094
0.2925575672423447
0.29332582979981064
0.29061669324183603
0.28057092368224423
0.2825697513483552
0.2922010656510329
0.3109974157907052
0.3335066309275729
0.34476213514233744
0.35045097207003284
0.35156559120939307
0.35047102696334526
0.3371579882279864
0.33260416689270006
0.3219327099015448
0.2962585701027203
0.2848355605505925
0.27140340800446233
0.25763921023938546
0.24609026188044705
0.2479639621482369
0.26547493173914594
0.2897226993406671
0.2967085561244732
0.29160775752476026
0.2680305535990198
0.24378677969648224
0.22814622192985368
0.22682051759818297
0.23283912748789504
0.24802442781602668
0.26729772093216075
0.2711032968857993
0.2453219297028364
0.22345120747854433
0.20314148391526152
0.1985665740768627
0.21346570999489767
0.22434034483708512
0.2095621432879804
0.22059086565227998
0.2680035769976599
0.30826185008358226
0.3223427543423628
0.30498170993664664
0.2649445244842292
0.2338053940598208
0.2050847631599416
0.22010031364081473
0.24040834512454984
0.26901960766964783
0.26876503920483724
0.2731801726145194
0.2602762550980849
0.2586451851025372
0.26148087242331514
0.2751943245194605
0.27012317945351055
0.2614362633227299
0.25064535468199933
0.23976846192227533
0.22192724801705685
0.21322791345669478
0.2194355918982427
0.2302212915943466
0.25054092626271085
0.2708967444634988
0.29212464862236026
0.30771944307943755
0.3192645648619125
0.30867556323342793
0.30427845634734896
0.2974458423668871
0.2931582164311461
0.2819049239858676
0.2759158019122106
0.26499483105528343
0.2785933747245117
0.27908167700414876
0.27263316376890206
0.24829881883301208
0.22627173275294254
0.21863548563779733
0.22468777275472238
0.2253472171265318
0.24107757155194603
0.24121732864363687
0.25375580473051396
0.26016112802905716
0.2652545044052531
0.28060772912757515
0.2831067061315716
0.2678698048308018
0.25055219328217443
0.23175234334830438
0.22954583465176923
0.23752807315180005
0.26356429374225376
0.2787532025769232
0.2741929533124704
0.2772445220390829
0.25422202721928033
0.25169475698608956
0.2492184836448264
0.2690631436367226
0.2710448627194755
0.2798967819632828
0.27286223722359537
0.273979149640699
0.26123389606926095
0.24377126799260856
0.23346541199718096
0.22731240421958154
0.2423680404143966
0.2567089648651794
0.2774974103800494
0.2758623752814027
0.26821556705289856
0.2626397832695379
0.2763784212410698
0.29426916598718095
0.30526299706897003
0.2996109083126552
0.2911713069852676
0.2837709250691263
0.2703007683527457
0.25898127180801905
0.2606416090831675
0.2766890679600813
0.2861897934242113
0.28512694081467194
0.27225036809957104
0.2671773705510222
0.259253031216561
0.2717699599755194
0.2796109824044014
0.28310977348746635
0.2600397485334446
0.23918421040243257
0.22716507139988487
0.22946339923452042
0.2353793260292902
0.24330667623476046
0.2540937889109511
0.26067669294038914
0.2718265722343531
0.2941557163485484
0.30195726351533997
0.313389446723173
0.2998931237035414
0.3010381850794403
0.278214300243787
0.27774816103299343
0.26764505953497525
0.2865510175778802
0.29805484700511065
0.2977374255539276
0.2654366359429146
0.26284734143950533
0.23371050852412115
0.23192001289964417
0.2214132584214158
0.24223924913270278
0.2558249250554409
0.28399427689222045
0.2853957879362607
0.2605212616638944
0.25688029910069005
0.251197806759499
0.26142044889609434
0.27876459392590014
0.3030719713506212
0.29074013989448966
0.30099073179058794
0.28482136667480473
0.2746173103181855
0.26736714065274286
0.2570706003724764
0.25396995235933983
0.2644772595702115
0.2768302744840282
0.29092570602707435
0.282819596057749
0.27828979354958766
0.2767555566655994
0.29246774689356414
0.29291306197833095
0.3006503039135839
0.3122823122442725
0.3046848419683501
0.3093020177234817
0.2911293680491908
0.2798381842716289
0.24945300324381067
0.231305051703971
0.2239329641708623
0.23129815406863263
0.23649745759419438
0.24898806466023254
0.2662970175221848
0.27312460473010963
0.2729104964500212
0.25206969853548905
0.24228953943731463
0.23300228077950907
0.2422731939861109
0.25702100401994993
0.2722031117321639
0.28967983400057695
0.28389431767986983
0.27178407488965667
0.26481884225984365
0.24597085054655737
0.23342252290815535
0.20535780442960805
0.19444439614596748
0.20122612156014053
0.21452650293679623
0.23995120119684218
0.2680479726627441
0.27218230675913996
0.28236948003252593
0.2892094197133719
0.29075520367361624
0.28331736133596674
0.27053811399864575
0.2604091194722805
0.2525523191744832
0.2471391720092464
0.24374930770465106
0.2521414233401402
0.2538070763572792
0.24571321369627655
0.2476657474307594
0.24756254244842374
0.2561954031077372
0.24670168667336048
0.25922417674149995
0.25776516878850375
0.2676211928608743
0.26083928635766807
0.26175967673058503
0.24918515863619145
0.2378237177278449
0.21944778439410156
0.22578716490809136
0.2524870601613275
0.2931119977461733
0.3277890666306692
0.34645883201033517
0.3387393781062681
0.2977772359048441
0.24986495571233827
0.21639304940949525
0.21687687474426212
0.2354366805878633
0.2734040184807016
0.31012274362366044
0.3285740483639382
0.33353094710356196
0.3206330683695274
0.2992771008374458
0.28062422571081325
0.2699703873800112
0.2821259122193416
0.3010729284550052
0.31296677564473363
0.3214913618860736
0.31383566837221755
0.30971487830568234
0.29311493148567513
0.288306583679231
0.2966188235410996
0.3101163927449683
0.3186191264921118
0.3219157441722622
0.3142240616080739
0.29417942263976565
0.2641153129738178
0.23746685243160517
0.22356104014169884
0.21959110598631185
0.21424320734139748
0.23334192858556613
0.2591087597977585
0.279962378429336
0.296479998201615
0.30325096535277013
0.2938561462044368
0.27890589498499274
0.26759691004200664
0.2639463291932748
0.26286192966043365
0.2700338530127053
0.2813766697258517
0.2858965151173398
0.26236419781892584
0.2538626207315256
0.25359152887423864
0.26864920478200727
0.2927739457761157
0.2993602862041466
0.28737695037683963
0.2653610785382916
0.24803584547746974
0.2429078978473819
0.24291887455851618
0.23920018686160638
0.24839277986035874
0.24203723493779747
0.24927248662247653
0.2611592866697391
0.2712128468449585
0.2658859441103129
0.2643900129471585
0.2725910201119847
0.2813329325635904
0.2801529790823951
0.25765920600485237
0.24255114546182246
0.22888937725534036
0.23555601214216607
0.2636311506050392
0.26838349909131537
0.2778051663726289
0.28403897814132084
0.278115450275098
0.26917508842318827
0.2558041280626425
0.2481585038686016
0.23094159460917335
0.22164771246846046
0.2110542376661301
0.2186946312310048
0.2119036727074561
0.21730048064129687
0.20820043727707868
0.2268433568501035
0.24632955953798782
0.27141539472552195
0.26442167864709815
0.24920292299125352
0.24660772944414647
0.22669906283505928
0.22315839836829338
0.1993905781508054
0.211493383466749
0.22753282855558274
0.24782554975091822
0.24959781282628976
0.26648554182497
0.26574144712413067
0.2841755242102058
0.2883194531450302
0.2997464278609604
0.2943176957818846
0.28180956121383033
0.2767071184626071
0.27074869233427346
0.29085908628388046
0.30651131865089226
0.3103254495958005
0.28579982119883707
0.25245178059717527
0.24141299522790804
0.22937735489844224
0.23309928862522883
0.25084280643126733
0.28418925130856443
0.30167612534031646
0.29144092520061776
0.2649253492541351
0.2561163653873713
0.23900095656082157
0.21250171021370345
0.21960186696937087
0.23200949392931677
0.24592214526666648
0.2465758118461639
0.27878288782171984
0.28842724034166717
0.28462750893539934
0.27483893237348195
0.27521231987854833
0.28436996789875674
0.3040834021246591
0.3133761748108885
0.324482919382454
0.3070427750685375
0.28899518498611904
0.2806493396570599
0.2663127217520785
0.24479973081878148
0.2399180481972915
0.2691907464081086
0.31992320496224075
0.33695061273954496
0.3364684978149453
0.3251896512655264
0.307145947599255
0.29449264783185813
0.2636123669261815
0.22600371411144488
0.20138016680431323
0.20685133545952894
0.22667442654005934
0.24614463606175993
0.26094431727112694
0.254728874679023
0.27125964661897356
0.2689493941772539
0.29185417547004455
0.2787409864072033
0.2670269630546661
0.25630397573587316
0.2606268149365626
0.25497124072565047
0.2638885509692512
0.2912027251936872
