1.8533692370721e-31
0.001327935558114415
0.004646068080316596
0.008449228957319062
0.011323899942915765
0.012697512358261146
0.01294435703478134
0.01283423183590627
0.01303241929360451
0.013789900024092253
0.014947156490086995
0.015890721725692093
0.016399201673883864
0.01638903462193516
0.01664535845040814
0.01753938254266138
0.018964992734744324
0.02037430991421647
0.021529367088360122
0.022327649982308646
0.023056112240408377
0.024204458019337467
0.02574329819428504
0.027210726812649473
0.028272281816012552
0.028010878934443817
0.026648028173808885
0.02471545502564628
0.02315873874075486
0.02203899975676847
0.0212271339381456
0.020270747102156494
0.01907042941686854
0.017589960003448438
0.015890297879917126
0.014067126651157108
0.012200686881813288
0.010513151681628813
0.009091843682747295
0.008084281070109875
0.007443626243268097
0.007075470204293429
0.006836047540389374
0.006787790034244412
0.0068749214811671625
0.00710867984342138
0.007343342129290436
0.0074770277225459005
0.007474443208339777
0.007457012893089593
0.007555694024723779
0.00787649610278448
0.00841481201384344
0.00927378979278736
0.010525439083816032
0.012299601514919073
0.014467503673148748
0.01671145898141736
0.01851912963057506
0.019539818708384997
0.019892399239610763
0.020074025569329215
0.020446521294545054
0.02122740422238932
0.021977992868184904
0.022451958898359423
0.022695618454953242
0.023125483968097073
0.023464076628402778
0.023643642065260696
0.023193185411120407
0.022806735839050282
0.02224024706748138
0.02161839375542288
0.020514134888887453
0.01871793248974073
0.016774513390822723
0.014965889149668283
0.013594495352112813
0.012631130665218267
0.011996260412831614
0.011623937761600448
0.01142309858527286
0.011245754568495728
0.010877109918165241
0.010181716760827558
0.009168886726462811
0.008158072845385242
0.007323286054843108
0.00683758744604475
0.006614422919840978
0.006673482091311259
0.006946275509227475
0.007281720534682519
0.0075622407621991905
0.007907585152172002
0.008384796892063145
0.009175597037630195
0.009924874464338316
0.010567364651734015
0.010867923253460792
0.011292977897024421
0.012246418445841508
0.013961442012153226
0.01608568268713771
0.01819218159249878
0.019935851350557195
0.020939651366584412
0.021234746308942534
0.020995877174656286
0.020799205841220764
0.021119839127824912
0.02178009545140095
0.02259652548160659
0.022682254831924025
0.02254203656411159
0.022321036600276456
0.02292415649626802
0.023622043932040388
0.023802263337928502
0.022617545034907784
0.020457422653341464
0.017884982730531535
0.01575045332424016
0.014468603082338662
0.013580002095270749
0.01278890468503615
0.011893673519550715
0.010929811159949903
0.01017291511304227
0.009570324072466095
0.009256673025859988
0.00901686383489116
0.00876015420931141
0.008396281894820702
0.007946687730080828
0.007546124053023604
0.007341711391027705
0.007422949171200085
0.007821690302160922
0.00834836574804117
0.008894419706440004
0.009294712504704717
0.009633667917452281
0.009940792057868937
0.010433672860636229
0.011122563543665831
0.011897338210909594
0.01242004337872692
0.012377288927139185
0.011846746746356253
0.011539726153800733
0.011980816932704514
0.013884055862743265
0.01681806586278106
0.02029739723511432
0.022977692939370818
0.024836202695839603
0.02602880752481067
0.027336192111557422
0.028348920251075327
0.02936344107101234
0.02938428170852193
0.028770255701121874
0.027459771925583677
0.026053567699109426
0.02439108693748021
0.022754501421099714
0.021201611646346732
0.019449157251030785
0.017732827442570702
0.015783957874724145
0.0139044483965718
0.01220189966808996
0.011025271036029195
0.01017135911003458
0.009453712148603357
0.008612414371736137
0.00772422268246981
0.00693934795127794
0.006618403761519963
0.006771747342879015
0.007271584747463889
0.007768827170487837
0.00814605041392516
0.008253177209776055
0.008245662009556749
0.008254083916368385
0.008405805708861758
0.008771835024010383
0.009268665229259534
0.009843743209050817
0.010464643003921208
0.011293887705635188
0.012114220402224297
0.01291121648962703
0.013612053880957866
0.014114307774232433
0.014913320393732374
0.015729575015476418
0.016864610300643592
0.017899855622782086
0.019164871337949852
0.02085006503111955
0.02294034508450891
0.02523131072678146
0.026865866793770687
0.027589888240859613
0.027306211427004994
0.025999057510988993
0.023983494822618436
0.021387632594125613
0.018937068137353054
0.01716318903267494
0.01621450131057838
0.015408341519656017
0.014689159967274708
0.013706575850129049
0.01254569652208353
0.01125924644346456
0.009972890114675751
0.008838063261401569
0.008059131690642258
0.0075628950430249335
0.007555078249064121
0.007833674843411843
0.008381473572912064
0.008659608937891666
0.00850059065064019
0.007942285380435342
0.007511154606867559
0.0074216421576987456
0.0077339356022330125
0.0081662047511683
0.00860939963405059
0.009063283599889933
0.009374627556576677
0.009676142254621345
0.009970911840848013
0.010405409626784766
0.010991940079772297
0.011584322330919066
0.01222470724745784
0.01323834153144291
0.014629777858788618
0.01634644566397819
0.018171757857812693
0.020116705754247347
0.022234792966711586
0.024381502347133915
0.026066877800427532
0.027074916795337727
0.027173732857440198
0.026241436163242083
0.02468977557160739
0.022805829355584444
0.020961871079615658
0.019310398603229962
0.018256625874417926
0.017656891024953453
0.017254378076460998
0.016611746410082676
0.01547889036451376
0.014035097764578898
0.012464790922112471
0.01105524148412763
0.010019573131873655
0.009325240063432069
0.008919371390562357
0.008534509902922732
0.008103122218232714
0.007725415519434622
0.007570812780758286
0.007672545171835744
0.008022501258646201
0.008337639561455005
0.008434565441824238
0.008251970147128872
0.007947937754021474
0.007942769605007062
0.008399137419829646
0.009369566935719288
0.01053393187875607
0.011620357313888507
0.012438317007091066
0.013136809912586448
0.013792762423880927
0.014346343599638307
0.014618521729430208
0.014705865756655931
0.014846061594137554
0.01526368134658812
0.01617593279798262
0.01771617162027108
0.019528288517991002
0.02145277945745325
0.02305068105514491
0.0241615395161439
0.02455504562765435
0.02396413914593419
0.022933743810503483
0.021306905675627562
0.019761366556688097
0.018443740440197105
0.017381097329747304
0.01663102298672283
0.01589369080355282
0.014960615254530242
0.013707538206162911
0.012230164132359759
0.010858455870511647
0.009714647308200246
0.008786517091723792
0.008328221421533107
0.008318659615108052
0.00859171808744175
0.008937054001002415
0.00905931497416407
0.009164111691991463
0.009134905309182954
0.009038656914529927
0.008780156526767308
0.008526728352706287
0.008379734069166842
0.008324731222110636
0.00830145710587566
0.008178489580372093
0.00806185941475728
0.008052002883882137
0.008255331366943295
0.008716622471677838
0.009569980667331184
0.010764782432448501
0.012215624981695884
0.01375679095600513
0.01516274613414213
0.01664811880319039
0.01843192067104298
0.020812704443660186
0.023213497469423163
0.025440772921075803
0.026989491811224647
0.02776330840444025
0.027985516381122608
0.027535676254685653
0.026672659689287573
0.0255592100433691
0.02404125844614688
0.022296274279126626
0.020360872550800806
0.018569911785993577
0.01711671866278694
0.015738714924553227
0.01445811441041277
0.01326143995398301
0.012156273729006177
0.011059226902182372
0.010087668378928405
0.009382712814037993
0.009049859607380783
0.008834346589935824
0.008716815989528516
0.008583851087420826
0.008594965284156535
0.00877773211921175
0.00896479071671692
0.009047826226511542
0.008816660663084376
0.008431346030996713
0.007974104149306289
0.007733019857692287
0.007933885555635515
0.008750407515474727
0.010002721959113645
0.011369743189418476
0.01238636221460072
0.01273280527186351
0.012606743524548696
0.012538768536725477
0.013064731940483002
0.01435267172515614
0.016088633734732415
0.018233652940944683
0.020121151246902957
0.02153966876748358
0.021741235568841437
0.021302984108320586
0.020370545947633226
0.019667742728363448
0.01965381689997762
0.020674831401362132
0.022619366856812973
0.023953502032359866
0.02390506908594279
0.022088162080922374
0.019536855455186908
0.01708511400371883
0.015335541808159337
0.014209565452448279
0.013789466680306778
0.013368831347670721
0.012905999016181932
0.012417208906658482
0.012142552725688609
0.011850253030180901
0.011385771901528516
0.01040469865070521
0.009363484692272718
0.008334757069279315
0.007874492293182685
0.007855365736753456
0.008074440551257521
0.008161197501365059
0.008001617007728803
0.007818755642933994
0.007722433907640845
0.007972971949506484
0.008602515751813302
0.009718676864707369
0.010920905379410274
0.012181447376305977
0.013053095262989318
0.013834732217798669
0.014400571144745918
0.015420738852447657
0.01673537095528213
0.018493181661199686
0.02015020143956516
0.021492194475347857
0.02223380684843402
0.022635628946248928
0.022930465914244007
0.023667926046107488
0.024295135343790023
0.024637344838192195
0.02437559239693195
0.02343253460763953
0.022341379245499286
0.021202884421025234
0.019964428199738114
0.018676994043463135
0.0169220596836
0.015666994765875956
0.014647794777091149
0.013920306675851047
0.012872518094473777
0.011648739720617156
0.01059329821677303
0.00964899446769626
0.008936620106494311
0.008371395279643803
0.00811981397239519
0.00807887481243157
0.008181732979112233
0.00833244844059763
0.008694399885595176
0.009077058560428083
0.009520108087746698
0.009757788648239856
0.009607100239288947
0.009244014696654205
0.008785569993390427
0.008485734592314758
0.008430606582941494
0.008862571486476513
0.009952822155280388
0.011458823045956025
0.013068218935232955
0.014066951376578825
0.014280117536102694
0.013877816710652729
0.01331384260815821
0.013206026602778972
0.013498285483864579
0.014424617728684523
0.01560833003204893
0.01706039109293096
0.018470898605675475
0.019845170922107167
0.020750290318236986
0.021337944940359347
0.021102665182855883
0.0200595667641896
0.01836763447472344
0.016681003748372072
0.015525361854045223
0.014588420752375654
0.013907516109218365
0.01330067992103807
0.012762529738697492
0.012169601883060245
0.01135765874555153
0.010439656018260201
0.009542845427730724
0.008737543049767234
0.008159947770531797
0.007742725683446987
0.007540696873878281
0.007455858726274572
0.00738760640823277
0.007332807883534245
0.007387590210091082
0.007550716614289575
0.007960980635793306
0.008478233257465448
0.00907515420867255
0.009554379192448252
0.009891723447584056
0.010091178361970222
0.0101754334244748
0.01022149286674008
0.010233565709608643
0.01036144503936325
0.010674854166895351
0.011198385881480153
0.011993606187551116
0.012692681707424833
0.013445944389521909
0.014001408273728222
0.014842730771859654
0.015988544512758357
0.017238597667980284
0.01833496647397936
0.019104703324787163
0.01973050119850519
0.02046415018528315
0.02136914965083341
0.021746386547828414
0.021730395484028334
0.021231334366260745
0.0204169848432854
0.019089050503831688
0.017456184627527124
0.01576331382281481
0.014170331756690923
0.012757675375397336
0.011515688875275902
0.01060199809218349
0.010065076325384456
0.009694464005870648
0.009404501001358628
0.009055366260011412
0.008699071631091692
0.00840465768413483
0.00816352333208345
0.008146403507559161
0.008418316328596062
0.008909238553199897
0.009351124317245475
0.00967049156868975
0.009703584798891694
0.009606212342695064
0.00957622966573176
0.009769514782594172
0.010068407383126227
0.010408134916298165
0.010735900316464169
0.01119477781709092
0.011695200919114374
0.012260631867356327
0.012937925152554956
0.0138104986860541
0.014916508442488529
0.016153474282097777
0.017439290123932586
0.018678768881267155
0.019588223743902438
0.020260933058332042
0.020693325809635673
0.021137883879690844
0.021766849961882013
0.022354404777359407
0.022556663013722476
0.021930478980850845
0.02052669101804542
0.018595309415418437
0.01681648293115571
0.015370119537703205
0.014423055729457972
0.013709594526455376
0.013212969716891471
0.012828987730223503
0.01249978572773474
0.012328931997979417
0.011878277199752067
0.01128728513823746
0.010460936970635274
0.009854870310726994
0.009467545946478688
0.009415160232503232
0.009549781003312503
0.009809855336928266
0.009955114857989548
0.009928455844853357
0.0096669771118934
0.009384605304745561
0.009077064140284394
0.008833310769130145
0.008689283060967288
0.00881875819739483
0.009219504723274602
0.009936588301044656
0.010817374644060506
0.011668271487638115
0.012398836770660423
0.013071755098825914
0.01368679418229607
0.014196104309241717
0.014382206853286842
0.014423290519262772
0.014414741193551246
0.014721013410051166
0.015319991654689395
0.01629475596260434
0.017678848726954455
0.019445576426191234
0.021389893582053395
0.022712104928614196
0.023480390134840025
0.02307252392308279
0.02229533651722602
0.020930455830763573
0.019481959783226973
0.017809243083865438
0.016382641129956858
0.01536934331910952
0.014467908149595686
0.013608524243892516
0.012308138520789708
0.011004011742343375
0.00972790468630858
0.008859708359610639
0.00850529641226161
0.008702609987472583
0.009003210281041464
0.009258665916073371
0.00935599339311007
0.009370748442267766
0.009386595238406754
0.00937201991205629
0.009424872980752586
0.009643654883751617
0.009872906728196396
0.010094762334214
0.01022648180251562
0.010454543895084555
0.010720941307298228
0.01095370989369647
0.010916983524426885
0.010827784756854258
0.010873832991639335
0.011433929381380194
0.012593977843163948
0.014291904504698456
0.01592993266681787
0.017220987336849687
0.018056431113397803
0.018796996816314533
0.019750938705373623
0.021018976064561098
0.02236615869723161
0.023243680799318947
0.023383060111608196
0.022668456234484217
0.021487537052819895
0.01992473490048846
0.018366840436917
0.01678812944847171
0.015726140028343584
0.01507404290241088
0.014977447856272681
0.014700921078211296
0.014073875621346366
0.012956701360075944
0.011745162996053903
0.010628687349072647
0.009989302382628453
0.009705174109292596
0.009905916680582596
0.010279927746910637
0.010785338628700162
0.011140008709552458
0.011358331678685383
0.01129642126010234
0.010840175894587613
0.010183293181602158
0.00950362125834279
0.009230985264225137
0.009357192551115556
0.009899391951626526
0.010526355898104281
0.011109257767388286
0.011593163891328737
0.012122059990784318
0.012767471254684757
0.01353042106543728
0.014207879124469918
0.01477856993324527
0.015314547458836475
0.016132821066702253
0.017117406607894268
0.018158297004905552
0.018852097830532204
0.019094121907103762
0.01870689961133618
0.01779413688123175
0.016752449567701326
0.01615289963840076
0.016350583126399035
0.01714440300064668
0.01805595192381939
0.018497279814908917
0.018135312094804745
0.017215715337787558
0.015769886842856774
0.014244696033505137
0.01306985028071152
0.012660206873546187
0.013056337032775756
0.013719496873566044
0.01400998417202299
0.013512412815713878
0.012363412500226297
0.011044694588622919
0.009803652006656184
0.008848087968458462
0.008350063327648776
0.008388443547505892
0.008843688545959653
0.009450454933043853
0.009930913986038948
0.010219188500459435
0.01020754607679702
0.010039850021608131
0.009778428630473353
0.009690832447620425
0.009928912970785068
0.010497025970468025
0.011206597752255127
0.012114476686318395
0.013184246360828836
0.014395380076761735
0.015630022026635493
0.01653785147613199
0.016810760953888865
0.016498708505373796
0.016126605230976254
0.01615338976663789
0.016551585328527803
0.016997972318444843
0.017322439365596725
0.017259385839902004
0.0172417102519214
0.01726083583454015
0.01753211221114594
0.01779371960794089
0.01796854093329283
0.01777948536453073
0.017495340274414205
0.01684962784028264
0.01629983584910471
0.015417404123730672
0.014392802171104394
0.013055386373707276
0.011932902099532048
0.011254952950092462
0.011146860081626749
0.011378007560377344
0.011628799074626384
0.011576923046262915
0.011199707169089128
0.010620816912117846
0.010210338751238184
0.01017672493680486
0.010499850464190885
0.010997343095363418
0.01145832581376319
0.01169273426686395
0.011531016321878432
0.011112695513649221
0.010603630712669303
0.010368922797240733
0.010348958332994426
0.010380407238195943
0.010372271501339556
0.010233462093024098
0.010389670536656521
0.011041529882407447
0.012300967338655345
0.01376394665772379
0.014977644921389551
0.01554891496808124
0.015652807493287815
0.015400379644885004
0.015451562719929772
0.015665616712347914
0.016424412798185285
0.017499402753227065
0.0187145831080139
0.019756979821882893
0.020782404623099028
0.021324687678308925
0.021275166473658944
0.020430741199775105
0.019306724019212552
0.017491522341602585
0.01534228899302856
0.013175417223961922
0.011586077487753088
0.010828566344657682
0.010823986334584855
0.011376821852133913
0.012094633152955024
0.01251255177527259
0.012361543068317835
0.011661190920942827
0.010716629263755818
0.010010242879737535
0.009805712708991946
0.010158644142218889
0.010807218558082055
0.011353981417942957
0.011489274633080923
0.011341019433672571
0.011049753934188266
0.010742628488842311
0.010618829877630768
0.010803150083641385
0.01146506158955801
0.012448685591875164
0.013423763203636422
0.01415815459443685
0.014488081226768293
0.014850362264784306
0.01535851118126479
0.016077169712001294
0.016755645288584937
0.01714487842470601
0.017334616194297537
0.017467103722811024
0.01757378510744097
0.01760557854103023
0.01765807770766874
0.017623247611414247
0.01770338465259855
0.017833491154640415
0.018083966416445583
0.01815818471476034
0.017615416441159267
0.01675568206421563
0.015806607251153692
0.015233441816788462
0.01490135145667499
0.014374557286940646
0.013615594690861973
0.012776143192998935
0.012005828203854915
0.011435123460507691
0.011083828652376235
0.010820998650721333
0.010536614542424763
0.010068664623019391
0.009626706527921509
0.009119981967210866
0.008824325515016926
0.008662802625485194
0.008813911408981785
0.009402428483751724
0.010376936580637265
0.01139501029703747
0.011935426363131805
0.011844274727545765
0.011114790575431806
0.010244634626197168
0.00956955822061084
0.009485553671377607
0.00984228108463961
0.010486159220287351
0.011128520214055117
0.011802983378218964
0.01260479456904652
0.013777560409804454
0.015361955687536436
0.017008862277071796
0.018209282121729006
0.018716338549704357
0.018631053151862302
0.018108270449345057
0.017481291025617723
0.017230229884883524
0.01747493408173121
0.017813503662847247
0.018355203404291833
0.018675975114113376
0.018588051636939967
0.01789244588937535
0.016187140134791105
0.014171144345274386
0.012145985671820458
0.010883614043366031
0.010352557909728563
0.010232119467258806
0.010529810429641948
0.01078102226511344
0.010772288042946289
0.01038593109641689
0.009905699656784926
0.009654742627017581
0.009889886792095997
0.010571912959967344
0.011433995405081634
0.012146387945245302
0.012421501297012099
0.012300743942608123
0.011981290144136047
0.01162040930148839
0.011444841829557266
0.01124481851949655
0.011155959085820143
0.01126471796859804
0.011669455649853014
0.012372901234536705
0.013134638072825538
0.014036110311555817
0.015220722502715497
0.016378973225010973
0.01741749161351224
0.01800840646677312
0.018419700434032456
0.018654481158709053
0.01919096687425222
0.01996471895401242
0.020958153803475325
0.021461879206160796
0.02123557384390477
0.020118641115965893
0.018796484466459654
0.01785644794966905
0.01764162900224162
0.01782789415251084
0.01829053826147012
0.01867482973246373
0.019041007191914355
0.018784958560823888
0.01764633030864285
0.015690973242358672
0.013397605456472794
0.011385732993141742
0.010083305482055833
0.009802893350989644
0.01030103021719692
0.01131127516074685
0.01233356415150692
0.012950865026850472
0.012953854935984457
0.01235297247510501
0.011496306969915208
0.010840553556045955
0.010587208511536078
0.010808787837762235
0.011116833045057537
0.011333945577529701
0.0112121203941782
0.010996329868887735
0.010776787916726949
0.010909884619649398
0.01132806249322322
0.012060329060858715
0.012795439113952456
0.013718932617997469
0.014799147015828287
0.01619094819507239
0.01724425874312401
0.01814324316455621
0.018756021009055754
0.019679503919463055
0.02079677226511238
0.02171032058786691
0.022359163586745584
0.022267624342607824
0.02168423371179191
0.020720808534261777
0.0195784799581087
0.01844629481884025
0.017471660608665493
0.01672596683812804
0.016069262422770653
0.015053838130298225
0.01383970961141956
0.012457555110475397
0.011225759700770084
0.010188483019062578
0.009529441051262116
0.009319828654230682
0.009415486549039882
0.009943911191491489
0.010597215094768764
0.011129782735793728
0.011423410192882738
0.01133616288242375
0.011104633730439814
0.010771391577535537
0.010475182824534893
0.010245672529875877
0.010295023883470733
0.010449513618370048
0.01066409246733091
0.010696596250475483
0.01076763473636066
0.010793951955549014
0.011058314639204439
0.011463327868078693
0.01232648046777461
0.01320528152632725
0.01394376221818908
0.01409813984028013
0.0141349166660663
0.014366320191401783
0.015062301458646017
0.016146135681259513
0.01756894479293123
0.01886924031538884
0.019694474246619447
0.01970336793641527
0.019065148866699397
0.018494492118058887
0.018177023983015312
0.01817352061040154
0.018051133351376914
0.01753927647472898
0.01690417109457911
0.01625648451900077
0.015811880418373322
0.015212178319070697
0.014604981145277309
0.01400925042557297
0.013584047577569055
0.013232520694051748
0.01270358062904356
0.011987894153751785
0.011208846682596687
0.010582460421190189
0.010348449038151806
0.010349565692032407
0.010651488361408687
0.010791248747116122
0.0107577677945574
0.01055603224707929
0.010414071333299434
0.010341719379379357
0.010314468609254633
0.010144693384228543
0.010104956994975156
0.010251162278817203
0.010702777790056545
0.011418029439646826
0.012324709649453187
0.013322652099234368
0.014342133924836954
0.015152747317187522
0.015697305267967167
0.015705250763670915
0.015366720616896595
0.01495223433006417
0.014935789405870085
0.015441077567084108
0.016180564335652247
0.01687846524911689
0.017462774857368014
0.01801713629869654
0.018618575288129734
0.019214615155696356
0.019544472197702018
0.019360035661981235
0.018648520570142886
0.01751698306261675
0.016285038300645472
0.01516058731636368
0.01405655205678558
0.013281991581439119
0.012703034164587922
0.012361271642153338
0.011954639710104858
0.011339709970432882
0.010642010515941656
0.009928167729495996
0.00945824597216037
0.009221241826483
0.00935126559221113
0.00968425605415484
0.0102147637714635
0.010666288630919113
0.011060867115603105
0.011372310713868364
0.011433683413739988
0.011350963866396937
0.011056551582236262
0.010829678817022141
0.010630837639152652
0.010437472414988115
0.010348757710141376
0.010405902607544345
0.010645992483429088
0.010848032627512582
0.01108536978307994
0.011548098070316525
0.012271106468025804
0.013249913198830739
0.014585007226872395
0.01643200385489054
0.018631264282363762
0.02052768092259073
0.021440380310679623
0.021326728032589528
0.020620993128802875
0.019923303785151
0.019577502230039984
0.01926949934362969
0.01870948498277137
0.01741286091774982
0.015803754441196926
0.01428383427953384
0.013432299903398595
0.013116083910670137
0.013285745256504928
0.01356740363748802
0.013656262965299157
0.013365838086167942
0.01273045519750746
0.012018011064206165
0.011317147669221279
0.010652556298627767
0.00991427963353468
0.009237401751528311
0.008764391247255776
0.008610381337603277
0.008764895777526361
0.009261461869485442
0.009820457484288515
0.010208197843530593
0.010112061581322995
0.009727223195514072
0.009293633091196943
0.009088302165200108
0.009064310475290816
0.009499785280145135
0.010435468707830721
0.01177800290137267
0.013137874423022541
0.013963690141076167
0.014247066303373057
0.0141036023536667
0.014400526013595968
0.015234966110420014
0.016444808032290027
0.017585940384601324
0.01852468749769198
0.01925895877226798
0.019573512971768906
0.019435040244988464
0.018743003187715546
0.017574966405701116
0.016567661857877135
0.015968501714795722
0.015923459543667966
0.015955082304872057
0.016013470876549224
0.01599773859592821
0.015917357789931006
0.015598732448182315
0.01478738736146058
0.013752114759916032
0.012927149374925749
0.012715232301699684
0.012924605582890087
0.012693726560016135
0.011928168937831793
0.010685860586866705
0.009675326928156047
0.009194351245293638
0.009252358557908392
0.009550160037445892
0.009750332269739476
0.009780221475983916
0.009782373000136941
0.009876135846989082
0.009991307978176005
0.010020170721566463
0.00987258617206428
0.009968589964979227
0.01027505093612465
0.011129478634720653
0.01221621139462844
0.0132252111732001
0.014015671765216016
0.014332134248797786
0.014456131374045127
0.014481922642828483
0.014789921533189695
0.015685242137071488
0.017117106599080393
0.018282114495571173
0.018726776998230932
0.018227763249522945
0.01741002404024245
0.0166172511550865
0.016114732762683572
0.01566722707241218
0.01538585838421969
0.015548190975138852
0.01594149706199567
0.0164384170123957
0.01664211409726832
0.016352930104049052
0.015603721253471625
0.014770963863091234
0.013809831939872926
0.012895598529424838
0.01204788365923627
0.011428628838180561
0.011052308149203776
0.010899530796729692
0.010827099262890836
0.010735222922331122
0.010593283070062319
0.010558122396947612
0.010775125484259731
0.011268761270872247
0.01155279374511949
0.011438638805733307
0.010726240257920322
0.009824518185701278
0.009294765729156947
0.00953593941393261
0.010489586265056097
0.011746419743907005
0.012703106577096376
0.013239351266821905
0.013364453341520664
0.013487020175276171
0.013573744176652826
0.013700217328747606
0.013682140075711089
0.013740197741404628
0.013995311430160454
0.014530179584265168
0.015180055140906671
0.01577575646673092
0.01621250362259001
0.016619227393516248
0.017205967330228646
0.017675237612686502
0.017496306256597875
0.01653378418730988
0.015041248421182058
0.013773299390864172
0.012975897134437444
0.01293211613373418
0.013403024163335638
0.014037432924051576
0.014403165047546795
0.01435803537395909
0.013674284609360684
0.012569609697849995
0.011419965786875493
0.010504908720702864
0.010174166321712185
0.010112042361009843
0.01034094032086768
0.010598616716731884
0.010847912283236675
0.01105531463489611
0.0111566644197997
0.011214121128089193
0.01125776322875356
0.011295885012131881
0.011330506276755678
0.011388319514196976
0.011332383508726158
0.011299548192926416
0.011300892062771286
0.011391136743410636
0.011696728187927474
0.012313316395365157
0.013316228202484518
0.014289556237205321
0.01500743346685792
0.01532054386646952
0.015366181700839188
0.015534500671979229
0.01587672797641476
0.01651595791921152
0.01735486534775716
0.01839184371439389
0.019437381371498714
0.01999817594005589
0.019838262289303927
0.018902014545682196
0.017645653267947883
0.016298292482975377
0.014975731409580802
0.013977398570921484
0.013402451841490708
0.013243381469970646
0.013277994319583611
0.013089258534005645
0.012766444864525144
0.012395316543916658
0.012112695439125368
0.011921773798423517
0.011739173418278027
0.011588665505157476
0.011372308221285725
0.011128357818228877
0.010741719193728998
0.010379723900875415
0.009974041709776539
0.009600785789033265
0.009363274524400897
0.009538706476515864
0.010297992469933365
0.011344279443033066
0.01212540172879248
0.012311915307260314
0.01188905820981516
0.011436584969727305
0.011504866873933801
0.01221075215034443
0.013306373090757974
0.014235066391374077
0.01482124575985575
0.014973919387310686
0.014835523175649143
0.014613515381476996
0.014715957840333131
0.014869498805685045
0.015009822686448578
0.014862380889638923
0.014935163860831336
0.015158415218637918
0.015563237546229982
0.016078438351213465
0.01677250990736904
0.01768542746178691
0.018285609203975765
0.018550999492085773
0.018415381572496257
0.018043227839114957
0.0175495636159553
0.016758398816005236
0.015624306725148057
0.014308827494978733
0.013204567552918722
0.012613012017974707
0.012549236663894051
0.012636467230046734
0.012377498201462903
0.011723451353952006
0.010912797880345918
0.010306702725940819
0.009997477821137335
0.009986233467115092
0.009984136405485847
0.009899704399097048
0.009737024102275681
0.00966930541890717
0.009881354509009435
0.01023266184780396
0.010572435155706161
0.01070926470927977
0.010627045675775722
0.0103501384045405
0.010207890763503239
0.010508945982002521
0.011383505635424906
0.012330831781567353
0.012953039928215017
0.013014962787506855
0.01318077142898895
0.013336925015168515
0.013982128374666107
0.014913896280038667
0.01608736965761936
0.016812122269003086
0.016838313145159187
0.015955387940367993
0.014776412517102887
0.01366689118380412
0.013265459228120112
0.01336900119006049
0.01390379857388344
0.014577818079959
0.015188587463190663
0.01548270819655992
0.015411016751356364
0.014955357452761183
0.014263046952856255
0.013432628444781951
0.01266541134872564
0.011886991569739212
0.010978262842583322
0.009869307536431898
0.00887365652194974
0.008434933009629296
0.008643785938672249
0.009210941431180383
0.009872961214039536
0.010192932118853653
0.01050520259671161
0.010618723269365804
0.010856614040454383
0.011037504886407257
0.011212865423371672
0.01139781214313743
0.011454769658920718
0.01145279395611988
0.01136222032380758
0.011306661187651095
0.01150625107026373
0.011763047731621889
0.012222491761867937
0.012664170406489747
0.013364443889122507
0.014296053604278838
0.015342330823814492
0.016304000370994498
0.01693321061139109
0.01743400802115275
0.017831715590349517
0.018517468505544532
0.0197530707300057
0.02118346443093423
0.022434869371629328
0.022941508580599717
0.022512158445776018
0.021505781606712362
0.020252618947867798
0.01890447636639272
0.01745308868583752
0.015594872596651495
0.01399847698038203
0.012731004191828892
0.012117161114315253
0.01163295890299955
0.011178644000267612
0.010843684949842778
0.010435091900647923
0.01021452581924028
0.00997795834995029
0.009876256935055052
0.009904797428910225
0.00999146831025837
0.01000447871428832
0.009971379304659191
0.010052154234791428
0.010491315788248592
0.011152471636517223
0.011773508571670857
0.01226001798606988
0.012660171494251186
0.013094670286766495
0.013358336788007337
0.013220929467869416
0.012767046958463722
0.012345479602016249
0.012255086056491414
0.01268877689131548
0.013460700098817509
0.014444259096206542
0.015199360363293564
0.015693677723384047
0.016029015063398912
0.01628090669121653
0.016493607844750745
0.016538529349943345
0.016317721100352022
0.015993333714311688
0.015538529162474548
0.01572609995650366
0.016872431478123312
0.018785835756728507
0.020360893067846123
0.02113335041524608
0.020917315905036284
0.019957277400570014
0.018554229593266476
0.01718005265310555
0.016172532969057237
0.015597587017046294
0.015014166806379518
0.014318689664509459
0.01343055820735059
0.012563484231037007
0.011727328923763788
0.01094140152468903
0.010358090452370934
0.010197894618955192
0.010353677059766963
0.010756634979966762
0.011160503245656173
0.01136988993666208
0.011496747606086254
0.011492110504535004
0.011525165783003761
0.011481329642857968
0.011362788232694173
0.011219579985314733
0.011010207860229734
0.010944697135246718
0.011116051811556787
0.011776705587924433
0.013015554829025174
0.01451707387314905
0.015950843638424566
0.016913379229269426
0.017413310278246105
0.017742551199798756
0.01802214687566695
0.018297546696112277
0.01816987131852142
0.017739968736306254
0.01726922064381376
0.017351865760755727
0.017952105154033126
0.01895594772579429
0.019812783405167494
0.019782577612113925
0.018730104679522148
0.017083065768582723
0.015768385197254427
0.01501351804571064
0.014657771839367843
0.014163153039778864
0.013418659811361432
0.012411128360257413
0.011581462907142884
0.01102996395347338
0.01074392801047706
0.010600913231410054
0.010569698002565334
0.010899956396675762
0.011590591286601446
0.012552160241661427
0.013257583950286145
0.0135670601146116
0.013544048722190465
0.013527270794220716
0.013615592822768334
0.013749867377142911
0.013755678201912086
0.013895077567279642
0.014045131534842369
0.014182352161551228
0.013863039491278836
0.013181012396699275
0.012253029647743625
0.011530473836638912
0.011102611479327626
0.011042569033603318
0.011382464008142048
0.012053787709821993
0.013164720638041125
0.014263527009037921
0.015344884322904486
0.01661339925737336
0.018087353674489794
0.01987014092110633
0.021125314254859296
0.021840273194586413
0.02226325511324757
0.022541467946728115
0.022507994031224315
0.02165497026428914
0.0200522855634543
0.01792874432144664
0.015946574472663625
0.014306868875967965
0.013373176513669193
0.013211827924813995
0.013492714214767762
0.01392770247986668
0.014036670311645323
0.013851147006497361
0.01348573736412771
0.013244237711421837
0.013183205469275249
0.013148842182766195
0.012864712626409727
0.012391553419837258
0.011885487469262757
0.011756518637039862
0.012078637428823253
0.012822704848997325
0.013765292247819394
0.014550769601992648
0.015192983703038659
0.015494520317632628
0.015656858103585865
0.015613870844143353
0.015397030457886238
0.015088182953528496
0.014757105525638742
0.014762975322253935
0.015044970195781542
0.01560949815437302
0.016149437050184432
0.016441666749395106
0.01628069848270118
0.015990349960595774
0.015969241848127858
0.016693982188533255
0.0179721308197852
0.019376328771291865
0.0203798250569789
0.02078986033500571
0.020578080872130602
0.020017878734009762
0.019560785577861697
0.019427407482477146
0.019332755857469287
0.018766954383339977
0.017500653021888572
0.01606705100800203
0.014856459536833923
0.014233391965933255
0.014034324819596024
0.01397913338950922
0.013698508257528502
0.013222047899973832
0.01283109630254056
0.012969193004537182
0.013695276343278318
0.014851024007981498
0.015869939441792543
0.01652215827340349
0.0165015719450768
0.016141105392706644
0.015308231514419584
0.014422808593939808
0.013631625388124288
0.013303594929038416
0.013377647316447399
0.013807941936962316
0.014360578584243649
0.01496550458971751
0.015445420379326625
0.01572587484799392
0.015655342497151607
0.015264530447152341
0.014600294696473384
0.013982779242725426
0.013779738580164541
0.014277159491565418
0.015431835728370617
0.016893609510733643
0.018369341649368928
0.01961362140348324
0.020773530051830608
0.02168166771225813
0.0221151443520903
0.021994479469303017
0.021589715909144803
0.02149701783610717
0.02194599022645349
0.02254621508722856
0.022806637926263737
0.022126179307312536
0.020738991027149285
0.018903585625506255
0.01725695167226281
0.015972721744631227
0.014830698368058302
0.013955257869812027
0.01313408487780708
0.012660443489846244
0.012406368758767546
0.012528983209121684
0.012845991642490253
0.013265386512193637
0.013623956981718732
0.013820786113849832
0.01368112011466268
0.013502348006903316
0.013390656527990789
0.01348516048694983
0.013737079658117985
0.013943764326908869
0.014031446861578232
0.014141075453202884
0.01439489575601591
0.014758121536057742
0.014927084595179397
0.014902171035941903
0.014840015116702535
0.014942611528137592
0.015345904239198512
0.015817348481642433
0.01639317802738491
0.016681153122460966
0.01669657937848253
0.016672885184690487
0.016671402340561407
0.016625971912874574
0.01637422290388465
0.015875008824597265
0.015885978720992844
0.016239698846589563
0.017151552004172222
0.018244114594824182
0.01948483129655156
0.020529196281364827
0.020976983305902138
0.02059503657635036
0.019432581908568038
0.01779763132345196
0.016228803273266177
0.015019676140808493
0.014368377219694847
0.014048658088982192
0.013824191450826561
0.01371398952740895
0.013612118707956904
0.01373354846294941
0.01393622137191958
0.014266893061592106
0.014398878846903778
0.014094079854818158
0.013165101690712574
0.011838492207442423
0.010641980243845207
0.010121722268451037
0.010431402954453882
0.01114484387760922
0.011898277966955532
0.012570455600003033
0.013149812366031929
0.013740389875183587
0.014385307963837407
0.015175056657090569
0.015811704861574374
0.01605385429202763
0.016154365179028126
0.016407872002364272
0.01729916349131419
0.018493535321320947
0.019540656385440797
0.02004039479363017
0.019983884242249367
0.01948851814132884
0.018700897561594283
0.017700319093615156
0.01669377282247951
0.015858665939275887
0.015175172671330188
0.01470365914540791
0.014374056681461878
0.014104428087225233
0.013925957266501485
0.013718042927801634
0.01329706116272453
0.012979733032822384
0.012553820308680744
0.012258382216931948
0.011687854176826898
0.01123382164115913
0.010872508537429406
0.010906363630743512
0.011122735098997319
0.011296615029256935
0.011044601432858436
0.010642756257717448
0.01029842687686489
0.010281248822612742
0.01055667590998051
0.010852486643371139
0.01109291389655935
0.011135092317383148
0.01109038386392347
0.0108964498778873
0.010683849032437215
0.010674890713082263
0.010870263251238079
0.011301264542439777
0.011822935514891813
0.012416180873677804
0.012918584719077825
0.013291176725392805
0.013559182255901093
0.013707781681835486
0.013934007723096577
0.014096159497477856
0.014178524688787846
0.014216626505236406
0.014296296974806565
0.014251517495030702
0.014171824819839546
0.014094851115018922
0.014307730033848824
0.01509961269871597
0.01635631514443688
0.017779145699100395
0.019074975064677084
0.01985428327539565
0.019781568036701787
0.018523902075218136
0.016692593771515614
0.01497703766122085
0.01407884867277944
0.013886833659663648
0.013707537397348335
0.013386932762875272
0.012497252109337552
0.011316654316215318
0.01006606476189964
0.00930615052991464
0.009196416842438127
0.009842242712928953
0.010629275293362356
0.011251511278018697
0.011313370597430195
0.011128726181173432
0.011012716590543502
0.01161190786726877
0.012655377907233976
0.013741895888471849
0.014156036624209329
0.013837401479894007
0.013026672112704408
0.012593813738019629
0.012833183168477577
0.013878419002931231
0.015182368446988167
0.016378305148908128
0.016999175177341206
0.017113167867890213
0.016871723274738
0.016642484121074577
0.0164830665664095
0.016582802175187403
0.016488984915901218
0.01637789980399814
0.016010651343289235
0.015791491967280608
0.01562723533735166
0.015359020666528877
0.015016312215051264
0.014577586761317266
0.014454057568109102
0.014476273444354197
0.014700249467799846
0.014817051693458783
0.014762660489388065
0.014790986064041787
0.014812395580737082
0.014744096818733154
0.014325427925912071
0.013671944119132163
0.013003170762194734
0.012576815888352784
0.012353631921781131
0.012217990548055363
0.011881405630152104
0.011360571205128466
0.010787249277940732
0.01065855030364536
0.010977354754563146
0.011723792240157413
0.012497836105678511
0.013094005701695997
0.013250717001392846
0.01313807235633602
0.013026256650061113
0.013296839788726344
0.013884824608604202
0.014398624246702036
0.014756445364307686
0.01485264821661917
0.014745363776092089
0.014380922277040534
0.013828763032413824
0.013170235602289965
0.012680274244213297
0.013105589243621178
0.014369835145843245
0.016310415236370696
0.017721221460199145
0.018018080094967776
0.017008094203527807
0.01549027590636496
0.01434305664393395
0.014164105146017689
0.014787057741936735
0.015717332630190928
0.016608643343830682
0.01724265028903855
0.017630980034735875
0.01759134789786806
0.017034408444333477
0.015841450030834706
0.014461197801132355
0.013346354379615902
0.012790522406496073
0.01268723960976988
0.012897817421674734
0.013018455864909614
0.012809833202148395
0.012161920326219483
0.011210309217923233
0.010207825020315383
0.009546913527574714
0.009342524508971438
0.009679458403367917
0.010288252509683862
0.011210141872210904
0.012265057327388374
0.013144989978386878
0.013798108087862956
0.014012478558621342
0.014027549869585612
0.014110298533510765
0.014225111822327968
0.014636503079075946
0.014750760351716793
0.014682624258999433
0.014279359197231169
0.013965521316196456
0.013911096213241166
0.014042795233973941
0.014108897855542727
0.013708788920215995
0.013125856949444105
0.012403826328601512
0.012181597692815188
0.012476541198779629
0.013580409045347465
0.014780064109702933
0.015549449167919803
0.015580791498728628
0.015219729511725209
0.014783252230604444
0.014255633983916775
0.013542299845904496
0.012606701399323619
0.011931452917342133
0.01159109214789925
0.011744294756461144
0.012191650517293562
0.012436886072561226
0.012367978636196993
0.011806060829121019
0.011325094417060403
0.011155834714989087
0.011269448310970329
0.011314174360545742
0.011279217278856954
0.0111660958360098
0.011296475998759782
0.011537869204392787
0.011951663944413023
0.012357980686941744
0.012687119926669795
0.012790041198354961
0.01261984276109266
0.012270574822140402
0.012194338834589794
0.01269818128076996
0.013599063077450669
0.014471532361213717
0.014827936635229286
0.01479188706740074
0.014407266026430592
0.014210144116604095
0.014015634321871156
0.01403387277554103
0.014050089901856865
0.014202794271514033
0.01432327355957698
0.014531566440464074
0.01474206530589678
0.014916106210971143
0.015074715088468384
0.015184348144023647
0.015522295832914763
0.01620101645132588
0.016934815082052346
0.017429766677122954
0.017039979330458737
0.016231544717796864
0.015018111121436611
0.014005356972635113
0.013273406488052987
0.01262156818085695
0.012095497873139923
0.011637313590734343
0.011566371214361626
0.011780340481331468
0.012358020685396282
0.013007443494719878
0.013410899291748808
0.01331518152014754
0.012629384945478208
0.01163227847579522
0.01061656563698645
0.010112323046298735
0.010215974782767211
0.010769235012758623
0.011375826173912116
0.011948229050480918
0.012447059632339873
0.012987121357983177
0.013271702997113504
0.0132913152859222
0.013261431914686992
0.013764891032123064
0.01487298716735569
0.016263538355497428
0.017138453846392763
0.0174729837042055
0.017158106671687733
0.016846563490919068
0.016762518168514314
0.0172057749199493
0.0178011127645421
0.01829307742383772
0.018278937555671438
0.01779426725217694
0.01703322940422639
0.015997717356945943
0.014871311347046712
0.01408063297283622
0.013791194977630209
0.014013263364912577
0.014398693565706519
0.014667729746983015
0.014540904943502665
0.014288051254755433
0.013971035434222446
0.013859147596329523
0.013792847384978052
0.013698245436367681
0.013432231614379569
0.013008346467920814
0.012607762697243664
0.012549275260628743
0.012930407903358185
0.013647778243754157
0.014236388133313573
0.01425501445303299
0.013640732681043367
0.012788931219176146
0.012229428943972437
0.01240224560158434
0.013053192467518331
0.013939473495260314
0.014567146259409641
0.015050581174270786
0.015133758958910372
0.0151521303452024
0.014954547714826953
0.01480136272280785
0.014599925252941964
0.014541440079802544
0.014405011831275773
0.01432191810537826
0.01439848291386659
0.014598553122551209
0.015043928994061548
0.015526619063263521
0.016298958195022344
0.016969939331115066
0.017349175492019687
0.01710107979296481
0.016306919701559536
0.015427013954863442
0.014789944880031484
0.01458839457607837
0.014510241796217927
0.014283568245252135
0.014171085290912372
0.014062373042743373
0.01404581223089897
0.013773131749929734
0.013204966762677595
0.012460485746532104
0.012001105068110742
0.01205114690665295
0.012599802902103833
0.013299748099946778
0.013915159613391957
0.014274218760633197
0.014304787151291923
0.01402578264264987
0.013364758561146349
0.012750321248838136
0.012331604748155192
0.012311017867947263
0.012470760111085378
0.012586627448196134
0.012461999377822513
0.012437622179857825
0.012613617354244818
0.013172962657784806
0.013783951334714823
0.014082947298529783
0.013888847559936177
0.013410263801048237
0.01310708098563906
0.013595141133345087
0.014574359046496451
0.015816724226081595
0.016664030080605078
0.017030971921899965
0.01692641716888679
0.01653612823556228
0.015949482114779347
0.015176019194438091
0.014263157439867766
0.01348877575103783
0.013181329480188528
0.013579485314907627
0.014253766546073311
0.014746514428204661
0.014787230101278052
0.014408339684845978
0.013849169002610157
0.013132292179932293
0.012300222603274956
0.01151185514839997
0.011153817658782303
0.011531312345320935
0.012672359444205302
0.013877692234569678
0.014625899204040133
0.014437891924608318
0.013626811636751597
0.012394492607140534
0.01138209646577994
0.010814797015064093
0.010787288071085066
0.010986688091163769
0.011108712365198862
0.01092478937015545
0.01063748647697369
0.010579782661819344
0.011110127271473695
0.011997859302957568
0.013029950002562782
0.013947446746010025
0.014615865002085985
0.015136643904465398
0.015544102184889712
0.016087560726015807
0.01693955666611571
0.018006004495815582
0.0187577790952634
0.01864771627948668
0.017552394821023328
0.01629358947250757
0.015486642633076917
0.015848468638374965
0.016905466954477685
0.018214143423416415
0.018772582762151043
0.01832742230506572
0.01685060238472084
0.015200415199696405
0.013879364845795321
0.013202013849400113
0.01274784521403717
0.012476293635973646
0.012046416587796718
0.011735312933220294
0.011509572435601856
0.011446161374682531
0.0116240674973939
0.011955844618309777
0.012351615545422365
0.012566247888155751
0.01261660892669483
0.012603325385905428
0.0126319261509189
0.012666616824035356
0.01261682270394441
0.012510921166761389
0.012361886453128945
0.012319337956104825
0.012145915286079997
0.012106866157930577
0.012001266114651963
0.012252051647022378
0.012496199490022626
0.012858024375664688
0.01312852760540112
0.013298050430802451
0.013241904345576577
0.012806911421135225
0.012054331035351624
0.011530122101680305
0.011842130108044293
0.013391204471598904
0.015835788562564103
0.01826438350285125
0.019680369263824736
0.019824413774861292
0.0189484506713604
0.017727998652131108
0.016839933932389625
0.016264261349662967
0.01582719922942986
0.015211564398160583
0.01452834786382325
0.013741837798853398
0.013020034574490956
0.01258701541599135
0.012537437846692735
0.012713530689470207
0.013007511146837321
0.013203000028183408
0.013425737675908125
0.013515911824645762
0.013356751378813102
0.013064862182148059
0.013009459310695436
0.013303859228727778
0.013748598502340325
0.014104276537328316
0.014195867369806419
0.013925948027598528
0.013354474793868656
0.01265724655679991
0.011992307488522362
0.011755712270233502
0.011727043573670826
0.011887539128274657
0.011905308740038603
0.011954241172003907
0.012092471168633238
0.01243032505779597
0.012973477033088541
0.01380056478701843
0.014823031361870707
0.016113919336971243
0.016919952995745422
0.01711190291450106
0.016497598029447908
0.015818635258986122
0.015318030262993642
0.015244101056350405
0.01525483370279447
0.015507883978540696
0.015569395555890882
0.015471565560970891
0.01485958019339084
0.01384228250602211
0.012653704604908202
0.01172990789106648
0.01136943775014413
0.011513034434137948
0.012148526296448928
0.012917915911212441
0.013549612460434214
0.013781390355084406
0.013590477344160582
0.013138793309026647
0.012740816077426925
0.012599302991458896
0.012580721856354513
0.012596205176138322
0.012730764213328137
0.012872108517782066
0.012833549976464284
0.012340541357358514
0.011672723086908723
0.011144185011693734
0.011038024130592707
0.011280371086726857
0.011677272061324986
0.012141656974918234
0.012606828829146394
0.013005022212351051
0.01305325491105276
0.012438073103338061
0.011652443862916907
0.011457034909123934
0.012390305745735497
0.014104257298865698
0.015504168125704796
0.016228798423772353
0.016310820427467225
0.0164566678117649
0.016784879511424645
0.01724097613583575
0.017491016276926976
0.017733758566265124
0.01805193440849876
0.018434501020358048
0.018624252622692586
0.018665694308279444
0.01828554695220382
0.01776493995212657
0.01701818073011169
0.016011499328071586
0.014486964688023197
0.013068058806044088
0.011962602478830936
0.012045332588026127
0.012722707095360436
0.013661966117392045
0.014018169184230692
0.013911242552768972
0.013510482129805119
0.013061866922550144
0.012813910631274017
0.012808129407638959
0.01320545509013036
0.013777985770561661
0.0141908687288506
0.014246410359630007
0.01401399913608608
0.013793651861729591
0.01376160182693138
0.01375313058527511
0.013661254810837083
0.013149739536291347
0.01249639128292199
0.01190813581386174
0.01200417537509698
0.012560086742663868
0.01372045275977588
0.01484055282367472
0.015830354350968842
0.01611646469298499
0.0157056885062658
0.014890171180985751
0.014093559883447291
0.013968735935960751
0.014437917309716027
0.015355339710109635
0.016372364462139053
0.017034835993184293
0.01724338195994632
0.016752141406270016
0.015901777856341427
0.014856109346370548
0.014205535595565841
0.014209387016563158
0.014801990673683487
0.015523300412429828
0.015781952542129
0.015751118045408997
0.015407232565741774
0.015118600270410365
0.014959270543740617
0.01501147721318625
0.015153890853378937
0.014918573882237048
0.01415802528632181
0.01310590169315582
0.011925766751644078
0.01108872558987448
0.010562557882924
0.010553389062391302
0.010980668339524755
0.011608275681167023
0.012124566950095034
0.01212296559602633
0.011733813938396261
0.01108115068135897
0.010819260402595851
0.010913280849708737
0.01170179989159868
0.012943252990434211
0.014293036719215661
0.015353465264835832
0.015783163718109713
0.015801442946446895
0.015675143502248495
0.01579099125877385
0.01627798190334853
0.01692916323587044
0.017509824180278303
0.018067165358195882
0.018470194941340844
0.0189657643458778
0.019183412799634075
0.01908339944799908
0.018572898296565502
0.017791819046787023
0.016727703772029704
0.01560884375227286
0.014437660428067565
0.013577925770996119
0.01309290794796285
0.013077486505363202
0.01355729004974835
0.014016938710140495
0.014289531630264894
0.014071887494037923
0.013439277593309078
0.012647919661838621
0.01206040963733289
0.011879198673936744
0.012335697694328202
0.012916185486605622
0.013236560655586205
0.012856731977101084
0.012291832352505321
0.011704820788582147
0.011504889518144691
0.011648499712300569
0.012004039245501105
0.012643153050573888
0.013277793443502477
0.014108400605850016
0.014689211937908843
0.015006906711472649
0.014870065041005001
0.014425280774430482
0.014127076683156457
0.014068219108201455
0.01447021251840106
0.015434844974458269
0.01657097695268248
0.017298720198336875
0.017385121943948458
0.01682913225747733
0.016035536605934632
0.015370502671650266
0.014715014129535069
0.014545208062636214
0.01492101465483755
0.01590518940940251
0.016999782445917634
0.017524228168487102
0.017228953682112462
0.016237681587172714
0.014975647231968736
0.013798438246641924
0.012778581942460768
0.01213867778247128
0.012119776127846404
0.01271601126201619
0.013486006698910157
0.013897027205764528
0.01393576106262108
0.013611107287344732
0.013315119195504157
0.012817759531896044
0.0124987034774396
0.012039529416880388
0.011667901743341074
0.011171122147309894
0.010944863258937046
0.011064847395725937
0.011727978820827599
0.01270071167477742
0.013588884791025772
0.014049161135353837
0.013929588702568933
0.013203432828172195
0.01233896913284227
0.011731307835544377
0.011732844444217768
0.012059923280989001
0.012676802957796092
0.01348837662325033
0.014674451681756687
0.015977598537983844
0.01688444710263947
0.01735052397357986
0.01696489276594256
0.016313707797989282
0.01511448159595194
0.01410693464443349
0.013201259270991108
0.012983074621450043
0.013567290855083828
0.014819793134429576
0.01602564666311848
0.016630837088222602
0.01643151345439127
0.01569851070275815
0.014405420607351786
0.013046704902679755
0.011679607762884165
0.010991676605280259
0.011003518631694083
0.011929898031062692
0.013116611220742964
0.014311056726602803
0.014913271846128359
0.014717089598125364
0.013799059962440206
0.012584098529861712
0.011602438088263407
0.011033417063875846
0.010819203753516651
0.010813085023918804
0.010833918432193005
0.011171193417580954
0.01179461343634168
0.012754355310615516
0.013645447729169806
0.014422653135120788
0.014757775413532398
0.014768511007523152
0.014503264264785003
0.014291444333003507
0.014314418987750772
0.014863947524013927
0.01571212104020757
0.016466816751647732
0.016599264648939897
0.016142237047439632
0.015586125094408989
0.015143376578788174
0.014865395609944139
0.014433819699461623
0.013884282766861445
0.013282219392739025
0.012870675566376938
0.012838797582921915
0.013265101909350154
0.013704608777235136
0.014050583679847328
0.014133961958317072
0.014246666195059824
0.014158117789724351
0.014067835138902869
0.013594468419865573
0.013221507034745875
0.013001342987540172
0.013187887744176592
0.013517002127792138
0.013689332635553983
0.013586817472232997
0.013226749916010078
0.012563519909369523
0.011641605590165012
0.010664664913109445
0.01011661882778725
0.009999784710353283
0.010456438638906268
0.011032067057944682
0.011580099907661755
0.011791018505168033
0.011821323735926006
0.011844263482699726
0.012129924769672874
0.012641267298510792
0.013338305810980921
0.013845943135957176
0.014247501290773734
0.0145702511357661
0.015122356220511026
0.015709055643599
0.016396956788091693
0.016760554362073743
0.01683082207830345
0.01658306311893525
0.016225153116891794
0.01563750110437442
0.015084104286906765
0.014494663501683751
0.013859940420217112
0.013369638034545156
0.013168828664270538
0.01340901307702208
0.013894521769889244
0.014267157196382127
0.014547005450809157
0.014694550057753811
0.01500130406466647
0.015334924897939653
0.015588722143565192
0.015736250252814075
0.015637836346960112
0.015099393700575066
0.014203758360029038
0.01304592793619078
0.01194462004862473
0.011010136159851256
0.010334543867629322
0.010331411328338645
0.010899202256018222
0.011901308437013574
0.012976331390070652
0.01395289257252756
0.014745823092747275
0.015276046811650129
0.01528803118052654
0.015065246975640975
0.014407807075070564
0.014201344634166632
0.014150311903964376
0.01458875004577768
0.014945610375194485
0.015246039234065714
0.015109756003275581
0.014663838279650312
0.013871615063907243
0.013171774927071377
0.012772413395883244
0.013017681409801179
0.013428674740073672
0.013911557788193137
0.01406964585427762
0.014142446869487117
0.014222558025547687
0.014556826854292599
0.015156180389301218
0.01589631721631483
0.016621096599194307
0.016518232713652447
0.015724392257672814
0.014129170915161755
0.012854815232428155
0.012391494844053306
0.012747804002575023
0.013533662310745764
0.014206130994293416
0.014492542017933091
0.014545927567281203
0.01425628871231675
0.013876012261985614
0.013347602709371735
0.012836284219000892
0.012196398081833142
0.011624432657918364
0.011349661350732837
0.011483452410221126
0.012039732195163706
0.012562275140156532
0.01285274962253071
0.012523462534639979
0.012008690696435407
0.011810173083327496
0.012311366845111306
0.013527071981898859
0.014908268575151347
0.015924014199374805
0.01629793618507491
0.016219502095418715
0.015881914268845148
0.015441343526481547
0.014791569077361785
0.014024763232229656
0.013406453564873275
0.013209106455667835
0.013816049224833978
0.01496773290097687
0.016182315472732498
0.017118048859443593
0.017438885716784452
0.01746525052957257
0.017066076644377315
0.01669543065604063
0.015946350703480456
0.015113450951449295
0.01403574162593684
0.013085286703695463
0.012216895204497242
0.01166017188758652
0.011393199385524765
0.011540266746954445
0.011667491125788491
0.01175156962743274
0.011553423762794517
0.011637856261818314
0.011887376186550615
0.012438641172368098
0.013044015572690961
0.013478879215091192
0.013642618333438633
0.013630387879771147
0.013783166236082405
0.01419177363708258
0.014653031726037907
0.014813217195324637
0.014326318170348358
0.013436718468996724
0.01251250544813347
0.011712419684922946
0.011182567329278019
0.010985745421581136
0.01150296322761437
0.012581636442896673
0.013848771349166475
0.01467683074108348
0.014763733822092725
0.014531084892662046
0.014316666785300407
0.014206212133911586
0.014256444791205036
0.014035804448295185
0.013753284625606517
0.01337556986359089
0.013010679829752741
0.012824971094548259
0.012791187025865599
0.01300932401128021
0.013298254515237636
0.013823142810975155
0.014351893184060896
0.014582576556603815
0.014530147766049412
0.014272482278548845
0.013992836036202447
0.014000526016293278
0.014155444934886244
0.014324936889371732
0.014281330842942965
0.013845680328781553
0.013504963107133177
0.013265119492253393
0.013327768261765613
0.01319058941451027
0.013152946900168487
0.012934545801506617
0.01296033844178624
0.012958727174222159
0.012972430299534717
0.012822639951965316
0.012612627272262724
0.012287291487207757
0.012080324664359857
0.011933057559800755
0.01218523385122245
0.012563615117428891
0.012982899133685983
0.013470604482394866
0.014036319023124678
0.014934714856005137
0.015813863764102907
0.016515430731196983
0.016694908856088025
0.01634991681065884
0.015670332234186988
0.015020594056093127
0.014655067642120432
0.014673507037430604
0.014870645585282104
0.014944829115198552
0.014808782938399285
0.014587585579956737
0.014400935169676518
0.014534663388841046
0.014849436427425923
0.015358076398348817
0.015552191054167878
0.015384999745324233
0.014861910827414337
0.014295485184497558
0.01393843025607719
0.013855785397190023
0.013944808361623647
0.013905438577154088
0.013730291006188966
0.013508223074226213
0.013278097857155256
0.013318607786123367
0.01335390249250678
0.013303532746291473
0.012844543331430277
0.012178525422887112
0.011425195889522363
0.011066133863782414
0.01113664784955015
0.0119354170274015
0.01309060843344968
0.014638257646625795
0.016111549199083145
0.017498874779139546
0.01834113992226051
0.01871700516391793
0.018437483127395713
0.017998932852128283
0.017653992305759838
0.017618066545719586
0.017732766919885082
0.018001986371343467
0.018242980039748953
0.01818625226695335
0.017700174806407943
0.016629094464100342
0.015500284829662838
0.01463727106098869
0.014392794422221829
0.014436098782899665
0.014744809629689515
0.014968461710447054
0.015276476478230508
0.015214455748505868
0.014963614129934605
0.014423101449275581
0.014143668850764072
0.014348607929778889
0.015092443788284712
0.016051258380403662
0.01678124721467087
0.01699885235946649
0.01665715391447843
0.01638931123996279
0.01630090901897717
0.01645603018619657
0.016207665296361258
0.015489027450769115
0.014399532748291683
0.013424479210268668
0.012848993171050465
0.01275684865623027
0.013090812802440427
0.013570491354430229
0.014005664349435738
0.014233355426763017
0.014175937735691795
0.014140208142570209
0.014075517306487168
0.014205225761947844
0.01438673609184192
0.014588908628215099
0.014691186512653203
0.014561125395816277
0.014500749425993045
0.014577782689020553
0.014770635838731914
0.014921314802400587
0.014903301940487446
0.014893721491795669
0.014965249410508405
0.014886810229112417
0.014581336412250786
0.01384601122641893
0.013259053461931949
0.01299638959994158
0.013441736300446969
0.014320845537380273
0.01540537705969917
0.016509094405682666
0.017266875710060983
0.01754459222574643
0.01688653727758976
0.015622591329420921
0.014238142211927584
0.013467039384672955
0.013355556522935873
0.013765418582655153
0.014203713773392749
0.014438696515067687
0.01430397629226033
0.013916978909157064
0.013482798712197161
0.013130711746330303
0.012831394170499336
0.012581718763584875
0.012344471316344089
0.012237477308759228
0.012436672029530742
0.012792564444799098
0.013271793460695624
0.013586173651914576
0.013836004555705312
0.014225820742902275
0.01494223808507361
0.015867361672234803
0.01661232774487702
0.01696523999657751
0.016461331307904257
0.015203033726897297
0.013452558526591996
0.011934945492914552
0.011270028810134098
0.01154933930485537
0.012437627049787443
0.013285400871501983
0.013909210287279457
0.014284321491469817
0.014518710690524727
0.014670082260603123
0.01465658204791003
0.014373858776626731
0.014064477984086195
0.013895246730204399
0.014269026728675818
0.01510136627530055
0.0159858310560768
0.016665506213454542
0.016814609838579173
0.0163516685511324
0.015264099873513553
0.01378447688529984
0.01242614824448764
0.0114675995280815
0.011171293278561895
0.011359512962901054
0.011889660879372268
0.012412192788028915
0.012810806965748085
0.01283198765901362
0.012777871543146267
0.012624600433346355
0.012760432114326543
0.012873917024079846
0.013053464360864788
0.013308268960474478
0.01406284925622479
0.015064348245475536
0.015998839799802277
0.01617820854262751
0.015684647658809663
0.014798146567074018
0.013970914783860505
0.01364358387618905
0.013827638939849184
0.014449605091651763
0.014868532570616834
0.014868692956127187
0.014327660721310077
0.013654381140990062
0.012991224695554283
0.012593153009700635
0.012598284570422747
0.012803191846205935
0.013417516816666088
0.014148405239113857
0.015042398501227778
0.01580798804374777
0.01627182378224978
0.01657017318237511
0.01653941391867368
0.016354863927535344
0.015824726496607017
0.0151245885674642
0.014573700497104995
0.014389885396271595
0.014472322689448907
0.014512142284588527
0.014393823935339028
0.014316288022398243
0.014392488198969326
0.01447058546508405
0.014231408862144003
0.013752110629356457
0.013301592143064277
0.013353305535652138
0.01387760540024484
0.014784537741833038
0.015832159782868525
0.01661149594285435
0.01726715951785614
0.017715611254072245
0.01789624702151939
0.017551772380966175
0.01672805278232965
0.015671746589615787
0.014450499079285266
0.013307914178456098
0.012410928004895372
0.011911603486172853
0.011803047282392096
0.0120078416489
0.012257248600103434
0.012521955206163277
0.012742817738382022
0.012895981876429222
0.013329532297965402
0.013878364958556658
0.014649150318299315
0.015282146525935868
0.01600219265659643
0.016625168512207987
0.017110821201092932
0.01735351173354224
0.017441217763247332
0.017422961741605517
0.017305766925265594
0.017359577004976274
0.017365372114421785
0.017069101178623574
0.016182857187313323
0.015093892632828553
0.014021287393483866
0.013372046006420698
0.013045161452102504
0.012968018701939265
0.013080916935667814
0.013319391957825203
0.013523503492649675
0.01345821569614528
0.013185115285665109
0.01261353325219959
0.01193636607193026
0.011448993401337289
0.011651731120721317
0.012411497928644787
0.013374898663918333
0.01397276418823509
0.014074725801219861
0.013925903893205081
0.013908936766450651
