7.418603538822583e-32
0.0009629432897972294
0.0032213027645011795
0.005507322303860986
0.006826065524674754
0.007140684329405552
0.0070684354106902375
0.007289145931017398
0.008150755219380546
0.009302672027819661
0.010486164481436742
0.010970504129111977
0.011097989190480521
0.011071032824207225
0.011388888225255543
0.0123383541581011
0.013642482487746535
0.015313468025116335
0.017421707448587828
0.01941080609195607
0.02126260123041389
0.021381282886083472
0.019956463436745252
0.01722234691870992
0.014317880969870437
0.01259255688090018
0.012068393016683441
0.01292159291522644
0.01379396169951558
0.01389448615616359
0.012938868350781028
0.011682522651562386
0.010603107060516759
0.010022404174278056
0.009685196337885922
0.00953425396878183
0.009345684299657884
0.009051487495263784
0.008265094689458049
0.007176741960883983
0.005947967291875084
0.005150157530374425
0.004921926284003668
0.0051594150801197464
0.005603090346825105
0.006003661942767033
0.006405784408020142
0.006901160301272267
0.007456287733741112
0.007945579373313959
0.008256244922021823
0.008556828101088628
0.00896989754481547
0.009660584033020718
0.010561100432504324
0.010911839605088555
0.010911162107973533
0.010869276071964775
0.011545271219748767
0.012971108916621621
0.01485489838291106
0.01690514953590572
0.018409927600952846
0.019307253338037667
0.019531165497339822
0.019547605850043927
0.019065981835899116
0.01876119274280304
0.018597645207290726
0.01865761971932765
0.01855818308220464
0.01790034795546609
0.017169125347734435
0.01623918834778394
0.01539501347290962
0.014168088487713119
0.012714549038764846
0.011273895462775954
0.009918662689008007
0.008730611997088076
0.007594822070949141
0.006691451556058236
0.006119595179637279
0.005845397308001372
0.005925498749237195
0.006226106030722754
0.0066243954082379885
0.007041476690626546
0.007315624634568176
0.0076843098463944
0.007973783459170342
0.008398420251602404
0.00873993155440106
0.00894266507320916
0.008873860265032998
0.008708281853607076
0.008414321236830339
0.008226671728002096
0.008316414006183862
0.00866419094896726
0.009395981692516094
0.010310556830043357
0.01162042484030069
0.013000323432002409
0.013858283987828929
0.01363062880269449
0.01274594749212137
0.0121485754023641
0.012488176728039143
0.013637543675960241
0.01486447926029463
0.01592613792106132
0.01682666180940456
0.0173310844243702
0.017391791854291704
0.016972211072328297
0.01634170328860803
0.01568964563985717
0.014706998485771595
0.013654687738237921
0.012079770478213559
0.01032148767285314
0.00868698971171202
0.007801480101950652
0.007697082373443539
0.007987549949981698
0.008201860575261918
0.00801273509140031
0.0074589450759217696
0.006926130460046205
0.006694752262022264
0.007007259539309206
0.007539833340121304
0.007878112754686755
0.00763480428914352
0.007008632167330115
0.006444934903791559
0.006121437390593055
0.006057877015683994
0.006205959380784615
0.00649671945761297
0.007006063671559558
0.007628840808280942
0.008302876023653894
0.008572459122974538
0.008544687069205229
0.008415168070597619
0.009093707214936023
0.010698077903134897
0.0130566871707022
0.015306347168977023
0.01716446441093823
0.01860866153350214
0.01953805743456196
0.020053443613564655
0.020190623341519526
0.019734876119375643
0.01865054544196007
0.01690391736362736
0.015076591042997696
0.013717998958149348
0.012970742540520958
0.012700248732819266
0.012540850356393287
0.012196845585899684
0.011574115701930286
0.010705389391907395
0.009974609286614136
0.009375140768780441
0.008882660319764282
0.008244027352759935
0.007438527829621842
0.00674278388631193
0.006368539381809006
0.006375061591923808
0.006542082562517173
0.006727744284370409
0.006768987947258043
0.006626561188839404
0.006345288645906969
0.0060887592882895815
0.006121384386591964
0.006554417384450463
0.0073295922834680696
0.00825081966521304
0.009269252425594624
0.010228252827973272
0.011222831903043429
0.012138826286914829
0.012907674225594048
0.013526329968761951
0.01395704651734319
0.014380479264786538
0.01495725148392505
0.015849101234042286
0.01658952415490083
0.01721099228672422
0.017160584513956568
0.016907899663463614
0.01656774294478112
0.016420656692314656
0.016357663557172754
0.016039888077667947
0.015677573328475882
0.014776823259590966
0.013960572983323991
0.013108025024983785
0.01261483695373786
0.012537307161355371
0.01269383588795563
0.012784346553961011
0.012392975836067256
0.011414998497568801
0.010207629943526884
0.009026723051154999
0.008224575118653564
0.007772192081881737
0.007585646351289199
0.007626701929300844
0.007775064711209058
0.007821738116851327
0.007767203527090972
0.007643866965895978
0.007570360197942997
0.007569961502031558
0.007755603257443688
0.008123941977942322
0.008854166171166926
0.00965684712179708
0.010678394325111022
0.0114548361406748
0.012039378244870188
0.012053989193314598
0.012065039809237685
0.012174453676675781
0.012844702341455915
0.013870859340176738
0.014860612199098875
0.015383080587957168
0.015274352280878246
0.014718626465475641
0.014624696485601591
0.015090699507346136
0.016211410248966076
0.016919013899769984
0.017106438912546807
0.01679689561287802
0.016357575100641862
0.016398330528235576
0.01653906011685478
0.01696811585202783
0.01698732176872501
0.016606352487399306
0.015109120760552755
0.013379195433181994
0.01162239899878591
0.010428860377492332
0.010081316790118224
0.01006559419911153
0.010014969129757644
0.009641900129711906
0.00895927387547488
0.00841629048205059
0.008035413307581743
0.008011982959858012
0.008048512659815604
0.008294610538402632
0.008579916387567194
0.008963062345274608
0.009306061433736657
0.009647721335632721
0.009842920495592832
0.009961416246809894
0.01012216821785213
0.01056242656047855
0.011314121905638177
0.012102340158062597
0.012457310712143415
0.012540190941809162
0.01265768414465732
0.013155290913914298
0.013965811205330084
0.014746533999284413
0.01511710652468261
0.014844611885284265
0.014260114373019163
0.014058952364890524
0.014572732524528965
0.015368686305434032
0.016178179650047513
0.01680007794751198
0.01721609059928141
0.017261472548449862
0.016637605089991937
0.015632397008296384
0.014747470560250473
0.014149364252961113
0.0137231092012411
0.013346067487282431
0.012744536841503907
0.012046286373806874
0.01108506107041175
0.009959578505065956
0.008911982118363455
0.008019368775696319
0.007415153016593409
0.007186234355390819
0.0073476062438258384
0.007927019134562646
0.008667262988149767
0.009314758454891514
0.0095880835424161
0.009420505897994296
0.009076889593032678
0.008730872752980715
0.008694303766567794
0.008985331065004407
0.009393292075658876
0.009802336753741373
0.010222623538736344
0.010626427544097879
0.011019538514090724
0.011336444200086325
0.011677714637073287
0.011899870303895653
0.012032816672209143
0.012086118521142627
0.012065557959945163
0.012160614836623363
0.012352528499851289
0.012521613626010956
0.012515563463380758
0.012513403299831688
0.012820917202346441
0.013308339981191184
0.013884890617355672
0.013989112636575016
0.013436761137655887
0.012859312335701997
0.012455872343994331
0.012362270018171887
0.01244269039474052
0.012418432435983976
0.012346546484054517
0.012145484162747595
0.011623056532610832
0.011035268615284168
0.010139985843043554
0.009455960074247947
0.008912224301688657
0.008815791958798655
0.009206893932123145
0.009635438192740915
0.009867959101097563
0.009492039336852059
0.0089170609423013
0.008314454391934793
0.008031135649174336
0.007949881980747047
0.008347512828207022
0.009102074286322774
0.010446656331560129
0.01191283262093935
0.013358056198268055
0.01413308843885422
0.014161026561615163
0.013264588747321844
0.012025193980631546
0.011261088700756492
0.011630943701858047
0.012815837264122602
0.013812206392797807
0.013911996513944124
0.013531378484901125
0.013079088037229418
0.012758228906014938
0.01245602745399274
0.012201338410951584
0.01229910507349435
0.012688686307497902
0.013161617914669672
0.013492352677788507
0.013521248757459898
0.013658262302389973
0.013603746264041323
0.013127107066823525
0.011984908036384835
0.010653785897499182
0.00983710563087804
0.009817157520755425
0.010578913604468674
0.011299457771479508
0.011317703742680742
0.010410047305245659
0.009083537667848633
0.0080517407308478
0.007586414825050413
0.007739581174804668
0.008270552260638542
0.00899545447558295
0.009379382328754474
0.009555299422255392
0.009498018195436286
0.009466101665767083
0.009368026234567929
0.009327631154537531
0.009441864362429109
0.00995606459088455
0.010708697348143434
0.011576270034025076
0.01219746030630076
0.012539131609543898
0.012407521083792115
0.011818849130837472
0.011190772761449625
0.010741123370730247
0.010795888720944502
0.011561910169231956
0.012457294467635145
0.01325067602664648
0.013464222384430829
0.013235993944266475
0.01303255090155843
0.012690945066999004
0.01238503774553181
0.011956228179431316
0.01178954203618798
0.011720755245757768
0.011658063301212765
0.011547664420702534
0.011123218002301791
0.010453621573291327
0.00960054116409589
0.008957073880652843
0.008923048371288794
0.009345494690359139
0.00997368219225482
0.010095391447698575
0.009936399882548711
0.009589663775262611
0.009363580774682408
0.009232414455415422
0.008960213022787492
0.008908485635665299
0.009302435852071841
0.010103462300012783
0.010920601842413348
0.011150882408851169
0.010803559746452265
0.009984356319734274
0.009211138248913734
0.00884787491341038
0.00917815674131999
0.009978239208586115
0.010802621473759606
0.011317872637177673
0.011497304544427423
0.011776913548941406
0.011974782450420489
0.012333545540299801
0.012605212277095082
0.012844265650076849
0.012896524613900054
0.013013015573722584
0.012970866642551506
0.013141293359579139
0.013315653983259977
0.013903084039542027
0.014115048862555926
0.014054503310128549
0.013255024480022214
0.012198172239607294
0.011336708186768294
0.011207246995112838
0.011952962228207277
0.013112264652130277
0.014218577048885416
0.014399115658486597
0.01378676173157007
0.012559764595451906
0.011194263396306154
0.010049268470113778
0.009283930848794935
0.009045883533212134
0.009093003902663968
0.009508022847416189
0.009928304642440197
0.010107046921711422
0.009922455906928118
0.009541965600926789
0.00934995698764286
0.009455333342643712
0.009799185973481263
0.01009309045848124
0.010463194287666549
0.01059832287759411
0.01057711726894278
0.01012592558995544
0.009420273313258681
0.0088054925087452
0.008654587447600013
0.009315409706600043
0.01067421918508476
0.012376664691052695
0.013781605939783597
0.014547418986578829
0.014484895531569734
0.01393541863219358
0.01364479066022202
0.013938161773899024
0.014799889891015468
0.01532989856564134
0.01540511716630063
0.015097067119898363
0.014768394323427433
0.01397879826067997
0.012949289722386419
0.01182470662763735
0.011534366023394046
0.011972203490085535
0.012645351088931037
0.012659977162501196
0.011681324544780651
0.01026704164576871
0.009005562994312506
0.008610363589113209
0.008958842910755549
0.009784729585082
0.010589271924802544
0.010846111480921784
0.010784758003070813
0.010454919309346897
0.010111253789587578
0.009631730473578605
0.009001303593744828
0.0083115140195461
0.007958434517205336
0.008038220028298895
0.008641975373257624
0.009468233827745646
0.010239174090383907
0.010648605879524238
0.010626047758721672
0.010255291805243854
0.009808713988590716
0.009611611862498978
0.01011818237110134
0.011189591693902746
0.012322986181026981
0.012919979517609528
0.013359894235030575
0.013830783659646191
0.014413310231743194
0.014676331363685678
0.014237693468107163
0.013193573402710839
0.011841364613989219
0.011148020941661837
0.011380966526496868
0.012476739399585384
0.013591737228607029
0.01429985516003851
0.014063812507863862
0.013247987026904785
0.012281560375468029
0.011388464966109775
0.010675151124374812
0.010158226265701946
0.009963086707493494
0.009650415529348935
0.00923244196191958
0.008790904422830311
0.008552656312555237
0.008848675116943283
0.009498721503092264
0.010293328663710981
0.010747267617990478
0.010744957702678292
0.010406759914629615
0.009922089285234375
0.00959556336905961
0.0094537272866406
0.009761724994481195
0.010049536832601997
0.010446217289628267
0.010579592277127155
0.010648684043158389
0.010561680095146483
0.01063945454526556
0.010808076147234407
0.010949302292195944
0.011117478067919455
0.011305790594631855
0.01157195736714868
0.011840320976851842
0.012092485989107607
0.012325984692686033
0.012646853192261493
0.013088487714046505
0.01336955586806769
0.013346097493146412
0.01338733594143708
0.013448694338496102
0.013613591538068006
0.01365469641072281
0.013352613614415861
0.012981430436648931
0.012639085745223242
0.012319889386641372
0.01175605356253473
0.011007739807973115
0.010459501014565348
0.010311543821379283
0.010475690003325412
0.01075642597955827
0.010840193525264434
0.010789064409313043
0.010301730774031749
0.009866097208169684
0.009434046598669296
0.00942149183003274
0.009672887623072293
0.010177663976168896
0.010539117754383279
0.01058667211023814
0.010386182505088189
0.010198369771836444
0.010114178984894683
0.010098691302606554
0.010141778434498653
0.010120082685303308
0.010024283961560392
0.009972081891051962
0.010396875256172267
0.01126370444342064
0.012113377462267894
0.01252384786145759
0.012533567201117483
0.01248870572518553
0.012865716700831451
0.013547924349540946
0.014553421736770867
0.015062538229321907
0.014848677097430167
0.01408536998692328
0.012971076346936129
0.012132664644360115
0.01129106916542366
0.010907959910621953
0.010820846915218778
0.010856826659387227
0.01103321128757721
0.010962456146077222
0.011054998357501537
0.011044976794352629
0.011157161822157013
0.011085644018001243
0.010887904671489078
0.01079920351022436
0.01067379600292822
0.01053201929842432
0.010204061025942887
0.009879264779350676
0.009689655113181008
0.009648212150858758
0.009479091997727559
0.009168902962476723
0.008528296616233584
0.008286740648517624
0.00851807436548564
0.009604955533499307
0.010822760332311629
0.011933850580339357
0.012242868500356753
0.011819828553005092
0.010981556493849935
0.010290179363726995
0.01023326740589669
0.010615049227999468
0.011033236283385029
0.011161802899574682
0.010980739094390242
0.011011971504607905
0.011665278572481314
0.012613042125646637
0.013307682726089658
0.01354066672283061
0.013603241559862565
0.013754950275051966
0.014024928652806459
0.014049234457649445
0.013942656035951538
0.013524482955787735
0.013139392910667852
0.012517802723012058
0.012191179551923597
0.012282279174617553
0.01254312272167307
0.01269951701458785
0.012023574906094443
0.011184251879194505
0.01031453041054125
0.009953157847791681
0.009639673604800055
0.009225039854082299
0.008729384934800473
0.008586081047192443
0.00881268496366999
0.009327103047688363
0.00965171317935436
0.009784809109293401
0.009731527742444946
0.009567093707417762
0.009387934559419046
0.009287733124313361
0.009415314716018338
0.009862990505959074
0.01035661215390338
0.010824810630156723
0.010988719984931061
0.0109204704242515
0.01059838419004873
0.01038610794769313
0.010197392461794538
0.010152354990646331
0.010423743765587487
0.011009153452094956
0.012101057577559344
0.01337749113058804
0.014314016711020464
0.014839330585496328
0.014967754486947437
0.014754823813426129
0.014158386739048796
0.013595882475930882
0.013202026085525684
0.01320444485999019
0.013326977112444708
0.013310543639244242
0.013110888490595742
0.012359191797676373
0.011365087518367133
0.010306087612967045
0.009787321860717691
0.0097679564994157
0.010066775400232299
0.010506909668558165
0.010791003680729003
0.010821130065272203
0.010505367637848593
0.009980472391546504
0.00983586550238883
0.010050546466100948
0.010553791584775655
0.01078225664886374
0.010563856927662775
0.010105589995687142
0.009616617721260375
0.009465734004812397
0.009381779216563723
0.009243238585083073
0.00901116722386109
0.008883997793332182
0.009102023666132886
0.009606203507582057
0.01010986700044064
0.010507832810767002
0.01048056619099874
0.01044305780776765
0.010621048774702335
0.011418554508714533
0.012448604614573524
0.01293137732508294
0.012766635650106776
0.012378591387681905
0.012374664045891062
0.01266640046111494
0.012710963253262764
0.012319740913224445
0.011193686000646954
0.010162897536170763
0.009646356675993888
0.009902556057485577
0.010712701411401408
0.011436871214359299
0.011716573035954105
0.011336093244314345
0.010680472200321516
0.009996243956408659
0.009683296902488777
0.00978564726542751
0.010404571849689211
0.011076369734501025
0.01160171633793206
0.011639527736826766
0.011385711631172154
0.01053156188511227
0.009563327942781858
0.008438690655862688
0.007777699013445572
0.007478215741708787
0.00769752803860058
0.008219792482572687
0.008794949189603876
0.009372660827166668
0.009650617661780587
0.009805502548006504
0.009969616910236703
0.010244467141835894
0.01060032628621718
0.010807526521790787
0.011094380372831317
0.01119009160836489
0.011409035694293865
0.01156878134411038
0.011841124875115391
0.011936199519364013
0.012027323396943549
0.012051870899199808
0.01207524010118096
0.011986553451313248
0.011710547899254527
0.011325414055538718
0.01108703328861535
0.010945131296480892
0.011073575166775058
0.011102945952901958
0.011200859479865365
0.010934524171370561
0.01043960916187411
0.009879258481806388
0.009664815257120608
0.009855773553256094
0.01008197081446326
0.010281790504996188
0.01029450722439814
0.010431239193824873
0.010389328056500884
0.010434473010136674
0.01037661500346929
0.010274151485506117
0.009870479436136198
0.00936512379638202
0.00885619912835069
0.008925291876757084
0.009173198696243681
0.00936337255053886
0.009236568632465919
0.008931528849990817
0.00910118710442288
0.009793298340797769
0.010862001341965891
0.011853173415101502
0.011890684163289648
0.011329863963037139
0.010372053705472534
0.009912529900744442
0.010029993601240034
0.010494933532085544
0.010835170985534753
0.010903184456687457
0.010703190620682881
0.010590810981190262
0.010487006341018778
0.010769518932081968
0.011143106913291517
0.011354619800328227
0.01126315453014683
0.010851948918233318
0.010678280961493015
0.011146016420731
0.011938273742849462
0.012860926871694815
0.013332966713539068
0.013064694154873923
0.012468520328222979
0.011658967904764771
0.011062665904469728
0.010611099452018172
0.01029999054995422
0.010044874732204162
0.009781173142969151
0.009371657634831543
0.008899022718867841
0.008336504700981174
0.007926289550091028
0.007858722091874382
0.008323790655965557
0.00936952413846556
0.01039277728773489
0.011150238310097784
0.011188581772157334
0.010997991731912219
0.01060296827957709
0.010520333830586611
0.010652230312851814
0.011004136020024303
0.01101962680019659
0.010632031192580766
0.009599973740267517
0.008826074842411553
0.008731304984610541
0.009410683821238969
0.010342222242699472
0.010914253922839493
0.010935108478149609
0.010617081377028685
0.010475142289566254
0.010487639809756477
0.010781074859825235
0.011234922217752378
0.012114441515617885
0.012962256504159369
0.013265831064258838
0.012876207979773506
0.0121430272561462
0.011676891464724929
0.01156443111773273
0.011580978301097332
0.011313812598445848
0.010826026277876674
0.010153767475423939
0.009711598603269053
0.00941183388334221
0.009537628035245327
0.009652146455163036
0.009778268331311107
0.00971495649957813
0.009677821357776414
0.00957741359662577
0.009520847452788203
0.009422880152946775
0.009292371796396678
0.009181750214472604
0.009213198042431713
0.0096572598782871
0.010186843193629485
0.010726674801466225
0.01109011562582828
0.011424552029988145
0.011533426933538846
0.011600491647324922
0.011453049890233004
0.011626595105390214
0.011934193315590131
0.012549050784916676
0.012865178892137568
0.012937118443246349
0.012527168698204843
0.012054143118017512
0.011775987563963197
0.011778519953318415
0.012143090327014647
0.01248427929178618
0.012793102154112949
0.012894788867227254
0.012949225840491218
0.012988164892297718
0.012960646275848827
0.012757572811218497
0.012217633685902335
0.01153015997158104
0.01098633505965195
0.010999698044949956
0.011587900492143399
0.0123691784087457
0.012833133162860721
0.012910882509798823
0.012259809627039122
0.011451369548581487
0.010505016023036058
0.009824757399159022
0.009458394274636557
0.009350747433517341
0.009547467577568533
0.010169668759035196
0.011056054211986277
0.011967296155247682
0.012335883573743402
0.01194485161215845
0.010903797156775644
0.00983827785928612
0.008932494868439438
0.008502338972995935
0.008374107581149383
0.008653225865460993
0.009002083343389037
0.009452640922223829
0.0095842425531628
0.00973744978318321
0.009874592542599377
0.010376693867602234
0.011171816449377153
0.012306859980019798
0.01364439473899606
0.014941333802528198
0.015649408662722575
0.015731256436915062
0.015129879416300592
0.013936849834350456
0.012553791657006859
0.01122161356740087
0.010664908149908057
0.010537154945430305
0.01061227238931782
0.010410859823684419
0.009938567117408547
0.009458790936664787
0.009250055306648776
0.009138123110652752
0.009505005922676921
0.010135004599635454
0.011169972171078662
0.012302484509270448
0.013530352909543991
0.014428344032367585
0.014647450787061138
0.01404100196072771
0.012911628563449419
0.011551159100485557
0.010161420978354752
0.008890297218523094
0.007869160374973132
0.007384101219086563
0.007522306206652042
0.008308160083552417
0.009407279142886188
0.010475865334292084
0.011154106620265352
0.011391700258181267
0.011321288874079643
0.011437644401525034
0.011927440345723028
0.012669530121248298
0.013234736982706111
0.013402860859257031
0.01341595638149228
0.013408381535040554
0.013596013639084562
0.013655355232827626
0.013274906253873127
0.012390579874175788
0.011375503126476335
0.010600391946018283
0.010052545867021393
0.009855003969845148
0.009948603714179794
0.010295112976122555
0.010805710733137058
0.011181580583164971
0.011401226717059275
0.011609597323479659
0.011942739833786194
0.012491619215225833
0.01282112584340512
0.012905759112002138
0.01239903904842014
0.011644554885829094
0.010871707196811032
0.010532217468536392
0.01065403051251434
0.010872118273543044
0.010894477776358021
0.010467907325967174
0.009937509743508164
0.009391091444755511
0.00918923154893693
0.009022147847918912
0.009058825417024071
0.009040307898630952
0.009174144008449077
0.009661563873395212
0.010436179015235261
0.011424885700991701
0.012295434427859289
0.012726329122791447
0.012658500885985545
0.012276610371913712
0.012002032123095882
0.01202181014938294
0.012283311000366224
0.012545825495207625
0.01283729770233273
0.012944526613929988
0.012974417066540078
0.012650742137445978
0.01230705270071598
0.011896693212638993
0.011905037129811617
0.011973085331160429
0.012089917756497967
0.011811216173115913
0.011227074226576653
0.010435224793057748
0.009938323974956286
0.0099165235355859
0.010451986609275375
0.011291607366841103
0.012075239319117168
0.012484359273852982
0.012228248372778496
0.011640378055225931
0.01107555715470931
0.010892228225299913
0.010748629216551744
0.010492876363905607
0.009825042053118037
0.009281826520707387
0.009107295919918813
0.009550829921251943
0.010375128715852111
0.011113877180034303
0.011551686122415038
0.011530954087416764
0.011274165950096832
0.01115110059386706
0.011336837384844225
0.011676286374060874
0.01197777780993063
0.011954210230709084
0.011774195933847929
0.01159843577205187
0.011717101983533675
0.012037879458870547
0.012520998239219152
0.012738436111996595
0.012715615474522261
0.012259086605266265
0.011621343256620932
0.010982109146137288
0.010612536736071277
0.010857324168469098
0.011481414048086605
0.01218756016752372
0.012466092065093434
0.01248469165733642
0.012340768525527332
0.012170080906863886
0.012002031179807419
0.011887258952607137
0.012067580623370818
0.012568679490600846
0.013336647911284855
0.014219756698772281
0.014508143581586424
0.014211946498769508
0.013188279400061956
0.01219235287492353
0.01118299348849884
0.01072129660135566
0.010535446604867028
0.010591645034411365
0.01061212666222858
0.01043801055257286
0.010284077887767026
0.010141428598971828
0.01026736898837576
0.01055915735534599
0.010998347279552755
0.011240917292198387
0.011264886821443046
0.01111198608509398
0.010941460601727715
0.010954293360452831
0.010867840745815784
0.010795342773754641
0.010609420958023405
0.01059727851521793
0.01098465144480424
0.011787944506040354
0.012881430247976472
0.014057750516265543
0.014936911429113029
0.0156995833603618
0.015887068492866016
0.015602521757601939
0.014884873760283697
0.014024543913811303
0.013081158147034309
0.01217473784357247
0.01134416077164951
0.010910175434469219
0.01095094830102618
0.011195532728837986
0.011660185477266827
0.011899553920764628
0.011936125561845957
0.011362880950729005
0.010579459708739223
0.009793838543754941
0.009591848729008805
0.009836972814584824
0.010716975061604943
0.011589334255231416
0.012018069869606074
0.011758717596086937
0.011244450794857896
0.010763092410870473
0.010472486069426204
0.010424328420191082
0.010789964069691724
0.011772602530457322
0.012985190641751892
0.013978530709965315
0.014476520737868143
0.014481864911071354
0.01411636034663909
0.013374927475952227
0.012437245912195494
0.011721839609633784
0.011443969834730635
0.011601169007944853
0.012074027011005321
0.012549379246124466
0.013220214410993992
0.013917909716405448
0.014497393708011872
0.014719861296114526
0.014325264246717427
0.013718170519969344
0.012919308178372661
0.01249973605464577
0.012329819153020578
0.01246620925490734
0.012710720607610146
0.012933744181550652
0.01310732660074509
0.013184178773923937
0.012841925980983718
0.012140964994153937
0.011245269476142064
0.010771695102553533
0.010945083309115936
0.01155339804372656
0.012399155157273007
0.013002104916111973
0.013433226242236048
0.013389965095555146
0.013053080912131578
0.012549798616849489
0.011916551012515165
0.011269959565259344
0.01047937510718121
0.010009743666736223
0.010015558098840293
0.010303728443401043
0.01077101836999418
0.011111315823678693
0.011385344512290136
0.011489504863544407
0.011495617778629102
0.011580633842736261
0.011889799013621768
0.012503157392307347
0.013413364232759161
0.014188439656218996
0.01477318114873539
0.01481964948269676
0.014488321131552542
0.014037114442347952
0.013817422869551184
0.013599429223394308
0.013567298917411956
0.013603408591186228
0.013761919629597054
0.013808728977980888
0.013608885343424451
0.013244148823071648
0.013012148419986063
0.012963641149442576
0.013073979023262175
0.013035652135851086
0.012824424059550957
0.012361304718491
0.011981139342953438
0.01173221908025193
0.011704352693502954
0.012008838840871566
0.012317935361030445
0.012896672457033092
0.013314974179420905
0.013721244705485096
0.013718972227381852
0.013436102491746541
0.012752193716607784
0.011929042526452046
0.011175094303752275
0.01089279126987544
0.0113281948691942
0.012343128889266768
0.013545867838583603
0.014271331037084533
0.014275015007349604
0.013528609924539475
0.012833143460798944
0.012494026481283128
0.01256592510077016
0.012991883337499087
0.013590286067247832
0.014465105788204272
0.01526818087804571
0.015989045594367274
0.016232072085982048
0.016004585162542818
0.015026375248963946
0.01405766499322071
0.01322706846562957
0.013154351085897343
0.013403887879738011
0.01353569415351234
0.01344399153941786
0.012975961932453376
0.012587163300905785
0.012206067345245772
0.012114388014057911
0.012391056952934028
0.012922730006672331
0.013528538125522604
0.013857706276921827
0.014066747787738716
0.013925808988604573
0.013508259208736646
0.012558252806635185
0.01175623088173401
0.010897702099340986
0.010460487669542681
0.010149477803860784
0.010031723483521467
0.01014396187892969
0.010486520491564772
0.010718622680245218
0.010683711457745902
0.010193889317819931
0.009613042033166364
0.009271265662808219
0.009752226876546121
0.010845905185857098
0.012225848750848176
0.013174149099701772
0.013924210102915453
0.01443516911863885
0.014794602944015146
0.014838191099566704
0.014227173133505586
0.013422373495921928
0.012545712880030544
0.012091813525481792
0.012269653967010468
0.012894764319275807
0.013804004061922316
0.01439709958709745
0.014336866443564996
0.013520289001141042
0.012376955611400344
0.011253725388233772
0.010687660490108384
0.010914104005887788
0.0118501385753684
0.013064234707310326
0.013978595498555938
0.014129600687112286
0.013762894494253785
0.013069396266321401
0.012639588399209672
0.012483228569585706
0.012975950900708792
0.013634363968442512
0.013986890788492034
0.013484619526382259
0.012487235375364484
0.011599881488333949
0.011563537049904957
0.012135192996838249
0.012939090816502201
0.013215410567163702
0.012744064048819548
0.011773788576927364
0.010941774448521718
0.010586070312844987
0.0105732021278356
0.010730122429302455
0.010939877932035418
0.011236454945805519
0.011610688805608999
0.01182155646360725
0.011967829823319447
0.011829335688478245
0.011410037108753043
0.011036954747467059
0.011275152359767393
0.012437974784825766
0.013680398614101485
0.014502368576504556
0.014383079592851664
0.013844257383909452
0.013073308142630967
0.012583069765828061
0.012364300110731584
0.012566150323392596
0.01261252722185556
0.01231969793703401
0.011533309341000357
0.010985793740243489
0.011121913726881575
0.012160233368605083
0.013445206225645396
0.014257894456038454
0.014218241338695762
0.013580879451037161
0.012675348215159388
0.012132979073300723
0.012014403934464584
0.012003254598232538
0.011951157466474072
0.011461668198732252
0.011018895053410905
0.010723808690469825
0.010974959047729042
0.011314363454442962
0.01193681090022231
0.012109169741565772
0.012204736285035548
0.012085329424090435
0.012354125227304768
0.012834699983690048
0.013311397224636576
0.013574055114991443
0.013357180148187946
0.012916210425784589
0.0124755824773775
0.01206664018083819
0.011600748444554426
0.011160525747005252
0.010793320001691892
0.010715246546715835
0.011218953443807963
0.0122522437456828
0.01345248673361366
0.014285776185942357
0.014340953274184656
0.013689470643797053
0.012766325515790204
0.01208540687029629
0.01200903558044426
0.012179761784536187
0.012330651314849858
0.012408699504645402
0.01257595132844384
0.01287658521126649
0.013492976751128788
0.013929994523028103
0.0143005085724924
0.014145040672773078
0.014120476097130815
0.014065804638899178
0.014030917530128141
0.013762351400780845
0.013399223916654827
0.013010763520286784
0.012913996698754943
0.013013708995898036
0.01347588215142005
0.013776948115176837
0.013890500411371623
0.013112071737270064
0.012034187662401394
0.010864086850903952
0.010368978475421392
0.010338133606957197
0.011014691344865504
0.011775465234105293
0.01242687648139294
0.01247429454198891
0.012058619070936276
0.011465664859964062
0.011250709653244624
0.011718758296454546
0.012693215833085428
0.013716298077391349
0.014680415116641981
0.015439369945289971
0.0160531007727096
0.01648585612125828
0.016308940246893396
0.015541764509524271
0.014500688862204623
0.013842958648005853
0.013871615007737224
0.014161347607089963
0.014145092103682125
0.013606940907387071
0.012658586692158254
0.011572813296064055
0.01059553949428872
0.010375344531819682
0.010653103742878445
0.011383847503316858
0.012145747032305566
0.012770309042386812
0.012911637069352368
0.012394125114259781
0.011576745908999032
0.010966380498521245
0.011011012684243066
0.011600490272359421
0.01240319737421534
0.01297404583675324
0.013233465829165552
0.013255345517517413
0.013181501564140849
0.013042068274496268
0.012562805272603885
0.01179790318448014
0.010906165755676
0.010389287072206304
0.01048012758990192
0.011357105921092809
0.01271623374149365
0.01389093895175777
0.01461522028363659
0.014667561218198158
0.014420151640990976
0.013856001891730288
0.01365424594811508
0.013805681172276436
0.01393984172558124
0.01391139055885674
0.013696640772608272
0.013899116596289922
0.014393110065002754
0.014717305454425905
0.014714903033522771
0.014283567643732443
0.013680899614001601
0.013083567681806206
0.0128959755144586
0.013404991290093546
0.014326353006428207
0.01507716251887923
0.015037184793258843
0.014159417757978176
0.012645958407577176
0.011419148815635962
0.01086772456047272
0.01104807716371403
0.011551819307139739
0.011809071571992706
0.011813290155944524
0.011489106630307569
0.011283234401742146
0.011342701437027246
0.011548520318768896
0.011668133560027508
0.01169189645978215
0.01145543475239928
0.011149112740555777
0.010886819388730606
0.010928800937391625
0.011425742500157042
0.01204872526426686
0.012453533645207687
0.0125644435280281
0.012387349316457255
0.012263823789875759
0.012124522442081252
0.01221042723645647
0.012353303898776483
0.012669795804935897
0.013025895896514268
0.01366309053822306
0.014374045238866621
0.014857708040978261
0.014769709938925117
0.014152747864478659
0.013445507471576943
0.012832510386911088
0.012367193570563428
0.0120383483591912
0.011957011407645704
0.011972788398380686
0.012100372113160972
0.012194506511864472
0.012466897554277509
0.012859515386260834
0.013393712500757046
0.013966162314814318
0.014294396280188977
0.01449952763895743
0.014396059759860958
0.01433980279480162
0.014180590794265547
0.013756980605987144
0.012947865156624373
0.011867794699218682
0.010997307745343654
0.01075525270796036
0.011164018673432802
0.011938798105179315
0.01272339336890981
0.013212045583809354
0.013387390673437003
0.013522849439786655
0.013482706704962304
0.013214965868477691
0.012687213239610733
0.012388998403400202
0.012521150062796008
0.013336871803205518
0.014330000637142822
0.015613701696073365
0.016663093906180683
0.017407076932162886
0.017292752878572563
0.016291295943176583
0.014916257626322392
0.013334672132582891
0.01248810761890665
0.012306875290677644
0.012892003398566833
0.013770453827502771
0.014613523350872348
0.015034081744134556
0.014704141542071036
0.013714626159832074
0.012439670794969592
0.011436853623884306
0.011125853188220436
0.011452285867277243
0.01202808808147651
0.012560592985845786
0.012705371927056766
0.012366641902849286
0.011634733091968618
0.010828475496084948
0.010267731266333473
0.010114499889728968
0.01034552958271981
0.010804337203535465
0.011411435764569428
0.012263948034270531
0.013287377895080731
0.014092910321350207
0.014382940006713271
0.013865750412748543
0.012931515320290068
0.01191107596969714
0.01145840317034616
0.011823122579744803
0.012674581780815512
0.013562558093004924
0.013970651384774572
0.013992216580133554
0.013731051863997881
0.013502266974222393
0.013351205210203802
0.01312901034807648
0.013022587732902793
0.012850648321896552
0.012735620950022848
0.012538780428293326
0.01222632290589978
0.011615336644168268
0.011080420443532637
0.010598256587435394
0.010577445591865298
0.010606441780255202
0.01115333067216491
0.01192816636482788
0.013094902870929853
0.01380948024333452
0.013904334460366376
0.013140521132826665
0.01225666370800911
0.011708452250057342
0.011894220247456346
0.012447791515922105
0.012746162026173173
0.012224047451542572
0.011053500601505546
0.009969500072110364
0.009362637650401712
0.009421205077232445
0.00948817401542265
0.009622130220903065
0.009537239725739291
0.00972719627519625
0.009996162815410324
0.01066552328457357
0.011294388374060155
0.011745866750146198
0.011728466922575806
0.011370898475759944
0.010941147095157693
0.010803721334089448
0.011079312037441256
0.011590778398085685
0.011974485744796615
0.012185705926455933
0.01237704713944121
0.012723388289357406
0.013201207048399225
0.013320944102724445
0.012986726301837498
0.011834298503983867
0.010641934906981973
0.01013891489169623
0.010714928453740568
0.01209665567830502
0.013362813197906637
0.01403187198796731
0.013943871686501474
0.013147488923644982
0.012228185679103123
0.011358905927075754
0.010622120220282947
0.009961471023383692
0.009537612203911545
0.009702301767444793
0.01036063113261812
0.011134219785629788
0.011698106585924049
0.01154741810418273
0.011110188476501243
0.010702065597341623
0.011117458854349426
0.012062687384572463
0.012928281941883365
0.013088527547594894
0.01246871525444247
0.011520074363406414
0.01094761657931826
0.01082047211093436
0.01125772395662076
0.011405273196184004
0.011221775189043427
0.010833625261385585
0.010755115990497692
0.011392885558100608
0.012692968607695112
0.014007975790110342
0.014737536786864451
0.014373068975358085
0.013402667523979755
0.012206000351047049
0.011464192024869802
0.011037737595253849
0.011132813470218727
0.011259632708039822
0.01150389942389242
0.011774565250093062
0.012073306507190972
0.012393282927760183
0.012638546687178842
0.012771242384033595
0.012483584715064354
0.012229926514516992
0.011986765911339285
0.012119493002787437
0.012296741565805893
0.012528876573755794
0.012608246744641281
0.012364775303465813
0.011942054384015391
0.011319964688921253
0.010929024610788039
0.010852573313737438
0.011228943627285515
0.011664576797644868
0.011970984972743882
0.012007128995910837
0.011793818920038007
0.011596055647830651
0.011274960668789498
0.011046562456720898
0.01079400397261183
0.01059407886732485
0.010543344771505304
0.01053324641340278
0.010862359556075547
0.011121765245526657
0.011457283676993975
0.011628574304325625
0.011887747670817106
0.01216982348167135
0.01239995346725767
0.012452361129195006
0.01252321121589656
0.0127857213180303
0.01346612496930256
0.013974276802715657
0.014109461667805865
0.013483004663158183
0.012664797496443099
0.012036112837210552
0.012049633321646136
0.012567138032167932
0.012989068802691597
0.013088071674068466
0.012506889231948141
0.011460610698149033
0.010555889839387256
0.009951308065974081
0.01014615814914301
0.010598413588539943
0.011348348111763945
0.011871588630367256
0.012137021407721094
0.011906463285491576
0.011322276840113004
0.010475323616275754
0.00992727656591822
0.009773945343594997
0.010014767339196137
0.010404765616219174
0.010559431593606011
0.0105720000705043
0.010401974669257087
0.010323088324864102
0.010463592481949028
0.010577961906861494
0.01060446924029245
0.010797174267452232
0.01130386013665593
0.0119941482394221
0.012483524583079986
0.012633807986569802
0.012530316672293483
0.012570224288139628
0.013091853280750014
0.013432386811734384
0.0136810331235128
0.013447108895266622
0.012952691990397728
0.012084553845458125
0.011123305419964107
0.010319166148691156
0.010185192571948184
0.010697793481077779
0.011347989559348775
0.011716596030171509
0.012090507395036735
0.012545411538536085
0.01304453822137921
0.0128573036680924
0.012107848803001978
0.010818874503409655
0.009941572273103487
0.009556448184507757
0.009888429013089627
0.01038447806935734
0.010935882826684
0.010967127497322449
0.010565589134029328
0.00994426976258865
0.009527334237777952
0.009497986831077495
0.009645729915470686
0.01011280168244439
0.010450161537751385
0.010818096008585389
0.01104027175127958
0.011323565590055448
0.011596438264631895
0.011871727687893532
0.012206820095395716
0.012352321904429973
0.012170355867237666
0.011736224342235438
0.011293722055537856
0.011412184396243674
0.012058514143008342
0.013065274728271509
0.013434535549897958
0.01306313900803555
0.012084678878498773
0.011066307445002196
0.010432096944448958
0.010198464626831173
0.01039443634453671
0.010932657003945962
0.011548302801316362
0.012256026413511643
0.012608775607859612
0.01256451538654758
0.011966355205477511
0.011220977528886232
0.010712817977907952
0.010770850668831386
0.011101384577627962
0.011387139993965865
0.011422828666524477
0.011315011497736302
0.011070181809594695
0.010613631880726828
0.009885452285297453
0.009308528358488482
0.008865808639095946
0.008816635016111572
0.008997866548083764
0.009597606627340056
0.010440118388434906
0.011128159172734749
0.011442979507420743
0.011060895368475744
0.01063125019302371
0.010230180386616931
0.010342343666112707
0.010679690071270103
0.011356387590653749
0.011887146725514061
0.012221853525136769
0.012184872429416342
0.012095748841639092
0.01184362512108718
0.011773787363910422
0.011546305895459848
0.011457513882688517
0.011567302746436949
0.011832828741669433
0.012071689851205394
0.012248282060263512
0.012522350657197513
0.012807562061394117
0.013258275934243433
0.013513381948196028
0.013544647555010753
0.01318392804131685
0.012520949695683582
0.011672918773027442
0.010967350285153145
0.01055454837661376
0.010354683995422095
0.010134859643537514
0.009816511043455194
0.009467287590455054
0.009141615794028264
0.008852140855526928
0.008679156999434817
0.00861622548595646
0.008575299832280201
0.00868389241825214
0.008744859705550242
0.008837176642874294
0.00885698748407066
0.008944248443641348
0.009017329873072535
0.009152334118011345
0.009309076955181295
0.009626145355349858
0.010477845999774879
0.011951142463995335
0.013785178761543782
0.015381030473043763
0.01606761361485169
0.01568888833533335
0.0146225770984265
0.013358325042572878
0.012438058300723424
0.012321115109617212
0.012607104439503304
0.013455399556674585
0.014343916140649194
0.01510248936822159
0.01486429005547126
0.013924549649291889
0.012482648615209573
0.01128020610499831
0.010482533597705665
0.010381368248879842
0.010839727609054195
0.01138280667102058
0.011782925620590265
0.011779398151814256
0.011746966066139612
0.011607822127942095
0.0112766900183474
0.010787344532369023
0.010290836351075148
0.010191209608891244
0.010748681860887174
0.01156964580015337
0.012220293886220876
0.012266793555778933
0.011768147791948003
0.01116024684352943
0.01066445011969847
0.010514327698676194
0.010726950309042195
0.011354328280154785
0.012229140050163297
0.01306730436434505
0.013577661451773785
0.013666753439077995
0.01336215380134575
0.012840348400710206
0.012501124338595331
0.012534651294864724
0.01271545762128656
0.01277589470778327
0.012596288143670533
0.012287526218628563
0.011939271514572887
0.011689004926684687
0.011222664406832382
0.010486982955852896
0.009461458917215282
0.009034790211242191
0.00943975400236273
0.010949846602874123
0.012758266031212709
0.014202508095688467
0.015102103153081392
0.015347601739736426
0.015397351799634286
0.015040322422278605
0.014517915276454985
0.013844882807033299
0.013307836065296721
0.013064204108914094
0.01319890074179404
0.013502842412078454
0.013825003247432214
0.013764086919113194
0.013231693249486158
0.012365630080444688
0.011298693331494972
0.010405601251191651
0.00974312212849287
0.009702602140698777
0.010159425804465277
0.010933695530924754
0.011437361182565466
0.011768703818751045
0.01196226624954015
0.011948539465064958
0.011811393428989566
0.011493115074331282
0.011273975939528315
0.01120429578678858
0.011548212905742072
0.012187472816186923
0.012792092581889665
0.012787246757902328
0.012145977849734904
0.010950761270383927
0.00976715232656029
0.009097112823721635
0.009259694546507304
0.009971501248441457
0.010874596675828293
0.011340034329494198
0.01158198214043469
0.011726939711029408
0.012123637017325934
0.012770204928675115
0.013326616339487157
0.013296145125926603
0.012876496688911585
0.01217024742709617
0.01149318449013794
0.011273715300991902
0.011440717835492822
0.011767729905716388
0.011845867287579416
0.01152854570547398
0.011110078849530051
0.01038023100712783
0.009680326158006227
0.00912770473644134
0.009133607092799402
0.009761953395855734
0.010729509187807155
0.011469224317957003
0.0116671363461152
0.01126320216304147
0.010818162285648221
0.01058357496003754
0.010706744391086216
0.010631038025839737
0.010263106346572216
0.009578456801477288
0.009059950756869882
0.008969858111249701
0.009466536265338284
0.010177670028869643
0.010471862203969028
0.010263475388108343
0.009934494355345824
0.009973325331831895
0.010691449353655765
0.011971226107665158
0.013119152198591453
0.013754814938343572
0.013640764991611886
0.01333293615711422
0.012953326366196645
0.012795213229171015
0.01250721454731775
0.012338854874422869
0.0120315653282868
0.01195048714777739
0.012216197782606044
0.012670020815409395
0.012637350607904881
0.0117631240780246
0.010455615288117743
0.00939202799059854
0.009074361024034678
0.009484083686727393
0.010471597108995392
0.011474175878325847
0.012465981366432483
0.012711786512881098
0.012882464273447304
0.012925718287991553
0.012841416504910164
0.012361056167394706
0.011581182530265797
0.0109631427975368
0.01079038877761812
0.010757556611608468
0.010661828034863704
0.010184093322990403
0.009668642863452639
0.009249567185657951
0.009307265343405048
0.009391529164254486
0.009662296552716202
0.00991885302419016
0.010549574860690511
0.011307435572016003
0.01227119436075171
0.012839874532475924
0.013068517995400535
0.01288933277679812
0.01265991797062155
0.012448596582422287
0.012149794085292893
0.011825922173142628
0.01140289094711472
0.011320161888796145
0.011663787581641475
0.012357440801105327
0.01296707988785738
0.013297052991363308
0.013385766342220596
0.013175638327765563
0.012616254777732193
0.011860145828690142
0.011301234074472954
0.011458143929044814
0.012164495150528734
0.013204411360622392
0.013987882673199012
0.01446712864984607
0.014383099016465523
0.01398666093510984
0.01315542175609973
0.012010664931604294
0.0108871635736682
0.010025106075116811
0.009802768182695388
0.010189655225782222
0.010728769043118517
0.011026580493968319
0.010720661519845586
0.010077021230618752
0.009458624884322232
0.009439791322629799
0.009997508159904977
0.011054819236186203
0.012099822019061197
0.01325444681299483
0.014158829217391533
0.01476857968270202
0.015153620605577227
0.015112296862446858
0.014796058168549692
0.014085541659763511
0.013326880749115587
0.01251848082852984
0.011822561700968718
0.011178478478032314
0.01066160749595519
0.010365031180113017
0.010282379260446426
0.01037294174751078
0.010548688698591917
0.010570862977133142
0.01046178424598765
0.010662815064064683
0.011486443966170354
0.012845340131874185
0.014247717857390069
0.014810891706121584
0.014601380347646234
0.013695607925410603
0.012793395793215851
0.01227476165870896
0.012075982427552222
0.012011220777019849
0.011703643616067426
0.011135418188647613
0.010338840780763482
0.009748641323196972
0.009481454232342678
0.009609001470064351
0.009691615224858735
0.009750388327165854
0.009728960155736986
0.009754264414105403
0.010143426750388075
0.011043790386550074
0.012158730248407036
0.01305462925090474
0.013151979083653996
0.012853375275004252
0.012319035614839624
0.012028139213900346
0.011883410229491655
0.011667056759606154
0.011324728144955427
0.010745039586285827
0.010399164332332882
0.010484677148398834
0.011001760444760407
0.011525293822346872
0.011713193040439314
0.011520228335388542
0.011067153226037914
0.010852589170342949
0.011313057761150554
0.012302501390019295
0.013613170643184076
0.014428185826944134
0.014902269938962081
0.014843466292411145
0.014836800794898311
0.014850287239356582
0.014942006803054289
0.014759512968222803
0.01407318557357316
0.013076785901682665
0.01221395906340538
0.01164000807812639
0.011431932884271781
0.011394569810640855
0.011313683283413431
0.011296707618930427
0.011030661151088535
0.010543517693435393
0.00994903401355377
0.009797186313994387
0.010186203833066114
0.011008528115372188
0.011665920844066008
0.0119814373376826
0.011906402489347757
0.01165629480234706
0.011426375437919908
0.010965301238476815
0.010558664570199322
0.010192418935924923
0.01061223597543054
0.011449115455654463
0.012687654956843828
0.013110794719168959
0.01294182876450863
0.012030965417257677
0.011019142840457139
0.010512268738251524
0.010570297273505289
0.010991609914337362
0.01142655840278048
0.011715852071631424
0.011816894269321612
0.011824044692521952
0.011821592036873113
0.011986375132450945
0.01227252665365263
0.012327258299884757
0.012213573792847036
0.011904215664258165
0.011882659431031983
0.011833941363427988
0.01143546669560679
0.010817866069624595
0.010295040225657996
0.010346052092136357
0.010853737591699001
0.011654191576265993
0.012467887261734084
0.012833608668196075
0.012553949966852631
0.011859543789844145
0.01118741802258917
0.010959026086305272
0.010661834638262906
0.010236655653042263
0.009818771962937069
0.009688971494613835
0.010209844912197208
0.010642452917062124
0.010760404772794415
0.010187223029696884
0.009562868747471129
0.009161376350751071
0.009311276631209807
0.00969368073393128
0.010419387478558374
0.010957670459720233
0.011067627869012013
0.01075571290928011
0.010195627441739309
0.009948813192002609
0.010025091294776621
0.010381518271749744
0.010775942287948691
0.011033023653363486
0.011201137022359652
0.011153654791071835
0.011240645326099044
0.011344914003838798
0.01172621792071733
0.012066596586806783
0.01232401115407248
0.012383502260314554
0.012203779925017939
0.011933915063664069
0.011579718145571802
0.011553570055557173
0.011885293313006131
0.012295166483523202
0.012545148332616055
0.01232716761708055
0.011955737647188602
0.011604484695550648
0.01141918793333959
0.011239646189836828
0.011118972735103198
0.011051765600429149
0.011180487878416804
0.011146389363389355
0.011068209674110922
0.010850650015613523
0.01066575262531051
0.010571253906209353
0.010756214321462213
0.01142005787149978
0.012075745764353055
0.01265488678953652
0.012816366868168182
0.01259044638687688
0.011971229608296755
0.011363437638535163
0.011152208652752554
0.011538803421640893
0.01202410287990174
0.012471852729288788
0.012277195344503186
0.011785987460693668
0.011046177652630027
0.01067365399149122
0.0108045620301151
0.011528657870999824
0.012447865065584948
0.012920952345725812
0.012678667097154402
0.011866147882837663
0.011076912962855949
0.010656001631753736
0.010740701839617908
0.010993853554423224
0.011051458513334311
0.01102528232838333
0.01094992793581727
0.010903165847409002
0.010718531504107592
0.010353990123567414
0.009953117845864485
0.00961286927467012
0.009534580488005697
0.009800209661712357
0.010252129996183912
0.010460239880814114
0.010305774517218869
0.009932417124198175
0.00957062292853118
0.009495672578368414
0.009853549992339236
0.010502484400397756
0.011135393976924915
0.011193900549577076
0.010940393930897374
0.010534259029415283
0.010406651065633992
0.010575301531661505
0.01105162737806079
0.011799373034148344
0.012105092911212331
0.011793355421389796
0.010842610652937757
0.009940540760594961
0.00959969354093983
0.009772762319677854
0.010202776044703054
0.01048596230836357
0.0107442168441899
0.01130882712783031
0.012405450658520481
0.013935013720786706
0.015061441131320887
0.015120663843568475
0.014198411430365522
0.012785849885810871
0.01193919970426339
0.011467726398217512
0.011372371006276805
0.011354036043349556
0.01145053626237694
0.011738199987566688
0.012322725856498358
0.012900747259249555
0.01343265980421831
0.013367078390817905
0.012701038670678696
0.011649026679326836
0.01054517180693119
0.009819931137323571
0.009600834095139427
0.009862386540847881
0.010129902895743587
0.010376329618199422
0.010409795053555155
0.010322082745783563
0.01009567967690824
0.009815489804831538
0.009733784304030785
0.009955894300050509
0.01060556469953304
0.011138233651178117
0.011760911913957024
0.011986444851928686
0.012326721635232869
0.012418084375254233
0.012596263126879597
0.012607663194503207
0.012480237316635188
0.012006534078966577
0.011367130815709562
0.011117644213717137
0.01144806461068105
0.012595172603418255
0.0135597602262827
0.013944163983752011
0.013481325609057336
0.01254576621663971
0.011500258893669481
0.010644808414321853
0.010156504076865186
0.010096999187716756
0.010504104521149811
0.011149584478311445
0.011700709457702636
0.011774905990499577
0.011302232666959022
0.010552023500939006
0.009974438819059274
0.009757533214816438
0.009956531348367846
0.010374763851126217
0.010801366926271578
0.011295069069505602
0.011678469904155685
0.011920007826933922
0.011843529043061388
0.011702388547702454
0.011413610909156564
0.010954052939139503
0.010156079437328594
0.0093864897162656
0.00908256128836652
0.009379432502027272
0.010083138622955406
0.010979933836588008
0.011659633742570143
0.012061853113162706
0.011964588254846815
0.011968450088170574
0.012186992958952451
0.01279087826950826
0.013329273452309238
0.01363755606802616
0.01364230399996059
0.013673963270177758
0.013931354006428611
0.014147258617686224
0.014341651343170043
0.014497194281145653
0.014876829069094712
0.01535205728431127
0.015503354032295911
0.01493451027911728
0.013787343000119372
0.0124579259285773
0.011457695471276754
0.011095263862668445
0.011233841757625174
0.011300870730976286
0.010975205822202166
0.010316352939213758
0.00989972579157123
0.010121218200922147
0.011081390039075963
0.012349085525540465
0.013183301997927525
0.013361220533035323
0.012855617829075352
0.012143972776219685
0.011393554230131718
0.010828028187700307
0.010522797295492686
0.010458761550302462
0.010695827149367608
0.011151874120201813
0.012059561370056721
0.013213542792914899
0.014375339357807873
0.015032647204706357
0.01504626625609327
0.014339009970286865
0.013490900288361746
0.012946944874340746
0.012714157491194613
0.012774582988689075
0.012875586797201174
0.01304482943107629
0.013340878135681833
0.01374341355395726
0.013961458370601653
0.013788728723221635
0.013434831463999031
0.013351367579098331
0.01327400486505843
0.013396553856452513
0.013421188659307718
0.013610881828208217
0.013883374730682426
0.013697546570783028
0.01292335468465245
0.01171655249741922
0.010553290654685445
0.00989436769084342
0.00957724933023582
0.009538684168335787
0.009515039124356108
0.009584950687931495
0.00989974427603339
0.01065048132244547
0.011649708122133444
0.012473693703520609
0.01280818263782684
0.012745467128078941
0.012489298683112155
0.012277827052633656
0.012147237528563646
0.012136495657932012
0.012037847889630552
0.011814364773199144
0.011596023736545912
0.011685504766859091
0.0121794108838326
0.01314660567272795
0.014149711977379204
0.014995753034709498
0.015423862264132001
0.015704768702229466
0.015903081863846275
0.015942481307680736
0.015421909129882937
0.01431306787516076
0.013015887005220281
0.01218176397495671
0.011730592472030744
0.011597069417848027
0.011736927424301874
0.012162595304391224
0.012701354602760073
0.013416853882705922
0.013912435517279859
0.01424954701329405
0.014180096818843545
0.013841792461605832
0.013373023397580727
0.012933925547783809
0.012587794941916714
0.01237490678683965
0.012150134834130523
0.011767008787256615
0.011187673032300957
0.010695823061464107
0.010246727460191282
0.010118583241171215
0.010252528798331967
0.01067497882653771
0.011229687753111816
0.011479638682764387
0.011404046344354367
0.010919167365185244
0.010645995981596252
0.010700251805628124
0.011450881035141743
0.012583666338792343
0.013825431655647912
0.01460461484449479
0.014737200718364726
0.01393815553058954
0.012741349833005757
0.011491252377052305
0.010962365880954629
0.01112525658705063
0.011988475294583283
0.01300656383155032
0.01389806652120787
0.014276391579276355
0.014339251707094144
0.013925382405718207
0.013187834792120134
0.012195113464310176
0.011494169703215066
0.011283054533808939
0.01165800843787609
0.012136241627342942
0.012600134804826588
0.012599395214647
0.012278495968008202
0.01159348942334309
0.011136798106369404
0.010812539794437238
0.010694292126636263
0.010666586176858532
0.010557910206858229
0.01067464555000367
0.010923687731321425
0.01132385655406682
0.011665230289213764
0.011736706255179577
0.011632303204716043
0.01145563624998726
0.011549410042106856
0.011695914490629653
0.011961819038457559
0.011948446449824466
0.012158055024875339
0.012025333664154148
0.01164343559778658
0.010836723636799484
0.01005157298019455
0.009715575715034869
0.010115680856419925
0.011169970866259975
0.012327873258939772
0.012855032418595072
0.012610464235905103
0.011954826680467968
0.011392695696413728
0.010937413313797304
0.010589696298303733
0.010385500069311713
0.010642746856766357
0.011329202052188214
0.012260722845833313
0.01317322586248186
0.013822427106951512
0.013978352072516296
0.013475463160010505
0.012423135841918707
0.011229893626083592
0.010288821266408456
0.009872684535534903
0.009991079587782847
0.010310542728291653
0.010737330331509589
0.011077731712790148
0.011464811951570533
0.011812149110162049
0.012158438404437448
0.012456321848545835
0.012570345729916986
0.012689662183068289
0.012652801014481328
0.012550955188526162
0.012092346855808062
0.011452096031575642
0.010767276468584382
0.010445782201035673
0.010696891820872427
0.011427809604019921
0.011952515162773136
0.011823331123703719
0.011252890972532662
0.010631694091218778
0.01044055509678446
0.01057963955261263
0.010914791850606616
0.011114295441697232
0.011160182702845509
0.011230036239714214
0.011742934391048166
0.012695276072826004
0.013689622603812337
0.014366354253699545
0.014528492887237175
0.014431913879728047
0.014122485067018872
0.013670992496697582
0.013184554920525511
0.012489692321776175
0.011601754599033688
0.010438242418505146
0.009413276578417229
0.008961967089905747
0.009395666255217516
0.010713021225710237
0.01231514502776179
0.013762060970440452
0.014476435773058655
0.01442950100605963
0.013760602100534527
0.012786040459086715
0.012097703506093594
0.011827777118719362
0.011980395540052938
0.012242707554755672
0.01258149378930114
0.012812044293353914
0.012934074346183965
0.012850642710974558
0.012661059579675882
0.012485786933364839
0.012397787818513724
0.012296254988759775
0.012087415457348464
0.011970888521796367
0.011978157729718157
0.012228593031153121
0.012706231467725057
0.01325161406717647
0.013675963259336503
0.013588599454818544
0.013018002726664759
0.012054467094040865
0.011188353003316465
0.010744817342955584
0.01058886223727182
0.01067363415956951
0.010866893789638744
0.011288558860359984
0.01177476688791723
0.01219330807439268
0.012345534484467078
0.012340830149000802
0.01238276543521778
0.012609919934044183
0.012892389149145358
0.01322804122498253
0.013712840490499431
0.014224325289084301
0.014634216740077964
0.014538611916125186
0.01418589414390123
0.01328983264241216
0.012655858890124978
0.011853113355676048
0.01124559651616246
0.010454154552771324
0.00988846715909118
0.009654345299394143
0.00983250865111149
0.01037840704508249
0.010882114258425418
0.011313023265068283
0.011692649419909081
0.0121044576792339
0.012720577106274155
0.013162475866897639
0.013225859964330745
0.012632439580733353
0.011605496523354547
0.010809241604242088
0.010622403359512735
0.011243712674308947
0.011828653589298504
0.012091814653295157
0.011836903222026933
0.01135020642026262
0.011010885579573821
0.010937911164336449
0.011177538362508562
0.0116607708181232
0.012312110642870532
0.013072968463804686
0.013748807340923257
0.014163943535946
0.014256367825751253
0.01391098546405139
0.013390390867717337
0.012947384893804571
0.012909211591152376
0.012987891973084194
0.012812740579483988
0.012177048752045734
0.011519143788497983
0.011381827978871236
0.011765874494060585
0.0122803712126546
0.012580212429869243
0.012689491441612551
0.012675153616143605
0.012736728097076235
0.01280308865149037
0.012884275265821676
0.012863289468528905
0.01269357847099884
0.012359418865879159
0.011970687518220148
0.011573339632316729
0.011421807746345165
0.011462579373457373
0.011855638949993683
0.012148211047758636
0.01247495668331735
0.01239876304317976
0.012230918782661889
0.011971392448879434
0.011819081736795972
0.011710546796685532
0.011732052401349625
0.011724027214485103
0.011703220256304367
0.011821644996870911
0.012113833843594416
0.01245384162961456
0.012636509948627611
0.012290227172544799
0.011986354329118641
0.011781561185344923
0.011976163253688615
0.012229083024360104
0.01221834778371913
0.01185692784436071
0.011059872808966639
0.010344124642558437
0.010095658758939459
0.01027701111120551
0.0105888371768784
0.010664116975846644
0.010405138050126949
0.010097521384738021
0.00984702143241728
0.009834963859157188
0.010003470149418252
0.01015135214014041
0.01034856509790561
0.01051240160088807
0.010811445858262518
0.011285877750991125
0.011832516258624906
0.012126029123387972
0.011829946410183955
0.011128616274006705
0.010572208596390699
0.010521614229166056
0.011152625535380451
0.011971605772746467
0.01266630157626242
0.012746817516794864
0.012546790725708995
0.012345035577175683
0.012487412665939408
0.012692766140908276
0.012781729934036293
0.012440372334810853
0.011724862894824632
0.010910319557812678
0.010346780920713027
0.010297761906354787
0.01072576665037351
0.011254630223583424
0.011357058520220063
0.010846437916372322
0.010023953206762899
0.009403596327470221
0.009357614453303093
0.009724016851947707
0.010236727689069813
0.01049218240110448
0.010586192855376162
0.010305883736177034
0.009942723791101792
0.009612167405220385
0.009513154458531611
0.009886054863869875
0.010679975763414985
0.012027648898461687
0.013389971628136394
0.014445967913813534
0.014778791820705033
0.014238728709529917
0.013234300715549523
0.011942640385004531
0.01108659134389588
0.010938269738156033
0.011567778545253414
0.012291182061193439
0.012499860904851912
0.011861368479244724
0.010890218675385636
0.010017142471179293
0.009541228641154918
0.009167975044640056
0.009117118179902954
0.0093844201725143
0.010173179517437405
0.01107586691286066
0.01190888738317594
0.01238098084521506
0.012599942666202393
0.012669638851870972
0.01272464596342524
0.01258228971647644
0.011852143586704816
0.01044102546096597
0.00910937757561131
0.008526608844351698
0.009280626000086596
0.010440713272741022
0.011175047448046063
0.010862789981364999
0.009880228879073515
0.008876204188399869
0.008635209769557325
0.009079816787273098
0.010130736705891822
0.011353277893470045
0.01252821990463575
0.01314835243338341
0.01311086645905715
0.012687666253476438
0.012040334090777906
0.011578668361884415
0.011136492919548479
0.010982345408193206
0.011050134115956943
0.01143214086700056
0.01183773132810333
0.011968379375178752
0.011610145151186158
0.010792074080592465
0.009877482373838122
0.009344069370293091
0.009392529334079445
0.00977596737876806
0.009981761872680593
0.010057936165619277
0.010207275926240555
0.010540413763141873
0.010890639164036982
0.011117188764604529
0.01112823168919163
0.01115883362081687
0.010997839525760748
0.011030530592769032
0.011143569750088907
0.011557098300016836
0.012090537314424998
0.01244521259513574
0.01229059303689101
0.011841362899524662
0.011360231100722533
0.011324105989015516
0.011759915516447261
0.01246495653008615
0.013211848650099665
0.013508820693425173
0.013467523713282529
0.013174073472487597
0.013030014069831035
0.012704693502395146
0.012030829160279824
0.01103132439415175
0.010164990145770336
0.00990273044498975
0.010182369368898155
0.010853408399058996
0.011294655845276632
0.011412702867894085
0.011534828580403958
0.01190828535178226
0.012541802975722237
