1.4336280845263655e-31
0.005866099736075415
0.021549953908706242
0.04225793623688482
0.06372460051278052
0.08379421451942635
0.10274671208376092
0.12334781262537248
0.15035191005812015
0.1870219707345759
0.229884578590983
0.26594024718692505
0.2930870354544008
0.30540507111807025
0.3084547077330612
0.30513350687917673
0.2953125189345923
0.28083113133669074
0.2645198770471392
0.24748409329508916
0.23072263615034247
0.2152950314156895
0.19850890489028428
0.18419272954363672
0.17096560932777308
0.16118221943327607
0.1540246948056258
0.1484293192071111
0.14201905429698833
0.13843394589188493
0.13413528807913364
0.1278037316711096
0.11990275433673327
0.11311885322287664
0.10904196536823176
0.10752090342701058
0.1084553636429177
0.11112690964550109
0.1150214577588547
0.1218714903600039
0.13027844916197795
0.13970360151941433
0.1473390205259534
0.15214083594336275
0.1523904646928757
0.1507904618552693
0.1477359343595071
0.14603524624319258
0.14623574943020323
0.14948138134554928
0.1530041707387422
0.15487029980225442
0.15433675570025454
0.15074403206307607
0.14461919216714597
0.13681620718920132
0.1305198083270228
0.125647257221866
0.12357997121402778
0.12070906118155988
0.11907891978461049
0.11683650735742485
0.11570927108655013
0.11612801779355025
0.1159885371371016
0.11617039164654527
0.11598155869535245
0.11706362066181754
0.11750695396892837
0.11841771686637113
0.11945343911833094
0.12250633906315105
0.1259042015558353
0.12809931279996867
0.1278302188064644
0.12632925295993455
0.12564648524001873
0.12734864776519034
0.13170792434855108
0.13566146934074835
0.1378605235560602
0.13800812731715287
0.1377427027011592
0.13778964008923822
0.13783046275844738
0.13870677891206873
0.1398382155837042
0.13959639757553005
0.1392620968587652
0.13716885263447579
0.13635834133806762
0.13557765178265974
0.13490224174975288
0.13374367187226102
0.12882874505436306
0.12116397506258486
0.11065717741022307
0.10247985307608524
0.09735759242123646
0.09492227364764355
0.09565946033700566
0.09691323568201257
0.0992580237407853
0.10208857170706284
0.10537690559406844
0.11200724491523531
0.12295709430408125
0.13605452669890383
0.14776572349094158
0.15428936938684493
0.15511243655309845
0.1520801044801815
0.1458632632259981
0.13921151464958306
0.13447015142355936
0.1341062901918569
0.1349437126075856
0.13468639476747482
0.13312561216745927
0.13093167944383022
0.12916113304039198
0.129341694018102
0.12825629456915957
0.1263117875926358
0.12231826859749648
0.1170872423068434
0.1127097105768842
0.1095599838700852
0.10881400741212087
0.10869539381881109
0.10871348188587504
0.10912372166383452
0.11082118332771938
0.11524372722598639
0.12215904271264097
0.13134863663545396
0.13934439956460834
0.14489841845071402
0.1480371026432539
0.1472060477264759
0.14249253833655282
0.13544261392063467
0.12522982033597485
0.11779316860725929
0.11466684433273015
0.11758020637550709
0.1217342243368938
0.12687630711893558
0.13060179311955303
0.1328363756210405
0.13433627442801713
0.13207214499063008
0.12709900230635227
0.11856007934463655
0.10802441572750088
0.09755228197473426
0.0895509637441782
0.0868279306835253
0.08964635105723687
0.09471058746271926
0.10067775938970935
0.1042972338659195
0.10758335198583754
0.11096610727530483
0.11482829835535016
0.12009674038858624
0.12457067731097074
0.12942759100739004
0.13162065965179967
0.1338837297929749
0.13484174158396747
0.13797579348590638
0.14192911730011873
0.14588336908358737
0.14756370244105432
0.14699614124498747
0.14225459921813677
0.1355326936137544
0.12941042352940696
0.12175378289671297
0.11432223396845112
0.1069716400307177
0.1023476957706412
0.09880490155896499
0.09654664371282555
0.09323646085584193
0.09065757027883121
0.08903488008649162
0.08920737911122462
0.08978371148657369
0.0919500983093569
0.09285900646642978
0.09375104962968003
0.09297262398353598
0.092569627288109
0.09313813133606369
0.09617090797949851
0.10215423261471238
0.11187220775120538
0.12114993491449773
0.12796914025729755
0.1303655206522578
0.13126468123049803
0.1324488575645653
0.1369413532062912
0.14145253821002404
0.14327635180151846
0.14180884075514572
0.1354476691428239
0.12484169610174622
0.11293496418735198
0.10246147758831982
0.09648635903301278
0.09343773121912002
0.0927581067982823
0.08954656516362625
0.08589782147531211
0.08296110742318882
0.08282223300866096
0.08390550734402458
0.08600586614080288
0.0883670316125005
0.09087706625228062
0.09333097491715493
0.09726327074022413
0.10376462269216351
0.11328529367887681
0.12186002645182674
0.12808120005481705
0.1315452365761783
0.13461828095731726
0.1369312904450157
0.13901615919337976
0.13941593788827414
0.13663433087662977
0.13029621187434653
0.12348595266044415
0.11788796120353327
0.11426640723465638
0.1138428773523991
0.11315318784478906
0.11250139148716669
0.11164717938567853
0.11216090431318795
0.11384275423734043
0.11559840969603354
0.11748288306105407
0.11834182012542115
0.11832781020296751
0.11690182984927842
0.11453412370020959
0.11346841238904115
0.11313784580857306
0.11603942162835318
0.1188241686232787
0.12082479522843033
0.1222863727131091
0.12089609467457083
0.11947556057918435
0.11651442332831657
0.11603839271758008
0.11828140817545688
0.12027455179042196
0.12028121619759267
0.11655625075542964
0.11166914320491154
0.10891049152325534
0.10885346194352778
0.11162486856896099
0.11636145690217736
0.11838122417505477
0.1187001938070394
0.11529804224365987
0.11144294145691498
0.10715206671475265
0.10549444014066238
0.10525318597501485
0.10567941107407507
0.10550161461596178
0.10578073494266205
0.1069093863050976
0.11088557089227355
0.1168652857950672
0.12290450875917056
0.12674360958483946
0.12985149643497382
0.13159618943346615
0.13173435981588652
0.13162112318464433
0.12936505172433918
0.1262362165600203
0.12423812126575379
0.1256235773415599
0.12784263644624674
0.12784705742420813
0.12445236512492233
0.12243123402760511
0.12061884951436276
0.11915952309784686
0.11741518225057897
0.11448136690392965
0.11358328803874364
0.11298164432084089
0.1154421697409515
0.11984473910978326
0.12733900509624674
0.13604147653192433
0.14333398071097597
0.1463928647829636
0.14516754026226392
0.14123524732598325
0.1365310787234785
0.134088423417471
0.13130689950003877
0.1311867741380071
0.1297274252576585
0.12635831555330426
0.11882518710210815
0.10989688205603103
0.10061999467752451
0.0938173196876912
0.09039039855594558
0.08996719614659657
0.0917676514379727
0.09292875544670536
0.09418937451044905
0.09416168509608988
0.09419388439320556
0.0936864439526498
0.09404479326817058
0.09639109603298467
0.10109403033045211
0.10763000950860496
0.11409591030432631
0.11985322013271087
0.12479206825594537
0.1295198135976865
0.13568751604193582
0.14003937976133757
0.14248819916106215
0.1407349748615814
0.13866047576953933
0.13524816148429128
0.13333039878533967
0.13202010217265778
0.13199282669531323
0.13209434225669364
0.13183167573867266
0.13119516979324555
0.13030420800200412
0.12562313002398542
0.11797708124765038
0.10783309675911612
0.099076570682254
0.09437316459299691
0.09409810223963182
0.09668519203205812
0.09906192507640066
0.0998883380197134
0.10043957866487781
0.10206315187312862
0.10580112435578388
0.11176258076712374
0.11825157457416154
0.12386437261674087
0.12703109600915366
0.12813290368649485
0.12809173061980036
0.12689025868730824
0.1242522359852925
0.12332156703505336
0.12438512589039478
0.12667238769044603
0.12532277252260485
0.12143524096121872
0.1141754872918358
0.10646075354720151
0.0994035001640638
0.09576535637723517
0.09608225916803856
0.09710559067996873
0.09841392452154064
0.10018834129482437
0.1028342428091275
0.10569003748814836
0.10560300623620941
0.10205148732986817
0.09788971575808218
0.09465780485892915
0.09335263671831862
0.09453622616146286
0.09855507756593274
0.1048782458499663
0.11188554772658392
0.11593595812362402
0.11599484501394382
0.11220986253141534
0.10640481676269048
0.10166488239529924
0.10106050007794042
0.10333410888318201
0.10822735583360739
0.1115686482379895
0.11428648248918187
0.11585839085943725
0.11818824089705698
0.12109896416146296
0.12217147043523298
0.12278710629899588
0.12203753913687015
0.11971626804801742
0.11641965574793106
0.11633738784635272
0.11965616939427576
0.1269301998902717
0.1356157332356943
0.14114593569951944
0.14385642331262277
0.14367811698713528
0.14573701780411974
0.14812978762093681
0.15161070648097066
0.15400599105118087
0.15457994072982018
0.15263649148660238
0.148323812109897
0.14328319861535302
0.1388854431521138
0.13561353088536662
0.1347431887421801
0.13405717132603842
0.13457285023851406
0.13300593929540402
0.13119880658905694
0.12669750325481777
0.12024351431295124
0.11217371967648253
0.10638735218103637
0.1028824401283214
0.1016032524927387
0.102854829655861
0.10763970009150768
0.11360243045856283
0.1187633517669753
0.1223366898347927
0.12413392031207195
0.12341554703286041
0.12277176785847645
0.12151551342814174
0.12328924471332821
0.12595160458985571
0.13042519038607678
0.13368464245002573
0.13848401564346283
0.14141327619858135
0.14401498733694226
0.1423525450492053
0.13693261986400573
0.13046242972547398
0.1256912731662807
0.124116292014295
0.1232553303028473
0.12455216525348344
0.12796046265109418
0.1328517073326463
0.13543085566012475
0.13457879857743965
0.1299953931235502
0.12471019095704057
0.11873252694080326
0.11490023553788702
0.11326186841343296
0.11118335474622447
0.10865379057368219
0.1078421399050211
0.11129865337615481
0.11832614232857697
0.12510639774840038
0.13241188148751423
0.13703217889853547
0.1389173569771042
0.1376644316224607
0.13312888987614144
0.1264227507063101
0.12097268360499891
0.11682063854795993
0.11581521083212551
0.11803329826337942
0.12097224870633062
0.12248540614282628
0.12250867253892511
0.12066405311535096
0.11918527585114087
0.11859291240218088
0.11702166610943557
0.11460272061945985
0.11401898536471579
0.11455770451655929
0.11796902029816211
0.12090454920253589
0.12370823640823561
0.12583945518687076
0.12851411608111615
0.1319507657600233
0.1356345762063192
0.14051452742525658
0.14309924017151768
0.14500396549314903
0.1459207239070032
0.14510294201811208
0.14343781108971274
0.1408183894401874
0.13812104106825723
0.13550309524439363
0.13369313765487573
0.13210011036550665
0.1305776509255885
0.12923055782390191
0.12780677187575334
0.1257125086673192
0.12454950121165631
0.12428242196902216
0.12467617774167489
0.1250665131411142
0.1245230658450494
0.12325065264976981
0.12330450357753107
0.12257628524371247
0.12210120584488938
0.12120083281464611
0.1196752408843177
0.11940444919902113
0.12052059559959995
0.12116322240072643
0.12131952152250573
0.11810472927496289
0.11322722737399066
0.1073762091725119
0.10267191857871376
0.09913710739919682
0.09446122422476282
0.09141175222804737
0.09205190917884977
0.09719102127272354
0.10640786192150627
0.11618791377178361
0.12459512204833917
0.13121345534731865
0.13571378197721803
0.14046806089104338
0.14553258820100876
0.15113096116028618
0.15656976629606925
0.1638351025223612
0.16841848596938105
0.1693836671222773
0.16280640156271603
0.15156082184710548
0.13644204900319898
0.1236292692622968
0.11527170486034029
0.11417688878129131
0.11687228232313498
0.12337713080260641
0.1305758271112892
0.13896607862734262
0.14518623834719668
0.1486528187541578
0.1484575399398849
0.1446660093572569
0.13973845794336362
0.135781797038772
0.13288104233263265
0.13079472463225944
0.1280251056831678
0.12374377046705329
0.12076550248810262
0.11693855056337085
0.11582792233224601
0.1144666026322106
0.11515110801427988
0.11678674305108408
0.11930405518916351
0.12074267514762081
0.11917982238254686
0.11366972119177235
0.10784253935302886
0.10398721986979118
0.10424704914322741
0.10632028829829705
0.10848600579121155
0.10923705010188646
0.10971237961239703
0.10964813934033192
0.11112908904708085
0.11531831853918327
0.12008751777890159
0.1221456590366176
0.12224958098579773
0.11818433524325346
0.11334850002529251
0.11092824671334708
0.11260182918057782
0.12042946024560224
0.1291578618416088
0.13628495131938062
0.1362481778267471
0.13317086674948975
0.1287084618194829
0.12687149691075186
0.12571478616058548
0.12718281285021055
0.12869333139419115
0.1289191791045904
0.12754656083162744
0.12588711428045996
0.12345873884259574
0.12282558458933829
0.12368507169379599
0.12492732735731299
0.12493851264027149
0.12219984172890469
0.11917307568011593
0.11593818014565763
0.11578403006347705
0.11650467829089667
0.11794976971365041
0.1176995448353791
0.11737279567392818
0.11614836265648133
0.11617318418797151
0.11778301931410584
0.11970017254284228
0.11951015467088985
0.11804891155616785
0.11645911271869845
0.11709026279747946
0.11999616057022532
0.12607394801777086
0.13258866516845266
0.13768300464677893
0.14084630172979615
0.14094556735984787
0.1412956847446882
0.13936034258753927
0.137672375133114
0.1330986858500053
0.12926481211958454
0.1264754376012452
0.12470160691823219
0.12389112638673536
0.12250423304390398
0.11898491253084978
0.11625216329093412
0.11463945121651921
0.11774315691053006
0.12397505384598138
0.13159625959451937
0.13968628854770043
0.1462042349851126
0.14825713253522835
0.14533934828573863
0.13971831187181127
0.133411326543233
0.13130698539672217
0.13170710630578644
0.13673260281360133
0.14333902396728648
0.15158379143575465
0.15786852026779016
0.16128174392320596
0.16103818250171587
0.15700568138771398
0.1486922977790898
0.13884006477693955
0.12881301137480325
0.12318947500742117
0.12236397468308245
0.12582471241158227
0.13125759001365486
0.13524456312339636
0.1387258833201273
0.140592440569065
0.14254692835825755
0.14448803133273178
0.1467337245669289
0.1479556504933716
0.14748486776959607
0.14420273341286355
0.13848071826452926
0.13150082480725658
0.1265449057370512
0.12422673604573808
0.12117644603002663
0.11672829070250508
0.11271615781114835
0.11267212754717087
0.11753577976942026
0.12495157532860614
0.12985274483161288
0.12875954608878937
0.12671856858862549
0.1257905017761968
0.12941895811389598
0.13558753566496462
0.14202679643185925
0.14668412910616424
0.14908537042585124
0.1485886444629199
0.1480162856220045
0.146771815207719
0.14667639808878946
0.14508681514497934
0.14360400330490933
0.141304411772894
0.13994504054928283
0.1418866030914527
0.143329990871118
0.1431646043683116
0.1415247378436629
0.1389955395824208
0.13932948931415576
0.14063562536949545
0.14376653263461261
0.14727816592642626
0.15276509224171153
0.1574163821385939
0.16172852853203545
0.16615995650621782
0.16804049380483946
0.1686455337276224
0.16691892650792803
0.16410682595188483
0.15973848052346523
0.15584605225092577
0.15211906056743543
0.14998063036306541
0.14710529879404502
0.14380671852041402
0.1388334218327886
0.13478667646781878
0.13207418014278677
0.1332712234426602
0.13591700457928846
0.13839541654005066
0.14061791302322696
0.14289085146089595
0.1449610756352011
0.14540954530019595
0.14448939305994032
0.14051760046420173
0.13466199533607406
0.12606941512890746
0.11979698579369609
0.11600465300212813
0.11568908922205895
0.11614626054753673
0.11704204695263132
0.11726913580131361
0.11629519591845906
0.1143614202990933
0.11247749054567502
0.11010198271477876
0.1084603162769821
0.10647613968092458
0.1065236007335776
0.10969209459622319
0.11648555659392396
0.12426328402191944
0.13246136362319227
0.13929859759862737
0.14492941396557193
0.14835423881961016
0.15056892155659274
0.14681463441283737
0.1445016870079476
0.14365645941860206
0.14604319280459258
0.14827390892736964
0.1478120430506003
0.14407375763655542
0.13765194552746657
0.12803176629080468
0.1189686278007416
0.11107143024349588
0.10755253589971892
0.10630679633974771
0.10655774178963995
0.10518792049115328
0.10279468638246518
0.1000024124820027
0.09692858373723488
0.09599729071183702
0.09877783725343811
0.10239724643944628
0.10650137165285502
0.11065365254040836
0.11681032421709342
0.12285415454211127
0.12823276010114
0.13175798837846556
0.13460426081236218
0.13450032807269138
0.13402282560453235
0.13405328711104203
0.134104669585809
0.13301471868580036
0.1306505453505273
0.1284529875665408
0.1271100225653812
0.12868431008344366
0.13307483789148575
0.1380225682495207
0.14092213807725062
0.14142681230328893
0.13858498042461814
0.13472910003984143
0.1294461988985774
0.12459354611224331
0.11983537491809194
0.11548023638937009
0.1124664527279092
0.11077994410358198
0.11128564587241367
0.11348621387536728
0.11719500826744075
0.12365293066735346
0.12865205821595874
0.13239707017226227
0.13224957837660506
0.13119742246705343
0.12942409251881948
0.12883197598382592
0.12926293689642285
0.13143812120169587
0.13526482199026235
0.14029355715739378
0.1420336751958285
0.13984353979553082
0.1327250562603653
0.12465574362921214
0.1214859882676939
0.1217166016183148
0.12461563508574858
0.12640862281071907
0.12488608855925916
0.12081010287843183
0.11617314720779831
0.11137919018753689
0.10902986946023667
0.10968985389602391
0.11283059824061761
0.11597032911963437
0.11745646529606504
0.1169498783858412
0.11571582955767276
0.11480444981361038
0.11363371252413151
0.11265427447990198
0.112211329357175
0.11710385515936324
0.1245605910541908
0.13191724349071984
0.13937925995433856
0.1456980425718916
0.15061479942015354
0.1495312826540995
0.14181758452249993
0.12862431860488402
0.11439824558721602
0.10283220216208351
0.09787899188214624
0.09761133869208878
0.10088432901228898
0.10422194535981508
0.10616157535398432
0.10692109504432702
0.1091648995813596
0.11002998178478317
0.11004212546353044
0.10869591669608103
0.10825469175921205
0.1080411485919084
0.10883492546551654
0.11176944705198047
0.1154499518817547
0.12003355628707076
0.12544172964882583
0.13117541775716654
0.13909349074972374
0.14670136398231726
0.15386934215931444
0.15935696835421187
0.16452544166273667
0.16616822698235406
0.16573757515670198
0.16086310310536592
0.1531813331633287
0.14415377597045492
0.1370993813653347
0.13210550273480637
0.12803398948679653
0.1242039777574699
0.12065459828479747
0.1168715917830574
0.11414221005191293
0.11142237051382997
0.1075950238572202
0.10199954009508254
0.0963899751283867
0.09356705487438045
0.0951441603378204
0.09968440152207306
0.10408623838333317
0.10602275481899649
0.10545070287345415
0.10212569078244003
0.09927780258484338
0.0983560203760358
0.10139671069141917
0.10645096803578041
0.11287826933832491
0.11800417901424647
0.12240425038060318
0.1254657373934848
0.129638182834659
0.1335057660210161
0.13940604844041973
0.14438084680362662
0.149815168765724
0.1541766483215921
0.1554486073258763
0.15267113268286595
0.1476539572501814
0.14395987116192385
0.14063907325807187
0.1384525006649791
0.1362287738852781
0.13419008618504283
0.13359101107853372
0.13315828075759553
0.12987901105365562
0.12619225673865378
0.1219145698206716
0.12089585380418083
0.12283798472048654
0.12711347497915643
0.13102699513540964
0.1331353257242584
0.13413414062764084
0.13453299380712613
0.13625460122839522
0.13887492607103147
0.13996908031542163
0.13682885572299422
0.13216099727323305
0.12903050723935225
0.12974243237245758
0.13209657954753046
0.13540961973340115
0.13891610125227202
0.14143549504870043
0.14120402139950813
0.13934126874264996
0.1364568663562281
0.1331776433123631
0.12984828589902647
0.12805170649683156
0.12982544620006828
0.1363958020008831
0.14592860786209852
0.15135212971456344
0.15241853902976177
0.14737144866695706
0.14027080138814862
0.13149056618958724
0.1255381257033506
0.1215245951883565
0.11951791262351692
0.11834605360178094
0.11727505570467914
0.11575374961344849
0.11334048720618754
0.11105631409491705
0.10821623213659284
0.10570300421613278
0.10369867724084221
0.10242476903745443
0.10407970081055523
0.10782188440017947
0.11551502272801979
0.12437735662516479
0.1324969801779409
0.1362770375531233
0.1380873362982213
0.1390103153358621
0.14166568099898974
0.14507622400444886
0.14933984246487
0.1545107695381482
0.15647961663075788
0.15606024737256882
0.151799601705047
0.14555460254383862
0.13927093644903177
0.13479958749816048
0.13121151851061608
0.12682456239144946
0.12020474254188968
0.1140001697311914
0.10906932063668935
0.10694987919143355
0.10886480459836322
0.11144896781580003
0.11442883611690728
0.11563558280640417
0.11574557911665458
0.11774415956695927
0.12055304917156866
0.12566467886504884
0.12865394208606232
0.13194277675715602
0.1321656227492773
0.1293349590679691
0.12451393883565287
0.11800393453688539
0.11257584419834875
0.11128535248980571
0.11280991015517577
0.11423764676443422
0.11412842753758323
0.11258161405195377
0.1110940030326634
0.11130275214250028
0.11366642073199937
0.11955489921022043
0.12390807851611409
0.12784255017743168
0.13001564259979445
0.1325646347203353
0.13469612736120204
0.13733488380088202
0.13576724411466298
0.1309568290864897
0.12387715152513322
0.11768024218707983
0.1141273169086373
0.11208817136574051
0.11158263584875755
0.11457362134595925
0.1193933678942512
0.12600161843278598
0.13253003658019435
0.1365327919188182
0.136667439833647
0.13176888676808818
0.12326884030676996
0.11206107189388839
0.10025437543491622
0.09071852404073791
0.08455370651394965
0.0818509224006378
0.08322613309521008
0.0856704632522601
0.08987069220231365
0.09387432715857628
0.09844335381918039
0.10057483401227321
0.10197128116789436
0.10172890568129477
0.10153558313840003
0.10202932312192568
0.1051913002564569
0.11077877358031268
0.11954601446519054
0.1275661689938456
0.13388453340625323
0.13700001771506207
0.13476797617081415
0.1303269939644936
0.12746025203412426
0.12797052461385458
0.1303415982968744
0.13293220767627914
0.1314210682924192
0.12735927668038244
0.12158045200255341
0.1168899048478719
0.1152047772767253
0.11392554840546626
0.11297584342695369
0.1104316201334666
0.10866759611357023
0.10722637586968164
0.10597225849678955
0.10605354409524045
0.10448725333718994
0.10231494656594912
0.09891860603508107
0.09455023969185974
0.09136115726316785
0.09113233437905947
0.09522865451021958
0.10115410310786473
0.106409279388126
0.11084152552968718
0.11427155910577448
0.11636125852690922
0.11746062565279174
0.11464443983106319
0.10906510917947194
0.10402549371075093
0.09984031029129503
0.09795556652226572
0.09694078683242419
0.09816938903839999
0.09991400059427062
0.1002598956765761
0.1015074046904955
0.10188999795552477
0.10198989608720935
0.10153672802421249
0.09964514278368818
0.09997282291963881
0.10269918165933135
0.10809779007575565
0.11301586631899425
0.11662318896482987
0.11660045690778648
0.11543577331222636
0.11523548441957306
0.11691348990018706
0.11930120250674792
0.12015733123957856
0.11636481741368625
0.10993495312025114
0.10378943179857389
0.09971595181959639
0.09836108683548729
0.09906704996416403
0.10144746551929397
0.10148431895528573
0.09961444689049263
0.09834458769279404
0.098879126620831
0.10321980024982068
0.11004264823787925
0.11864524767188724
0.12600018862429543
0.13051831339115894
0.13133667275867092
0.129247741212275
0.1275201522121517
0.12729189995360587
0.1297536548582389
0.13223896594073709
0.13425928345797772
0.13563311764287805
0.13457906165038938
0.13061338987906648
0.12828598612820022
0.12755044117457986
0.12933720223827225
0.13037912548431843
0.1307497243045364
0.12862817378548058
0.1252289273781451
0.12239009512177865
0.12005423323821328
0.11924038809614726
0.12265306409587995
0.1315048924709055
0.14255110274115773
0.15176339869176586
0.15846183067708747
0.15726680042074265
0.15206085574629327
0.1447458937881733
0.13994125247786804
0.14024010684091817
0.14273704859976807
0.14383216961972625
0.14265359263743
0.1393303389308431
0.13575406343155635
0.134740103677798
0.1352941032912686
0.13576146693185165
0.13493941241755697
0.13011463147876778
0.12593232364137513
0.12116788841990814
0.1166987680917575
0.11420680044905172
0.11314790391440362
0.11252157399127999
0.11189042554264071
0.11099717709504305
0.1132879795869349
0.11613651067911619
0.11961061626263347
0.12231554506881373
0.12429813586691353
0.126084243796135
0.12602939485046455
0.12638761901599274
0.12543518429939465
0.1236535330102774
0.12031979660191669
0.11930459558435123
0.11888864807022567
0.12160656447030853
0.12413664915231173
0.12739733129073055
0.13162108936545328
0.1356465934461344
0.14033036979202418
0.1441748199865495
0.14637100316228166
0.14553338080345823
0.14361343338223972
0.1391278700433788
0.13418731020690097
0.13023637778016267
0.12913689113895158
0.12951415116752862
0.12904247743671698
0.12614072799520712
0.12074900171000591
0.114418390172648
0.1117170106471764
0.11179045427638447
0.11447311448674762
0.1173464979391388
0.11936180293074339
0.11828659924520295
0.11368859655882571
0.10834851170943885
0.10447019599467149
0.10376555909979888
0.10475601116192729
0.10513908374848013
0.10733654503284214
0.1112588213206218
0.11848206012069477
0.12725348707060924
0.13673951663623304
0.14397987728539613
0.14469583606231182
0.14087098305703516
0.139244855378751
0.1409808977080485
0.14694957703676353
0.15163829849868646
0.15592310157610745
0.1586018974421186
0.16016439834590185
0.16075751857836998
0.15715845298498224
0.1510689984625909
0.14655710601153019
0.14100999785597032
0.13623411373945352
0.13021039389910555
0.12403919888113617
0.11868760867074028
0.11212185920912052
0.10696356752393116
0.1024417728335426
0.09886356734071601
0.09748742553727462
0.09814871843444403
0.10172561830859586
0.10796977714306263
0.11637741548177288
0.12481231876873058
0.130709765011389
0.13549962938679905
0.138929200326579
0.14124001705551562
0.14188773327637944
0.141490046511694
0.138753191760171
0.13374156613245244
0.12623730611481163
0.11837347171972741
0.11130214223243887
0.1079551669028032
0.10812564411268778
0.10887646639681947
0.11090113859896143
0.11273433372049606
0.11393535657627751
0.11426934151117694
0.1130275744801504
0.11129930704959064
0.1100289526693773
0.10676187910248126
0.10420846897332572
0.10310706491827996
0.10553214583625843
0.10937545894002886
0.11674498217894794
0.12535452210788933
0.13359021388121267
0.13727120390513384
0.13706788798109712
0.1325610570398172
0.1291596613012137
0.12747820689277237
0.12884265277195112
0.13162280613770286
0.13485601645972126
0.13743115899156322
0.13909440165667747
0.1394965810329286
0.13957951845689115
0.14008983278746998
0.1416844080667734
0.1425300830130492
0.14266561820965948
0.14046513060544538
0.13562990039046946
0.13078030498137702
0.12777046708746428
0.12512113488504117
0.12272682195886843
0.1210046241957211
0.12103918330141525
0.12285445101179829
0.1239279885643798
0.12400107536188715
0.12218177106341487
0.11853146198707457
0.11530183157277196
0.1114883988486612
0.10842295825134413
0.10598257848572197
0.1022587179947335
0.09837627620073822
0.09491043457350413
0.09269105965276497
0.09250484081533449
0.09489968415167314
0.09807029655206728
0.1005034552676618
0.10189121239137736
0.10235405264704248
0.1033232490289491
0.10703083255391743
0.11117689189912101
0.1128159656829725
0.1125825340630067
0.109997784717066
0.10633631756428423
0.10495313506230819
0.10447082307100082
0.1060570317769231
0.10763188277772111
0.11020204915365327
0.11224793819866502
0.11403417542585301
0.11395770889170226
0.11395630522866156
0.11320629485170004
0.11081217242378312
0.10560255471587078
0.09861679860172445
0.09397630824192843
0.09310864987306902
0.0973697943792713
0.10152233003835018
0.10744613880201764
0.11132010147270276
0.11750983175520147
0.12225353257500134
0.12607870098930252
0.12562559750674507
0.12149594376450122
0.11591907869034672
0.11078595587107694
0.10887216108799602
0.10948185334520301
0.11185784291182302
0.11318657772668222
0.1116829102959585
0.11106049673483545
0.10927191702067912
0.10794935558749055
0.1043641066084194
0.10157213635256163
0.0974418809243212
0.09466538471957982
0.09139058497085191
0.09027477312730384
0.09212897292638723
0.094639504441634
0.0972782295590182
0.09820047875772267
0.09885003542916626
0.09735061683697378
0.09808138976339338
0.10068868254193973
0.1075510737034723
0.11594269547111176
0.1231953846185437
0.12788248586399945
0.13062462077842615
0.13186833690739352
0.13448323569844
0.13750236916709246
0.1423050058677616
0.14652031129548665
0.1510180040422302
0.15460852474633502
0.15447166798966255
0.14798303152644957
0.13832630643828867
0.12860478468045086
0.11977281853849579
0.11370363639761452
0.10943756827185444
0.10704551783480692
0.10614569255197429
0.1058272771312003
0.10673447758108175
0.10507186906621346
0.10268499741761872
0.1008005916295153
0.10140348630602287
0.10548335569094681
0.1111458391231272
0.11623085283234039
0.11885218003834248
0.11998120754592922
0.12005823092816224
0.11936434763713846
0.11836303093008961
0.1186607998713783
0.12123866665894108
0.12342724043956174
0.12383880345046548
0.121608279419866
0.12112616257974736
0.12223800693000947
0.12514261806854793
0.1261441553869943
0.12385285221218327
0.11915432033660436
0.11443199652057771
0.10874347623044003
0.10221501665530486
0.09571173494887958
0.0904337439334971
0.08905789439218034
0.09276668664610661
0.09945313993966527
0.10473581861645195
0.1075139840692471
0.10877990801274454
0.10927003334256359
0.10773062266290113
0.10520189395104562
0.10392783630256111
0.1045054939513593
0.10694080316167667
0.1102178898268638
0.11698240856371843
0.12354689881507161
0.12960175247029004
0.1316340780698739
0.13089257749323793
0.12777773924316407
0.12361772398993436
0.11832384122373314
0.11395807058320415
0.11149003953431431
0.11075729908977529
0.11006364361210623
0.10967769562304966
0.1088480611856717
0.10968472321179575
0.11114973248770525
0.1120230034057496
0.11021040332779107
0.10680708683287493
0.10252518516329048
0.0976889452962294
0.09509891534373459
0.09366897405717044
0.09441950138075393
0.09665505566160508
0.0999573481949442
0.10489872893898794
0.10976136488049548
0.11448245735584817
0.11768198391245822
0.12013068941873423
0.11856996665653852
0.11722908560797562
0.11466723272549148
0.11666734078930402
0.12366869026278526
0.1351568675222823
0.14622088247133977
0.15138732395126844
0.1505400576239777
0.14288252949611638
0.13274148457444154
0.12220410313620243
0.11545249769547083
0.11110830864600511
0.10895254879559564
0.10749575067216956
0.10719133052141955
0.1064576028769958
0.10499911284719009
0.10317670847967439
0.10332913404214115
0.10609113341623946
0.11059493951203285
0.11390723123251263
0.11588163735731087
0.11702927593731846
0.11814428373740606
0.12032443777675182
0.12437256232993361
0.13070091463210082
0.13587239469858756
0.13927387449589335
0.13857386121639817
0.13688060042852018
0.13597287225742663
0.13649099229734152
0.13903987989016922
0.13930924257916608
0.13654863388377814
0.12976412374533478
0.1236959205607709
0.1196668129378135
0.11776369690119576
0.11613671540932793
0.11179882798067434
0.10609622021907901
0.09851436281771746
0.09368347763374543
0.09157211008943968
0.09249261956979528
0.0928952135692538
0.09113463702134518
0.08862730238839815
0.08648621360770878
0.08785223588417926
0.09036062964075654
0.09393782410343353
0.09577923969520116
0.09572200974811407
0.09318709551415172
0.09043220219108776
0.08895713636338999
0.08888882888228798
0.08967036235609738
0.09077982273181442
0.09318123994287951
0.09596534097613409
0.09870163365452903
0.10164465626884764
0.10191124730916126
0.1009216153793275
0.09880207334010292
0.09706872776266097
0.09464966340673533
0.09488513854353892
0.0970523973395193
0.10083695759955975
0.10524023773584716
0.11008220633288893
0.11524099301725857
0.12013263993331126
0.12361017013012264
0.12454136626676385
0.1249577458915963
0.1262582757130281
0.12659204140901972
0.12541007592244552
0.12336894508015701
0.12158290642509034
0.1198647184316511
0.11634054100734237
0.11145925196379276
0.1056959327737126
0.10038574961702344
0.0968465534848201
0.09599117214165923
0.09707825777681256
0.09845170897727969
0.09959580789233385
0.10214234367753745
0.10637252601499389
0.11165112730073577
0.11816486731228376
0.12274451690404445
0.12532310313560374
0.12375179332181742
0.12428535767947804
0.1249958235007521
0.12905908234746538
0.13151249241953716
0.13637336474609363
0.13932080271963046
0.14087620382410576
0.14040380710142628
0.13987047087334226
0.13827139587407494
0.1360401255354234
0.13326888410209262
0.1321908967683951
0.13200487581658102
0.13588771705525868
0.1413855244939433
0.14633041953893405
0.14752295268231794
0.14614572879778132
0.1416757164344112
0.13694553879203542
0.13285635783306782
0.13183019710626584
0.1305384465810886
0.128708296441318
0.12458323498244651
0.11863217310271991
0.11206740071090494
0.1073354883212656
0.1069089363850551
0.10952189704718618
0.1141096133580192
0.1188389035685421
0.12116954493438016
0.12002589347296384
0.11490977593486176
0.10836407405476813
0.1033931778048788
0.10353614476448911
0.10894132308568973
0.11559570489150355
0.12287110916608798
0.12784630170894515
0.12979765750558625
0.12845432088969613
0.12497242949455929
0.12298524987037888
0.1207436089479221
0.11726513625848053
0.11482417321815247
0.11570189092980984
0.11880076812466145
0.12545651011503803
0.1329500421416623
0.13904452191832145
0.13972193118660756
0.13869368255194273
0.1357062796067892
0.13412801485311787
0.13102961041140956
0.12853774543123206
0.12638826630364428
0.12839711054847228
0.1319712425128364
0.13741996239666027
0.14227538711213142
0.14711093137834483
0.14552944225768222
0.14094277370698716
0.13511168389126837
0.1317114205590031
0.12835113052328415
0.12568670682428085
0.12227130272016683
0.11825075242603916
0.11256818555315881
0.10524930086285467
0.09808608562882463
0.09208309084035293
0.09020213560274011
0.09106004952624135
0.09566527030432492
0.10036166180964873
0.10483621848719182
0.1087114377670775
0.11262613974921915
0.11562369736356476
0.11965816496436217
0.12518258387620873
0.1333206776368326
0.1429043567684881
0.15295537141270685
0.16135851945330856
0.1709428917877677
0.1786632444786157
0.18449900992669077
0.1830937143861555
0.17963220626360696
0.17141516527044126
0.16369325879134197
0.1539082786710042
0.1465662689840783
0.13959021506994382
0.137312080299137
0.13556522135502994
0.1348982900362515
0.12908456721335898
0.12517474171258913
0.12236753092919697
0.11970690625891303
0.11839803152165004
0.11443917367457213
0.11142079122659282
0.10749098668912328
0.10480237382790768
0.10267083035084953
0.10458265280670853
0.10720754769511484
0.11201304228784167
0.11426784417756768
0.11491066875059278
0.11550665713572174
0.1181009755571708
0.12286245482565386
0.1298900239794108
0.13708051846783106
0.14281191789533942
0.14452189218956704
0.14531373362930838
0.14497951492255978
0.14541025890339662
0.14361797850374355
0.14172625253487128
0.13660629538007624
0.13042593673294736
0.126665401643675
0.1253232980043801
0.12618395744787217
0.12877725593669398
0.1312418324335748
0.13244622232332492
0.13381618403119425
0.13308002004530503
0.1324959195177007
0.13059001944051293
0.1317894466200782
0.1347043021376615
0.13905690773923726
0.14235470417855797
0.14377758394673135
0.14419810994242002
0.14463616263213602
0.14556261120763445
0.1472123330156454
0.14694670995053757
0.1453900660546884
0.14215491559615268
0.13846350349401726
0.13434962627057442
0.13043830755619368
0.12831198290640636
0.12782366606150353
0.12752562597134126
0.12755740029594304
0.12552901221481302
0.12245814984058438
0.11927570998375199
0.11919257322455427
0.12263076567439281
0.12801373246580025
0.1327809331493805
0.13596727970511838
0.1352184266002053
0.134073123539946
0.1312810599370864
0.1305778725452323
0.12955064577597986
0.1286903020258935
0.1288294881470305
0.13059280554318234
0.13195284811005162
0.13167200666660553
0.12882351684088786
0.12533410807849216
0.1251702834000678
0.1249734766360591
0.12496232912601075
0.12365711354246478
0.12146104565048867
0.12214711563041555
0.12516586994928863
0.13016582220531395
0.1348855348513872
0.1384256321231041
0.13850758743561556
0.13521347839935635
0.1277358788565225
0.12090767240201472
0.11443779416547913
0.1105827391081682
0.10916861610616661
0.1121333902149373
0.11734513399320001
0.12236601698328622
0.12394815164778848
0.12400878641397628
0.12289979459557727
0.12133514670150389
0.11911206155810884
0.11991293489543536
0.12210564054080413
0.12512918529278935
0.12667957720690567
0.1254173121938076
0.12249242917981842
0.11941869635896538
0.11780563863897214
0.11746877157527583
0.11924939513214662
0.12302219996768733
0.12810582434371112
0.13462072420554796
0.14095036178210982
0.14623056351020627
0.15057568498566942
0.15499890750122472
0.15958693411315739
0.1638335999431958
0.16365011490402348
0.16019681363613855
0.15286196984674713
0.1443016286379883
0.1349346017247378
0.12600180718592247
0.11900031334129843
0.11499674221053413
0.1101534009479355
0.10519577426019107
0.10048594473627005
0.09936790914737496
0.10250419479834232
0.10998926071499318
0.11631591500949999
0.11849776078832243
0.11545561714231609
0.11196533754926573
0.11334525404710367
0.12010396331680666
0.13164589330857954
0.14264769188445334
0.1517308189543696
0.15614539823003995
0.15906264050748936
0.160905909659254
0.1639433330415182
0.1671674469183554
0.17191418193093508
0.1744742589027051
0.17386821308509165
0.1710339419363298
0.16789168928313866
0.16378284154325082
0.16009066968849492
0.15842344612697998
0.15883392703659524
0.1587690813590754
0.1571937493354137
0.15310390779500696
0.14851273627185652
0.14347770998788592
0.14002067666583173
0.14125315654225826
0.14398972470125632
0.14502426123713993
0.14359275242663186
0.14073524862033698
0.13591995651411176
0.13179779144917428
0.12894315419049476
0.12887684367887992
0.1314547825557233
0.13662831366362688
0.14272485236779156
0.15052309202035005
0.15799605046964801
0.16357547183711393
0.16669847894366685
0.16556094472053692
0.1606880450779497
0.15292792828139712
0.1454779923732963
0.14271256044903124
0.14503400566762878
0.1487214113809958
0.15076312217674379
0.15131169095739078
0.14985749097713227
0.1465052999723145
0.14105576501661893
0.1363659555222413
0.13219053146880771
0.13162344877059298
0.13183272306386556
0.1364469598270635
0.1435663072150862
0.15203014612826302
0.15828973371666016
0.16151992665658035
0.16065664203990335
0.15690659071467583
0.15432206755993888
0.15434918377534232
0.1567000719469723
0.15833374334595368
0.15810825954826607
0.15425676829455645
0.1493358205758472
0.14192363838516875
0.1317517961113913
0.12027708609376868
0.11100785428811819
0.10503331977311084
0.10109772947920864
0.09752243115004203
0.09403251847193059
0.09266443105953381
0.09384983579720771
0.09830567770196025
0.10361289622949812
0.1078113589049174
0.10783893903273685
0.10612144927454471
0.10408028067441247
0.10720249529156883
0.113220083427575
0.12248442200461582
0.13139481737344783
0.14197128097821626
0.1492022245149473
0.15376305085394437
0.15426288093783327
0.1528262813321244
0.1516401324810804
0.15188223556927416
0.15306337659541286
0.15354384445597177
0.15197407042599162
0.15327888694251526
0.15485934095476117
0.1574172999420325
0.1566528717654157
0.154803966193472
0.1522706174143492
0.15206391265029842
0.15364428156899024
0.155572861300849
0.15446734878463741
0.1509013770359266
0.14337807355578902
0.13469521134763268
0.12619577609691965
0.12131105437672608
0.12125246545068306
0.12358645346579744
0.12809061881027392
0.13333056824236753
0.13753044762136243
0.13821304155890984
0.13753527263353715
0.134962785978809
0.13336674880828056
0.13332682370656734
0.1345899265873953
0.13797125186516634
0.140797672854786
0.14322910299673677
0.1414977030730166
0.13724965179866241
0.1279036652341078
0.11894610937795518
0.11248480906437629
0.10778379392867535
0.10598130087646547
0.10347307012756586
0.10114078735251437
0.10047249195036749
0.10181549893596113
0.10286605864863999
0.10437766590920923
0.1049784277386467
0.10774814886860427
0.11156726548882914
0.11824519714095755
0.12522553513231868
0.13262724439631615
0.1378081528421428
0.14115560180987735
0.14254698265622798
0.14222903706129886
0.14044876680684984
0.13779446354282288
0.1325354018815721
0.1274941913211167
0.12275870181708011
0.12109785426837136
0.12087197088499796
0.12166713692180765
0.12131302474941238
0.12009588808929789
0.11791582684239608
0.11706032760170071
0.11783118218045062
0.11967493143437927
0.12183562484239793
0.12387943882472884
0.12365483152093794
0.12177589838713605
0.11655878476576663
0.11101771519765251
0.1070677888283693
0.10542217806723019
0.10664951979044675
0.10712360053588328
0.10567524609922027
0.10125743843201179
0.0973213655683049
0.09584294131949998
0.0992411591631173
0.1076002781788474
0.11521482700068038
0.12008344323867647
0.12013488801440313
0.1175675789961644
0.11364593886360055
0.1106582204107853
0.10886680636004745
0.10907476286606796
0.10841852224610782
0.1080429891523315
0.10798895804133701
0.10832863845483676
0.10684919975534457
0.10617504450200721
0.10489245523411785
0.10529306425663168
0.10698292123471016
0.10912410329395922
0.1114944140392375
0.11139924174834057
0.10996531710399975
0.10689977924119083
0.10439487774675861
0.10367990648839243
0.10453151799063955
0.10580411925115736
0.10543034893630931
0.1036123297549948
0.1015119053082476
0.0989833642711486
0.09786765262235331
0.09571881457021493
0.09362313328771027
0.09030153993940859
0.09031291636656485
0.09282640611956285
0.09907445868836899
0.10471601558434343
0.11018058164425809
0.11526858588257576
0.11956228894238818
0.12203490123999859
0.12454946024803203
0.12417716115893156
0.12255417097580949
0.11911494402257067
0.11682179378994252
0.1148261809522247
0.1136782888744963
0.11253283160333788
0.11217332642146693
0.11302348012866671
0.1159980944971774
0.1173044618698119
0.11631751130334624
0.11250500353742521
0.10915151252521799
0.10473656024637597
0.10223940731931497
0.10027830743227296
0.10118549359260806
0.10382337952666015
0.10768950195191968
0.11296598336368492
0.11759831356642571
0.12249308197372055
0.12606443911357387
0.13149471866182702
0.13658479692646255
0.1418235821560374
0.14398423671185603
0.14496761421218804
0.1436895831219225
0.1409188913648193
0.1387505804599334
0.13545188157219035
0.13166106731091734
0.12813051571480535
0.12499742685815213
0.12255075024046877
0.11878410522459101
0.11502760121253336
0.11416943551233037
0.11387940449871606
0.11416821440374796
0.11156299610273547
0.1076624793901026
0.1034458364709483
0.10101841865260902
0.1009444445121924
0.10447366420785377
0.11015293556972262
0.11749028437486504
0.12491758722650133
0.13303440639078395
0.13827773172959673
0.1416906850308117
0.140604231386499
0.13607217824606155
0.13180340509637065
0.12796862719159446
0.12823537924298478
0.13141623518367365
0.13799515994491868
0.1448268831233648
0.153207771867201
0.159967319798371
0.1660494653891145
0.16856281668031506
0.16876447789824328
0.16306518051036437
0.15349972048113678
0.1401907178310309
0.12759438425578765
0.11896352179584876
0.11453075383638915
0.11431994296575847
0.11443677505430233
0.11326237419986838
0.11085455367679999
0.10830184746158093
0.10762568060727855
0.10693133045218735
0.10704277186141758
0.10571922659410032
0.10385195222762612
0.10215280833403137
0.10369157251525378
0.10950489867858575
0.11812710769803318
0.1277129182738987
0.1347481419650205
0.14170272329998318
0.14710354445504348
0.1539500895847206
0.1575840292281118
0.16017702428769462
0.1589468356084391
0.1555862806979781
0.14996003894102578
0.14403909860070171
0.13849769263334527
0.13381105089945228
0.1290940808825364
0.1257964696445449
0.12335103095732028
0.12290076316309326
0.12450000907275208
0.12544297577627317
0.12580189755488463
0.12368231910571248
0.11950780514981685
0.11285348282663836
0.10567489941337081
0.10011060772954682
0.09740335853365667
0.0969507315091543
0.09977568098846239
0.1043964688700425
0.11056824461272387
0.11766436248546608
0.12535357852865456
0.13061894275949915
0.13334847623566276
0.13395340663468258
0.1333872625967647
0.13242193874318603
0.13432531506410836
0.14136965149838948
0.15259997841175554
0.16347447975066773
0.17036665479065996
0.17298383421525243
0.17091343268027642
0.16745976926441664
0.16272544639411096
0.1572650507610418
0.15344887546632313
0.15222341863625496
0.152866919332243
0.15456024473129987
0.1550340998441569
0.15474079375284802
0.15288111132607346
0.14759661386142153
0.14091312657898913
0.13110053769452573
0.12302600735120103
0.11648791015983896
0.11229158460708019
0.11067411190432085
0.11000614486633527
0.11186590320631884
0.1138644588892874
0.11789476990413832
0.12032192720183965
0.12014114238552025
0.11649203023358287
0.11069994669392585
0.10609849735246121
0.10367792774711009
0.1045943948544583
0.10809964075039377
0.11228663509833273
0.11582193517428811
0.11673919261104616
0.11550256074761685
0.11480445679466465
0.11452286788212182
0.11771040164496445
0.12302414854634165
0.13053347656331424
0.13699975534499428
0.14187046220491786
0.14194117953491636
0.13832390705197914
0.13240467170394507
0.12685466972439244
0.12255971584412238
0.12101382687978852
0.1222356873179441
0.1249157219952381
0.1280959239954751
0.13096131910825864
0.13354045630094308
0.1357902767010844
0.13698127489394224
0.1393918941482275
0.14034844327695858
0.14171373712470053
0.13963090231771522
0.13701220707450515
0.13483295196726847
0.1334185997775253
0.13312104167393124
0.13408070947227407
0.13359006926647038
0.1318454236598348
0.13059928670647325
0.12878924923881013
0.129395496456504
0.13081932865814777
0.13452419344853064
0.13821152594425914
0.14292616730136384
0.14426761461311652
0.1439841942467157
0.14194424268347872
0.1413240444495729
0.14147811241451871
0.14270053537792698
0.14505441786663195
0.14616898278574125
0.14639876770576873
0.14439253264069388
0.1431378584320364
0.1408348555057191
0.14038478598184814
0.14008972604406686
0.1405992281520757
0.14109738552771572
0.1402891989560303
0.13820872384958705
0.13500124206957645
0.13026959917070519
0.12408400084354688
0.11889321334456768
0.11542461756536274
0.11499719783119691
0.11380820961612718
0.11368667486455836
0.11031154779268436
0.10490262996030866
0.0976323845077051
0.0940839557839768
0.094320836419089
0.09792420804418656
0.10400640438296703
0.11136732665397199
0.12025085979727265
0.12901268674319857
0.13728910180304896
0.14389264492343948
0.14691017850297639
0.14648808516150078
0.14186658230950824
0.13602980087361996
0.13033383770530682
0.12703516219002048
0.1256458378059459
0.12551391971782078
0.12525516526452746
0.12510786443458904
0.12490200033942145
0.12597986357686997
0.12813341112560137
0.12956473751139613
0.1303525826245521
0.12848372914069073
0.12688965209062356
0.1273401156667916
0.1309146049871857
0.1382395928431357
0.14488336378740896
0.14774757913129538
0.14575212562432052
0.1405415998669288
0.13336401906500842
0.1279269506367957
0.12370762415766355
0.12304565713223439
0.12328948826472089
0.12437328911634309
0.12473041937392308
0.12449622272388416
0.1229182750251008
0.12106956005404464
0.11877089949026973
0.11974252449633609
0.1222438129406691
0.12729200296163357
0.13155134771241916
0.13479666944230742
0.13700990866944476
0.13774993957541706
0.13818562218962518
0.1408786156639042
0.14548612803122346
0.1499991681102618
0.15150603438557161
0.14704605942637597
0.13995358589108203
0.13266507262211316
0.1306465836491954
0.13394327007624188
0.140522123966052
0.14833802447560218
0.1513963800279161
0.1482111072032279
0.14246459262930536
0.13702082749730268
0.13280626492478134
0.13198451421487076
0.13281024824200405
0.1331197856194157
0.13330750462111227
0.13330631463808018
0.13117560161071004
0.12964649350952415
0.1289848804471493
0.1304365900031224
0.1339814609174571
0.1361407140654309
0.136625136953983
0.13543187776798282
0.13345543059423917
0.12991716470675463
0.1276507641559176
0.12484890599561559
0.12280057709833211
0.1213003758663008
0.11947765817476207
0.11747707633861082
0.11557528146791506
0.11495092875211492
0.11575033960169859
0.1162915237005838
0.11698158139753592
0.1177298967263061
0.1161989833667149
0.11477075582168485
0.11305122077376838
0.11330302095015139
0.11370844135203928
0.11372491301185673
0.11369040461754058
0.11343654764097452
0.11457984258554478
0.11671048349530318
0.1214152467439384
0.12740267118758122
0.1312040194222988
0.13329997716305209
0.13372582636062133
0.13293169977271155
0.1302933684489833
0.12620727114809266
0.12147807053778377
0.11865343233946977
0.11801534884235168
0.11965757548436384
0.12152484431712152
0.12216263112464001
0.1204408568482748
0.11549441157285005
0.10806270610819048
0.10170676692830845
0.09931902628325946
0.09968387909135697
0.10159860236227991
0.10126193631352592
0.10071087215785256
0.10071000457272325
0.10291985077383628
0.10821641974090644
0.11308201300442734
0.11767637387801733
0.11781080992596822
0.11595768915289183
0.11149963501053925
0.10799483570110299
0.10609415758704628
0.10697042719500671
0.1097964577454821
0.11214655109179929
0.11446531097306659
0.11582427857173687
0.11772370900853464
0.11866010088348593
0.11814701805559567
0.11884925163793368
0.1195099691626291
0.11949730759187571
0.11726230135950066
0.11377898685523487
0.11053987979885707
0.11046681808770113
0.11175073870456699
0.11484596483265488
0.11851084198685426
0.12248525455525439
0.12391738375941884
0.12356939245539789
0.12135436029461795
0.11838358351410413
0.11624256586121541
0.11418129116706026
0.11174077547100032
0.10764351655361211
0.10364434694607469
0.10063577918089374
0.09956004611141892
0.10117428829382773
0.10497669732101343
0.10958389090132431
0.11378302302459017
0.11515616086257571
0.11465614398544538
0.11151733489087755
0.1080722844417008
0.10566368178515535
0.10606884204066536
0.10920356509729189
0.113204659859924
0.11879588635794397
0.1257907219428388
0.1330614861731965
0.13724575522100205
0.13697720609969083
0.13374115275962645
0.12815075120265784
0.12309441698635673
0.11810284306668872
0.11541700246979633
0.11072949211831279
0.10476823013730814
0.09677892699399175
0.08951005511481301
0.0831484795467192
0.07918350689502238
0.07839759214618881
0.07976547853692162
0.08343468488447127
0.08752950912836159
0.09066629071297229
0.09318037387483784
0.09620739763688212
0.1018448716274734
0.10927336555114804
0.12011345311960972
0.13183733792722852
0.14496762409625047
0.1552603885800093
0.16385701907408143
0.1684695286964254
0.17129555983564718
0.16894370055180952
0.1651397553641481
0.1591880329492869
0.15331762505883773
0.14666738722825343
0.13816376320233795
0.13050230738033436
0.12360709431782328
0.11743425567188776
0.11034301369612226
0.10436528478517425
0.10028022857708473
0.1001483414622161
0.10181280129499597
0.10226154482527625
0.09942476441681809
0.09489907796245421
0.09048889086048291
0.08895112172366766
0.0913218982446077
0.09588227794439262
0.10056924425118197
0.10410354166304184
0.1060410332864237
0.10845986911874762
0.10960139313046481
0.1115219650525535
0.11352052715834872
0.11634182799355428
0.1215883846928348
0.12615884960296958
0.1309869339816083
0.13415069833993562
0.13623874354724352
0.1371366214057943
0.13764383081990636
0.1354404847325434
0.13225756062119953
0.12693010743089728
0.12031594081478694
0.11423573065225197
0.1090137010797615
0.10546551831209176
0.10354487277356188
0.10235736785944122
0.10079904048973788
0.09798152618379645
0.09607837265868238
0.09518192495950378
0.09586865748820202
0.09884539681557261
0.1039583337411398
0.10946748790828763
0.11423158406561695
0.11754282067940043
0.11947798788271534
0.12256169828655428
0.12916118088100745
0.1397932839479482
0.1509888053039196
0.15881805551995853
0.1615426367788557
0.15995051480573919
0.15409270219919435
0.14775072643120363
0.14266794413881687
0.139164401246215
0.13558112458049998
0.13188524397005813
0.12853200927841496
0.12611358094551414
0.1247527362749115
0.12301902820038257
0.12114046262079037
0.12096971480411743
0.12489014359373153
0.13237607669910276
0.14095395994095686
0.14604075108510584
0.14572593603892411
0.1423240604806924
0.1391032185182236
0.13833187024071214
0.13829426934838684
0.13828323279209775
0.13749870437718023
0.13568209364935757
0.13444980359962896
0.13483476839672165
0.137096540853563
0.14102479686538288
0.143698385426346
0.1447477793079624
0.1414951652181856
0.13607302762121662
0.1303085586832166
0.12387736462025371
0.11752764456000689
0.11222511195900461
0.1105514906652304
0.11312297148926505
0.11817312718811018
0.1251555639876796
0.1307645962497379
0.13525582368809627
0.13630856122408477
0.1360618738381185
0.13541769410146512
0.1366235603931063
0.14029561058200402
0.14499323926909652
0.14771663638621385
0.14939578929849806
0.14916933812013966
0.14940761643220407
0.14958943686446705
0.15014125667437353
0.14884825105524116
0.14558456539014025
0.14153305357817303
0.13852401174080134
0.13767478527368493
0.14035508336036567
0.14156451647213192
0.1440362731836567
0.1469274653831544
0.15265080777158346
0.15639358395024572
0.1567320837666699
0.15322388955616287
0.1485999686902328
0.1426128183086378
0.1363294504947969
0.13238349227930665
0.13014799024399543
0.13064280789114113
0.1309206231480235
0.130865465787732
0.13117144580987114
0.1317128981689545
0.13257732788600446
0.13399245671172078
0.13295138553813093
0.13103114244379105
0.13091442164565784
0.13198349316645833
0.13449308170385377
0.13611711344112323
0.13554264249694048
0.1331891639899904
0.13038701642749925
0.1279265274451953
0.12612776034649884
0.12626953220744894
0.12682072614351964
0.12925160254058704
0.13205854347860904
0.13396307976156813
0.13337763407141726
0.12986990290979977
0.125498028046586
0.12123876856780709
0.12098060409737266
0.1217879356337105
0.1261038948962433
0.1304004527122686
0.13565135264383898
0.13898664601932859
0.14028381114442914
0.14155386482659388
0.14166593775403782
0.1390721740321299
0.1336675124402919
0.1258840890090383
0.11882424586052878
0.11308163462099734
0.10996437035860893
0.10684796187419517
0.10434025272771767
0.10008524629755441
0.0969442197492162
0.0964052685563826
0.09883755448929998
0.10089807464695659
0.10210021694266072
0.10094143853230605
0.09996468796774002
0.10052501360324481
0.10396084449465798
0.1107541568338142
0.12027121113643081
0.13201548969144034
0.14117011485788844
0.14627814247709844
0.14567325778885662
0.14218688438679603
0.1329275208235726
0.12134506817661345
0.10877700738732521
0.09878689218564
0.09204672730549336
0.08867458034769454
0.08914482403861683
0.09389143223884261
0.09904020330387624
0.1039936659211867
0.10658377561701819
0.10960562569759559
0.11178604716685571
0.11314307994408206
0.1119409036419986
0.10955606591917938
0.10476784389129258
0.102082112767138
0.1006323926303738
0.10254963048376535
0.10541550542539531
0.10802023508587769
0.1094605334084394
0.10982649479077922
0.10926331909505324
0.11003682115871823
0.10945555914795861
0.10786916219288971
0.10451436362202429
0.10311323642602986
0.10096817164039655
0.10182309760030413
0.10467397399928673
0.10823217529260507
0.11323129922622184
0.1169468662293297
0.11848242542137204
0.1150288581096661
0.11097953326597515
0.10858131370263842
0.10758540299810752
0.1062472620178155
0.10536013668896076
0.10556468678063706
0.10780217549981114
0.11196466844577187
0.11937972471519942
0.12744507781195605
0.13333443480970786
0.1340084068778778
0.13014014958705475
0.12479959189162076
0.11883590527155516
0.11628989070309217
0.11644370380686403
0.11986089097161129
0.12364881659439612
0.12722641117539618
0.12866697875508742
0.1287099604239779
0.1263630265006162
0.1235972584935923
0.12066500584298706
0.12006452360150852
0.11998089204534465
0.11982518081172588
0.11583283995910897
0.11200430831276723
0.10725395295725143
0.10727942375720091
0.10724378409806486
0.10876876864358612
0.10703193954313955
0.10525927328645085
0.10304660667412349
0.10116735039296415
0.09870498592449518
0.09526761452921666
0.0928510088795279
0.09287588218094889
0.0973678326721398
0.1035876333874733
0.11051983484575062
0.11427235727723799
0.11593714071775092
0.11416556267033906
0.11178842352045025
0.11055245442318293
0.10856221453936019
0.10894168249012146
0.10947669994562854
0.11012550117877039
0.10927905913062126
0.10823848965956852
0.10843777685845346
0.10889358973312092
0.10945814646303832
0.110022745051158
0.1113124858142026
0.11420117996357126
0.11828359265606755
0.12368521461879177
0.13306023658958416
0.14239263279255243
0.14652541507831546
0.14451403766746215
0.13638619573731361
0.12766209145455523
0.12217445838480376
0.11997818341506435
0.11938106237833442
0.11679207332259538
0.11132727892206255
0.10243151789090356
0.09375277128471612
0.08520712301191542
0.08249912041825817
0.08423855248599378
0.09031018140048325
0.09490661515396476
0.09796357985186065
0.09810724101658515
0.09805918787712
0.09881005128733018
0.10092723572184481
0.10547639808961386
0.11037347179134062
0.11207911554631954
0.11033498466238939
0.10533742103802199
0.10218093340526264
0.10231583472535016
0.10756364087273809
0.1142224443651918
0.1192873531686271
0.12102067891148585
0.12185248244675564
0.12244718624954744
0.12340976322230235
0.12493245397517963
0.12979186774616794
0.13636185568434644
0.144023179342645
0.1506555607749006
0.15030927019477824
0.1449530617355377
0.13670480580834848
0.12985915227503414
0.1248945183107986
0.12130904591526066
0.11967663559723181
0.12111410621344379
0.12268574411832
0.12316305760957576
0.12344413618609536
0.12314409159653164
0.12306501529377364
0.1225783972088175
0.11913365841897777
0.11236905067783397
0.10260910336296322
0.09519752214283488
0.090754611817422
0.09115888052560743
0.09529326458135015
0.10141306751141071
0.10520672734521715
0.10562543226492864
0.10284939448031467
0.0987870379106115
0.0959016064292943
0.09401901680226123
0.09394814268144006
0.09509268286469807
0.09670393964585128
0.09829906308774412
0.0992847450855581
0.10066178565683762
0.10141902487458207
0.1026954554287489
0.10344141949843881
0.10376001660196481
0.10559521120443047
0.10936495181290945
0.11218734592535616
0.11429244195499345
0.1151960786731889
0.1144870034170759
0.11162454538101073
0.10715189425283717
0.10252590252005858
0.09887711771548523
0.09645202494087934
0.09473294033158111
0.09289793697843991
0.09106534415571907
0.09089977321558197
0.09285605786488034
0.09585823502111215
0.09879709036963864
0.09859348328867916
0.09859317135052113
0.09652841939177118
0.09495156053945153
0.09330026978745729
0.0923789906483932
0.0929598215497678
0.09461159843980248
0.09645585551701784
0.09879479862441382
0.10160129433880137
0.10530663876323926
0.1110890148259022
0.1186097016639452
0.1252259036440122
0.13101718273155133
0.13221718501089308
0.1319341342497967
0.12680149690100814
0.12176089539645644
0.11404149842331704
0.10837299169713223
0.10391338947181303
0.10349945772780729
0.10576079381605452
0.11017183598941632
0.11438811253168221
0.1170138459719333
0.11674241281806089
0.11519189718764597
0.1116129680185071
0.1099045083405523
0.11134891742666507
0.1148472982475823
0.11882650196240019
0.12196904183908769
0.12386365902681007
0.12379917377143992
0.12160683294889217
0.11792073512937713
0.11329397205879456
0.10855399450628733
0.10646967159089518
0.10478118318985176
0.10293049084298116
0.09939309135537061
0.09434843078541075
0.0906075963507379
0.08953856322047198
0.09255291542795215
0.09884286623451677
0.10420660316912256
0.10772096167022233
0.10665008283856818
0.10503470902320887
0.10217954732858425
0.1016581491659136
0.1045825707528963
0.1093787208526288
0.11448739248464944
0.11655578093903603
0.11662233499553475
0.1151664380811773
0.11374122949593285
0.11372212633709941
0.11490166347842348
0.11676933518316611
0.11994837310032261
0.12530918460653692
0.13251630461816538
0.139008763852537
0.143414047535318
0.14611677595768582
0.14748647395461573
0.15201526540443314
0.15893317385373118
0.16937818968322704
0.17830669451468925
0.18514153021647287
0.1856059872400881
0.17987583375214547
0.1670211403922319
0.14823225806623327
0.12827104302289444
0.11232132902747337
