1.4336280845263655e-31
0.0031701776962299523
0.01117997026724138
0.020631817877591264
0.02840297452070017
0.03307786404611815
0.03571701762046661
0.03851143476803293
0.044380493224682536
0.05583692522877817
0.07365974558330385
0.09461599394196926
0.115670319094062
0.13228936249101012
0.14226756892952766
0.14840408347282355
0.153318809348334
0.15770722654099614
0.1574265065106759
0.1521696116572824
0.14042705559049437
0.1260268410383188
0.10967470176789029
0.09525652779799854
0.08384331194550768
0.07593026205610298
0.07149615067170272
0.06885728731726189
0.06597786242755607
0.06308078637550975
0.059726322172037064
0.05648341164396443
0.0528355038082414
0.04900149814969308
0.045291629555745436
0.04221799720500688
0.04098963493224148
0.04182749906144668
0.044955005904309966
0.04969751400816649
0.05597244344668168
0.06444900381685291
0.0747821499164472
0.08652265557989332
0.0974127967543757
0.10642817118565456
0.11164351756516543
0.11348015729288288
0.11263875910107324
0.11092084193290806
0.1083803143037502
0.10667945340539135
0.10482495344540255
0.10341199508029092
0.10133249316595795
0.09874280454538396
0.09406015337490922
0.08743475314654381
0.07791213737836267
0.06765031958350431
0.05686627942617658
0.04776790485194874
0.04132386415250743
0.038201239010958454
0.03833114735490875
0.040822378830869345
0.044540739025874986
0.04787029831948935
0.05105621443453745
0.05405491166424349
0.05687988735066796
0.05987850166396446
0.06222855782063525
0.06410064748823485
0.06578125177362859
0.0683220913430659
0.07142110235430071
0.07651402721960097
0.08324777358503552
0.09123581349451725
0.09961303710123438
0.105455648335464
0.10918720476319183
0.1093533853096013
0.10658481189661181
0.10084845763967785
0.0935174075638663
0.08681452779889968
0.08176416516734164
0.07951728147850781
0.07806765085082183
0.07682190347793169
0.07416247715651303
0.07087047582324454
0.0672252254103485
0.06386636994162163
0.06065684331769417
0.05752222286025353
0.05507170162551387
0.05366414055216965
0.05334582648536429
0.054231574269580946
0.05535134096147903
0.056919566197260796
0.0584895416683921
0.06021214036913691
0.06275627564966751
0.06629631391021847
0.0721541373486663
0.07976929001241807
0.08716062863965783
0.09223043224705321
0.09356693831639314
0.09288320507278724
0.09008971794397239
0.08613346222291635
0.08138023252047996
0.0762333936943698
0.07185868380653475
0.06831589554839737
0.0650834917350736
0.0627959402385655
0.06053937003695868
0.06002970433127685
0.059631428693210496
0.059846956575982185
0.05979847309160689
0.059787191526908506
0.05985322698421742
0.0596284799589171
0.06055343148348551
0.062117007874995134
0.06567686759732166
0.06978297979353465
0.07534430655609338
0.08189873924242716
0.0886391852942856
0.09427952416418255
0.09719037196031426
0.0974253285475781
0.0957737990220917
0.09324063039497667
0.09221442056468306
0.09171763494688369
0.0914260897902631
0.08905623161605576
0.08561102052029099
0.08081409530606046
0.07628581398581223
0.0711552267760988
0.06657475411593247
0.06242071509034056
0.0599471565208289
0.05851352128186538
0.057910563098375036
0.05680306991297248
0.05502681415559101
0.05225003160725219
0.04936975209494845
0.04625780977358041
0.04373774225532496
0.04172787836977236
0.04185946583549816
0.044431819659019905
0.04904244997442375
0.05449122387189447
0.059555678226160765
0.06376343094885045
0.06655456795129297
0.0691008157819929
0.0717360958022461
0.0747214851043532
0.07736230291898687
0.07956113195343305
0.08192353824214273
0.08348506789548817
0.08327293917759393
0.08110765909917371
0.07819592789970581
0.07536548349971099
0.07261422911772526
0.0688002088406307
0.0640128573674423
0.05894014863529611
0.054653243434274405
0.05082589155221437
0.04761490730148921
0.044741710376602635
0.04267776394739572
0.04132683712863025
0.04057181786294746
0.04078494161030262
0.04219790275163192
0.045373096084698306
0.049715147252896
0.054528981209162865
0.05938579966679599
0.06460232225285337
0.0699479199363905
0.07589134281860412
0.08075243698540492
0.08513445246901537
0.08873115993536186
0.09233367161534671
0.09511906983625824
0.09673697633212873
0.0966538910121335
0.09419509521750989
0.08957918438559827
0.08331337371593962
0.07583679912712551
0.06881177363835475
0.06242922522483817
0.05692363986057615
0.052006598645775615
0.04785597085983703
0.04471259303334129
0.04248671928537106
0.04090858490656971
0.038935773681489726
0.03682514621713447
0.03429447192889343
0.032152374058523635
0.031174072093147105
0.032153134991930725
0.03522491236557912
0.03987428427927421
0.04509507072779007
0.05040164568048284
0.05544561553961858
0.06059939959731669
0.06559493126266736
0.07127660511885589
0.07712825175538399
0.0830660932362492
0.08784670202351216
0.09113523967490966
0.0922150708368546
0.0908924266745732
0.08805193858603094
0.08427390731479642
0.07983231192113786
0.07565037677387787
0.07234946036566559
0.07019976768178396
0.06873147256831837
0.0668388734674727
0.06369962242983132
0.058990825122486046
0.05328515261703841
0.04729103440670577
0.04204814715847643
0.03874612122206599
0.03744815563509089
0.03784972921068446
0.039190693295655804
0.04044321250809437
0.041968985161098454
0.04338216354464298
0.045769345623284295
0.048885958061980296
0.05291666493250843
0.057777858269032076
0.06322117512362159
0.06885061922280836
0.07372915654842543
0.07778856684694188
0.07954184036701649
0.0796899199870165
0.07803192925542005
0.07492531775528974
0.07148281197078775
0.06925711559897711
0.06734598769497616
0.06570931908436578
0.06307420719749315
0.059628954654610114
0.05592367857036853
0.052377018150290305
0.049667785883437
0.047593024963475186
0.04645752863589793
0.0454774014113537
0.044640755602741736
0.04325459024636747
0.04227569392459179
0.0418702606025198
0.042781023821917404
0.044366146495726226
0.047120805323207796
0.05031720673921108
0.05356323096460544
0.05612745859853202
0.05803314780065172
0.05909411784756531
0.059908733527291355
0.0601503096902548
0.06038019102461397
0.05995672299840331
0.059750009935739735
0.05961674816996437
0.059910493957703356
0.06046420854638028
0.06128072491957176
0.06222199394841659
0.062353864126998386
0.061056844097401565
0.058966716001760205
0.05651844920989244
0.05469622903997974
0.05357605558986891
0.052968031250480135
0.05194156184980495
0.05017372205432789
0.047930521358841065
0.04592871102819966
0.0451159749020921
0.0455273942865729
0.046870524702607004
0.04801805130204306
0.04917277255988282
0.04981403642715158
0.050799113793537305
0.05154626276436681
0.05329540298576226
0.05625223441861951
0.059283990110922835
0.06254595298711252
0.06481845572755066
0.06698705590860107
0.06828105372098368
0.069162170405962
0.06837467873294152
0.06658263004521717
0.06411953070237396
0.0615861195366988
0.057866085571761545
0.053960575610198645
0.05025246960033711
0.04797344423481266
0.04675759671944459
0.0467489261511502
0.0468060525750813
0.04651459216327778
0.0459413462110433
0.04514120394819802
0.044224399599028776
0.04362945916817643
0.04344092080932146
0.04441504685143545
0.0454379691547778
0.046588375197528675
0.04781949385092257
0.04952110116912004
0.051918720413220834
0.05470076714431649
0.057206865846579344
0.05935676033280729
0.060641496013316074
0.061316557289470615
0.06098017906730235
0.06070753854602113
0.06002957159325529
0.06007775844845222
0.06011045389046241
0.05888471292198367
0.056020902685076465
0.05180808425817778
0.04734793541612297
0.0441744911830611
0.043114488207730804
0.04373256041972582
0.046002574809934846
0.047941958450397074
0.049672221801733266
0.04946630135082839
0.0477789634768586
0.04496550223079092
0.042292633405458656
0.04022866466959246
0.039732391661950854
0.04019026121836308
0.04160030043208277
0.0432071846907863
0.04534249006420591
0.048158205533594144
0.05164360277753836
0.05546123165323032
0.05901723216730552
0.062225459098125144
0.064344457914743
0.06558871191814011
0.06612030333973738
0.06677408797573738
0.06605914160280732
0.06484036340234434
0.06209699961344913
0.05884906230688613
0.05506504409350582
0.051415961786897696
0.049021762030054955
0.04794028552778279
0.0480843177843432
0.048780725311068106
0.04973240737433758
0.050712834555969366
0.05086559544277558
0.04983741759683685
0.047428031833997984
0.044310292542635146
0.040964393607117656
0.038992826037726705
0.03859504125897632
0.040581272210019836
0.04450826510796598
0.0499405862966497
0.056222833077537775
0.06130489854496347
0.06386828043511497
0.06302486414772354
0.06012114737507256
0.057277215767924675
0.056033891745148376
0.05537486424535693
0.05429032027417126
0.05199538554464195
0.04921691520030039
0.04668292075049076
0.04480302746283186
0.04348379615606585
0.04187281622178993
0.040505704322900696
0.03942268771633456
0.03832465515086162
0.0379126990384757
0.03733193362493258
0.03720583811464896
0.036799904804126024
0.0366879409100856
0.036844008755575815
0.03745664460574085
0.039030389337125306
0.04166451813806547
0.04463781412038059
0.04755855683776855
0.04973202816352536
0.05150475094600986
0.05244178486461118
0.05280819788893424
0.0538824671151264
0.05602941613721843
0.05888385570160266
0.06100644911521549
0.060867536868361626
0.05935242845319758
0.05699538877199837
0.05488466529914249
0.05341648249555427
0.051918109674375816
0.05045384397713024
0.04956376502182169
0.04865627441779027
0.04705676618425042
0.045089993113149256
0.0437039595601651
0.04273531974433561
0.04167440784863473
0.038971750853915646
0.03587821248200616
0.033613661037035496
0.033987778694064066
0.03686011971716827
0.04125355314927727
0.04552406937923562
0.048802235349756105
0.05078004243408058
0.05213608240104002
0.05250112978132873
0.05224901732666208
0.05137701411493861
0.05057316729614434
0.0487125967713885
0.046174796096306724
0.04419689628579227
0.043754693373203195
0.04536478537921035
0.04789922549247448
0.04974081956866467
0.05117775103566612
0.050900920615909555
0.05020797315819825
0.04905287874008706
0.04844152289149864
0.04828898969349168
0.04929210583906301
0.05045962293061979
0.05145154408005704
0.05217634605056861
0.0526956127501124
0.05395062523374908
0.055292890607032553
0.05671237923826454
0.05598164603727707
0.0534562452918676
0.04978707347816006
0.046471062357179384
0.045321285394476336
0.04653909861286955
0.049452914754213685
0.05272555101082644
0.05446724266671944
0.0540841097220702
0.05276716471162627
0.05221656148841106
0.05233573161405281
0.05268125632379529
0.05301784295904517
0.05316967734199687
0.05227940201436483
0.049516360362025114
0.044981982444000104
0.040397623264496266
0.03741347139003642
0.03683324436386108
0.03891474747038149
0.04245907185359131
0.04638827928600497
0.0496098010331758
0.05220333964959506
0.053715930202983694
0.05396267653503351
0.05358586775762262
0.05329174588858773
0.0534776349729105
0.0538834802110442
0.05441702970929232
0.05508444042486846
0.05564427900345516
0.05575712599185464
0.05551675672096409
0.05518535472691441
0.05531693300085148
0.055142074949085185
0.05483886816826263
0.05414775279736146
0.053479861050259155
0.05283675438042461
0.051349875983789144
0.04861552877223093
0.04507190467511036
0.04189966252120408
0.039850989220948534
0.039494621962103696
0.040789271557706196
0.04354417860351575
0.04671111261783928
0.049674722903229565
0.05247553549530157
0.05382758366816743
0.05397315940222805
0.05297720357590827
0.052405550140977177
0.052099261544307704
0.05164913023300049
0.051150516028612425
0.05086513608665419
0.05080495710611031
0.05110083610610009
0.05027516821612362
0.048355939667295914
0.04565000290663215
0.04292148258333535
0.041659097212797466
0.04230015968911105
0.04402214895291141
0.04531811701968737
0.04560357996725688
0.04395934087416838
0.04268389838859874
0.04198514203844806
0.042656910260365666
0.044533627544070135
0.04730446794154801
0.05029091855184091
0.052624783208987745
0.053360422190988556
0.05305238751102312
0.05157030327421721
0.05011384560063408
0.04878656133676544
0.04809662347590434
0.04824687323715968
0.04930517335718264
0.05180155079441541
0.05380247034014348
0.05561368071542233
0.05603495689501474
0.05597105403912769
0.055618029792843755
0.05573010093391555
0.055774645122420856
0.05569814287525054
0.05388931258139564
0.051177276811438195
0.047787340127936964
0.044209724258003985
0.04127595202950773
0.03967977568130278
0.04040929706104617
0.04287555273838674
0.04609429320220919
0.04866165912202205
0.049320018195323945
0.04798162075437445
0.045580037039590016
0.0435309114503137
0.042836444498274256
0.04492493899316924
0.04877039813343549
0.054829336360598356
0.06064693107288498
0.065901229665108
0.06892188690974654
0.06979527641150304
0.0686208251436023
0.06688947078677039
0.06466761979529141
0.06337299311579325
0.06223579983509507
0.06120333426991614
0.05895447625722036
0.056297212142479514
0.05389869861421566
0.05259001938315387
0.05236650808952194
0.05351182420104637
0.05540888750981202
0.05809559106001572
0.060220769582452593
0.06092561498308698
0.05935610211800409
0.05578773361138798
0.050714787949455754
0.04593294019857926
0.042022702639952864
0.03948074957569588
0.03870144150277515
0.03955334006379782
0.042054481435553154
0.04525172668679493
0.048124990037863254
0.04995529960167279
0.05069677107049331
0.05092742666633055
0.05101398184680893
0.05173389512375915
0.05357238870656976
0.05708742468480852
0.06090830167957537
0.06429998431402272
0.06624513920401558
0.06657222672148072
0.06586118989394997
0.06385122658196116
0.06187255229966533
0.060318221950245915
0.059154422117391234
0.058830658563616064
0.058635037738048144
0.05896989143716155
0.05877004523256955
0.0585436795971482
0.058082788774991956
0.05840050753673979
0.05889972769110501
0.05958532816512839
0.06014060812266578
0.06068508838663861
0.060461972394802124
0.0599938734162383
0.05900410110629657
0.05864694924998576
0.058143078817261364
0.05798831994870038
0.05685605850399011
0.05502344683507283
0.05288806090585125
0.05162499337290729
0.050963666260076534
0.05124493361111259
0.052252960701331376
0.0543082069241286
0.05473506616331828
0.05318456879006773
0.04953652375703119
0.04625021226430833
0.04462606809180043
0.04593799644869971
0.04882083111615499
0.05143037521492565
0.05270800373446317
0.05285506856935271
0.0528962909640661
0.05358261650063362
0.054055639980659244
0.053198849690062264
0.05109761364284719
0.049376050022526104
0.04924493414800066
0.050719007588956075
0.05253421636751878
0.054364681659928527
0.05717812829166053
0.061793528719406646
0.06698818382083495
0.07119278065767978
0.07416894902481448
0.07563873110728651
0.07527640066818081
0.07247268160584668
0.06717256289308937
0.061563538284044414
0.05750394892980823
0.05669910212237691
0.05762745867919929
0.058809646289084146
0.05888859584369894
0.05805798391038764
0.05661236651082904
0.055216889871279165
0.05431166494986601
0.05402790478475861
0.05423949976987939
0.05469328243229355
0.05446760913659843
0.05352714899649983
0.051375978547307244
0.04968318956764765
0.04872919142229811
0.04919155526391886
0.05000901587037517
0.05072757037662833
0.051215731588885254
0.05188597282152616
0.053148444454334566
0.05461464779902331
0.05547312282534816
0.055139599116551946
0.053536958545040245
0.05140775449451776
0.048861780320455225
0.047072229333662216
0.04571737851148102
0.045914711791111416
0.048217743160750615
0.05215534751962477
0.05612787065679749
0.05909283204615851
0.06034295366949347
0.05939782688571236
0.05640885004321925
0.052546539718438035
0.049910137641089175
0.0495539617445514
0.05157337140633182
0.054458131767570805
0.05633122540382126
0.057401482425235975
0.05717951045661036
0.05632029922351685
0.05404510719814179
0.05174428656997455
0.049155536610762815
0.047656516699147715
0.0468664094331525
0.04785002609215491
0.049474636148192364
0.051838042104580886
0.05407177341897655
0.05519111725527251
0.055291330067920724
0.0534126455408085
0.05086675848605536
0.04837149113105987
0.046576818014159437
0.045930712309439396
0.046591348628056
0.04793874928884309
0.04970699909717993
0.05129182225483816
0.052323770915602134
0.05274509688719922
0.053142825484162944
0.05355358492995832
0.0534660146612013
0.05318369940021563
0.05293913341907787
0.05258032989633463
0.051329618419360276
0.049177578139752626
0.046570204435693555
0.04518693861581778
0.04523965639548502
0.04660601055921665
0.04871152537215333
0.05129591975258526
0.054057371230097906
0.05633885608163178
0.05769286441880427
0.05768562896975569
0.05665247151555873
0.05484613101946098
0.05346046218988935
0.05152008622759105
0.04919709877014337
0.04618242850747024
0.0440896910611887
0.04376268523878857
0.04569605363951772
0.049178489811164953
0.052925409608204445
0.05652807435751865
0.058147809429789164
0.05845182845562668
0.05686955714979288
0.05527831739046856
0.05327419343494216
0.05246384630782563
0.0520441956759355
0.052204901593293794
0.051713954250955485
0.050944694427643517
0.04975655658941829
0.04899237888957423
0.04905182536007201
0.0493660042131724
0.0504867623285011
0.051402591394208656
0.052797522024455014
0.05452048644108411
0.0568448955494222
0.05884130001942783
0.059963901245820087
0.05854403000473854
0.056028853150541694
0.05216631153335852
0.049520171990774894
0.04715809119655759
0.046960954042634215
0.04727678413316217
0.0487960699551052
0.04983052237490858
0.05108695256443023
0.052087279220192614
0.05290928331618147
0.053417163164907265
0.053511535728031204
0.052648768472655455
0.05104786981688456
0.04944837188410439
0.04851196792738474
0.04946594972176011
0.0514443630691037
0.0553546549140667
0.05895078294888618
0.061999872685758524
0.06220242240563828
0.06090005131047948
0.05793408207539665
0.05498398671770543
0.052619722821184614
0.05148738203506985
0.0518327284848268
0.052843875272051914
0.0537453425874384
0.053688287607290656
0.05331799047408115
0.05246444216819443
0.05257099611610754
0.05117165156367513
0.049818550307548205
0.04707149940944165
0.044679649350812214
0.04238501289991684
0.041850038555615185
0.04298956504283337
0.046414295236352716
0.05047756048014459
0.054028698655217915
0.055729304018335465
0.05497507719659662
0.053302479874617774
0.05287445787264827
0.053637456428599295
0.05632198336438965
0.05870186372771437
0.061408123498719935
0.06255135218586926
0.06365762641076131
0.06359157793756944
0.06335210437773221
0.061788216077842587
0.058986706002425976
0.05550993046311573
0.05206363781104862
0.049114168460750056
0.04701658771971475
0.04525259812076608
0.044108967620919315
0.04326384843830088
0.04285277358972572
0.04255089274378531
0.04209611785600073
0.042691398924930395
0.04401209814552536
0.045714341091576995
0.04752705881821025
0.04874921668442896
0.050151720021583135
0.05096427822397129
0.051582491853036844
0.051428702818644256
0.051234600676816754
0.05193996340653715
0.054137331869972716
0.05657580135463697
0.05787418866650584
0.057498719875755326
0.05563797801676773
0.05275631588285503
0.05022001226606807
0.04817374850772449
0.046544696266493296
0.04530365550528375
0.044966978962322046
0.044916506429636835
0.04537302280385628
0.04483778729445337
0.04386205282608651
0.04282885483927674
0.04281866251539062
0.04395188292110443
0.04615098776126193
0.04919079822143239
0.05191980366729958
0.05368940359597822
0.05471136180717818
0.05469574880894738
0.05434376145605655
0.052873984850331
0.05139938737003023
0.050155973732927746
0.049852263041470384
0.04992542407477743
0.05034286766473837
0.051318482361613314
0.052840877888833446
0.05518592914708035
0.05715536744881613
0.057657571623857935
0.056409540204376406
0.05393818895039509
0.05263115450379575
0.05265718985450575
0.053338511331604874
0.0523553184649962
0.0488682007233177
0.045361560765877294
0.043059562945080586
0.04419688643894201
0.046481036877533605
0.048924703973832605
0.049489076048992046
0.04812410490264908
0.045019874882323965
0.04231252459251839
0.041373345442611946
0.04336403976488837
0.046733827885358625
0.050388500065713215
0.05281237482782377
0.053640750050349274
0.05375999989199056
0.05260004813979548
0.05161026384473283
0.05085725166295418
0.05093594463065644
0.05148767776509107
0.05155462170036677
0.0512229948912869
0.05110996385412477
0.051517898252451434
0.053167296489193695
0.05486437539153168
0.056324307043340884
0.056467014776836535
0.05458554332129789
0.051503675190813274
0.04870799666567823
0.04754045896721825
0.047188032214024685
0.04760231136528486
0.04761633601041213
0.04783933521001427
0.047785922318233205
0.04765854245004701
0.04755653830908003
0.04779042178482312
0.048168697254015014
0.04813509478846979
0.04899124624415714
0.05095035204230214
0.053395722905845794
0.054677758150100855
0.055269168164984714
0.054951965329499156
0.05480595049029532
0.05441426556068287
0.05504621059447512
0.05604139947132443
0.0576471314764032
0.058308892548528994
0.05848717388569125
0.05760306822040934
0.056358936617596556
0.05496867907974399
0.05421267594304954
0.05366473391491256
0.05296507506885424
0.051804250846742665
0.050766313834873636
0.049343965115191006
0.04794971822363716
0.047268477783859654
0.047380567292219254
0.04736622456362144
0.046661059766621854
0.044462945051982075
0.04241008667568801
0.040720295767149126
0.04072221519426025
0.0414471993508452
0.042757086952732073
0.043634784775710304
0.044309394625651685
0.045000520489071515
0.04688978953051538
0.04954789634645612
0.053127262495913596
0.055749105110012694
0.05752710696217816
0.05805257932990183
0.057761182729596565
0.05696348800103809
0.05652896369921026
0.05705862602487643
0.05888236385559864
0.060816443259389084
0.06203692427990889
0.06204913134073769
0.061114098553163076
0.06060944777958405
0.06018500350028998
0.060073807162624525
0.05988843748759281
0.05865226339963898
0.056721915718268734
0.053203423081632326
0.048674192277559224
0.043780411604255526
0.03957128078297519
0.03733833542317503
0.03664975719261064
0.03767814200968766
0.04028091740453909
0.04455384068770412
0.04945753931063379
0.054336546540841524
0.05761486318963889
0.058779975699400744
0.058181522119068914
0.05617934464082006
0.05382074451041613
0.05097170527130719
0.04901193275918758
0.048249026087058534
0.048520565673383705
0.04925039619383255
0.04971068041917051
0.04940578200822415
0.048720389935500825
0.04808825806082647
0.04807195281675636
0.04867722304346812
0.05037825514543269
0.05182134031190403
0.05248151035765366
0.05206121657630201
0.05067729908771911
0.048857348908111754
0.04642092792300595
0.044188931020846894
0.04260370292548269
0.04211492631191525
0.042953470662220244
0.043904974058310425
0.04455929710403218
0.04450647754632476
0.04503053694845616
0.04582718061839814
0.04675553960027989
0.04752721771516096
0.047570818303578746
0.046958047839756954
0.046406731647959554
0.04640584851845929
0.04778876876638456
0.04907114940691271
0.04964356074942703
0.048356203544810024
0.047224276913395105
0.04634735192063561
0.04705765706415
0.04846133284465074
0.049539359467265044
0.05008406539208506
0.05022193156926311
0.04985948148439027
0.04998515605412004
0.050358482407586405
0.05129697982466371
0.05180358753023889
0.05177665491696708
0.05120327956635286
0.0502068940651563
0.04910109244746233
0.04809520027938688
0.047877428029912336
0.048222611764616195
0.04915557553272878
0.04929727233222413
0.04809797407602223
0.04715234751991468
0.04697344575753723
0.04860945278599333
0.0511280714369789
0.05302686608533018
0.0532654753750122
0.05110981840794369
0.04796122682543905
0.044722319600725015
0.04276277539788071
0.04224119428236424
0.04215705435656052
0.04263789555944671
0.042427907207039844
0.04227589478078241
0.04215469414748109
0.04192532673936013
0.04194207170983206
0.04208087686184401
0.04313759668727897
0.044649701288924704
0.04659605984308031
0.048498404411465
0.0506087878819463
0.053582691324462285
0.05638199685549985
0.05869797985920462
0.05990655304400451
0.05984941763038017
0.05952090858421354
0.05848400327811565
0.05741891084777518
0.056167186676445456
0.05602793643654345
0.05638329176452094
0.05715260089629829
0.05879019632457258
0.06106516552488812
0.06372987733815062
0.06480649782034253
0.06368858871383459
0.06035648351752326
0.05792826515231911
0.05570924819600113
0.05486345961710273
0.05377259660096846
0.052569118743403906
0.0512472984467977
0.05019677743737225
0.04914562566813135
0.04894068354509946
0.04913796669547853
0.049976014568685015
0.0500730500197662
0.05059407411286018
0.05110986740042255
0.052056218456848616
0.052644385484008564
0.05231672293289399
0.05106674973264177
0.04890627209790873
0.04684866971925905
0.04594662582769713
0.046705835667904094
0.04839658038394419
0.05032624664495223
0.05176333362101879
0.053750823288543005
0.05568295815287887
0.058079825008587875
0.05973634111776131
0.06008408800374076
0.05952715535579793
0.058378881298526024
0.05731577306682768
0.057074808088985955
0.05710181997061347
0.05778066131510053
0.05814782655462733
0.05910479387836367
0.059418246172447946
0.05902015562246136
0.05701824645048206
0.054519626939608525
0.05135701280807932
0.048047517886670915
0.046030782245456536
0.04480403076315927
0.044850568326667964
0.045428159041009435
0.04717393248934551
0.04953160744563686
0.05270240934830018
0.05575556056352418
0.05821544431832858
0.059064819764356784
0.05889532014091042
0.057850393479816985
0.05725520618533496
0.05809230408583395
0.060303665120031456
0.06365193938446478
0.06672576853894414
0.0692272312189491
0.07019312178293287
0.07031971919184922
0.07058059189435976
0.07110664718858369
0.07151845903459801
0.07027163276902282
0.06811138679787668
0.06519675698294923
0.06310765202379952
0.06186080453589322
0.061914120131113894
0.06250050327789869
0.06211666907369149
0.06105906404008334
0.05860206219335809
0.055964643294048544
0.05331815630186251
0.051853679053996606
0.0523549184581267
0.05411923370269542
0.05639322707963878
0.05824887397009775
0.058879856831584934
0.05810393721613233
0.0564878105616388
0.05472386191974277
0.053651820285577516
0.054070882531253146
0.055540740279318816
0.05789306070310793
0.06057327150930072
0.06258532094792779
0.06480653528573116
0.06528850971380623
0.06503992447703225
0.06333791838755974
0.06157999517380386
0.059364293315549266
0.05715666322869596
0.05540861185683187
0.05461268305286799
0.055334374144411475
0.056250037006875274
0.0568529678974959
0.056139833923639144
0.05498599951360772
0.05385186797803754
0.052119018387768806
0.05051453251862168
0.04925065609292123
0.04961980036528758
0.05128887898591548
0.05419517878475048
0.057731089687498176
0.06126343193650239
0.06447389845969555
0.06665999968090165
0.06891459327247565
0.07117851075461697
0.07377055690944309
0.07575855511748625
0.07748731134311788
0.07823845785014757
0.07825483464424234
0.07662955946729724
0.0737498319459489
0.07003130911922441
0.06686043773358705
0.06484068569559007
0.06329989243480688
0.062358481048969946
0.06118555625184052
0.05984665349100984
0.059257312942875166
0.058587884631431664
0.058489908259668134
0.05765836185590715
0.05669961410006288
0.05507328140566618
0.05311056150810332
0.05067329929037277
0.048754788470417414
0.04772415492965231
0.04794280087475333
0.04968882704640718
0.05266868822013925
0.05621751538180879
0.05920619151353761
0.061180040909779076
0.06187702979312908
0.06150258873049345
0.06049724237585425
0.059843058064451095
0.06004401582156785
0.06147892356575649
0.06372198337069722
0.066302278602613
0.06713876586254182
0.06634357391863888
0.06338015746101024
0.059804810070836725
0.05612840427806956
0.053959593649574054
0.053286670257442
0.053383865434599345
0.05390401716250832
0.054823734844212525
0.05649338791356714
0.05756782281412674
0.05771712500974553
0.05616842549633339
0.05442681113646274
0.053512494262728326
0.053486040163479374
0.05509349686402741
0.0580462324357548
0.061498648590480945
0.0651260453868836
0.06804709842015164
0.0706833732813693
0.0716972091400154
0.07046990734164464
0.06699146588055835
0.06167544254549566
0.05618909450533662
0.05204453160322565
0.050351228219890576
0.050957460892357996
0.05244583635300966
0.05321032488156709
0.05363282316202337
0.05395438953496282
0.05416840459430882
0.05435745697358708
0.053363529962114346
0.051566561780230426
0.04900810043465239
0.04597920037926795
0.04413778753480201
0.04388476054855726
0.04654649574120976
0.051067989994303495
0.056608276789966695
0.06044365423154094
0.061592367820202276
0.059790071370159105
0.05588278082274061
0.0516039771259554
0.04803686080718113
0.04579440349389457
0.04430913308225244
0.04353552880218948
0.04355601630018288
0.04467517797371093
0.04750436455195108
0.05201781725519973
0.057067823913161723
0.06175598606388972
0.06428007888762075
0.06466086234628664
0.06227555521919714
0.05901328216913906
0.0544981641522582
0.05073907438744191
0.047544033675059
0.04644410469606295
0.0471444543892882
0.049275672045148176
0.05143482023290358
0.05301592748400693
0.053727824536487515
0.054342320111335586
0.05526112381407963
0.05597122461624641
0.056016033869223235
0.0555486726071661
0.055812072820768464
0.05804923219226335
0.0624164655322746
0.06793839010362206
0.07220814538829307
0.07501707545159723
0.07527452649224355
0.0742630937344585
0.07208896874150436
0.06982532864394422
0.0662292884607331
0.062291316865428395
0.0573980038958173
0.05227830291710497
0.04649185523045978
0.04223886439103486
0.03991395797724418
0.04023863829258947
0.042057985991173594
0.04438202331986177
0.04604015571925681
0.047049701206565736
0.04747977814933697
0.047057350292698905
0.04626792684727306
0.04449433451354869
0.04318097484320875
0.04242577289447109
0.04383722829848168
0.046544865132032404
0.050994154341679726
0.05577783615608402
0.06005983642073649
0.06273301567544068
0.06267452849608933
0.060400163130838645
0.05779454132417754
0.05537132548770165
0.05464634450331131
0.054759209925713835
0.056366614702227126
0.05899846907336882
0.0612350024720424
0.06212490636955867
0.06121856435574292
0.05926109120668889
0.056827878094272304
0.05444261085019837
0.05181255440746778
0.04976228881589349
0.048464686166423784
0.04761783676332348
0.047548186137641925
0.047770142938324676
0.047618960131803105
0.04847666830735218
0.04980688977345803
0.05230251698997332
0.054082212564683936
0.05536734951227393
0.054689950595380586
0.052999020336976406
0.05174026971664567
0.05176834700125334
0.05355322470981129
0.05617820289850844
0.05813845848720291
0.058313331257947965
0.05741239022756575
0.05566722050921167
0.054941748530472616
0.054330704420328724
0.05488825822041161
0.055553765494016125
0.056500392326270056
0.05606281760217568
0.054095902314429505
0.05081873180629361
0.047634508374511116
0.04532942931710856
0.04437166517183557
0.04423030200048825
0.04379938669597833
0.04283502313541024
0.04168757179560624
0.041972349514962606
0.04453113596586664
0.04841666187187611
0.05127126199287681
0.0523282001417093
0.05005660413143516
0.04625051523593784
0.0419345946189833
0.040935355390654085
0.042922882860238466
0.04858767540350894
0.05432294587171831
0.0592598074712442
0.06094438665794587
0.060993291638031945
0.0588996985563038
0.057043999986555384
0.05457058656663455
0.052878366452615275
0.05069941545819671
0.04925713366410377
0.048761522889023516
0.04974975493514089
0.051484543766716254
0.05313898445218254
0.053787867762844235
0.052662065227709644
0.049145542292569656
0.04506168056056159
0.041398393548648486
0.03996223560305221
0.04124430512149141
0.04452428569268065
0.04745584132358745
0.048998463827402784
0.048947697522758
0.04731666662030495
0.04550159460579656
0.04418598024241528
0.04453124260634695
0.04641384385286227
0.04990682069118492
0.05253678662231976
0.05353759648941784
0.052543631138791534
0.05061059142319386
0.04878238838357961
0.04807341141152816
0.04875515324541754
0.050620126671249294
0.05268741816202951
0.054493521765886725
0.05502707432072663
0.05405298461628734
0.051515472708137416
0.04873390230997134
0.04653806335585519
0.046578265053340985
0.04846566378778216
0.0515386023426052
0.05412120326256427
0.056053661548138525
0.056314779102634625
0.05627612695265297
0.05513364720399873
0.05522774655328126
0.05591658364905231
0.05706787082534061
0.05719056056105
0.056643418179218384
0.055730016604067824
0.05461509242202564
0.05284897503027103
0.04957913900002909
0.04605712359630523
0.043129382998906694
0.04212542391251
0.042465165475594174
0.0431968686636451
0.04399141065022395
0.044502236658043384
0.04526221066398029
0.04616302806940456
0.04726325321536766
0.04764950658476987
0.046714870017456646
0.044264567972025444
0.04117202782282636
0.03940967018886285
0.0401093856404628
0.04321218671331318
0.04744894271386283
0.049911146723311865
0.051163341931491406
0.050203940373767124
0.04962291584696215
0.04866683312490662
0.04853913877739698
0.047947922079713816
0.04760497730109728
0.04641087499022074
0.04509820569317577
0.04409129580423461
0.04359347812658714
0.043718863284070444
0.04456151858772419
0.04573938561338614
0.04632366858099847
0.04647233195530987
0.04647144550154558
0.046611501122905165
0.04726617588605052
0.047487731862113094
0.04822346696344973
0.04800812153384366
0.04852320123654742
0.04849674478102965
0.04851278782392609
0.047199617834577316
0.0442860004133161
0.04128346044222101
0.03906786349759286
0.03944250575031506
0.04036185521800823
0.041693111498627033
0.042371369373352334
0.04280084993333629
0.042360241122159796
0.04174460863454282
0.04108209552043679
0.04185580391833131
0.044227268978694556
0.047717814238658646
0.0524940299201069
0.05755351199988904
0.06215668360125566
0.06512249408697404
0.06536760380854403
0.06331937947871762
0.060030158463414376
0.05731190366158773
0.05520688455882218
0.05463866315919339
0.05458230581016366
0.05386909264786346
0.052296887202160504
0.04985461954638796
0.04708320914958742
0.044537154778950906
0.042555849081125474
0.041060082163098026
0.04010095092918578
0.039848677243699095
0.0407034478495705
0.041676955441358216
0.04274081774538466
0.04353057309495962
0.04411648197682826
0.04417107023943409
0.04359651621169375
0.0433125117701049
0.043449121686446615
0.0445892363920037
0.04676063350567615
0.04886325478814528
0.05138871983676646
0.05377786415367756
0.0571019216583295
0.06103291737838605
0.06391848697586691
0.06508813153165652
0.06333149152542217
0.05995425855388545
0.05576717040978123
0.05266960002809772
0.050956938652279946
0.050588888893651165
0.050831977411706766
0.05142659535373413
0.05171346382734336
0.051019129746409236
0.05037151978074198
0.049250585852359086
0.047819658078587526
0.04536843351993117
0.04255834878954346
0.039695032049824414
0.03776231508553025
0.03755815719310124
0.03792994001354058
0.039355383665652915
0.0408613966447255
0.04270506436059064
0.04424102734010893
0.04542359313585477
0.04686524986880441
0.048834872626274346
0.05215507519189623
0.05584258769937995
0.06047783105143145
0.06372617229705178
0.06588200527782624
0.06583385779179994
0.06435330713411261
0.0627561301827879
0.0621241620423656
0.06327085954701171
0.06509500014686351
0.06592527486185466
0.06540110683209435
0.06308496192738197
0.0604493081472772
0.058263967526177886
0.057595087926874296
0.0585094587020555
0.05985917197710355
0.06116139050308705
0.060926135623222244
0.05921346093147585
0.05594432356938588
0.052861791909197584
0.05062151281189211
0.04992276317425996
0.05039715924077071
0.050948514340382174
0.05140094650001436
0.051078964240306786
0.05090563025259931
0.05083591383482842
0.05165168415012881
0.05278731155520011
0.05406416772555893
0.05518466839547832
0.05612640141023263
0.05798692047353238
0.06089545777593563
0.06429773143009483
0.0673422460499814
0.06914119007512604
0.07024154090513215
0.0705199420786914
0.0708573954999638
0.07154059904591784
0.07211313102069
0.07114538653636614
0.06904893248046859
0.06542975931572315
0.06271695742711399
0.06126769798987924
0.062142664037199355
0.06502763117976453
0.06925790680878469
0.07340474327302751
0.07560202322445944
0.07616417992232077
0.07466553057414833
0.07241292586764733
0.06882774824156894
0.06550116525508805
0.062294143938339805
0.060128154086905375
0.05768598671039577
0.05455225682698651
0.05171351594339322
0.04933109907296883
0.04865574724474324
0.049534242645209794
0.0504874725383077
0.050977712083415026
0.05006157572082451
0.04720973143912603
0.043905665464304335
0.0401478750229302
0.03802745066714855
0.038039391079320285
0.0408302594904936
0.04597113708165872
0.05252410905511435
0.05904694746278069
0.06387554578344454
0.06726205277369572
0.06890916917810075
0.07019006020218871
0.0707035790607108
0.07126940928608065
0.07130130974946633
0.07114001388813182
0.07133914200494605
0.07224603463452377
0.07356291003755194
0.07408748481536437
0.07356270887301122
0.07070345859019697
0.06699682717475547
0.06356564999625205
0.06114788347589557
0.05930846827964233
0.05738537742618158
0.05511214573062541
0.05196389513493388
0.04803060419305941
0.04344262558217129
0.03923664691033553
0.037074827761220105
0.038221342563466716
0.04206756119210453
0.04658460018704268
0.04939514687348505
0.050603911363869374
0.050285908696526896
0.050016390786223275
0.05033164711149289
0.0516072227634907
0.053747398538975394
0.05710936229893499
0.06139505101849865
0.06439474440781504
0.06559595675527154
0.06308086904066984
0.059592399888561444
0.057127290023651585
0.05661587623484426
0.05885575473234065
0.06236236384972024
0.06522679744644427
0.0667930200171776
0.06544887173571078
0.0634952191957604
0.06088767398650962
0.05948522307019885
0.05778166419700237
0.05587253413531889
0.053395848923592316
0.050913377178214106
0.04883861616631713
0.04714353564283936
0.04638222906974997
0.046455001184646634
0.04682282482721559
0.04719065507548249
0.047198415821262676
0.04704370261015208
0.046267789574589775
0.04549601498175886
0.04473561119201811
0.04436789860381056
0.04554898473580813
0.04690988102161471
0.04867276338626868
0.04983998978910355
0.05083244048874283
0.05123522217169723
0.05173895613439381
0.052306980369938146
0.05284169659498881
0.05309699164671002
0.053522582504239025
0.0539562372192741
0.054441867426150856
0.05437032492309848
0.053154938336350675
0.05182833363592516
0.05008566706410943
0.049081652492158734
0.049138811088526246
0.050535018504615024
0.05278877406493027
0.05580498201581208
0.058175136368345204
0.05945873400801192
0.058417182329724746
0.05713010264220222
0.05481166469798652
0.05335456426117727
0.052280411960288924
0.051859734801086764
0.05248177954128127
0.05454101653123313
0.05689455687019064
0.05874485373971079
0.0586231193190408
0.0571874870881241
0.05409979188181561
0.05027714509644038
0.04627341026633098
0.043348292361767266
0.041458253906456514
0.041242307082119095
0.0425298632620695
0.045905019673568345
0.05012547206633375
0.05424106088536404
0.05706347839418351
0.05800228001033496
0.057816130632335164
0.05584245686919889
0.05318216937052828
0.05050028178210603
0.04964502557241142
0.05140820801327804
0.05555089342505769
0.06129966565495229
0.06599437262709425
0.06810829423777394
0.06628595377559848
0.06256304087234955
0.05793779634786774
0.05493491687536054
0.053463399413784786
0.053461466947635095
0.05351739983578557
0.05217684056286703
0.04991808264902409
0.04739062751705459
0.04596541811151338
0.04609969357887789
0.047491077458574164
0.04940869460174882
0.05094416021070518
0.05195179026952446
0.05163378770046509
0.050365489526723844
0.04729166328396346
0.04475172666006849
0.04320786055949004
0.04370491291426767
0.04595115556312503
0.04915349294025383
0.05330992517225766
0.05638794257624308
0.05877514755242529
0.06027553843813475
0.06127985782222108
0.0619480312145896
0.06145838605764362
0.061364787701982074
0.062126422002275014
0.06563275195981254
0.06948529890012153
0.07392093228446982
0.07732236571902426
0.07989204409224014
0.08116270450433813
0.08085465614234538
0.07924121884992853
0.07666785968492068
0.07358381439188426
0.07029609917158255
0.06753324179008467
0.06450727945658064
0.06182965344153542
0.060022714624303926
0.060108743027183276
0.06178990343051316
0.0638397393020254
0.06448325113536924
0.06339227608209662
0.06008984089046066
0.05616432357429332
0.05231498076000616
0.04998922871855765
0.04913585787585404
0.05021738806375036
0.05188516835142833
0.05425172310773145
0.0556024303573246
0.05613310517385643
0.055302822767365735
0.053779060547196715
0.052129251126405936
0.050713429989205104
0.05060574889424111
0.051353677755096264
0.05260471437544403
0.05430044654855064
0.05603338090460168
0.058002454247091745
0.05911764146692883
0.05976606317135226
0.060301436094827014
0.06016440387142542
0.059951034561632636
0.05987463756652718
0.061517848757283534
0.06456831058443074
0.06882797370316096
0.07235899606663887
0.07451766855665294
0.07445640690657923
0.07340825505690914
0.07207362058332481
0.07031296745952816
0.06918504375274355
0.06718755078670577
0.06532798058767746
0.06273595350599599
0.06075895725067761
0.0586430379842342
0.0570232439981212
0.05589290551585278
0.05478127985026707
0.05392035290033038
0.05250285758176323
0.05148809601224276
0.051627798203006114
0.0532284513606331
0.05598995137052207
0.05831295935410444
0.059208718945175015
0.05777437219397854
0.054583628767477785
0.05096836923570482
0.04934945884613753
0.05072086983297783
0.053909141752050214
0.05826060755501147
0.061874818654238675
0.0646837278320529
0.06548009156218379
0.06504655309088728
0.0642877536417936
0.06387842604512511
0.06311858828640178
0.062357365815635515
0.06044113477852313
0.057420770117712135
0.053921636541909825
0.05190110655256845
0.051563767023229394
0.05394063860599389
0.05695679703780547
0.060019422617619556
0.061327707246313534
0.06147502251877267
0.06053376885564295
0.05969320973300264
0.05958426408172201
0.06043924322632038
0.062282105562415646
0.06436618351949977
0.06560531117392157
0.06586807156908223
0.06619284371752276
0.06622468670095293
0.06751547839140115
0.06755734663051494
0.06737183374985943
0.06532448991838516
0.06255206386440064
0.05991181043891587
0.05808028115574457
0.05882162171112669
0.059495487705667115
0.059723551523562145
0.05816499728526636
0.055258012518390805
0.05231146192343033
0.05052512756104062
0.05013848291293887
0.05094718104160567
0.05177095426508302
0.052518963454560016
0.05235791972207266
0.05139416332758748
0.04984598174258321
0.04764548351593303
0.046185808995916025
0.04728516592583713
0.05105068094381168
0.056113000418287866
0.05949342793126452
0.06054762897658095
0.05947207234340886
0.0579409839194267
0.056768083914135105
0.05525588901632985
0.05412638256188035
0.05264580625921231
0.05128931094895028
0.05010932543571965
0.049573100336706824
0.04984641365492195
0.050862428913069316
0.05169119580520811
0.052112054116407215
0.05185685884866138
0.05122466918376622
0.05002182679092875
0.04834032865132122
0.046975083478141805
0.046613599502476094
0.04751092722367657
0.04946261977620184
0.05185230611673705
0.05410540262296957
0.0566391296494038
0.05848848068814967
0.0594603506386063
0.05863539151179517
0.05683151629813727
0.05458709460145201
0.05202499431566903
0.050163343927979075
0.04889086658192369
0.04898112422358419
0.049646858833899916
0.05046696042418133
0.051310443324643795
0.05125799853603653
0.051447909182316266
0.05088151337017207
0.05066755280254466
0.05046313080875451
0.05017732793612348
0.04978298916133159
0.049171972309765305
0.04871637903559424
0.048419293914567514
0.04892807786312948
0.04962224360604481
0.05030921197722161
0.049981069914994944
0.04883724749014012
0.047363325119493316
0.046490459834112104
0.046986573815154815
0.048394009847304055
0.050982623407069584
0.05307902076403633
0.05500117634379225
0.05598278454580171
0.057782655930052836
0.059645648899956945
0.06177471253784454
0.06297423309095027
0.06317072695777766
0.06236381412330047
0.06141213029824972
0.061299773572855425
0.06139844276247405
0.06211276387706267
0.06158687967863128
0.06038620010433809
0.05702515946460743
0.052928338096605874
0.04774612209933719
0.04400759770672403
0.042145490177429745
0.043263269094603374
0.04617988105658685
0.04888403214729864
0.049979835914606564
0.048342604499036726
0.04497086430459108
0.041522272528525514
0.039431613924310965
0.039925657998148956
0.04206163522535392
0.0456308760170885
0.0490935132164876
0.05216015226014596
0.05367613139238437
0.05410406551451058
0.053491925289080235
0.052463820806421105
0.051961802863811656
0.052565437333592334
0.05486976538504499
0.0590776181220695
0.06377824824254985
0.06761836382308059
0.06965584713424205
0.06876043139412974
0.06607245718202504
0.06257496460018871
0.05984102820015692
0.05920421042092658
0.05843786408003281
0.058602887195343366
0.056707616511025134
0.05571083989048519
0.05464090277691647
0.0551589004355432
0.0559788906960659
0.05749907820719449
0.05778552302822456
0.05634566047455317
0.05338683938931088
0.05056911456725009
0.048930313083806014
0.049705723860523805
0.05204956233073004
0.05554071182014794
0.05877801310150777
0.061285053314146805
0.06288316981816448
0.06333238665594611
0.062478849011896286
0.060494898558495276
0.05783330241032133
0.0556228147091772
0.05428671589988257
0.05457344025856959
0.056234784373176416
0.05833505044831054
0.05967729700995613
0.060058634363627975
0.06000402150270428
0.05968962230251667
0.059501891118412135
0.059323466368696606
0.059170182257165645
0.05852365866003245
0.05702224991398095
0.054146711825551315
0.05138561873402047
0.04884378618363718
0.0474214767719404
0.04705290827083127
0.047235812218206844
0.047979244679445934
0.04922690837299114
0.05100887393509853
0.05302058066887896
0.0550412843650324
0.05548266246198403
0.05474250324369376
0.05310051462055921
0.052152890633640744
0.05229006681301702
0.052983026785891424
0.0535422397049806
0.05340069353585179
0.053202429452872374
0.0533385420737176
0.05305512273805941
0.052112948292997036
0.05091269800349306
0.04994337355660653
0.04857753548331878
0.046942302587645444
0.04526824144116608
0.04404177508942674
0.04397096069878412
0.04472494643052283
0.046581572093429474
0.048741573102420103
0.05187355873151515
0.055437968498025375
0.059194097024773455
0.061607301851925145
0.06186982287902432
0.060294653760607136
0.05750819238792319
0.05482212226415633
0.05378229691462703
0.05388440156496005
0.05438288776337485
0.05419941263387481
0.05334268997208014
0.052111925252753204
0.05173375334859047
0.05112502958589869
0.04999209399291919
0.04734438764094816
0.044878873446505874
0.04300855003707943
0.04227812523118026
0.04195047288948185
0.04157403642648775
0.041155441004486044
0.040863726214215246
0.04068706061540571
0.041189845507024196
0.042275125061427735
0.04386606454730613
0.04621169661297259
0.04838574613722754
0.050591543202284484
0.05157534641763314
0.05183028567439665
0.051356122687728475
0.05112715177975822
0.051061187201055035
0.05154925814628604
0.05293902264373719
0.05428568692471532
0.055424149246215276
0.05547840762498423
0.05522417198080564
0.05455143038903787
0.05370590327722425
0.05308340751963224
0.05152760430965119
0.04986348829219308
0.04751926282075834
0.04486955099533792
0.04331130071585198
0.042155211514829566
0.042269377872375544
0.042348156015613383
0.0438780436071168
0.04604469049580909
0.04912087627683467
0.05233669071029546
0.054781906900715195
0.05710223753077281
0.05924491454767296
0.0614536307958926
0.06271451455969503
0.06211165864337475
0.05985917803496916
0.057600467734190426
0.056492596217929084
0.05757998194328923
0.05909671317281892
0.06074057677528905
0.06123794959443855
0.06103682473289865
0.059520462336266164
0.05634780055277704
0.05284775935950582
0.04978349405903615
0.047983233023278525
0.047401579697779146
0.04744901333675083
0.04784798147673565
0.04761268860843171
0.046969016703076745
0.046130447489781096
0.04485262272067574
0.04406806884207069
0.043385762180203916
0.04315448230793842
0.04262236543149194
0.04159218138499371
0.04078541500996247
0.04077359085866511
0.0419715615624371
0.04298989191068355
0.04450123383389229
0.04558113535913336
0.04711092265893269
0.04812742364969638
0.04906136382922683
0.05089788092038549
0.05214217212346324
0.05354909107386436
0.05340463951569528
0.052331685179327396
0.050986045812384105
0.05080524525564592
0.05227861334120558
0.05528078607548534
0.05818034597105149
0.060607316489349104
0.061715200948502344
0.061618038222442814
0.05940821801718605
0.056719462198284734
0.054444377536403
0.054004742156745236
0.05448599561088325
0.05580801217148902
0.05703284704625798
0.05795959096579624
0.05854652382822563
0.05891987494804384
0.05907962190879026
0.05911104453591229
0.058633860082202685
0.057641535979535564
0.056129278346592024
0.054404585667182745
0.0527035876548323
0.05199822856481678
0.05161398542006533
0.05200566892996548
0.052953919274138776
0.054752479071002544
0.05635226820606805
0.05736866515004865
0.05757149298817217
0.05783217154607233
0.05839207230559039
0.05944065567418572
0.05971231969904567
0.05966146320950754
0.05781134868448831
0.05610735747737887
0.05512271177771693
0.05446602020784056
0.05427279951446069
0.05360437056407928
0.05256593758103144
0.05138410403985638
0.04977886072834465
0.048967989369390896
0.04860768247731326
0.050339619489767506
0.05321742794515624
0.05626999555282465
0.05753794954135751
0.05599864240999503
0.05275561896399455
0.04884366631826627
0.04666881877438264
0.047025792956520984
0.04990306876644387
0.05382934629855032
0.05708260336580119
0.059320869838311294
0.05953118703407743
0.059268582172916216
0.0582050619762948
0.05690555392002535
0.05514559557670765
0.0524682525819288
0.04933805779218269
0.046003865472981194
0.04334824829459795
0.0427811305537123
0.043903360364890315
0.04630623968702163
0.0487165796823612
0.05003977148730211
0.05006104004790108
0.04879215906150507
0.04718825028024849
0.04602817273547211
0.04675700198515112
0.0491671454435085
0.05249699557037954
0.055350050933063555
0.05785462243491275
0.059311363836886434
0.06036095262154245
0.06078168988241489
0.060868024692239155
0.059905741731457594
0.05814938050736166
0.054526843012351986
0.04987980613025866
0.046208965812484945
0.044597962880834896
0.04511477668506126
0.04677913426950933
0.04748869517334364
0.04817478634910541
0.04761373204905375
0.04616845758728247
0.043330903763357236
0.04077357393943744
0.04005984905098172
0.040626942227728356
0.0427344970764957
0.04393211084259713
0.04469912661346857
0.044253204307616034
0.04366788884220374
0.043489695464223065
0.045236790119272965
0.048950471585285496
0.054575804282366656
0.06014189135181115
0.06479723043529366
0.06614264520978201
0.06498683555477365
0.06198112146965323
0.05895863916616247
0.057527114579853156
0.05774090208242478
0.05956631141086359
0.061367088304603516
0.06235197495151458
0.06211985275343395
0.06052702169409122
0.05833239386567358
0.05563772682361514
0.05250392487193613
0.048621317331871354
0.044544524704343676
0.04057808236327624
0.03782790821970358
0.03664706843929933
0.03699869206772663
0.038142798911645105
0.039431560131706817
0.04056502786997237
0.042036048383441056
0.04405795759811374
0.046748616404307
0.04964698396770115
0.0525802129572724
0.055673094095945785
0.05797442585246524
0.05973649820776617
0.06010505380759627
0.06026730142402719
0.05956687766761108
0.05911508935973856
0.058889079309277025
0.05828797446853361
0.05719698148092696
0.05468601157945496
0.051489193366380075
0.048149724961692564
0.04669411534638653
0.04657827207425606
0.047916946338185544
0.048878224688734116
0.04905602939698897
0.04789545612578652
0.045636226960028496
0.04368588200543883
0.04233951495401905
0.04252028283496603
0.04379564192417454
0.04622107604466651
0.0489092661768873
0.05128431728894287
0.0523716154234828
0.05331260790737296
0.05449007262256165
0.056790916027041886
0.0597771230975581
0.06342806988902507
0.06699399896777615
0.06958966351123164
0.07160019712279224
0.07190870225995935
0.0710802332922471
0.06924350803850224
0.0669359691465709
0.06494521511051547
0.06367014300541914
0.0625597645852343
0.06143639259219661
0.06060489231037039
0.0596214434019992
0.058149756346431276
0.05522111513956681
0.05103037064043948
0.04667093862429175
0.04313043303302126
0.04143336182844028
0.040379010711356564
0.04102222586111525
0.04260234347496645
0.045830379683439414
0.04933557361598462
0.052827905710468095
0.054994485071128925
0.055304817526324386
0.0542591155544327
0.05246213802132889
0.05082865351092865
0.049258075877203766
0.04890810990944322
0.049473139190878555
0.051103112683826765
0.05173534173735546
0.05282555225508054
0.05245859829232466
0.05290035229159888
0.0520839941854499
0.05144231978188645
0.05069182599548624
0.05043799424942591
0.05107535544454671
0.05214831776435464
0.053329423164025114
0.05446871807731051
0.055775552991150626
0.05685094272703444
0.05625917994980358
0.05422361120432128
0.051078108273913285
0.047426281195126034
0.04516776877451925
0.04456076064847746
0.046074200132388894
0.04830890643486613
0.05152316815244025
0.05363758561499243
0.05505870718886104
0.054715470934478184
0.05376114660680424
0.051363279206188765
0.049226066782551946
0.04774018409542558
0.04830475921774162
0.050005720356712226
0.05225516439371079
0.05376267609469538
0.05452297017975065
0.05373661155069841
0.052440427454914985
0.05033307941985632
0.047844625630362146
0.044816315840238256
0.04275973225162403
0.04239127595524424
0.0443869215253048
0.04710581684285666
0.05005050635905606
0.051438186901016536
0.051449857879804085
0.04969944792979566
0.04693322656777547
0.04502252652277511
0.04475605561814832
0.047303863018172666
0.05108897683522488
0.055076228843430976
0.05649423497126156
0.05659342617593475
0.05518879962202131
0.054158941765231804
0.052690284655858004
0.052272717647955665
0.05181550334210487
0.05182849459167463
0.05074488139261946
0.04987533925030848
0.04894146062290376
0.04849749235531265
0.047782094718728636
0.04768272357503977
0.04712367943088839
0.04714186543744272
0.0464372632346616
0.04610273381550862
0.04582099834799198
0.04634483661046538
0.046545419051789445
0.04591957952449771
0.044312869808714864
0.0427089871490749
0.04107221393667479
0.04072074257971414
0.04138668846644787
0.042172262338903366
0.0429305369659334
0.04435827679429641
0.0471696886282547
0.05155816377592152
0.055430779732027494
0.05736465855656041
0.057377558924864236
0.05600251037279248
0.05485925612920657
0.05382727121828976
0.05262141066168673
0.0514858157251201
0.050829703502994435
0.051543871487535656
0.05344298323303019
0.05586625992955321
0.05806364660036537
0.059205583209871036
0.059424391735078554
0.05871327205759345
0.05805535938201986
0.05697767180898757
0.05552619751261948
0.05321783913336287
0.050286286141951596
0.04834206820502522
0.04766806264806408
0.049360712492518166
0.05228834440547818
0.05569714316863621
0.0586561346486935
0.0603561808031335
0.06049820619248974
0.0598573053886651
0.05835252849661631
0.05731240312775246
0.05608101383419023
0.05573443659691267
0.05501383469917639
0.054552365788335104
0.054034585883253175
0.05368769745803351
0.0536453760240886
0.05414198296968539
0.05559650213695272
0.05818660126961639
0.06045010969213973
0.0613486998844491
0.06013416404169215
0.05792552547353296
0.05474257164139484
0.051112707071373595
0.04861864636191327
0.04727334026688632
0.047611448975936624
0.04882660834959771
0.050354857253910076
0.050975349674999594
0.05018882834815212
0.047733334620489246
0.044736472874236856
0.04273702606943637
0.04211846092388493
0.04312656556222338
0.045093362848994595
0.047807497515723184
0.05126749449394199
0.054015367667144244
0.0560018112042889
0.055605808576967654
0.05428657329860748
0.052299439191969284
0.050739024395844046
0.050369971833937724
0.05226896549017043
0.05511150838614624
0.058401193807193684
0.061786308462370404
0.06427123788749763
0.06560787223183426
0.06445262768584072
0.06226933215485654
0.05949205937268849
0.05721312278180557
0.05563497403570267
0.054771734575710426
0.05500505579824689
0.054964305368863826
0.05455973021920614
0.05310691291567028
0.0510019017460583
0.04880353795931376
0.047179430918931446
0.04713488155673468
0.048268165238949
0.050038250835861366
0.05113682805030606
0.051231707342585475
0.05021838449843687
0.04901910788872363
0.04821796432320965
0.048570920645329876
0.049752445114977326
0.05210948763468645
0.054979549702141826
0.057347586021752
0.058033709534235964
0.0571219548899204
0.055307633373814655
0.05305567548430172
0.05088505689224627
0.0488524198262619
0.04806572259812513
0.04811548340628837
0.04909733193518976
0.04953741446082059
0.04928103485638623
0.04788161407357868
0.045731866599921574
0.04278921949419286
0.03949878722420739
0.036882626792602013
0.03534792105345474
0.035109635918845604
0.03667637164440816
0.03981003475760012
0.04442083703464294
0.04938451289570547
0.05346541480517705
0.05620577845068314
0.05692741567277791
0.05647233565598515
0.05555244453819646
0.054649806832931594
0.05449976882038975
0.05430832502846858
0.05556435788443947
0.05807048221425218
0.06144522348125675
0.06430189756613312
0.0644119032962845
0.061727472387316844
0.056512448376078654
0.05157591666916164
0.04749305404600865
0.044802388249951086
0.043812588671727576
0.044147918515566244
0.04600480242226696
0.04801529677259275
0.05003694948700702
0.051093020722247105
0.05170143148048217
0.05235705433707555
0.05309337424432816
0.05424771127412804
0.054478693469880844
0.05448205437521378
0.05460661584801603
0.054933727062940925
0.05541120321852216
0.055597856410429414
0.05491284345286142
0.05397520866002074
0.052872806077083466
0.052354832498800706
0.05224470912968375
0.052714858685294574
0.0538716565785537
0.05533920618299255
0.055893882613556614
0.05574133950420142
0.05451792750489466
0.053923562243544824
0.053419386168442155
0.05361814191248847
0.05404186342562888
0.054670544192453645
0.05559143516079878
0.05567994192228889
0.05532887285287989
0.05426860662362209
0.0528183609322581
0.05095254164016378
0.04955486294732143
0.048497874216004426
0.04874118485251478
0.050035987986930305
0.05094756246691097
0.05095074623536592
0.05000120220267796
0.04943433252258741
0.049290556297374985
0.04955983646255199
0.049651059078586024
0.04990140561588579
0.0497246561822149
0.04966543346238138
0.04905165639303935
0.04929707348691635
0.05009732005929992
0.052225512848211315
0.05409179817411942
0.05608765375106905
0.05663567000192919
0.05621022286783691
0.054831519023954466
0.053148706994510055
0.05186992710787371
0.05117110918897178
0.05049921274630916
0.04986141517832115
0.0490563882629328
0.04845032396482678
0.04851217458962381
0.04940078083811679
0.05121206854318955
0.05280611231546791
0.054769401414874144
0.05545216000696356
0.055484729030741003
0.054097336990557306
0.05319536361503229
0.05331703785195763
0.05469119910126003
0.055912655736907485
0.055921573116491166
0.05442899483282575
0.051822555071929455
0.04821290216012443
0.04485500191169465
0.042208695879203936
0.041926635698380656
0.04333078077691471
0.045829776972960014
0.04860413215285296
0.05152128151759862
0.05434585451361199
0.056594519834059345
0.057913250037136654
0.05705214043320466
0.05535996471120717
0.05364076735697411
0.052666050918058434
0.05317097597548174
0.053980550252395884
0.055831777429752434
0.05778155046605626
0.059052876453918914
0.05869222671716967
0.056374818717593596
0.053448940516957345
0.050125411803467565
0.04854569667525537
0.04742161604197874
0.046927540194851625
0.04644102592847458
0.04537643488402181
0.044559103298704064
0.04374366549900718
0.04425368751933863
0.044999516039478715
0.04569581066932094
0.04518155886452363
0.04232591608592962
0.03827620259171892
0.034538758805031544
0.032768265599816083
0.034638834477686765
0.03828428546061669
0.04275822720642512
0.04619077864551843
0.04844883032929518
0.05005341891890029
0.0510658201175911
0.051152892993475654
0.05112059617543813
0.05062766720063767
0.0500899065545102
0.049170296025750855
0.04813167146521251
0.04712933949710652
0.0463155200388267
0.046455847895899315
0.04804706238810266
0.04990809702416356
0.05137989379457149
0.05162141951521586
0.05026723552428245
0.048209613589008236
0.04544493738440193
0.0436078347069762
0.04252781395637146
0.042710864588725465
0.043680327860159046
0.045470053716068035
0.047182552727272516
0.047622245366280416
0.04684893759085213
0.04551265749870554
0.04486163211271942
0.044462220688960746
0.04477219440797345
0.0445600374598316
0.04447279680202576
0.04382210326294601
0.04290154912210227
0.04194601812489205
0.0414316786076011
0.04223083707073549
0.04406951842845626
0.046847271456237544
0.05036671181077488
0.05396111349049661
0.056461155108329206
0.0575549898439558
0.05705048960879017
0.05593718733472177
0.054435369231792576
0.05324700357895307
0.05329555971865293
0.05310676707913241
0.054313335888818065
0.05532723180448074
0.05745943282024763
0.059063003193502994
0.06062804802334704
0.06071318679755764
0.05924468036449941
0.0554905421012995
0.05186591401683082
0.04918051523749234
0.048004942267810755
0.04671488873447857
0.045240495212128425
0.04318087189725539
0.04151222646177401
0.04015976591574705
0.039777746004195
0.04004916660149707
0.040533249056093394
0.04142678921998088
0.04212102304048029
0.04320634173275647
0.044332714146983705
0.04588538929855353
0.04839106714510905
0.05216759411245764
0.05640054998353243
0.0603553373817663
