1.4336280845263655e-31
0.03537548301504961
0.090686323910184
0.12273096069401117
0.15910162148158585
0.20923726695414266
0.2510758829398724
0.2713086841577749
0.3015127742353293
0.33952324833014225
0.3804687945159165
0.43178899687103267
0.5311345356468391
0.6328269059688664
0.6997588472988526
0.6972725720849107
0.6753059220764341
0.6219349756982583
0.6133450853300367
0.5711154408772089
0.5737744055932568
0.5659991166010655
0.5818555512334036
0.5505726675503262
0.5007526853282288
0.4527780872742865
0.40224693519789156
0.35280413885232836
0.32058479555703234
0.2950837143269844
0.28156442504634915
0.2540609530559273
0.2145514294217704
0.17940016161591876
0.15453923528894822
0.14140002421258355
0.13783563589939107
0.15493500745773958
0.1974240121101782
0.26015151454180707
0.31029098049417086
0.3277822318406279
0.328272631886559
0.32045139153989505
0.3313357475357564
0.34909348755485103
0.39915188066058244
0.43679912627743556
0.4550689500540617
0.4132593349734041
0.386456779812048
0.3608636681200069
0.367402870086057
0.3767084238895131
0.4048114641225548
0.3959225133648453
0.37116332235074195
0.3150540190392116
0.26303144666947553
0.2308458864133427
0.23591514842303543
0.2382889906670101
0.2393444147673786
0.24110379912855598
0.2345684720138297
0.22030834191598037
0.2010283307398426
0.21299994970186956
0.2345204370641917
0.26092842682987877
0.2559715381158665
0.2652954801240764
0.2825783359660055
0.310648163786904
0.3155322944161377
0.2942269408403822
0.26197872338608663
0.25323016991988423
0.2516968056059329
0.2533069757725199
0.24567349887134762
0.264325141128335
0.29463858772366913
0.33216887040317095
0.3568717748256775
0.36525421927986074
0.3714219051413208
0.3394071131797378
0.3205000538146218
0.29723215142050424
0.28001522361755043
0.2427824444308133
0.21558304359617034
0.2102751779485703
0.22863727696292896
0.24015676357986313
0.24593567732499041
0.24963671479729485
0.24746892431184814
0.23028644929201175
0.21484903068568176
0.19307150385678118
0.19988286502701183
0.22073404734252308
0.24809274837142264
0.2584223629263072
0.26084928233434695
0.2658974828825313
0.280624456216371
0.2955047493910342
0.3258144594071678
0.3619210019647721
0.4037119454416755
0.4213900146743585
0.4190549797603801
0.3830098876976099
0.32907483231179174
0.30471613156509175
0.28699343170521674
0.2680990011503248
0.25065000296575884
0.2293323180347796
0.21940818709187204
0.1960254526294482
0.1971309932703779
0.18588366652366453
0.19248643390819772
0.19093918949554517
0.20508969945521424
0.2146964353206757
0.22803583616665712
0.23003284847233663
0.2280112504535328
0.23667380303720673
0.2544780666320682
0.2790479524279421
0.28942214028481295
0.30140870876437176
0.31690123003013837
0.3407150230844866
0.3710502790263142
0.41334541290331384
0.3972767018835005
0.3731483776156265
0.33239064911657895
0.3387445239215958
0.35614059899632666
0.37015406232723547
0.36123201536060634
0.3377380167223459
0.29556315439881414
0.2617831702992446
0.24184629646783462
0.2578153277833924
0.27026194171085977
0.28428006163746206
0.28243025747420136
0.2808729809021365
0.2553067635089408
0.22942278049110065
0.20790704183934638
0.20894104574402267
0.21619809059992653
0.22206729818273918
0.21443045396211713
0.21712720314343026
0.2263331543854965
0.22360477679348068
0.2179100981289417
0.2288563826339299
0.25600179553157887
0.2766572968238094
0.3187328867565708
0.35375949991938027
0.36944761405243126
0.3567626310291345
0.34704840382766444
0.34889481310580256
0.347014313769185
0.3242333324278902
0.300329291029029
0.2863874526944076
0.28355189103646167
0.28979669188819324
0.28146632750686057
0.28214242113824145
0.26818818180007525
0.26203623937372744
0.23719490008713662
0.22382950452810993
0.20430089946336338
0.18481007256436208
0.18223634172677863
0.17429615852571242
0.1766660817010449
0.19399306844681372
0.24620259410517306
0.2946691711047788
0.34474422864047943
0.34997527973323267
0.35192141007845645
0.31525345923779086
0.31057882569193324
0.32977997783594193
0.35304763770173336
0.3512886829785091
0.3199274027809657
0.3030537685579178
0.30387193926309664
0.3198120694317069
0.32675482809812356
0.32630201029910466
0.31958600402692094
0.3066732743169667
0.310100794041482
0.28782587836591034
0.2526118469671775
0.21778729124840301
0.17689876735309235
0.15007435078593717
0.15627668623362914
0.20350768857445256
0.2625239112580018
0.2847280707204155
0.2626160068214508
0.22265232342337204
0.2004199382461274
0.21080721932086466
0.23145511843180205
0.2451856565652644
0.24987802405441445
0.2574661916584466
0.25805617722034535
0.2713865405547962
0.2688819375478353
0.2892562550790835
0.2967204555714617
0.325383732021981
0.319458044069817
0.3081016237800784
0.2854984684083271
0.2729017252848876
0.26028837889278045
0.27103149915652014
0.27986962203283805
0.2629903450513362
0.24917359141778408
0.259649249708661
0.2741305026310897
0.2650035708038635
0.26388592690293977
0.26873292148370037
0.26524036512688043
0.24516295030000881
0.21717353294730454
0.1904492587972437
0.17467182746655674
0.17236523299129072
0.190177231263209
0.21106835355240133
0.23382590633275835
0.25388454116290604
0.2494766344942875
0.24793441229086735
0.25538663662114286
0.2723048331595211
0.281168876563066
0.2858232822301647
0.2984215407068118
0.32790077209172797
0.34711613293989135
0.3630251463289869
0.3488075344407303
0.3444404418839895
0.3178257607476126
0.2940407375664199
0.2746141322644882
0.263728530655103
0.25639632240642374
0.24884884204785593
0.22591433070614958
0.19492009698078835
0.18161856979071964
0.17725285240502095
0.19595386676390847
0.20986485709612399
0.2288998188480055
0.24083033847185667
0.2722582291349256
0.28295347455699416
0.2902248368223915
0.27519143148575487
0.2756850205329807
0.2871535977539352
0.3195334489957754
0.3344849935323293
0.3426725671674353
0.34208358594204996
0.345191413049429
0.33067645021564285
0.31505050892718345
0.29658733243239127
0.28773761259905817
0.2749637481214025
0.2494499997794032
0.248547808546523
0.2654150160249585
0.2761451360194093
0.26551704487643163
0.24740957334692013
0.24548165993595847
0.24678757376359287
0.2424940717454619
0.2384725693419982
0.24592609783642908
0.2638846329421271
0.27547976804982804
0.2706874357972852
0.258854512724739
0.23991110193310256
0.2319377795536107
0.2491694769299791
0.2695817353218938
0.2989730015128829
0.316996395675699
0.3307070463119796
0.3306566145599758
0.30878305115717325
0.2921010324524305
0.263006298438439
0.24395133236693486
0.24341205195868731
0.26566747281433806
0.2803345643146943
0.297853170682484
0.2986997238461419
0.2996598236852196
0.28423974776722283
0.27587814030281244
0.2685232584348431
0.27114309160307126
0.2468256691964409
0.2133739375712329
0.2052823652812822
0.22064497685156914
0.2328008837071847
0.2513425005166095
0.2521267683735266
0.26328281301621914
0.24165070184325718
0.23200436547690234
0.2268006665353644
0.23270876923228734
0.2374087531416266
0.24304785736427334
0.25512686660971456
0.27562299943591295
0.2926224442678162
0.31139634139855954
0.30871337443067864
0.29845391273361693
0.2809692345668581
0.2665071561397597
0.2484770659019877
0.24408060849786556
0.2431348869989879
0.25048195819160335
0.250227594856078
0.26511414880056755
0.2598531520376363
0.2322980392716551
0.2049498555480659
0.19294901095941336
0.20747585444643737
0.23360248043119916
0.26887165266663343
0.2820429075582827
0.2742036764356633
0.2538819507060039
0.24541382300123432
0.2389491238539553
0.24597982862379192
0.236611147938328
0.23204563246531693
0.21448598121288923
0.21801947878256467
0.21095205156520666
0.21959270771876138
0.24435251734418748
0.2759322335700899
0.29431210218482023
0.27704520983641
0.2525866250170732
0.2217121392871852
0.22327554903681346
0.2194572681016628
0.2385142274526767
0.24120062009041668
0.2382823414764326
0.23230083587925082
0.22792405774554272
0.22439266481423972
0.21591514496459588
0.22249062647130086
0.21817576804080238
0.20063098813560523
0.17874244791050722
0.18093402776738005
0.1946977006598766
0.20492507350006767
0.20579226280516094
0.20117388431036692
0.1969812110053547
0.18407070620305574
0.19215223859750521
0.21376529306053907
0.2395775467516323
0.2519288928101463
0.24421350204956985
0.23069183428254686
0.22441869214281676
0.21772268401553255
0.23810628635366252
0.24719442428220356
0.23798193830355782
0.22660831260222572
0.22808086528886173
0.22968877030451115
0.21131022848985456
0.2032136263611905
0.22115419451767032
0.25584617012547684
0.26878600350667803
0.27413726529588317
0.2581023864883631
0.24331039014531236
0.2352425502961912
0.23786188766094027
0.23782141866869141
0.2464014741535574
0.2589840534885402
0.2788528843495196
0.28439240388747844
0.2681782759017751
0.24188575650573155
0.2278180687896802
0.22921343111877074
0.23814751826258926
0.25455346894893716
0.2726907175125661
0.28587677656827726
0.2905936736281177
0.26956784195655514
0.2640480931148505
0.2615088262881709
0.28200718516387335
0.28751924750635477
0.3098303667097551
0.2991700247530446
0.28764032944488443
0.2564963469631552
0.235905510075213
0.21733305632222155
0.22416947497885123
0.23519021109320007
0.24102518327872824
0.2295969385305751
0.22969873134399446
0.2345659677417079
0.2250607573057914
0.20668398385900555
0.20524416735921208
0.231661605087829
0.272163786685877
0.2981655546464271
0.30643889898082755
0.2728453548480286
0.25892398108835885
0.24080990298494956
0.24052140456382798
0.24057270817590354
0.24892996919687244
0.28224360959738987
0.31408148871626757
0.3180735033103885
0.2964854348483085
0.2678787166396707
0.26884879366032366
0.2624847269811159
0.2768531006526766
0.2751329707064342
0.2872414734855182
0.29713100244725565
0.3082150700459232
0.29437445475524887
0.2860747811834496
0.260792386817205
0.251138028559515
0.23708956065327155
0.22617875973462512
0.2312802531163773
0.23984448957371396
0.2589557475084661
0.2584112322487079
0.25481063043500146
0.252422202583637
0.24254007013265313
0.23655904770546923
0.23682846578643169
0.2484758781944694
0.2604286365693261
0.2643719195006783
0.27289664460444946
0.28423020799640947
0.3077643614480997
0.3103440981846399
0.3206258217779962
0.30779904836530003
0.27922691093843016
0.24773167181954905
0.24316617074160016
0.23573846051122205
0.21628722472383263
0.20251572119166172
0.20163983825289272
0.21086541746527618
0.23092687884761046
0.24961785442826473
0.2689277881776599
0.2669782990385138
0.2555140673894444
0.24538521637531055
0.2547081243446398
0.2673747027378311
0.2728294983513341
0.27794947101825374
0.2749722953489149
0.24767675865591066
0.22911888687333765
0.21640180031779715
0.2302583448360655
0.2337631013105392
0.2393414396499282
0.24746755142972776
0.25939501987993663
0.27408998660491085
0.26300410768881705
0.2630285213881713
0.25286071146651884
0.23777960167663767
0.2109102190347288
0.19742876778120105
0.1862778906162657
0.1972309521319461
0.20617856370228616
0.21279378430574258
0.22253906668911919
0.22903114378046804
0.23328414725596955
0.2219775830383399
0.21307679801243
0.21384485659868263
0.22842881243049853
0.23656527698178975
0.24563689892139423
0.2700537579952634
0.2953646830588447
0.2824642994561343
0.2572261920139076
0.2239722773465623
0.20872792012506472
0.2134127524934975
0.23152945594835334
0.25515424565527545
0.252875198156519
0.2521455051203144
0.23787115996227193
0.24913083447256612
0.24381942086745334
0.2471862462995958
0.23758117694490238
0.23967642772358794
0.2250696264278027
0.23315562718148972
0.24871077632402813
0.26645226375493436
0.26637367271843204
0.25499032995785936
0.24772913287915568
0.2338726913466824
0.22790620943830955
0.2220847306375082
0.2430468402410354
0.24533861666736698
0.2562983229846409
0.2335898772922059
0.21731043314845677
0.2058367717581196
0.22404924041445332
0.22871639884304334
0.22838467629369108
0.22151361549092746
0.2354097939572726
0.24911625296689122
0.23735073266493917
0.2274973600879504
0.20072970317782066
0.19778132988332744
0.19825241271594823
0.2264386414249035
0.2486166913205724
0.2702310722355371
0.2756470895926175
0.2802542370288759
0.27079283721927716
0.2526893170850379
0.23673127485199016
0.22388018437839552
0.23895788518358144
0.22783719134589603
0.23387883660604938
0.24453198732475176
0.2638408952153919
0.25062101030928174
0.24596903551919788
0.25122312034694766
0.2770294189993104
0.2888943506061008
0.31907747070135684
0.31324236153725016
0.3098027366326621
0.28389660398168154
0.26194948646961635
0.23434526905905798
0.2172078811261519
0.20879940791493828
0.21071919594422137
0.21574477568331135
0.22178895359840833
0.21933495602846045
0.21485201347743063
0.19613077503080753
0.19147613257965235
0.18940594507873462
0.1995313712290419
0.19438753094046507
0.17402381719647497
0.16931834244373323
0.17527675213772775
0.190898506609774
0.20634505888884577
0.22701542620520812
0.23191480843995252
0.22391671140468253
0.217696746816338
0.2097759266313926
0.21283078566470418
0.23209198795965885
0.25040983180980003
0.26437354638132976
0.2685723981704438
0.27102849561377035
0.2672628566511163
0.27460488076758466
0.27443652743425545
0.26055652193824697
0.24774848272029787
0.25700738724121486
0.2772635435774076
0.30574899526852845
0.31917328231521125
0.3142437107511968
0.3037044328960729
0.29840208681102726
0.30467475258174315
0.3022758817993568
0.28840112711236265
0.2610479332828304
0.25522857140311384
0.2459528450933527
0.2555173887379185
0.2472084473690347
0.2523695243736517
0.24211626253508609
0.25351943429175466
0.23937752681726435
0.23934574158404534
0.23207657191519912
0.25180903879208233
0.24221669076118563
0.24497245472089307
0.23039025566278065
0.23834761163660825
0.21879701147563588
0.21623354627921926
0.21391686633041698
0.22813714379863165
0.2409296092183615
0.23551349637779376
0.23935709160669388
0.23471457531482118
0.23680762723321017
0.22950191823507674
0.2105131645430137
0.18323180105068476
0.1694092182090642
0.17906426305955586
0.1800537052440936
0.17546387625519058
0.17501557507392662
0.21411937151020521
0.2553360077889407
0.28666953283395175
0.27823293198452637
0.27200142124525845
0.267832703797677
0.2699120753623566
0.25702235031800114
0.254037559448809
0.22711390795084915
0.2084759464249531
0.19298528035704085
0.19893562565047837
0.20120408030808523
0.2023623902174113
0.20328327141201366
0.2102076271912786
0.21090748574849147
0.24002388433035007
0.26970867371496976
0.29470444973384147
0.2891675822435819
0.2745828634776326
0.25287260671614203
0.24690594104380906
0.23111775257695302
0.24186269316496853
0.2696672202305681
0.31279076608658674
0.3030356730156992
0.2806705549395032
0.25695383967423213
0.24957170566348855
0.2439338360330697
0.24700506434583583
0.2542385355336321
0.2571884603364407
0.2517040633737077
0.25264270475022826
0.2552941425747676
0.2806854786430983
0.28576400567695714
0.28224635132567333
0.2904918858708146
0.31417150075815575
0.32856373473548217
0.31932781549465317
0.29725867622053
0.2879474598072558
0.2761542821195773
0.25298042404523174
0.22883994428449478
0.22168872925548777
0.23193341442597037
0.25731994528283814
0.2745315502620117
0.28471279446322495
0.2758542739511147
0.268557100628016
0.23982485746423376
0.23797840993045377
0.23466860960171992
0.26196453278601595
0.2522749951559691
0.24955602720102915
0.25882517888114637
0.2917004242403046
0.31589771396528077
0.3254285479793021
0.324499907098152
0.2894501448071586
0.24986252983110485
0.2268714908682544
0.23285344280235207
0.22902594556808747
0.2280442044080052
0.22625178669066864
0.24104966725397306
0.24358548847038744
0.24049630939071498
0.24793476976068093
0.2525561996674668
0.25018674522731815
0.2414434608348392
0.2418011598844607
0.2421243883220053
0.25098739606696396
0.2601228207606177
0.2826613840555858
0.28866706174150025
0.2908199228308428
0.27285197507052633
0.27828410467840836
0.292431456053032
0.29364302323905295
0.27769208980034427
0.256976834960754
0.2557516728873721
0.25586656782013084
0.2646318728544928
0.24604864262229217
0.24592143298374433
0.24333553150986043
0.24574501134699145
0.22945681173394034
0.2268954311903182
0.23057343762968724
0.2315244673872637
0.24053137486841927
0.2473585165127417
0.2544151000012502
0.2514606306304071
0.2650344769871517
0.2826444524221515
0.3076398908153553
0.3096815372747627
0.3155619939786447
0.28215277275967937
0.26833086339596585
0.2535378661828911
0.2667717522964153
0.2667409500179862
0.2632721657159444
0.23893228249145568
0.21615547057470733
0.21329057484815458
0.23500022370991092
0.2588517235544766
0.26383731375043695
0.2655126555472831
0.2563044404869936
0.2462313254700263
0.23336180414407312
0.24620182679028788
0.2381868837055411
0.2511847111644048
0.247877392796352
0.2642432483615694
0.24387827470115067
0.2406096744398605
0.23024423191850718
0.24920129157981066
0.25949292046400746
0.2524913434354623
0.22768927213009044
0.206806364311681
0.19722599286650333
0.20199883710426442
0.20600973960379515
0.20401111592396798
0.21751450725360835
0.23915404120975775
0.26964416410877856
0.2828896926983425
0.2805526257605867
0.26165235417859095
0.2517735819468469
0.24220321640699732
0.24561252446453827
0.2616782956320859
0.29075024259750537
0.31529020428987875
0.29991623440750703
0.2778640018118217
0.24242934337946678
0.23203499704050293
0.22472466071630512
0.24402156877395892
0.25320998185558596
0.2628017779039873
0.23759512217046175
0.2294464779060859
0.21100522984935746
0.2010567136510082
0.18260511657955414
0.18185432889542552
0.1771990130243884
0.1757169698571571
0.16929320844780277
0.17191660111958398
0.1760220917953351
0.1954902792484223
0.2066625561028822
0.23338061320825498
0.25061989430805454
0.27253522774683386
0.27404333009897186
0.275338745889685
0.25596120497288855
0.2486985060125159
0.23702330305634745
0.24499193192610788
0.25724693458361314
0.262506173265879
0.27029398899241797
0.27078675204327235
0.2522602707190283
0.237215277243302
0.22900305433668
0.2348075021388266
0.23287149000004914
0.21227223595645556
0.1974477188482037
0.19956126736242574
0.22222972971562582
0.22703702775774082
0.21908916065069825
0.21683509596716702
0.21516687968704715
0.2188557792227049
0.22844558160761066
0.23962912754794755
0.2565440562629213
0.2596542540628395
0.2582974321880494
0.24690471465739627
0.2390461366384168
0.24245538528646726
0.24775719991634754
0.24752659160709814
0.25354871270460955
0.2604259915828046
0.25422399583959504
0.24173461728108506
0.23709681118095105
0.2359034196334344
0.21872914730488277
0.21851544147224014
0.22784193000458441
0.23550060662495365
0.22984745444351143
0.21938251154419197
0.2142335934228635
0.21053522322450743
0.20860697181508092
0.22165191635910658
0.22496776529974408
0.23602641230506163
0.2310191484486382
0.22366135956183575
0.23768423257856777
0.23931483559701233
0.23407092428110685
0.22357665259596698
0.22625549254478605
0.21678538145861048
0.22536447345625757
0.2330643953201173
0.2591757708122988
0.2596486926710265
0.2599993839877992
0.24355829627454081
0.2083367604373738
0.17736586925869602
0.17047883140254577
0.1878121581745567
0.19694995906213503
0.19720268847349143
0.2187236346918883
0.2124749555015617
0.19874165420861029
0.17652883758949928
0.1786087945400238
0.176133814889035
0.17685026116762936
0.18076562757254874
0.20671415659830583
0.20353652242162493
0.21574234820303106
0.2215114548051645
0.24433041085232707
0.26923067621225516
0.26196416238326187
0.25397681052882465
0.22585585974890865
0.21846266308461457
0.21834094958415365
0.2198666515862695
0.21860545975066834
0.23316457685894676
0.23279326114437993
0.24512238450994206
0.2345540644478388
0.2283984577057657
0.21000341889752971
0.1970772745625531
0.18717044868030508
0.18037971976811826
0.18256945619638612
0.1905301881852042
0.21587520374474703
0.22992578980234635
0.23400011614633132
0.22875874447151973
0.23120321031488136
0.2353190832074608
0.23920812258075394
0.24411163251855494
0.2451384772438908
0.2609629856225233
0.26253711724415174
0.27398814766373153
0.27143806540844634
0.2817428678513945
0.27645240188484743
0.27387866328676524
0.2471058503809985
0.230890228634939
0.21692038649542333
0.2476952822974606
0.2786669544410164
0.3184899742156493
0.3265301005366708
0.31327154879428565
0.26529413703427274
0.2221518523900158
0.1903981103096769
0.17779720612499877
0.17452743790546912
0.17560474454812625
0.19010176688829997
0.19139405339783633
0.18614885618920934
0.1804852740710134
0.19265493017476837
0.21183922104260186
0.2409873750318892
0.2500042495232447
0.2648447559254011
0.25611517363455477
0.2582521198072395
0.2532029058980993
0.24901407478221183
0.2503456716813056
0.2596974034712812
0.2713163631844667
0.2738671118486256
0.27263943447640626
0.2648675588346979
0.2611954903667132
0.2550731975426533
0.26763091772741837
0.2879284038781631
0.30850936333654677
0.30833684577721115
0.30565515639551455
0.2946471147488183
0.25903804735177566
0.2320088315943924
0.23248236130076563
0.2514803321686389
0.27739217841178565
0.3090000224239389
0.3227378414110098
0.30564499112726995
0.27215962946260114
0.2292070718541324
0.18935209771585662
0.1819770873801076
0.18272357543542994
0.2022357441492847
0.21227781099811505
0.23406853250474804
0.23283179412466282
0.2284191337103985
0.21486388643228235
0.20349064267026432
0.19962168819050757
0.22396685437064714
0.26659213783933733
0.2813983951857923
0.2857466907571158
0.2874932980584707
0.30891285022714565
0.3234041886584721
0.30989298263870907
0.27224781248579477
0.25285106772935495
0.24809825486296694
0.2491191422645309
0.23809147343176276
0.2544309463124194
0.2649467687383853
0.26247794975168826
0.2606363483725409
0.2793804937314145
0.2777160438006763
0.2665602422486272
0.2511194845097395
0.24017162408869092
0.23745741842568913
0.22838685747555992
0.23357976022125854
0.23803607231333215
0.25603189970410656
0.25925094165302753
0.269610534830294
0.2774787672809505
0.2876755682326481
0.28342945400427927
0.27877929829350334
0.29879780360525093
0.31688665163765645
0.31460389213970197
0.27368878388446466
0.2544950205180258
0.23494898241189258
0.24533201654394357
0.24537156876463678
0.2680845670838654
0.2684312035671525
0.2825744041326885
0.28380700946577364
0.28227421770607675
0.26743226507392837
0.274563241981781
0.2982115926185898
0.30441720037905545
0.29639359120867015
0.2875073276944736
0.2778219638175135
0.2725423016699683
0.2673495043288416
0.2562000602023107
0.2323818240423677
0.2266822380589083
0.24680070460714093
0.28486642653580535
0.3038475284748773
0.29833403925715823
0.27645488899422394
0.2605700558833095
0.22309531421554124
0.2127764134337813
0.2116782248791639
0.24224883618559953
0.26254597420163334
0.27542655913240155
0.2630094824948203
0.22952328802373065
0.1993281272975397
0.19330830629332119
0.20533989274185793
0.22540833458664822
0.23394808530473182
0.2598358946814452
0.27213346096385804
0.27719660926266637
0.25563840978441665
0.23570538332144977
0.20928871843038566
0.2043755637853766
0.20555504557775378
0.21995894783540107
0.22171516661431176
0.25580715203544757
0.27089654957844156
0.28418621988306
0.267994931166873
0.26823090810600664
0.25493000158856555
0.25442648274967294
0.25018054100968506
0.25800102645551787
0.2690851832578547
0.2838794403459592
0.2970146666275111
0.3192458215468084
0.3300877167669359
0.3269118266885124
0.30387537312460106
0.28752767217447783
0.3086635455965383
0.3342538558802386
0.3217603825609218
0.2938111843984285
0.2583793409115586
0.24503944013292275
0.2516558436763069
0.2636721521276508
0.27923464100348055
0.28217550738456254
0.2640156974895112
0.2474176171345813
0.22232517201469743
0.21427230310282433
0.21054553043570942
0.2289457357293244
0.24082320182017494
0.24248268309548013
0.23433904737747635
0.24015037985477855
0.26003807873302004
0.26168123429446766
0.24357282567094013
0.2213895814202438
0.21973098270353508
0.21587396080546112
0.22879249806871735
0.23129367555955688
0.24618654953892077
0.25574457614479695
0.2698231187653854
0.2723457640060111
0.2825399577715606
0.28414715895276366
0.28323942373849215
0.27026776054331175
0.25725694463533494
0.2453135573627771
0.25587592335720477
0.2891152467550629
0.32389121898129025
0.3356011586061164
0.3193376375421275
0.3163340875315977
0.29778545149447755
0.2880744353456621
0.26252209171412066
0.25804292332440454
0.23187045164611023
0.23202995448904065
0.24094473391986354
0.27127277355555685
0.28270960327912126
0.272201220978561
0.24526560403668615
0.22242784587277958
0.21829722706214105
0.23664152196246002
0.27848709824543766
0.3029186997569184
0.32439247240182384
0.31064518915540873
0.28334024632913
0.26157202263729173
0.2591901044588067
0.24405709504876966
0.2316038700784963
0.24877852990340074
0.2692509586679745
0.282739789457939
0.272060265623382
0.26843034749352823
0.26456072424993377
0.26805502479104076
0.25971120253511437
0.23958183591185506
0.24501013681069936
0.24040615627802014
0.23222425227821453
0.19691050988238024
0.17044600129247472
0.14802702545496516
0.1473462637181732
0.16050750923045515
0.19875706788394756
0.25140328826125646
0.2814307709156053
0.2786688035899813
0.27133485169589827
0.24367067019049907
0.2393727768086945
0.2629172508969821
0.307009171216372
0.3536310526049799
0.36096007939351904
0.34861646301326393
0.3073472067583845
0.28588066195529144
0.2578836145084486
0.24860888958493568
0.2289443089355202
0.22547432382979415
0.2203438640456488
0.22532911676763842
0.2379661979778527
0.24847139150428013
0.25089433986571874
0.2578652403312082
0.25610783259434045
0.26096446332002765
0.2499976095713736
0.2492993225777568
0.221421624059099
0.20631505933426672
0.19038941383923158
0.18158510045152076
0.1847446970614071
0.1916179420293597
0.1894748694679244
0.1714214079016656
0.1685228766293314
0.16802790835784784
0.18673708632698888
0.20527274828635428
0.23449425846194377
0.24627019232603778
0.2606128098730305
0.2587770137073644
0.2839571569007454
0.2982804769346756
0.3118036530784933
0.3004637795417941
0.2896072583274838
0.27139842075654097
0.2572653296062468
0.244098027340015
0.24528055646602556
0.2485828193730483
0.2542689127251707
0.25003436991777267
0.23583645589218036
0.22063582036189783
0.20093426606111633
0.18732694731487806
0.18831246018017198
0.20055357210049204
0.1941453934775509
0.19054616515477507
0.2002567865830465
0.21984723441107895
0.23934898338727606
0.25482661185090977
0.27658141896696076
0.29965119155085845
0.3016415803424892
0.30067763035477285
0.2761752765977599
0.26558867879465575
0.2613810725342808
0.26816611718467814
0.2567050389984966
0.253475500798613
0.2525223614720345
0.2720307241844843
0.28651077738582387
0.2889699603113446
0.27918629177266646
0.2690633175884788
0.2507374289458495
0.22989285425613978
0.21543456836321997
0.21189845673976393
0.22819147463421607
0.24690483105652533
0.24626024832492102
0.2341445782384767
0.22111245212041758
0.2204593383723818
0.22622237020302455
0.23936026732211801
0.26359623447236075
0.2791885768154658
0.29480379084193725
0.2958281101175097
0.30540196546114096
0.30720627793739236
0.29363077453832537
0.28782789878800247
0.2988196590719129
0.3017215810899749
0.2844171996023253
0.25220680739342527
0.22244472525245135
0.2022080951167034
0.20075728415422928
0.20033719646185497
0.19890508039984314
0.17782788765131224
0.16733698257529872
0.17020872034562948
0.18503625379469305
0.2143566678105791
0.21968804647552093
0.2019303541168884
0.18315904714268522
0.1888180429172296
0.18685442987309608
0.18750704646841757
0.19342331614364938
0.19832320014831262
0.19877236509952015
0.1957546631680222
0.2126109554835716
0.22478895240567112
0.24652223869459475
0.26735009453224395
0.3018799117846754
0.3076325400351001
0.29910882023501634
0.2780535836520719
0.2583099917107432
0.23314710344987505
0.2152105007344997
0.19112493884720808
0.18336243432320432
0.1885273490431618
0.21803956820717613
0.23331728213147965
0.24252674516935147
0.23282465638953123
0.21893743821422063
0.2126403013947936
0.2173433071727843
0.22093872376499035
0.2210284026871345
0.21155148532431503
0.21359150881013803
0.2253959760461734
0.2473010284603633
0.2752116821866908
0.2884916785044571
0.296053180450221
0.27983657075609725
0.2537349042271256
0.26144342224583056
0.2638784832232079
0.2735287174376001
0.2832509198691627
0.2831543497696964
0.2749133784140951
0.2724925125589711
0.25784035806405525
0.25815992875394606
0.2546750667401857
0.2602841028387351
0.2625215639583726
0.26187010494490387
0.2315757655035826
0.21023764378279336
0.20234901768568503
0.20202131381457883
0.2038800200231595
0.18708781386844775
0.18722720840432977
0.19065921286542756
0.22137470592652703
0.24263060998561709
0.2695128236105299
0.2763899115716511
0.2860062965130606
0.2690261622815842
0.26215939315991327
0.24622476314645306
0.2299303279468361
0.2209845170336759
0.2292541727889741
0.23450484510298808
0.2503892077686883
0.25543833789620846
0.2863040044870493
0.3002819909204072
0.29872445012739096
0.2843441629155922
0.2673189915191211
0.265989747339263
0.2619565776692448
0.2515999512859539
0.22650565291393818
0.2143638026993314
0.20319255929411437
0.20887262737418164
0.21381383568299533
0.2243613417490633
0.21868480040918425
0.22260921364928082
0.22408596786673773
0.22805869306933718
0.22281212047058457
0.23414452352430853
0.24671907569944293
0.25796779472947484
0.2580962809910879
0.2674905543811531
0.2736440565411374
0.2635399352052957
0.24832102630967642
0.21433344414472555
0.1913904631973756
0.1964222672846
0.2329022293767201
0.2518885881058484
0.26328496023354186
0.25572591611231155
0.26122135493930987
0.2532523689914533
0.2507712689703279
0.24485153123827202
0.25199580691219853
0.263200676926224
0.25216198211425495
0.23716186853676396
0.224674432409588
0.21494899784144467
0.19409126572832872
0.1846557780745143
0.2059304036597062
0.23624592768996666
0.23634170473334887
0.22820708591456781
0.22817812192119427
0.23817050338228649
0.24412679185849903
0.2686912514309292
0.27543470639277656
0.2860206740318497
0.28923685439109365
0.2899299190544435
0.26427746952764525
0.2566906140363284
0.2352084179157951
0.24248925322879822
0.24247941747660418
0.2667428932599736
0.2825398650324978
0.30819387968117673
0.322637497949886
0.33431784014737354
0.31310673183906623
0.2774706557077862
0.26063478085651326
0.252922511781186
0.24876122211502547
0.23735461061930052
0.24734250074593123
0.2502514178144884
0.24539332620169002
0.223205984564448
0.2117998222761033
0.21362450854129983
0.2444868361384251
0.24581496761961327
0.2482458678326898
0.24127920641974515
0.2485941479281466
0.25427655707131974
0.2528996423679081
0.2590419414484209
0.2549549809215691
0.24947727821523408
0.23097563353090222
0.2337260889665935
0.24084322628958393
0.24196176173591305
0.24068140521991438
0.24599270191777015
0.2637355292561386
0.2608423780161934
0.2605671663126231
0.23743718282212456
0.2449083260248088
0.24655702476336266
0.28447477737951465
0.2875046752377283
0.30414291801273624
0.30585804921911086
0.31289579833277686
0.2993708302710214
0.28533392342268965
0.2504689480617179
0.24444781367078522
0.22903335014095436
0.2367640657916737
0.24297793843170998
0.23963782411570622
0.2321469486627566
0.22206358255968087
0.22038630594549968
0.20853735493762143
0.2116880449509939
0.22048465252922295
0.23888105781905258
0.2337602479142045
0.23199374560838204
0.23131801858160075
0.2511967331394938
0.24825044430051413
0.23646987092664776
0.22403743028199197
0.22534909523745864
0.22287945477849844
0.23375888587974153
0.23345792079074915
0.2362992174453219
0.22640429550591695
0.22606883674291445
0.22212454525772482
0.21297859941588293
0.20631061800324665
0.1883304872840243
0.189752215679048
0.20270460531061513
0.23530142139458265
0.22835902723154952
0.23485624972595115
0.22153237178089857
0.21906796020500352
0.20302412766951192
0.19864419327920113
0.1927786947767297
0.20065905392079306
0.2148878702037537
0.25268532146392253
0.28305078795659483
0.30740296169309317
0.3041673433381966
0.27730711657669455
0.2351892850884624
0.2036292700625399
0.18099151445066206
0.19888269313363185
0.21572943608339962
0.23617978287137922
0.25007400715250155
0.24015258554661353
0.23951622392043215
0.23348921866677422
0.24454861924586827
0.22675948477639782
0.2322894814163349
0.22958450499663235
0.2369572799209871
0.22877886578213047
0.23635019552846
0.23406329592626457
0.2574521136626696
0.251360261725065
0.24709994413165265
0.2645874385374002
0.2847866691388809
0.304584495694492
0.3056947878268899
0.2988036852183247
0.2840504695610248
0.29116277604393104
0.29900247559030546
0.3038563884010701
0.30925412873923114
0.3123474501197653
0.313558118379287
0.31439233878415646
0.3029550350328144
0.31410293383134047
0.3206456078171013
0.3388870319758723
0.339747568856983
0.3438582645029602
0.32059408374881443
0.32055591397999805
0.303370529318713
0.298606038936932
0.28298757591899576
0.2870647087732085
0.27567092761841977
0.26356224152246605
0.23735889758272624
0.20988462139686748
0.18064598798295556
0.17052793092376828
0.19155273058163874
0.2349536239073256
0.26567701874669974
0.2967984375749959
0.2973672148144855
0.28008306691884804
0.26920528127266935
0.27459284122450334
0.28487831313277345
0.28945715809244615
0.28694800114220137
0.2801314025725675
0.26727450867749286
0.2718409697497037
0.27531550826081846
0.27290078963659364
0.2615186025552176
0.24740613663818814
0.24341123376933743
0.25837023835686274
0.27486108450877483
0.26979825555839343
0.25894204382231695
0.24114790041855347
0.24421113624310284
0.24534165942206135
0.2623239849079469
0.26766646426862684
0.2727660141371696
0.27507737446523006
0.26650632767623783
0.2461902659829958
0.22935155558109976
0.2279448088021899
0.24989521688143132
0.26400366061363045
0.28982020493544525
0.30793613168402784
0.3096684868144013
0.29616984550597847
0.3063402719281239
0.30199267170689176
0.29967625722079605
0.2803510846908927
0.27312721379042404
0.28250723485998847
0.28674158210863726
0.2709826824687072
0.2794184162281342
0.2839574759332798
0.2827686266158145
0.2772421446102338
0.2900505049424709
0.29219309355811823
0.27845661601783966
0.26482571809296673
0.25958695552392214
0.24757357536822427
0.22575717067088122
0.20961691829084766
0.21393534499533023
0.2342937861585651
0.26007581512844535
0.2806874546709268
0.2937018035344063
0.28741939013002793
0.2890589421505439
0.27619276003462306
0.2522473034051529
0.213617336540236
0.195212359813747
0.19530656512029007
0.21553335556559827
0.23824098846582845
0.25420243114315877
0.25310495909444874
0.2509368127780197
0.2567520690590815
0.26982693207436326
0.2806566643970309
0.28621147162720906
0.3146408242519829
0.32722644456773853
0.3497383023412002
0.33873622550717236
0.32374899680547403
0.2740963363413392
0.25061669160076566
0.2490955538376532
0.25381335608721156
0.2637827422740562
0.2843108774609339
0.29991413374370585
0.2820752543910432
0.2524690044757773
0.21770400506217083
0.1793939356534494
0.1721234847472243
0.19876525366049352
0.2401015247416876
0.26535314386496905
0.29660384018623365
0.30860974725933377
0.29285281613174297
0.2687016261502324
0.2339306338810743
0.21198110057194916
0.21701084437066945
0.21314437349441745
0.23551577280887936
0.24306983799489046
0.2518761168433339
0.24974899797181646
0.24805070811121124
0.23242418087304614
0.22199200102676567
0.21599748969883925
0.22276519138168904
0.22896389432093947
0.2220914546062093
0.23360650343680528
0.24237154819333198
0.24276875177762464
0.23005642814803007
0.22727976720917095
0.2229753826741164
0.23014700288956275
0.24316058709025773
0.2618878029644751
0.2822922148541839
0.30434009174509274
0.3095324471395513
0.29708868856281423
0.27837031540952284
0.27164606968589255
0.2614453004331411
0.25528989081090814
0.24533526593718402
0.23983541028807057
0.22673025865935756
0.21187290204201864
0.20171362897763495
0.20529599182699002
0.19032271795151412
0.19806017714289326
0.20822960238436758
0.2193810530623384
0.2230992981028143
0.2341761534567636
0.2435957379431594
0.24986555518258488
0.2642352692190507
0.2571043857849145
0.261008932381411
0.24176158866965367
0.2379507255472753
0.22205905819635766
0.22212042515974906
0.24043888895642418
0.2443007562245948
0.25257871726796377
0.264764197431256
0.2658313689375048
0.2863195143721095
0.2908185663411698
0.28860311149204537
0.2661513622827674
0.2428036006776506
0.22382351362700542
0.21391061481739182
0.2172997428036451
0.21819888553333128
0.2066214561937832
0.20629813805460026
0.20597987021906752
0.20967157451800572
0.22003398912615166
0.22963952078642857
0.22822617219452507
0.2347405366665128
0.22861752886145972
0.22442431602652946
0.23801345406691962
0.24844856971459067
0.25243962222331584
0.24070769139721065
0.24164839881833247
0.2530817175962729
0.2732684814488365
0.27610919884608287
0.2732777399804142
0.27379865110749346
0.29808900682070233
0.31290018402179826
0.31365629164960024
0.3034188885244563
0.27810614223219116
0.2659989593796712
0.2437764183439114
0.23598219633558332
0.22641572870299018
0.2330173272171189
0.2534663002988528
0.2653209825063649
0.28258058030164784
0.2971934361380897
0.29262845637494994
0.28455319499386755
0.2612188800902789
0.2669805944574451
0.26169157142813176
0.25500244944938383
0.23673569406966322
0.2260818263640674
0.23103259861732037
0.2604663057872694
0.283307762232325
0.29064065353977997
0.25849275579527864
0.24221184432814163
0.24315716622654124
0.2603008644218132
0.26643069751405657
0.27952027766438353
0.28323137341868404
0.2826729551430688
0.2849528223739494
0.28444327960175736
0.2863263388409129
0.26874231503328644
0.2706186157437997
0.2623783146120232
0.26331614165857353
0.2592588122527661
0.2681070815823803
0.28009155923519014
0.26736465725210673
0.2664105076467881
0.2542856650552558
0.2591443819119211
0.2500930857648705
0.2771459251493769
0.2866739771164626
0.30091197312673956
0.2890239963793306
0.2919693735114441
0.2827773674308534
0.26452793561778654
0.24544934615716135
0.2182728622781439
0.21276394354946435
0.22557570167360855
0.22555088113870317
0.21861237781161158
0.21280986236195715
0.20859185192256824
0.2001431314125418
0.19858715323535098
0.1975528779829581
0.2111716279941289
0.22402601597910157
0.23557459827121124
0.24330215343184453
0.23019541203159452
0.2327526577531226
0.2298388554516411
0.23205686139037845
0.23137551093710423
0.24271397024333582
0.2591167548128943
0.2603283439251903
0.26170850734846207
0.249904259221392
0.25434764925370923
0.2344962134768287
0.24646254414807364
0.2297085890036285
0.21531230039840824
0.19877464637199774
0.2156056481107695
0.24172680429890434
0.27093847992114833
0.2835819497811983
0.3021878655264104
0.2993354251317757
0.2970566280186466
0.3002118057908738
0.2915722975955534
0.2594640555185726
0.22839323625921598
0.2170634134831302
0.22104455289870653
0.22997920295887825
0.2427134107258262
0.26331225941314995
0.25524512351774414
0.23991973616890624
0.24098627728516467
0.24328096792168968
0.2356387699053484
0.23394230463252286
0.2481682818984207
0.26410980689354074
0.2711839376296347
0.27602447596594104
0.27497665547119543
0.26416011414433344
0.25358848659495486
0.2387553377211254
0.22229062609973368
0.22005607979228933
0.2269533239122595
0.23785884562124096
0.24000876604105903
0.23674340283708584
0.24486879640051923
0.2552112693093516
0.24812461796443505
0.23264136521076556
0.24110516009053326
0.25945154179582786
0.2797639027393319
0.28643340587163535
0.28884899948919135
0.2803339805949639
0.2713658710156916
0.25315261315793114
0.22075896580362991
0.21037733685699533
0.2137937530483415
0.2237527321418947
0.23101707003432026
0.23552823442376356
0.222630961847883
0.2110021438041015
0.2029039168050517
0.19983697385436425
0.2186721526170027
0.23464843707530217
0.262037183322431
0.2737571369009887
0.29574190935171635
0.3087336571339362
0.3056851586385227
0.2916453449735321
0.25971800645133547
0.23240148534064894
0.22887116909978053
0.23637900330040787
0.2535914014259395
0.2607247825094565
0.26339191524723377
0.2382622068342872
0.21886812567715402
0.2112607342368076
0.22424507058609672
0.24945180945616957
0.2723945938601995
0.2896075733994588
0.2918884309547707
0.2803956332480168
0.24499825693883825
0.22154755546993415
0.21638576260587136
0.22838071920595973
0.2433829639852087
0.24521168738688956
0.26361663130238266
0.27860799472860287
0.29493339508052635
0.30073164381028605
0.3032224435483
0.2906060789110255
0.2631923989715085
0.24219010188006407
0.24261393070968784
0.22869063262094805
0.22641098237859253
0.2245235130488978
0.22597316708741408
0.24150151808862227
0.23895141434825146
0.2462905939353383
0.24764036696321723
0.2655935044021927
0.261553526693209
0.25167953912038604
0.2527180375829546
0.24638308632002284
0.24668479732427723
0.2439315871129643
0.25448924718337906
0.25297870539048195
0.24913497126828382
0.23482780483399482
0.23848517966144142
0.24277434299149642
0.25036741645323546
0.23747343426889794
0.23936546277341753
0.2475512687357681
0.27582376989358176
0.294175548184796
0.30034353953535653
0.26862998967006446
0.23275990228919474
0.21154425376951116
0.21744968836086773
0.22181392715795883
0.23938491283737548
0.24958132941341704
0.26293246449100177
0.27537505307731647
0.2772560482331734
0.272839498707886
0.2719277987914554
0.2742025650261472
0.2928761635834904
0.31529346408623604
0.31433825116654246
0.30158070531641806
0.2792702322027516
0.2579647648400198
0.2462691339424923
0.240830035321814
0.2431260149908843
0.25979714420194705
0.2775652270431345
0.3036174522329694
0.3090156083357608
0.2775851318075874
0.23666858334238
0.20540183953151153
0.2171572217935536
0.23134575174326447
0.24916005005835448
0.2471202473951783
0.2513641389080047
0.25731310089340126
0.25543546613962936
0.25483748545245716
0.2505460279735278
0.24086979573143966
0.22545939389721772
0.2338004000589563
0.25075514715461766
0.2669027663986866
0.26440243583931294
0.2469809086528708
0.2220258851383983
0.20883279244590217
0.18439425280280947
0.19022638807577172
0.22652911770087944
0.2677605773736358
0.2777397488407501
0.2573109746712106
0.25501037035989016
0.25340890944287586
0.2579881959004484
0.2411266002772136
0.2376145147132715
0.23492560951464478
0.24392527247132734
0.24995761223996638
0.2590460450399555
0.2723404812701751
0.28634340363262606
0.2900095911683663
0.2894189257601711
0.28902852692923475
0.2772350361184128
0.2718508654441523
0.2545504960688478
0.24430880133362856
0.2273289688006929
0.24326287059615362
0.23031919645500393
0.2199308603485633
0.20714395260173157
0.23033702752026972
0.25110518640789986
0.25509723148633995
0.24408789815981194
0.2290342752657804
0.2186451335070962
0.1900435584899132
0.18455491390385018
0.1866233370919315
0.20815797960263135
0.2275711382240805
0.24432765698216896
0.25633455820274986
0.24893733507372443
0.23937924634621086
0.21729201045584565
0.208767406370772
0.20504701864149125
0.20034070792706815
0.20912223048188805
0.23526218086419934
0.26637641267580975
0.28265657189286614
0.29114163092578854
0.28308971140169414
0.27236226866034624
0.2638800056652203
0.2571591185474798
0.24485197503409795
0.2564890436731153
0.2661099251960542
0.29423787475811114
0.3039747847337525
0.29878868579558404
0.27823284963286904
0.2446420190010035
0.24990796428464057
0.26224108576768246
0.27931492061000757
0.2642815665190484
0.2622969500891688
0.23898195154928387
0.240256726046282
0.2146443293567376
0.19190416355139128
0.16710075830645757
0.1761951827064108
0.17543467603454574
0.1928062938964702
0.20097141775344404
0.2276776180104326
0.220032627606777
0.21689729255091122
0.220839252454854
0.23357199470621573
0.2284981739257379
0.24401340077326528
0.2684374416492018
0.30329895434699433
0.31783155789857204
0.3168953596096341
0.2794086652739908
0.2457457623707506
0.2335349749100374
0.2400835467799378
0.24531102942527627
0.23515371920602715
0.22976620476977316
0.24222605357541324
0.23966227815225727
0.22651141701108315
0.21018616899113585
0.19320519370107544
0.18181874678159143
0.17366749611708018
0.1669625063555066
0.18440591633242634
0.21260236724969864
0.23877591674331308
0.24282282328076593
0.24699989648087373
0.25507728349801573
0.25490118049502014
0.24207456418294074
0.23975253109328745
0.2575573204496777
0.27602939522599806
0.2808676598237023
0.2604674285281059
0.24840376239131728
0.24906634770542127
0.25458007561663987
0.24839544228992477
0.23724414079259207
0.23544200933924453
0.23355131643063062
0.25031213447379397
0.2646614329360081
0.26469552372899563
0.25333766505987204
0.23214575143989905
0.2232761663413236
0.21222403913114907
0.2218003099710939
0.2443764544135322
0.2555733418430745
0.2522077594091757
0.23907111298775488
0.22925350473726863
0.22019965467347732
0.21663753259996665
0.2186355962557715
0.22430122101747454
0.24074178053424394
0.2541204029465928
0.2806049426474964
0.27159569610221845
0.2634843722721166
0.2554501387384911
0.26647447631214105
0.24668204289388304
0.23865907713093162
0.22993030675077575
0.22911846949532677
0.21251350198123084
0.2083281749128119
0.20336518087592445
0.18795849515913646
0.1681494451085115
0.16928496253448977
0.17910003291087218
0.18942811614341323
0.21521914117133292
0.22487645910464202
0.2315633143572143
0.2305967808127772
0.23659333277181743
0.2161147524474129
0.20417812577030472
0.20520701719224885
0.22294457050606492
0.23331322502247015
0.23506015599233065
0.2493310669981099
0.2708360080296732
0.30980019475408516
0.3297969592796222
0.3353893605189781
0.3233307357055614
0.2953204999392991
0.2481946239633156
0.20518851341260688
0.17840845462362484
0.18488894009554302
0.19781412130375498
0.2377972103936569
0.25399167394645883
0.2693586168854886
0.2438389795454337
0.23725893357615918
0.2273138650995503
0.21830583968856127
0.19417459573927892
0.18189161005809062
0.18125480401122787
0.18788039703528114
0.19453506571931894
0.20739944530238158
0.22519531168019566
0.22523243019166903
0.23258761068648115
0.23040580969576097
0.24538604241730777
0.22776992472645718
0.23796114377250066
0.2426792490479757
0.26518129827616505
0.2526447810845106
0.25179323436360873
0.24963252898793248
0.2516345057548409
0.24216690803908417
0.2493481599031392
0.24954961967769454
0.24775957034947152
0.257055298652742
0.24699960132163323
0.24279645090674826
0.2361285688803969
0.24671476910456092
0.25225265314898104
0.2454291853213864
0.2420050896380984
0.2214043539777925
0.2121736075937359
0.2017588021729619
0.2148244398170456
0.2227374767788057
0.25310940094809437
0.2512412487678909
0.2547885294748573
0.269271854572443
0.28297858417543853
0.29592563951152523
0.26744164197882997
0.2375131537106691
0.1940643575656346
0.18152088664099236
0.18844510927889496
0.20428020056656135
0.2122537290748456
0.22867450620441654
0.23046846898530035
0.22652648547557447
0.23198231699729324
0.23783777643908216
0.24660675325458714
0.24231579933599004
0.2496303814507744
0.2466121394323044
0.23852048727083994
0.22773963559909555
0.22725619414783918
0.22149667187615363
0.22176994525656565
0.22160547172276146
0.23671720795034187
0.25958898395830815
0.2722373935376885
0.2932381075555266
0.2933518781818672
0.2779351605209428
0.2508034655986543
0.251070946727694
0.2539106449968822
0.26080526592779224
0.270522434656057
0.27856235597927687
0.2701147688594484
0.2519889750078404
0.23874973269573987
0.23609520199377929
0.21754974977251682
0.21728097807366192
0.21811131639047826
0.2397637136315081
0.24980648967713684
0.2630359430702329
0.2913570470334909
0.3033891844165308
0.3098837241851863
0.29624631821866854
0.28082923142330335
0.25816737148975116
0.22926516111829004
0.21288274102851742
0.18728481824577956
0.18348412543466094
0.19587517356059572
0.22004232812621455
0.2393838166301358
0.25636394077220054
0.2593722806798899
0.245176938525404
0.21206552690029157
0.19665835332222875
0.19303129308085143
0.20383807627007075
0.19455105213838902
0.20414681357617542
0.21125115444148715
0.23481485722118622
0.2525080892321821
0.2570090085749662
0.24446530687362716
0.23455797109580004
0.2388571169818139
0.2489451141518214
0.2639466636942935
0.2737827650334296
0.28595015634084253
0.2742165847901978
0.25745139917305765
0.23610028656569967
0.23441486629247418
0.2338804121857944
0.2201103163617321
0.21157515427111953
0.2200087971749399
0.2300109544052107
0.24528890001976575
0.2592433138578412
0.2720963947806841
0.2792974054042515
0.2897977281427038
0.2892757703230691
0.2838883125279986
0.26192516180072895
0.25724673554863825
0.23953742331930158
0.22727731929584966
0.22771677726088801
0.25042757177443786
0.25880166537149174
0.27301683937838356
0.2476401557278472
0.22154049134254605
0.1899537855164986
0.17410655072270287
0.18505495917216178
0.1900339975687362
0.20398209897349073
0.20912272555852318
0.22483421560837671
0.21818266316144413
0.21691274295546398
0.20097936799543809
0.19821164514403591
0.20149793874114474
0.20952010428784387
0.2173226645451326
0.24095299580369023
0.27747640724144823
0.307475552014713
0.30446739666861067
0.2755228517954158
0.2705552046139967
0.2642021315000938
0.2735789893789325
0.2729956515728134
0.279106388765598
0.27864819299851334
0.27546701579121824
0.2645832212611107
0.24418356713894795
0.22047112716872008
0.20575952377361603
0.20715683948373675
0.2197321678856901
0.24319107143052388
0.2399826293884793
0.2240672511093636
0.1787440031123742
0.16222748214532398
0.170047643207339
0.19876192557299546
0.21870370113119766
0.23859922440795914
0.2504168636593103
0.2759636582662232
0.28187267486886225
0.27359233466877403
0.27024566659144733
0.2562409080171204
0.25362016599993475
0.23985355041065276
0.24523364148824478
0.2807041651925748
0.30186279661020565
0.31589285997344574
0.2955660960432816
0.2694204565604983
0.2440665422719319
0.24199464165022921
0.2486660775131504
0.2696682666185742
0.2634944730498578
0.2542701474801842
0.22825934007180207
0.21875975660545116
0.20939549202927912
0.201421677903628
0.20610707939382225
0.20744081168369835
0.21095812182680976
0.19937751925403288
0.20253225484835427
0.19848096669180387
0.22672995630026604
0.2499041754865232
0.2859533580038959
0.2914672424722121
0.3138413472903789
0.32444377894904125
0.33541211063072257
0.3444455322023467
0.3224771429744016
0.28697737571869997
0.2592031776770908
0.24623586359713454
0.23983580026379406
0.21960605617913673
0.2061895341067223
0.1984502546051338
0.218638418980555
0.24077003394176183
0.2598071408499203
0.2694056459598059
0.2624559105148631
0.246943460652046
0.22793256568535045
0.21750304111255933
0.20191777802340438
0.200261985254015
0.19242847635306837
0.21039365013586098
0.21700613553607934
0.23673539057328272
0.2395869180402006
0.2461389548933575
0.24017202579488695
0.2298470222820209
0.23443853811557433
0.23827165446590456
0.25053401348216864
0.2606357035953386
0.2811191784229273
0.29415799676731735
0.33612491742856604
0.32352833832729627
0.31942961534896935
0.2711862730917994
0.26830063711125224
0.2643440827335872
0.27588177804613556
0.259570613692415
0.25451904661818725
0.23664320493071614
0.2334171189411207
0.2314809236246969
0.22714255194747782
0.21633621060796918
0.22183695195198047
0.2229606128585358
0.21674516232206403
0.2095972748188957
0.18750715744512308
0.17994934410059682
0.16705998121970517
0.18289011416906487
0.2032924696775454
0.21767943996235564
0.22636538878939913
0.2581911456468023
0.29372841829488516
0.3202417867437245
0.3120845585004217
0.2704193250463095
0.21850146590208425
0.185805145281988
0.17879390568655756
0.20176843090833968
0.2353905890261513
0.27175695894653845
0.27302587661796046
0.2647687692917396
0.23536939342369703
0.20887844379601722
0.19200024906237886
0.18851540279310866
0.19269187622224568
0.21882157584007897
0.24197169857758818
0.26544438614191956
0.2660019621942869
0.2636669874557205
0.2575498040650859
0.2506038523374797
0.2317919712584975
0.21360535870058303
0.2120993345790703
0.22159429091719726
0.24473349207459139
0.2525714262645226
0.2589922412561106
0.26483608018280613
0.2776877921914731
0.2866201294804737
0.2720127367456947
0.2547914076648415
0.243991968671871
0.23078664297368895
0.23197815057729565
0.22040334829409483
0.23288494801661652
0.22968400238755485
0.24907677182447824
0.24752701754116438
0.27558610470831935
0.2624354771199376
0.2704382790022559
0.24257249641953246
0.2347667545386246
0.2127078464844178
0.20631511075785286
0.19695704782500018
0.1913780610043581
0.18541092620726413
0.21075430098960507
0.23363645096450428
0.24292743285346935
0.23467087754111635
0.23213531359311543
0.22212929195637066
0.209815649021444
0.2081523224643794
0.22081730078614506
0.24515196792641697
0.2505750478964654
0.2473941904287888
0.2208650776784912
0.21322033091074893
0.21335047367827706
0.2099060996209398
0.2103337607439934
0.2365492675270635
0.2601297333712981
0.2623122819590946
0.25662711683101697
0.2424830340291108
0.23399765138511747
0.22816485215698853
0.22176894604642558
0.2089285166319907
0.19803226885475694
0.18918251633821595
0.20539197758836145
0.2103232336431336
0.22477459897733884
0.21576383895069268
0.21094982193189787
0.18681886452401383
0.1850740605131501
0.19440691986387354
0.21218421043777644
0.2018357905206237
0.2049621429872453
0.2177404136274411
0.23287476203597904
0.23538905656687384
0.22298075154520625
0.22566660432328367
0.22976402137851518
0.24366265196435044
0.24572865829274482
0.24102782262550002
0.22706568374431363
0.21689662605339
0.21555914541209392
0.21111277537785206
0.21111110786840787
0.24056417565077595
0.2704025836158851
0.2960764353947352
0.30166032766425926
0.2923549305666599
0.26683882305885054
0.23555805174607902
0.20323850559806322
0.18273974723954584
0.17099221543598106
0.1659126644229971
0.17574889873385566
0.1806947762903088
0.1869113645874841
0.2017913608184879
0.21856296225153793
0.23091456751996758
0.2353186960569425
0.24602940279119806
0.2501223939857219
0.2565221530973987
0.24282270957320912
0.24221776160775643
0.24169388387471438
0.25255991897352964
0.2633463041647588
0.26432688270717924
0.2563630867162738
0.2567950641121071
0.26678769666174174
0.25952232579662626
0.23664649958214481
0.20974063506808122
0.19123803865031344
0.19538969727908825
0.20320920728517744
0.2076045843467615
0.21925318942113195
0.22789561781498333
0.23814439972944237
0.2554253629094338
0.2782771545453522
0.28907780512734094
0.2729126647536299
0.23390526709765597
0.21358956652725788
0.2191261747682708
0.2478746139373431
0.28261273110773066
0.30170795044441934
0.3044428858183257
0.2896380631097074
0.2580884841023038
0.24504062402392468
0.2245859001405029
0.23006910290290813
0.22616730993841777
0.2445933312676425
0.25291182071839335
0.2660942355667376
0.27770156368312693
0.2802375510885214
0.28879649118484774
0.2780561949386647
0.26235070788722964
0.23462021569225086
0.22846256555964578
0.2267170661774459
0.22130917944888315
0.1988476905704237
0.2017628336360706
0.2112041128301921
0.22051145707125397
0.21271173336516744
0.23217538673394283
0.2526966302490993
0.27103835267478565
0.2638197745653366
0.2506776105647263
0.24352496472932902
0.24717818098828462
0.26536350107939527
0.2928958449849808
0.28554428383105734
0.2691475017950886
0.24784154974792952
0.2366625685806873
0.22793110257422977
0.2115634948572804
0.2119312595823379
0.22439003913302513
0.24348727626141473
0.25492428745728846
0.24148549452788662
0.23658217769909318
0.2148389144402693
0.21035497314568166
0.2029653061453515
0.22616430821803574
0.2352869921167962
0.23232516452872776
0.21716025906579342
0.2145853139467371
0.21251932991088626
0.2112942282549148
0.21822358089937796
0.21978632276885893
0.22021822177466646
0.2154310012555555
0.21899281693743822
0.22275428286477345
0.24386318265179188
0.26407572591223594
0.2791579119306913
0.28961331183729255
0.2836962233283012
0.2679339462961924
0.24265342230716733
0.23771593920595233
0.2405831970651301
0.24395593847417021
0.24338428756507363
0.21812459376140614
0.1972246235466155
0.2019184291771881
0.21348869488113897
0.21890593596097313
0.20233692414811133
0.18383237977981923
0.17974746483638773
0.19143734878829105
0.20462388352565042
0.21718361857936674
0.23229938503735736
0.2472927606852661
0.24899044672000728
0.22925578069184996
0.2112131247321362
0.21498670772139303
0.2328477802063635
0.23846426134216223
0.22780388953378672
0.20450744161016857
0.19420954155899361
0.20295516751615847
0.23481538291173934
0.2609560552623541
0.27651110158026526
0.2674561441062515
0.2762629353099327
0.26396212711864503
0.26525121827680337
0.25231242193567693
0.252752244384893
0.2394608312864241
0.22798390450485953
0.22166531518579338
0.2118641503353772
0.19647881228168287
0.18246348980647284
0.18014711713982853
0.18389464582926637
0.20385455081044065
0.21851775945695165
0.23268736333838114
0.21142389467149825
0.2166552168154156
0.21602829902977633
0.22908946901943492
0.22144068492803617
0.22187094897934106
0.2131263933966733
0.21179186328501148
0.20131495711124284
0.19060142109371958
0.1905317262425072
0.19975567841738492
0.20313808084748375
0.19881288490653387
0.1987169991742249
0.20694238398739195
0.19814317364264936
0.19817372705003647
0.2085074518676904
0.23680120110684502
0.2665981044336201
0.2993177354067654
0.3183159473139796
0.3179281142886934
0.320634235795641
0.3085265399140934
0.2867265454575417
0.24712920202605035
0.2184359482773738
0.23123486035482027
0.2621004872968463
0.2801254653859361
0.28642698596087374
0.2751759089763662
0.28543574736289246
0.27680480462861784
0.29391717078178636
0.2515800045325912
0.2230785693428563
0.19180943933503605
0.18881220938602644
0.20256656890583052
0.21687144806474407
0.2301472074552481
0.23898621282964572
0.25970488310998
0.26700460070719634
0.25414602981749057
0.25144788109464333
0.25979633308354744
0.25911182667653965
0.2563864256618112
0.2273548855325102
0.21352455875846613
0.22056433059147398
0.23831702731971782
0.24892322497725047
0.24549105319130232
0.25133806106047646
0.2558861517101039
0.26109158285706074
0.25846173990859644
0.261741048221308
0.25954850034597227
0.2609475854993906
0.25011531805735254
0.23598454484441905
0.22473879686135262
0.21212058734940561
0.20440658408510648
0.2021483998149417
0.2274768028200885
0.2508429104664628
0.27272034295798
0.27728709030138354
0.28757018954307423
0.295768338445279
0.2854487772073968
0.2466184145541504
0.2248625266451225
0.21546180897983896
0.2190800923951432
0.21584701194482628
0.23149951684926182
0.22306394171157698
0.22249510930650152
0.21303983271515475
0.2039781091705775
0.1998656177767433
0.198368176737402
0.19961165161324906
0.20650189479856654
0.2342202249982636
0.25202737110007917
0.26600153345354277
0.25644148483196866
0.2409724463379483
0.23114120358069187
0.24190789173315513
0.2515821420275212
0.25975134248089327
0.2676987130388421
0.2773219000956309
0.28589561288982945
0.2736918337817399
0.2683175346971639
0.22411511344453325
0.21515075328089908
0.20119727858757153
0.22004536406918013
0.20635302059911115
0.21890155967891578
0.2244147668237517
0.2517372378183775
0.25116978613538166
0.2503302871983414
0.23942025949706602
0.23943198413383124
0.2383274202973049
0.2461214244304743
0.2471652591884845
0.25108564265358685
0.2520130793580132
0.24699805211524056
0.24231737774964285
0.21644411551416326
0.2080081292612413
0.18653146819825334
0.1916749541318039
0.2126043265582164
0.2437719422922922
0.2646713783151328
0.2818827958362612
0.256128352614097
