1.1742324973860241e-31
0.00940994123747293
0.025329992325123098
0.03977508970889371
0.06535348758981661
0.09457572256360347
0.1229840173833339
0.14663164916242832
0.16708792708562437
0.1676137951387916
0.1579915070757998
0.13993221763898217
0.12716654376456804
0.12786369514466392
0.14079262504063336
0.16010544190162054
0.17347612858365669
0.1802631574231224
0.18215672904961036
0.18909116635289122
0.1979705389170766
0.20433138368977005
0.20518435228431017
0.20859758527941602
0.21090132551640636
0.21731810701416363
0.2148410552049493
0.21995758994236744
0.21514656259675335
0.21177746597661182
0.19165995550101295
0.17860406694732875
0.16323879286485887
0.1523416577126089
0.1416929052967084
0.13669175525594565
0.135403625655785
0.13741981329998165
0.1396506102486592
0.14005412011218651
0.13871736951492508
0.13585765811738126
0.1345005110168455
0.13285844868938454
0.1294364946897832
0.12299074929090253
0.11976403562705612
0.11551559687254073
0.11136723498883323
0.11137553569573946
0.11590428327132454
0.12163587216728071
0.12702522054233084
0.13254646898739922
0.1440041597581254
0.15139367574464418
0.15160584052089132
0.14888918723762815
0.15777996491960816
0.16827088828782188
0.18174153545975447
0.18772410651427276
0.18695262247876834
0.18162605240033
0.1776460536711231
0.17774631822591247
0.17708789081735815
0.17743822210349472
0.18894153205379396
0.20813379836114973
0.23275955371304363
0.22640964053775137
0.1924540824288022
0.1605773004184496
0.13924128080583903
0.12705710383014576
0.11777985990360297
0.12250984561689056
0.12530594088891012
0.12496502354481046
0.12506698989350504
0.1293146691687306
0.13293092764178566
0.1370883517303329
0.1412964559200413
0.14552115514556213
0.14681270708999827
0.14520396698482035
0.1418476013225937
0.13826376031375764
0.13558029911967037
0.13053908752527482
0.12963025487799099
0.13339649105620385
0.1419106509540373
0.15424041515282474
0.17243827778807824
0.18824049108002044
0.20075806550198005
0.20879850691860627
0.20903409844404083
0.19736308833058733
0.18255219222466448
0.16891948482965188
0.16013663359945549
0.15684794287062037
0.1590702642790741
0.16669204347953664
0.17281043393521206
0.16965292320557654
0.1635729917167561
0.16148530425192223
0.16555640399476665
0.16493122493680598
0.1678654542700465
0.16577363406217488
0.17697206845794727
0.179467065035885
0.17941716033160016
0.1668583543175112
0.15668734128977402
0.14681041730116
0.1430429440255903
0.1356088248913248
0.12522312952123182
0.11928887835131759
0.12733993220391995
0.13898657015399526
0.14638213620489293
0.14798205524959288
0.14939731393848452
0.14616756553280966
0.14146174100445547
0.13879385662535698
0.13361203362017945
0.12761154742553485
0.12427638429844375
0.1254029661169383
0.12498303370566273
0.12794206464870678
0.13428557485711523
0.14080194883908598
0.1473234453615541
0.15258589212420148
0.15463958295582836
0.15228282214296324
0.15060276471689202
0.14736585797420673
0.14021321485099872
0.1320659988938822
0.12902844778777683
0.13250019394249415
0.14467843851278384
0.15306952171238272
0.1629065785780356
0.1702501117979553
0.1801718662366804
0.1973532940148704
0.22479445847912047
0.239608960491456
0.25539062240914834
0.25475108971524246
0.2596585523379941
0.2470730688780695
0.23213124532810822
0.20693018416754194
0.19274204696914712
0.17889003891759525
0.16007264625265274
0.1426867034837746
0.13679870168981606
0.131461530886114
0.12584837446803265
0.12713600827932459
0.132534303350969
0.138565021069606
0.1398175028203054
0.1451843713026811
0.14616868800240873
0.14418496702966302
0.1374189526967908
0.1309526497653956
0.11982231761618668
0.11161996878075427
0.10968533123514682
0.11548273521340384
0.12276549605079129
0.13470273543330302
0.14923338333996064
0.16251060746328405
0.1710034665263078
0.1726017800932802
0.17409712739748537
0.16983211471433646
0.16302347999581723
0.1558266246346891
0.15519220214442078
0.15641584679405132
0.15379263144400054
0.16062241276836167
0.16642709820358456
0.17450018673534048
0.1787047643234588
0.17775342622870804
0.1774920665340679
0.17870376738689492
0.19002714037708526
0.20789806616697198
0.2193511619623494
0.22227322713635075
0.23391211306468007
0.2368516059801454
0.2254377317383763
0.21226223734495045
0.1994008965207582
0.18270065705297145
0.1653992974925787
0.15334097337650052
0.142729749891878
0.13723218263586004
0.13323442450659975
0.1318292631404174
0.13100165610523848
0.13338526403017592
0.12831180874792655
0.1289240541017804
0.12855018675470592
0.12961313525639537
0.1278446783674582
0.13081744133190037
0.13080503437824478
0.13145800653315584
0.13179736717140933
0.13188876346063236
0.13297340186474904
0.12999089577299158
0.1279540501336534
0.12808227372726683
0.13200456777132233
0.13486881692517003
0.1364994792334732
0.13917093487826054
0.14603366954519817
0.15184843611053697
0.1634836266206426
0.1785134444700431
0.19147774737672058
0.19667716971145657
0.20299671075309467
0.20426996761257094
0.20058018246757647
0.19674671898607765
0.20306105063676613
0.21178878348708252
0.21843787857616967
0.2184476004192241
0.21045908540602623
0.19412451477066836
0.17242522050661316
0.15348533692380553
0.14938497818456845
0.15310387875789339
0.1620120617217583
0.166418981461167
0.1677039186099789
0.15847674809537274
0.14562608006044625
0.1366390153619302
0.13409313286576033
0.13307096298396096
0.13084455348360943
0.12777355484633215
0.12326232178572227
0.12108994431655089
0.12279469893644278
0.12473849463516344
0.12583700052760086
0.13199126593763125
0.1404854581775551
0.1464093220504429
0.15077717341956512
0.15416082417215185
0.1561962594186316
0.15194871439256127
0.14497725382467516
0.1420776907575847
0.1487565541371782
0.16163891459343363
0.16874870626950578
0.17002472176713865
0.16865837176624138
0.15899026719621234
0.14836054656861683
0.14115777481024702
0.15459569814013155
0.173401343774968
0.18455096336403023
0.1818885272400121
0.18726126374629437
0.18997320441429014
0.18137393687474906
0.170062012577557
0.15598640386505883
0.14395715885139282
0.13390927354740328
0.12947147574761408
0.12724698898941786
0.13214387695047689
0.13723074399562624
0.14327570114980712
0.14687491236834707
0.14795772846461727
0.14968021878295135
0.155874049464744
0.16178942574795696
0.16745111662385506
0.16828470086349387
0.16416932625610967
0.15631262652357275
0.14786135164984185
0.13765391333711136
0.13085802635552277
0.12611982225441232
0.12151931172470289
0.12000432696332423
0.12665487204698517
0.14014982059190348
0.15436229899750092
0.1646102930828254
0.16405917900079772
0.15612029467486777
0.14572171791740343
0.13692484163137822
0.13635869560532426
0.13823660987817793
0.14055368664456655
0.14577289139621202
0.15422025001256606
0.16370613455458935
0.1746645372360661
0.17841031103239818
0.173940327481591
0.18079723986293925
0.18792740158178575
0.1914602024620578
0.18900514488598472
0.18794040859113156
0.18662608969856176
0.1875147026911658
0.18728940016815665
0.1834816934484666
0.18358576990711079
0.18772073071980955
0.18853316959754532
0.18377671773460313
0.17278214729871852
0.16000496681151538
0.1501719503439616
0.145333798893011
0.13486521256620562
0.12939102671146616
0.12538918151475176
0.12013153667634101
0.1121566677869937
0.10614842997303757
0.10875411034680006
0.11615325257606146
0.1311459463122518
0.14229280376695122
0.14947695020203078
0.1467203277769657
0.14239369190148365
0.13719729790158056
0.13676360657605
0.1385734008436207
0.1469896046234605
0.15415018265722527
0.16339030829895018
0.1734643527533121
0.17823516709407827
0.17184348995114027
0.16647990831242113
0.16481556989684956
0.17497450191106234
0.19250054291015087
0.2158633806620211
0.23339313204033307
0.24598902582994608
0.24574343099778087
0.23735213101855662
0.2308000640589082
0.21697117917003658
0.20698154269438246
0.1985034808139594
0.1991393207023999
0.19989741740727804
0.20755838035622146
0.20059014449746834
0.18311428664657475
0.15759201397592848
0.13954807453855386
0.12503935950239894
0.12106854743220082
0.1249731968753876
0.13261603748072012
0.13665159403739205
0.1355903222207121
0.1315378761627154
0.12791233079057834
0.1210197257015266
0.11969672426708768
0.12209456495817805
0.12459039667199619
0.12861447992391128
0.12938819279333824
0.13274571809250196
0.13343620940781792
0.13767392150470203
0.14228572049871185
0.15515615776268488
0.1656727680171516
0.18548715982805355
0.20103707329170603
0.21821465357812758
0.21940923745472704
0.21431368715333818
0.19572601331158243
0.18518355118876284
0.17617870141239977
0.18150720636721984
0.18708318584847086
0.20165108297963613
0.2113917406068791
0.21680710524557373
0.20610670297449396
0.19072269694025762
0.1778611702348807
0.1678461239867846
0.16665156324412342
0.17253201577549268
0.17770869952231516
0.17872066511275894
0.1680442694692552
0.15609634466645658
0.1395305369985405
0.12617681081437043
0.12237940838231355
0.12723005483856284
0.13506204271504
0.14075132986039207
0.1513466644175129
0.15783930691288037
0.15662862684226725
0.1459109367642931
0.13786443277763674
0.12882472506295486
0.12283115419796065
0.11662651423160529
0.1184247862187015
0.12328583834669699
0.12993084676408306
0.13243054129647958
0.13596353454950355
0.13853372822703391
0.14227433424004535
0.14526885136197998
0.15269071257314693
0.16341765840668798
0.1715043870857126
0.17994657581149456
0.18593439430996625
0.1942200375806704
0.1882185467940664
0.18475002665296295
0.17394797402562326
0.1738166263274644
0.17207913896698784
0.18373753629553502
0.18891344353163936
0.20386579595399787
0.20675284610594477
0.21244234244274973
0.20095934118974318
0.19445958374898392
0.18954629227504846
0.18579176354883178
0.17735855405989137
0.16989606560493828
0.1644801231265885
0.16732922115594948
0.16759647557888682
0.16939249588820365
0.1672386456262405
0.15978663440908644
0.14661014617529952
0.13154458249891401
0.1179084813118535
0.10754904427633943
0.1030901935532886
0.10290637002344401
0.10685376919950532
0.11419881901666593
0.12293819126584357
0.1250611277852456
0.13173934454027092
0.13963544911854509
0.14727328921376076
0.15508986916413786
0.16581783877594075
0.17321032106076376
0.17708236880526942
0.1730888330517668
0.16653458309327882
0.16389877806057349
0.16295056023601848
0.16126438075682215
0.16857302280866288
0.17955391887350722
0.19089977886215134
0.20554449184457413
0.22003441370191246
0.2207112462057523
0.21827244498899184
0.22011023478035247
0.21457968616242476
0.20657052384481026
0.20377604504583954
0.20496521299871953
0.19797603128695765
0.19246074997719975
0.18038824086727573
0.16204742008097026
0.15409681782075252
0.1547805955701386
0.1521084179659461
0.1479679168034915
0.1388145946562913
0.13032017179488342
0.1258489256105944
0.1287565909794388
0.12738842370815828
0.12525581988869008
0.12815646836405176
0.13487563724127805
0.14255863575956895
0.15464176270567245
0.1654658117026982
0.16588821190721448
0.16227874872329648
0.15872741361969278
0.15689790578848256
0.15449009837106922
0.1564081697824803
0.15714164927406638
0.1620615192062353
0.17071197995202403
0.1801711778905999
0.18547271164642656
0.198167714363008
0.20538765285444763
0.20566027781425475
0.19382052829507646
0.18099703135086964
0.16769281409840117
0.15828697945192785
0.14878363254280902
0.14725463424507104
0.15210880892614484
0.16183202939930344
0.1733934703854583
0.17926908681931658
0.1776395588847703
0.16881577682951152
0.16741434660279894
0.1692697369886243
0.1743846686256157
0.17818903166961786
0.1845739253129542
0.18470176380251702
0.18094640923355043
0.17060691175325593
0.15441690906572655
0.1410953295334384
0.12921183830912147
0.12419125130670598
0.12220598237883293
0.12902107482998068
0.136776689675022
0.14702372701758493
0.15670989609488054
0.16356419942873415
0.1648630238417455
0.16543604004986953
0.1608346596955471
0.1602787352809498
0.15857966910638976
0.15513410188480423
0.14728290879302555
0.14151709141646002
0.1364038575182728
0.1343850573052196
0.13320045681768902
0.12937722299260435
0.12776650833644249
0.12756852246003433
0.13180130733882733
0.13689435121093116
0.1407474686142228
0.147026623305327
0.15509201913270618
0.16571966681764264
0.17884681135623057
0.19092479406184387
0.19532789743205012
0.19516753768307576
0.1848749079747878
0.1673616884144772
0.15700033517068354
0.15554667190244897
0.16228992205018447
0.17106970665638885
0.17932587185971258
0.18444404919789165
0.1794179366745721
0.16968579662184002
0.15423198443217648
0.14148118940914153
0.1294759835343646
0.1294198448617433
0.124133805085476
0.12457658065658528
0.1282445835306241
0.13624364429999697
0.14038789536926194
0.1382296630757738
0.12932889442581655
0.12597498047583264
0.12385217957812061
0.12153601601523431
0.12276542725664773
0.1265355864203742
0.12955165062987184
0.13258706879573298
0.13688152549154783
0.14193762620781378
0.1393207588132885
0.1375296466396366
0.13531750063938447
0.13564448720237313
0.1332348975307961
0.13607948155764577
0.13843496605453656
0.15160527325551904
0.1620940882222483
0.17422929581978605
0.1745675273286719
0.17441058408015056
0.1692553386656432
0.16229265517304234
0.1587138898033661
0.15911059982303907
0.1641041435433595
0.16920078831176483
0.17281096596112097
0.17790737803547657
0.18185212102082385
0.1774883718999409
0.17426625884988847
0.16258823817599635
0.15437763149220457
0.14469976079154864
0.14223327434255442
0.13370446408019704
0.13105503305380484
0.1276483196998875
0.1290889104889644
0.13562421084230225
0.1438428716506746
0.14696736407475794
0.1497990822399868
0.1482149423673616
0.14545919918960787
0.14348527163180735
0.14296378497388168
0.14795866738609362
0.15572389673739204
0.16696011418654516
0.17505316902975046
0.18260965165132828
0.19150352025923764
0.19579022336286625
0.18642529615252815
0.16890470775271813
0.15649970692820722
0.1516966842501989
0.15901381571028048
0.1739388423270414
0.1936546903961913
0.20848249812467934
0.21081554709871675
0.19872038807565912
0.1831596542414722
0.16766974944294
0.1538284377818202
0.1458371236792971
0.14843204184870668
0.16199343549401948
0.17462904780432287
0.18664232230157457
0.1854999564315793
0.18235034516257154
0.17433247484306943
0.16853981956491706
0.16308123212468756
0.16423906256691465
0.16100105154335886
0.16137019923972398
0.16646168404625403
0.17560412551364213
0.1859777374284488
0.19448296699721612
0.19512913962292247
0.18894094245289267
0.1754760637180328
0.16327850419065146
0.1497687748824864
0.1361629448561878
0.12498507716853412
0.11886857350596071
0.11814350491408561
0.12479792618647124
0.1331969671761536
0.14235051528418682
0.15353816761875985
0.1622083725283651
0.1679499528765295
0.17419631119827872
0.17505966390914646
0.16426426276081724
0.1505823304006675
0.1449600501667676
0.14768926654124934
0.15784393041246486
0.17654256170182725
0.19790966753089256
0.22044695980372322
0.24058160251868677
0.24247748955384613
0.2221351110973915
0.19507757874365578
0.1655986150441425
0.14667678481668492
0.13419180829566568
0.1373756964667259
0.14689294297488611
0.15841242565050626
0.15351963708332142
0.15094013516011395
0.14166990323557394
0.1365795184119364
0.12809882482434096
0.12760219500554865
0.12294493719459053
0.125883945532051
0.13483334041356126
0.15192985876939985
0.16089827054890976
0.16257877664483583
0.15502266542376344
0.1431687715030986
0.13133094279717067
0.11951115319610069
0.11400445904777237
0.1143182439382265
0.12345813774186593
0.13222320156443984
0.14027084413968785
0.1480621418109288
0.1589729814285474
0.16353320870677665
0.1650226936671015
0.15649709451564056
0.14123501126905624
0.12667145251672884
0.12112888851955045
0.12245116646618377
0.1264810694862892
0.13563845824970064
0.14720577662733983
0.15852404689193042
0.16691485618806673
0.17090140278747623
0.16220337674331756
0.15294454385567333
0.14271351453326137
0.14390357044846025
0.15251839214391802
0.16922390886664046
0.1802903893302418
0.19031825627261353
0.19424931197389803
0.21065946303686386
0.22216572075200397
0.22474635023234785
0.21667385214910914
0.2137271257328853
0.2020682776073731
0.1879161905970851
0.1713155965650429
0.15608391387047274
0.14682118961526122
0.1487338114617902
0.15656430698070992
0.16121554197125035
0.16652908606095781
0.16752151155418374
0.16377340781325925
0.14964551179893068
0.1343384811991744
0.12390295616592442
0.12198054666817267
0.12200412080693637
0.12771807237905197
0.1363920615070326
0.14139525239645326
0.14387673640931972
0.14952085539914625
0.1590166739927495
0.16799915101237062
0.17611823467708224
0.1767620215795341
0.1727109644788739
0.1715057800512936
0.17402657001239938
0.17437252908345183
0.17755992497961406
0.18168724199750066
0.19183573521800035
0.1959190951344174
0.1994657970434491
0.19263840730287285
0.1888876513496287
0.18465839423148744
0.19320571216526022
0.2061276487793737
0.21951923556545364
0.22413324622301406
0.2134802615558317
0.1973518104437443
0.18386934095449448
0.1734414740730577
0.15894671323602835
0.14626086067444183
0.13960072782268831
0.13672212013596147
0.14002776386567053
0.14682609858570206
0.15209976694659474
0.15751440094441432
0.15422878522575317
0.14043017962985888
0.12546831381245477
0.1168320178208788
0.1154340059484833
0.1130978034335763
0.11143189718284276
0.11366454185018164
0.11975379417023863
0.12550060749667125
0.13011641283958408
0.13263555356943127
0.13135829434301127
0.12605854701092128
0.1155144877857298
0.10299740399937347
0.09650681475542554
0.1020598920475135
0.11283382170843366
0.1286295583308074
0.14815627674917572
0.1645782252302583
0.1676033157042343
0.1681661364237966
0.17305087834450963
0.17403019776307477
0.17841388008859188
0.18280158478323738
0.18122517903975943
0.17584354964307877
0.1798838567699931
0.18910070855705635
0.1951237645222683
0.19783660345743684
0.1913921406561614
0.18015613111950451
0.16571441187978575
0.16110762189003155
0.16070824451184262
0.15830824857539744
0.15446937060509758
0.1525824883899861
0.1520567960252826
0.1469818593478462
0.14373927293054142
0.14126264702556532
0.14697516279139103
0.1578584611782843
0.16678061622727053
0.16717555726842326
0.1648382945027535
0.15977974873065184
0.1518534899427194
0.14758902595628529
0.14630871741053955
0.14282736431609952
0.1341708984078068
0.13252643630312536
0.13930848742287893
0.14816766214045693
0.15557432954862307
0.16791333807243805
0.17701583152432054
0.1780882252151749
0.17029954595954536
0.16220038955947927
0.15917200236411372
0.16015686576029492
0.17309105258410437
0.181160436267983
0.19247074230034578
0.19064097830216561
0.18760865721758144
0.17615105548215254
0.17885686469643214
0.17599064720026564
0.1717179415296048
0.1649795504705328
0.17346190521510546
0.1826444338880181
0.1918788835847597
0.18813834218011682
0.1822774896090948
0.16700833027392192
0.15102827044191847
0.1383279712784601
0.13359415327278729
0.1314079663534391
0.12865026333700844
0.12815658879603356
0.12477705964951628
0.12707349375410024
0.1293020932576861
0.13008706184752333
0.1303666038539221
0.13660192355065792
0.139230280593607
0.1414565985342636
0.14467655123315948
0.15199911956445075
0.15663099621069354
0.15978415113221103
0.15694593399737797
0.15278629943430397
0.14645509553461972
0.14136745475394827
0.13376150725557664
0.13134724547304355
0.13577360385840145
0.14116037264353903
0.14467315406231607
0.1500461532744286
0.15887767640635012
0.17653184106889178
0.18877322978982208
0.20105499407490204
0.20621464485042168
0.20182721959418748
0.1962601129734814
0.19271806822493667
0.182263531935045
0.15954452807572259
0.14115920626086662
0.1378458982325834
0.14368527919848167
0.15375594227323738
0.16599541151508707
0.17696616205550394
0.18069821812824638
0.1723554901370498
0.1630317049171308
0.15759289896340012
0.15666513489485165
0.15988752697341732
0.16354720359581068
0.17026960080106548
0.17173532809354594
0.16902187334503163
0.15896580856241663
0.15006490144158027
0.14232863127494857
0.1354463017583983
0.1298422303391184
0.12592825700151877
0.12470913951943238
0.1298201710323863
0.13546583406565438
0.13394228512465206
0.13089392078203552
0.12497415054664901
0.12358645171634614
0.12421838971711766
0.13110809896324813
0.1374508932605935
0.15720276226342414
0.17084173645944134
0.1793813625226991
0.1818565257895618
0.19014840801970348
0.19254445931253028
0.19267163761521944
0.18403339226163398
0.1743489783913982
0.16550231014691622
0.16642674366905646
0.1711602959881876
0.18030107310444915
0.19216145670346518
0.19724089555872656
0.1915027414341004
0.1754718721768585
0.16009989595684246
0.1505097559724559
0.1495722080033138
0.14962713802214492
0.15483255297721996
0.1581313761699979
0.15845047967498163
0.15634420496652213
0.16172091398399802
0.1662628906077592
0.16721902209954484
0.16416977237481148
0.163598377325952
0.16537657896152091
0.16440785039405398
0.15933084551293855
0.15100572237960233
0.14559190390598536
0.143744300185704
0.14556730526649805
0.15240325386972423
0.16233606225031252
0.17189715001452036
0.17646123824892182
0.17412223327648058
0.1684548964578769
0.16174757142191867
0.15883414719760158
0.15505478874708847
0.15545807000894268
0.15876071035143027
0.16554007361572365
0.167914031090284
0.17051107937474946
0.17044492773605072
0.16864461901814334
0.1621950474862402
0.15113364586704162
0.14069743226970685
0.13683537490189265
0.13305037429099828
0.1324161544817129
0.1363471055663872
0.1429765170788626
0.1464288922813039
0.14191709298397817
0.13924924268668426
0.13781780072509472
0.14207468361864034
0.13808108993674795
0.1291507227545582
0.12242378966898604
0.12568573156525417
0.12943034573486437
0.1322997103309766
0.13761187079129725
0.14356316449879686
0.1500052490672262
0.15121878691035676
0.15038014781348594
0.14396563927509506
0.1404598611809414
0.14157681605127434
0.1475289463405352
0.15137334761416005
0.15489143919719747
0.16015767716665608
0.16079791500381627
0.15883525326732215
0.1532532938947246
0.14776798113226752
0.140726468716266
0.13607456187687625
0.1359974244049669
0.1440748474490986
0.15635885832007196
0.16412133525841274
0.16209724088543326
0.16149067150542065
0.1659540125576294
0.1691593089369541
0.16631368680560354
0.15801753719780112
0.15057203945948264
0.14271173219269628
0.14479641000779067
0.1505563548194782
0.16423135301313016
0.1724802581502647
0.17833814576559062
0.17028930149977572
0.15780614347069247
0.1504670230174806
0.14689290660734342
0.13479154491752263
0.13048888989908522
0.12860831771735204
0.12904450995610536
0.12981947431272778
0.13576333797391996
0.13944172686875078
0.14053792592650804
0.13988856755313892
0.13701909367861173
0.13721373623976013
0.13688890479333318
0.1329463759569513
0.12786977024302096
0.13076058831605217
0.13696210278168378
0.14854393046095782
0.1532467099050382
0.15481683871730112
0.14671057082360714
0.14210305480898314
0.1355305718262893
0.13466757134323604
0.1323268481591075
0.12921824517605926
0.13360705803223505
0.14319780501271548
0.15649638438066438
0.16999132062832517
0.18749161954116453
0.20714890978888847
0.21991376118588898
0.22167569788043542
0.21114034597563436
0.18659217691552718
0.16051183545192962
0.14202868056934018
0.1371756198207056
0.14877642665038185
0.1704744179685076
0.1792748088132121
0.1776126392985753
0.1778716198641421
0.17593166864785975
0.16580602936706174
0.15671096749730345
0.16014948337045554
0.16922503247485704
0.1768614321875817
0.1807754857981582
0.1698312482336399
0.15299191033899584
0.13059814480442644
0.11173406202271513
0.09722964329487974
0.09415345007822559
0.09938896955057233
0.11473344092820993
0.1363467527871844
0.15241767705629178
0.1599240709346149
0.15914575568210507
0.1547438951649184
0.1476234547872945
0.14744934272860294
0.1486965950615105
0.15393763179715955
0.1549379475444381
0.1613468326764244
0.17123709583273572
0.18078148847329875
0.18769678033432127
0.19461453833057935
0.19950116232591708
0.19837877279278524
0.19850952268395908
0.19172964616605812
0.17979607915377308
0.16685818777214553
0.16807300815087264
0.1654004422507157
0.16449294977833953
0.16684370949511565
0.16536621735970541
0.15740980596132417
0.1503082884107927
0.14679310008923313
0.14736451248502758
0.14949391162290468
0.14750273961888288
0.1474668688816933
0.14178368008441156
0.13172294617341598
0.1312222869992336
0.13913873946228308
0.14518084236487333
0.14299203752448852
0.13515875525395246
0.1257827562146127
0.11357445672051396
0.1088246785680515
0.10907264072766827
0.11686426406705674
0.1231651895640251
0.12845826470815686
0.13463191338535643
0.1467593185510384
0.15235479117090203
0.15593826314053033
0.15655920371072185
0.15315916343166755
0.14855760529811748
0.1477563024625827
0.14730285953584618
0.1477547419424306
0.15210752496322638
0.16041595413558277
0.16790896954781284
0.1721172804238681
0.17420600364593658
0.17801419743993133
0.1851663642283722
0.19689500984334324
0.20480448627533168
0.19867013726636779
0.18607626044610692
0.176468455304623
0.17698052485679314
0.19024304800153063
0.2029360456816884
0.20322492967541017
0.18958303497915888
0.17460979839781493
0.16569304156246328
0.15784088841867952
0.1503829341674602
0.14426856241321004
0.13839686740614396
0.13245653663804294
0.13282595822111146
0.13906485244455527
0.15160074762405507
0.15697511950479648
0.15729155082355908
0.15244400025351132
0.1416757600208282
0.1349939116839272
0.13294507031061603
0.13644286303224673
0.14284854034401853
0.15246674644099134
0.16020552671507832
0.16426530985078747
0.16715886064673882
0.17074167532005313
0.17161093293112653
0.1702330751955697
0.16765793794761485
0.16152167638447096
0.15746423942805987
0.14905558960743812
0.1408358107978734
0.1336200899768009
0.13194821579525343
0.13897026351592343
0.15224249276624846
0.16540834575463442
0.17232989932902337
0.17373932346769208
0.16959135500106334
0.16318473135626796
0.1618771706780743
0.16438233674897773
0.16501488691744023
0.1693761066021736
0.1660318642832005
0.16360094839200087
0.15994471918642217
0.16702371346203362
0.17262996804888323
0.17684738311496045
0.17494049053150945
0.16632885704308908
0.156217008291278
0.15282708527616062
0.14805653957937565
0.14479843726278377
0.1451822774029226
0.15197062040140474
0.15671383638094738
0.1555761701494289
0.16044514180531283
0.1685905233817199
0.17138711226952644
0.1647915430815752
0.1614768914363522
0.15431236293069117
0.15013258362021212
0.14926498350524936
0.14947325912580586
0.14917383297376774
0.15449129982215962
0.15875553623265803
0.15881151426922638
0.15369271582133887
0.1479374812319283
0.14351908216317746
0.14351652021998867
0.146127092598721
0.15023170673261202
0.15432305660352755
0.16123911732716953
0.16458023643682665
0.16676259342890004
0.16320231873665553
0.16681083995979076
0.16931700545875994
0.16404127886995373
0.15431294792888203
0.15123706355504485
0.15506301115291302
0.16323187883736104
0.16906114191295782
0.1716571625443995
0.1763483392330632
0.1839130713594035
0.18717487153456533
0.18418999013519663
0.17957536926778248
0.17170408809286586
0.16280152729287378
0.1554816816517545
0.15033863800917788
0.1455435228101374
0.14518654952696575
0.14748153937093186
0.14979074434566134
0.14715609339918934
0.1424592675028375
0.13796201073827266
0.1359670211870887
0.1396365196722886
0.1457906025697633
0.14669434818711052
0.137874767040466
0.13243152348276932
0.13161271984695108
0.13526987851056474
0.13226055329790237
0.12614705159169415
0.1192736417981406
0.11530938502199015
0.1120540179792405
0.11846499612411475
0.12955991319099525
0.1491330550977709
0.1649049425073829
0.17841195646873986
0.17776881104470968
0.17628087742439158
0.17968714232439695
0.1826738607447786
0.18551538706739162
0.190614765924026
0.19989599309559958
0.19915298062334788
0.19322643849471252
0.1841842632142475
0.18602725609814197
0.1911175883116985
0.19382084041723016
0.18717878036941274
0.17984542996571215
0.17729690138098966
0.1736989871035506
0.16569475186304897
0.15533822809272976
0.14810227893088543
0.14094351467953817
0.13514358887503186
0.13082683406477222
0.13114449265686676
0.1360504165104123
0.15118275552905447
0.16467921371605465
0.17528485591126025
0.17394840388847946
0.1739676554577322
0.1695729125392086
0.16173011786070587
0.15320549694368651
0.14716411407518715
0.14097800864829887
0.13976918650372577
0.13943117350790962
0.14306103871989198
0.14779414165123217
0.15987587093624808
0.17114265666307713
0.17768788232295424
0.19206622784079252
0.20559291868572763
0.21151571140217199
0.20570727482084325
0.1897206775447807
0.17295712483724573
0.16864927993291712
0.1700519947900626
0.17036885150183326
0.1742065889901345
0.1764001457411957
0.17726298751598699
0.17598197709815738
0.16721581029108132
0.15522446999410314
0.15584501344259938
0.15977885317851276
0.1647963559702235
0.16809210783641815
0.16946076695141932
0.16959012447209326
0.16599398313093833
0.15943998687099534
0.14581184756806903
0.13631087190265748
0.13003167835356433
0.1277736321593746
0.1262545075707766
0.1294280321483389
0.13881272023437422
0.1438921051447166
0.14481541790866992
0.14461053644462954
0.14384572305437437
0.1444717633282642
0.15436008330830905
0.16941753612584717
0.1801883906152845
0.1868041129968704
0.187183605797336
0.18749610146337933
0.18534077098789403
0.1805248617837326
0.16784119965479974
0.1566337005534328
0.15372286957119372
0.14656746339884
0.14213273871608265
0.14667141011483412
0.15903060772361088
0.16743213849842178
0.18144745950198085
0.19220329096754826
0.20493431784074986
0.20157801629908376
0.20401155893240877
0.19250663186834482
0.17828471962417272
0.16184672786113946
0.162505595435862
0.17202496845505416
0.18119096250343658
0.18960280115796213
0.19161642378011248
0.1857560452702913
0.17010447862534386
0.158087307910685
0.14721131332691795
0.14058404024988405
0.13645232049432277
0.13634720472134104
0.1394148000565341
0.14546669331394962
0.15361249739153046
0.15666849495190635
0.1534629255590195
0.14863296108777366
0.1447694483038086
0.14489596104671656
0.1436192529859293
0.14415793376079905
0.1469035141517504
0.15360098216770235
0.16250940120022495
0.16569451608843505
0.16315910166173056
0.16008194450742724
0.1521425908695192
0.14448458677234569
0.13755669859086622
0.1400007131128306
0.14612977786955225
0.1527848148303652
0.15350517293368005
0.1621588180534246
0.17782283691355313
0.1859524204057268
0.18327791495042392
0.18058622677205471
0.17676773345401908
0.1709528527164175
0.16603365218553268
0.15805250090944303
0.1418919112895259
0.13094989782971914
0.1327744465276868
0.1429109358406056
0.14870980880617102
0.1486820777080724
0.14380158220851835
0.14441543510446317
0.14592803624906692
0.14898859142829204
0.15606806810742105
0.16289850475905612
0.16899044536073296
0.16320026311811567
0.156733082623006
0.1531897401876173
0.15107015465518686
0.14673205105711723
0.15117910408079943
0.15295574920543273
0.1511938760524994
0.14829724992752202
0.14639836431624823
0.1438240210111348
0.15078534456100637
0.16459449015890892
0.17910693685000795
0.18506750965367408
0.18739963505122065
0.18249352753835235
0.16771952301753507
0.15205310139308884
0.14377797126138714
0.14199310360207978
0.1441256767881556
0.14862939907970857
0.14970870045756815
0.14534918575002384
0.1452873177131606
0.1492964718291485
0.15608576072591068
0.16825967850080303
0.17964379149259227
0.18570999857219977
0.18019042887885395
0.1675688847458025
0.1541704628177458
0.14907871069478362
0.15178797674790634
0.1566025944466487
0.15757294401214197
0.14968692752915577
0.14598447958548788
0.13723161590751584
0.13260256728061384
0.12921454107796965
0.1288319053413605
0.13028431399841697
0.1350614772148368
0.1383025005081387
0.13893903694097842
0.1396990730637342
0.1435061358387641
0.15005528694337497
0.15566080315836886
0.1652890699109762
0.17863854627749376
0.1972250745569629
0.2095859712375783
0.21574723463950857
0.208340833801209
0.1949633517224478
0.17877151525416715
0.16394628636182978
0.1597817268225321
0.15899456828411554
0.16514243806867265
0.1741698344746663
0.18383788451219493
0.18872189447645343
0.18666025059707292
0.17481935570912727
0.15997345679304617
0.14683270370236048
0.14796674094974582
0.1527136372862374
0.1484425260065889
0.13995930053612587
0.13298708516182098
0.13446818412792344
0.13473768339912023
0.13232460095908344
0.127716947585317
0.12967561764650531
0.13168810514324442
0.13556737900723115
0.13624510309187698
0.134676842595645
0.13877482890625542
0.14718378923170086
0.14720285745144746
0.15142346665500164
0.15351078608239424
0.15356377012695016
0.15266793849934762
0.15081294978905666
0.1450590579788299
0.1366670035838444
0.13035448822153284
0.12224408216187861
0.12310312125782877
0.12609059107468143
0.13446227207667344
0.14433019997393545
0.1589266401857776
0.17034288636583006
0.18028697318284803
0.1826977238026554
0.1808997039068213
0.17033522622790287
0.16028861964628457
0.15430633613320668
0.15027863135613134
0.14534790242758655
0.13793107390755036
0.13603362842577554
0.13800510126913335
0.14042449293327355
0.14382665416564328
0.15362001964844665
0.15664086866804447
0.15427245313483373
0.14230714307131212
0.14043325885591873
0.14296419965013119
0.15182330372605976
0.1577687847244031
0.16542532007855004
0.16091969177675775
0.1541306948844643
0.14786684053212099
0.1496442057479632
0.15189986615371473
0.15196836797492316
0.15389910218249828
0.15035031485945322
0.14985341957473738
0.14407479204049609
0.1414060534732821
0.14172235630140217
0.14824499097620805
0.14926282537969798
0.14842696889917598
0.14239489266509883
0.14064053810119684
0.143311030367294
0.1530669379432583
0.15749547469755773
0.16041280641437322
0.15948221308295651
0.15871553672402233
0.1547178554475838
0.1488989785205404
0.14086433082667604
0.13634443163914112
0.13981782596909934
0.14312559885435672
0.14950225062177405
0.1475335926020538
0.15306572778053498
0.16168520966556607
0.17909745999220048
0.18342550577873284
0.17005769821243882
0.15159378109383748
0.13830478459366044
0.12871476707496335
0.1266902755874726
0.13365178793548457
0.1516496323707169
0.16213656425546302
0.1744712528523126
0.1851382746700873
0.19372262949332514
0.1978461360956733
0.19682227411988945
0.19743133375003943
0.1928659672157363
0.17964814304681673
0.1610807136773586
0.14659477090351608
0.14026264884331344
0.1446270697789375
0.1479011500632998
0.1500563498072456
0.14888052456734252
0.14759701404465533
0.14542533322717413
0.14825214284180638
0.15090924074947082
0.15245258574555381
0.15705122581451816
0.15958073654993649
0.1567902983440423
0.15140258360047612
0.14788664000822196
0.14482286375835723
0.1474708277397484
0.15143572674619316
0.1522856361931499
0.15613243767760068
0.16603621811129016
0.17017217099819157
0.17362715399945164
0.17834777707258004
0.18863315053045232
0.19491021732958003
0.20949741978541822
0.2205002433143631
0.22237689622156037
0.2062085471523028
0.17938474021423653
0.1534097725575866
0.13605461410073233
0.12681246361728096
0.12753934194157213
0.1391453258757335
0.1522216921394782
0.16184450233014042
0.16667541241278844
0.17049248939488962
0.1603697224147873
0.1425633040643289
0.1216824914993981
0.10954810900313271
0.10179702918408298
0.10185969976698397
0.10648409587492752
0.11420157278544708
0.1174469238159233
0.12331067013303072
0.12937398501514424
0.1313295711021846
0.13308085307527726
0.13607124181968758
0.14061358507752456
0.14158359872307047
0.14389205056252244
0.1432510922075359
0.1494899750956076
0.15260451735718886
0.14841187524810792
0.14718510175617616
0.14794865424425466
0.14435542908559143
0.14121243894360877
0.14175930781793017
0.13705439166535313
0.13877143199276215
0.15096583859454596
0.1577637736079265
0.15853088945910318
0.15559520786254352
0.14429062903355405
0.12574652737813263
0.11725257987145485
0.11105608548171886
0.1104114054892286
0.12175516800121937
0.1478282642910616
0.17072969204234398
0.176379662978473
0.17346052424492603
0.16698554996457599
0.16177943664345176
0.15420697881819154
0.14605686599053544
0.1452748280913476
0.14774191717393215
0.14612199903656597
0.15033661446329813
0.1593883860605502
0.1680823913766009
0.17649187807951122
0.18236449759666903
0.17670101841928135
0.16107712606528646
0.14241932150719538
0.12891959420859134
0.11666229160557218
0.11739582486005906
0.12829234506580578
0.1486253277403355
0.16035991075114145
0.1750371402462162
0.1820614171165408
0.18531439903782926
0.18004291942476897
0.1869569935695921
0.1833261861517929
0.17651244902850635
0.17476032472974137
0.1749145013903502
0.16870919908503035
0.17083217489723676
0.17570179005256958
0.1766235930008444
0.18336766770956098
0.1897485653677328
0.1905067080432438
0.18750340303040572
0.18751685153989278
0.1853981915426508
0.18431042819261298
0.18209536171704432
0.1766179301140443
0.1659585327826714
0.161285050423313
0.15020067488531494
0.146438459837585
0.14441133349021784
0.14540787537872948
0.13802128015637563
0.1388343126623435
0.14213693207858444
0.1482456821663591
0.1568808192536564
0.16308802422278135
0.1682458835060746
0.1676167868226106
0.16361383028699225
0.15116804948017826
0.144768390702254
0.14463702536825238
0.1480009989966536
0.15428597596720062
0.16287941380991863
0.16754108821398894
0.17041311834668757
0.16452806663794234
0.15874118651519237
0.1546560231158185
0.15603020351094263
0.15565467686008624
0.15726273347315142
0.15585307480474214
0.15169531989641716
0.14709374702940906
0.1468908217036491
0.1533486027766865
0.16506487430135536
0.17947144970854365
0.19012441553311515
0.1919933875285318
0.1893531488837672
0.1765344208818997
0.16766766993813945
0.15830364378840225
0.1562731072565942
0.1472489969461316
0.14169044485703486
0.13948893194773673
0.14295060232417148
0.14988857583273024
0.15812295079204017
0.16859799061730962
0.17467001571257063
0.1764028756744895
0.16993285274351919
0.16874319686906683
0.1659582527389078
0.1634025104330803
0.15671068704485397
0.15240665476882873
0.14427423667332337
0.1396228499431867
0.1396078180161524
0.14210552018373604
0.1384196676602543
0.13901760870012714
0.14065949113823226
0.1456306252962062
0.15083460613126398
0.16049598578916396
0.16655249811257908
0.16986209233816396
0.16967403267808606
0.16473285532044418
0.16304310052610374
0.16307918272568284
0.16465412861730053
0.16115067369819075
0.1579180107795646
0.16132718355578818
0.1697449103094235
0.17860134357642563
0.1825299919146094
0.1824740605151234
0.1865814990568894
0.18614609131084395
0.1804841819418606
0.17295718431613202
0.17375752451906973
0.177905541763044
0.17950397630525278
0.1747420781863703
0.17845200204217732
0.17911953997549612
0.1729471829566655
0.16881767600422332
0.16415975713019998
0.16318271441192927
0.16464715295926904
0.15921937991182458
0.14757385065461304
0.1417089919148087
0.13111201002293627
0.11922094249148202
0.11748262785011863
0.12000968118391767
0.12834907134013493
0.1343052904538425
0.14895953637487838
0.16261596601037653
0.17618112867534383
0.17848757007077745
0.17779756695245713
0.16830045281568481
0.15771815566786088
0.14320182314531066
0.13961681040601948
0.1410778364043192
0.14545004850555665
0.15056204297684245
0.15643200006321215
0.16042917060012182
0.165935504259752
0.17378325160169877
0.17031246504366562
0.16198927484672387
0.15012854224085068
0.14628968686348712
0.14155102081803478
0.1460333415934173
0.15403971013867435
0.16612291721026967
0.16658255562943497
0.16933639280176147
0.1658908319608621
0.16303301420427968
0.15570479438134988
0.1528983884050595
0.15374689460185942
0.16490551245690935
0.1742011697001878
0.17651919254425041
0.16961318374225534
0.16504730417104369
0.1605339331544912
0.15765960221821296
0.1523747185981229
0.1533122238959364
0.1511492186221953
0.14994957991784935
0.15346236768959987
0.15322968787083083
0.153245376343941
0.1483327379950631
0.14234155234926332
0.1346999639876004
0.13365254645072036
0.13603033145629473
0.13722828878207038
0.13765534515950392
0.1406510470937825
0.14557544324381347
0.14714978122807143
0.15051722860218886
0.15101298054434611
0.1523937881543456
0.15262555420396207
0.1524370202712108
0.14652351899962004
0.14622829791336914
0.14535023351692472
0.14321936498905524
0.13854205456132082
0.13966204003315733
0.13837253730531618
0.1383500747008205
0.14019826179082995
0.15043300301660825
0.16322426843998125
0.17853872920000965
0.18672005434271602
0.19096579585100212
0.18633688407261903
0.1812147814448923
0.17724984502632182
0.17763230639841046
0.17381695663136454
0.17918409816716155
0.1855464098791632
0.18698474346119628
0.18185888620674187
0.17018618374910185
0.15434148626364017
0.1453759757421756
0.13891087575698696
0.14179971459679327
0.1491926908563969
0.16306727928071357
0.1736703197668299
0.17888099137501787
0.17520603086696698
0.16654225524334906
0.15452148855367528
0.14957094375557636
0.14405852087506357
0.14031735367898854
0.138800235550313
0.14247675594086495
0.13836043385359859
0.13455621406198814
0.13053919002287045
0.1331510810405946
0.1352888434933854
0.14606680391077498
0.15222811948969933
0.15974118205499746
0.16025463809559054
0.16209003247799547
0.15418289046864284
0.14316430557865473
0.13133735266935873
0.12794381712357977
0.1273428904426044
0.1336479586568059
0.1478626264405621
0.1652435038407896
0.18556469259510464
0.1997588275304018
0.21128340169771018
0.20485461164383892
0.19597441919163364
0.18862540119975751
0.18534608246392542
0.17652217977193252
0.16632433942644603
0.15646162987496082
0.15453254517287612
0.15266050354569752
0.14686844933628673
0.14461444856334454
0.14994095586670553
0.15594959306678505
0.15571286248019356
0.1534044247142341
0.15629501332081272
0.16126775853110287
0.16228112384744364
0.16148492785433027
0.16318644504616578
0.16912436558942046
0.17206192743274462
0.17566589844928437
0.17565445060081464
0.17806197661982157
0.17654804903251253
0.18234350653132936
0.18442222216753518
0.18608358557168983
0.1804667489495616
0.17803717507566233
0.17196542659359648
0.16707293763507133
0.1660568220347502
0.16477966862613452
0.15891075140147515
0.15758262139735282
0.15263692580586163
0.14897248182789696
0.1412710383004921
0.13107729074052069
0.1246486766044961
0.1284606974438366
0.1377199137154733
0.14828280491456744
0.15148976200773073
0.1497693660693142
0.14127511583506813
0.13761515719846143
0.13243412228776902
0.1327630411291077
0.13952716568519283
0.1471424521059727
0.15164543759214472
0.15814224824977072
0.15684436094468193
0.15668217979835258
0.15688415148286128
0.1504345400949545
0.13635149330366458
0.12948311406793164
0.1316395601438525
0.14032684794711542
0.15687946034290748
0.17203165024880987
0.18221319373805536
0.17738687448024112
0.16949836649584055
0.15458657880318777
0.14153276367585643
0.12344583144275946
0.11208612243597829
0.11169575011361876
0.1271687871482563
0.14108176274324552
0.15678011603722117
0.1617376032094205
0.1559779113193346
0.14037266953593733
0.1250306734617673
0.11947778153989407
0.12295367016451901
0.13337823896708226
0.14193014615519886
0.15431505637148804
0.16525924069662962
0.1732164976918394
0.16661130025953985
0.16511654004510898
0.16932588497988446
0.18824186176264954
0.19986529308614887
0.2123777924426005
0.21480159619795225
0.2112620361090965
0.1975484819062589
0.17878995662212654
0.15692092908632388
0.14133034325200028
0.13617197625234065
0.13879317903858943
0.14355971016287797
0.1536825154168486
0.1709453793379121
0.18666916662243802
0.19286590334210235
0.1864589046822207
0.17792268986430373
0.16959827054139434
0.15904791374615404
0.1463482647163259
0.13336468019084546
0.1242879672467816
0.11991337324013428
0.12545792823399454
0.1330948033862499
0.14531290432726524
0.15821413753042352
0.1736155973343905
0.1826309500138049
0.18994301858951415
0.18871684640462225
0.18827077117544588
0.18329520043592967
0.17203484467425975
0.1583653665329026
0.14925458181653461
0.14355116154944764
0.13866320236946306
0.1421202699015188
0.15109935613576284
0.16584597427455772
0.17923506346473952
0.19442390092721548
0.20319808706223624
0.20217362847488415
0.18738309247858684
0.17384100844824338
0.16021004567967903
0.15282425408655767
0.14883394228266833
0.151890750199826
0.15181654342975298
0.15395061187406467
0.15791258924064236
0.16215207286661135
0.1583524760973115
0.1589089052140742
0.1632479601752559
0.16776272120924013
0.1685557476827317
0.170487890729422
0.16814558570504046
0.16097607621365656
0.15816144777201951
0.15943717228430054
0.15977497747443398
0.15879815243920634
0.1654393551732865
0.1675012633978089
0.17243917711888387
0.17266323940313355
0.1726536585187906
0.1637179465981447
0.15572179369525962
0.15367174706176417
0.15166879832466107
0.1494532096644751
0.14757510816612746
0.15127376988814104
0.1545178017616797
0.15790192178674795
0.16628766772878978
0.17480827234338325
0.18009682716868128
0.1805897525421537
0.18043092162794072
0.17353328950682329
0.17145464005270122
0.16922035458629417
0.16963565843697462
0.16596082847008573
0.16496219276397123
0.1549152773933747
0.1487077726513038
0.14306248953910894
0.1334103254352282
0.11876460986952149
0.1103585907314041
0.10912695352331388
0.11846754522939214
0.13493840125256717
0.15496745253973476
0.1724567581761286
0.18150498764122977
0.17953710558257294
0.1714115820393752
0.1603610385753446
0.14585462222546838
0.1337143624793111
0.13011637561901002
0.1378581276628779
0.1549907942759166
0.16711404634231822
0.17297810701764718
0.17327377572765304
0.16777151456288908
0.15423824954909368
0.1390730419892759
0.12773898020949997
0.1243998504907895
0.12541769338128028
0.12398081698992436
0.13008529812324215
0.1431826482244637
0.1573458350610307
0.17359667150238983
0.18628693863408588
0.19614515535558105
0.19712360205787055
0.19201715724003648
0.18352626277354256
0.17844514151258628
0.18057727363327733
0.18851184702702858
0.19694515596737258
0.20117112863217462
0.19355242915935525
0.18362612707138853
0.16636692753349996
0.15103252934694797
0.13419630897502088
0.1339156259034214
0.13863619479934208
0.15420076177194889
0.15931140756316273
0.16414228886459184
0.16225896734490786
0.16620166781885418
0.16147116999452452
0.1492500157521773
0.140344766019407
0.12994136129245018
0.12091873435163882
0.11808364407029538
0.12082399197060487
0.12628124267239785
0.14410225431472065
0.16358006919560358
0.17590308469307933
0.17630092499499023
0.1685815455945898
0.1536141154815439
0.1407231561023637
0.13135101091321114
0.12855117042249128
0.1349393083227945
0.15276157366136092
0.16984802725356354
0.18601289744331137
0.18451817063767717
0.1699927889083188
0.14839933580412465
0.1360704766963843
0.13648724789884528
0.13537878093719646
0.1351435214222148
0.14051608376353994
0.1542030815103722
0.1720347415120301
0.1868909920377486
0.19119120364311665
0.18807577628590944
0.18655979339653805
0.17491700478930255
0.1647594033697922
0.15670908482333198
0.1514458027505299
0.15037924759426025
0.15897352694045047
0.17749692983062199
0.18950191842596223
0.18878643131882683
0.17804969938861637
0.15889944500440178
0.14539774513414977
0.13969500718271527
0.13509746668771183
0.13177333968378654
0.13075017437440753
0.13199776442379935
0.1301862971849003
0.12629120183994108
0.12464543354015423
0.12595438850663923
0.12465857916105834
0.12028494314044332
0.11837194757890336
0.11895378015747851
0.12427182696660605
0.12850321703874204
0.13365975080227535
0.13779891451349457
0.14218922693275704
0.1534592546219362
0.1625146006267523
0.16327396153328355
0.16255889149689692
0.16253917724110448
0.16599571882079328
0.17270040559186006
0.179645605108446
0.1878330785621391
0.19386567915139435
0.19765340359238368
0.19207300731670118
0.19101718048551966
0.18725161528021841
0.1773363969479798
0.16512388874126188
0.1630381889290149
0.16424758871055353
0.16425783462061724
0.16112771686296187
0.15693815643606207
0.15405759804678507
0.14873640870275961
0.14519505973408972
0.144177573524735
0.1457079088124181
0.1420335848535966
0.13843275249342119
0.1374899048187286
0.1460841176817383
0.14874758550193518
0.15410359066166007
0.1550922620972182
0.15906556469689853
0.15610195224551454
0.15364215882636675
0.1501474610465673
0.15001166628616944
0.15353692455907633
0.15818360559623534
0.1662191975826003
0.17288045518552647
0.17604188964784187
0.18190968148669998
0.18982787544659202
0.19533697057140625
0.192845177663407
0.18475518819033035
0.17923284712431717
0.1651795818062679
0.14354498201260463
0.12468161203199501
0.12447039205579029
0.1272183643930165
0.13377267640099683
0.13821847988390906
0.1447200090950064
0.14670990134621906
0.14873816765643288
0.15203831808816776
0.15467499438510898
0.151072267401217
0.14796119655192363
0.14255447422292555
0.13751045680595808
0.1313049633798714
0.12469049667133174
0.12240161621496298
0.12406288367218854
0.12926139011232418
0.13200777115792706
0.14087905582112084
0.14573794900796186
0.15449775719937484
0.1494541628662222
0.14564520656783775
0.13677091240330486
0.14001374161314656
0.14509218731007847
0.1525571667120929
0.15760650643431826
0.16533748145309948
0.17121022484518636
0.17187041012594115
0.17200210497616442
0.17125951196182668
0.16544159496954353
0.1657411216430708
0.17052403753526627
0.17577599501981217
0.184343737641082
0.19098810571366326
0.1922443071854542
0.192831297873805
0.19216735089517362
0.18494649808757077
0.180559199655056
0.17272139892428265
0.17216224899879592
0.16752403882444583
0.17163325861188422
0.17444182551447673
0.18532342402231955
0.18344445320348474
0.18192259650121356
0.1818920576081312
0.18484000580769427
0.17222563867248528
0.15688777992974848
0.1429614517932682
0.14344172879293873
0.1409903667928399
0.13849213548823475
0.13671895700779754
0.1386864758370846
0.13668541637478906
0.13626755523771603
0.1376768306577147
0.14243773436019952
0.14596401322953426
0.1468389332245365
0.14390324641406993
0.1408508848759631
0.13335430706149756
0.12335479441162711
0.11815495645588772
0.1208730426554456
0.11865722872067765
0.11931733753715348
0.12945641176472514
0.14779334063219082
0.16523222099082363
0.18340125160250298
0.19219749258638372
0.19516265886335107
0.18910719364676298
0.18105003610545814
0.16664132014539393
0.15696904585465085
0.15008464125944124
0.14468605785464453
0.14669733077945563
0.15659324269145336
0.1737573053408828
0.18503762217074277
0.19031590872391285
0.1793811203215115
0.15993327806773452
0.13543448048752754
0.12022141812892848
0.10699131861766031
0.10693526302614277
0.11346387678643481
0.12491040704165907
0.13781136106495326
0.1594249131342706
0.17291597614433932
0.1786128723819585
0.17985046049096812
0.17698342097187958
0.17426252730750597
0.16766403833954568
0.16052628695942964
0.15355683023980274
0.1461166961543322
0.14150340334896772
0.1447425462729893
0.1523674943754875
0.15145911032942663
0.14853447998060118
0.14568352411061866
0.14657949605725715
0.14625718841946653
0.15253115167301068
0.16159493257116705
0.17216370944998746
0.1772695042091205
0.18335969873593855
0.17974865021645392
0.17297019434173164
0.1591414197126774
0.15057083479493433
0.14499546470299696
0.14781804965842216
0.1579083949322747
0.17101179745531989
0.17618570224149874
0.17998990125939798
0.18148323686178428
0.17365574593148253
0.15941162656431818
0.14487277909197468
0.13833017913390053
0.13568272363380557
0.13841538753318658
0.14073438604856336
0.1426105031329987
0.14404231214268884
0.1478554862537897
0.15357361527115831
0.15964323925656548
0.16027901587205837
0.15797165923907036
0.15739931655442446
0.15840700167561492
0.14921776510439064
0.14124845067392927
0.13994414437462996
0.14524510700671298
0.14877374046513467
0.1565364084832742
0.15992696084192387
0.15572501956752635
0.15028457416658864
0.14606236612994591
0.14267294609471504
0.15216171101477016
0.16722479096294393
0.18638312564138448
0.1921541089819493
0.19309946546591203
0.18537420469595822
0.17886540666540934
0.16946328970434363
0.1603388652894217
0.15533048250588866
0.15261604431965115
0.15159112869272579
0.15882936588202062
0.1664988811277237
0.1717773677065003
0.17082985852257093
0.16847325287911774
0.16400806667103812
0.1647524387317078
0.1689312328544911
0.17391081868033093
0.18033499957592253
0.1761609775104804
0.1719828860758292
0.1614638062798658
0.15380785331651153
0.1474891724616628
0.1471422491643295
0.1375777709916913
0.12415124647835751
0.12102420129081932
0.12870518393705707
0.13820876204472451
0.1530016250075909
0.16418146112494955
0.17268402391917553
0.17451202263897966
0.16942836726013005
0.15989725984892234
0.15260287225109617
0.1468240299653015
0.14046453220928284
0.13995997168154864
0.14648785384711335
0.1575061440997104
0.1594254439240635
0.16171825256476433
0.1580031830353524
0.1571105248510844
0.15994958207641816
0.1630410930021802
0.1598506278080417
0.1631871800416783
0.17255498651166026
0.1823376626597856
0.18217829967626553
0.17795580032012825
0.1750039348318237
0.17509790330004393
0.1681615311682223
0.16612195725362955
0.1680335442534196
0.1722937984728412
0.17863134330250158
0.18112899010419248
0.180566132071101
0.17749257747752348
0.17895112082467632
0.174314472390771
0.16925593553745494
0.15854396047861394
0.15070914628587287
0.1481419268769363
0.15469865091326176
0.1623379443185507
0.16768943800685676
0.16364462036536023
0.1690071317435148
0.1746737212300738
0.18021263896161258
0.17214808083106473
0.16405139123792195
0.15908118068500388
0.15927606821290818
0.163002016174023
0.1676061111837241
0.1701369658117781
0.16937252309444964
0.1692777807204887
0.164332398735046
0.1590585749948488
0.15354392000125686
0.15505629953318525
0.1546176986648225
0.16605093064970836
0.17015264916077663
0.16606539494385583
0.1555190255820231
0.1481433563092933
0.13983498688109675
0.1377108170181177
0.1342627803877342
0.13619411183347085
0.13846676085319504
0.14233612505398766
0.1445822671077167
0.15476340835452207
0.16419710961571526
0.16764969530422622
0.17403093164398967
0.17371456545068456
0.17736851556414132
0.1760556972173885
0.17112299341034914
0.16519098154310058
0.17031083923551293
0.18492595648645424
0.19239280419720897
0.18532794981981227
0.17578305534882976
0.1609791440711548
0.1527858650482354
0.1505353638787653
0.15246315039628433
0.16104040717414297
0.1680532283679089
0.17058372827498747
0.1635187444947432
0.1548770107247445
0.14149557311550554
0.13076585936615864
0.12119007030506908
0.112487578066168
0.10540102866101023
0.1049829278813981
0.11057233574669173
0.12240409206297166
0.13574491092441696
0.15291481032773716
0.16511464414086863
0.17143855618109047
0.1709759503557779
0.16198954264980464
0.1472449082857039
0.13600370820675545
0.13858146241257027
0.1511188599435452
0.16585940779730196
0.18102116135114976
0.19546146465411723
0.20754931709690896
0.20982657795026055
0.2072552002086207
0.20550153176891559
0.19658584583565442
0.1901432138069078
0.18632746675254797
0.18831264689751073
0.18901302584231272
0.18743730293108585
0.17222335013046833
0.14744133535672665
0.13096537995364624
0.12501459948367005
0.1250532201492423
0.12486298729212456
0.12477723554396367
0.12791388457381977
0.13347037442380447
0.13951324443676028
0.1357450132824322
0.13514489686382777
0.13305478544371188
0.13431161500243355
0.1377638463693969
0.14818440952550102
0.15877030958519436
0.173343973818586
0.17431903539311958
0.17350250451383403
0.17384258260091734
0.18700215052131167
0.1965389564114528
0.2067683575510896
0.21437873224088744
0.2246351779781347
0.22508278813915855
0.220263547333624
0.20749975413998578
0.1942302403455026
0.18519688119973945
0.17432269426867053
0.16687461943272414
0.16107995869780498
0.16202149456483447
0.1613030999567495
0.16183515606327348
0.15530827848450016
0.1519643025202236
0.13732445483888828
0.1243893709179767
0.11060400754211457
0.10020133359909585
0.09324657372356523
0.09890431517068393
0.10721774652951856
0.1187792322375282
0.14127183375717647
0.1582432685711668
0.16709612313711153
0.1667640725703552
0.16533421912255847
0.15662480039535862
0.15475874871486195
0.15607536865501073
0.16435748613496473
0.16731478122880744
0.17292182976918605
0.17406527909232902
0.17084239423572053
0.16676745790024844
0.1659403159274497
0.16856800210671702
0.17572475262417192
0.1789000260840187
0.18199812861892073
0.17956982631834678
0.18082585724947198
0.17267397125680298
0.161837407410971
0.15193398098156977
0.1438803321860121
0.1444357816477232
0.14893796726334468
0.15142325756028002
0.14613665881189977
0.14238131043722768
0.13847143388948402
0.14250788719752608
0.15026015365760975
0.16223895267211633
0.17646300290274355
0.19161652233822626
0.19458111179808965
0.20017482153834087
0.195168662817126
0.18383787019285658
0.17151893767009832
0.17196637861708766
0.18337958049699918
0.18936184151118782
0.19261811019170216
0.18865249952243923
0.1819015477461682
0.17891866174069818
0.17756975272427192
0.17315877967510349
0.17166802686728436
0.16983761098000502
0.1651205330576996
0.15878623654554833
0.1552744968384491
0.14915165512210488
0.14267270787213318
0.1413851645317082
0.14005895569816873
0.13900691328759618
0.1365893947292162
0.13944442868387955
0.1427689672799174
0.151644389542971
0.16212157810273833
0.17414212102733623
0.17949065286353377
0.1791231051116636
0.1718421666677558
0.16189560116248555
0.1489629056693178
0.14140803742818245
0.1432594002887588
0.15137974755244848
0.16531090456076444
0.18269372995073574
0.1938378458447017
0.19356392344223658
0.184611733028963
0.1669567815186002
0.15335197798199798
0.1488623813413423
0.15677847658591207
0.16601713679836236
0.1724146273886412
0.17292327626390744
0.16805755925516236
0.16386522152257416
0.1595597531453429
0.14944172213316248
0.1316655452968096
0.12030247842865566
0.11853343797149861
0.12711413588670087
0.1397807973181046
0.15096823118491703
0.15064710338611256
0.145784909569608
0.1379069231917518
0.13264158952071758
0.12384631322943097
0.12161345740243505
0.12711354699617347
0.13936317205861162
0.14404139524563145
0.14636354508432886
0.14193018778910685
0.131404740846574
0.11786967190019634
0.11201037795611402
0.11327842111026985
0.1225589688803834
0.1350539277209614
0.1467547922263909
0.15792163644706972
0.16473202999540615
0.1745122108328801
0.18189612944820321
0.18596567789368665
0.18105934195382428
0.18139827288997748
0.18394157248582027
0.18262867540393726
0.17403532770545657
0.163390380035308
0.14757681921535257
0.13034939492989772
0.1187432096776878
0.11591487637486468
0.1202658307717268
0.129137316998718
0.13245218400597822
0.13321021379660203
0.1318445333782743
0.1330368282610765
0.13342946781666762
0.13399548208429599
0.137802953966867
0.1471505529230206
0.15941006674547376
0.16831717316063602
0.16875431387007636
0.15909217355183367
0.14936136784209675
0.14625349931404175
0.15333153274504208
0.16716748015145283
0.17889118045552377
0.1850781030235421
0.18852949986511777
0.1864549380517086
0.17965335068952037
0.16849923213356416
0.16035326871164984
0.1499780683172017
0.13972014638566246
0.13823744726688125
0.14061345846434437
0.1385941159499612
0.13194256562555548
0.1308297982861982
0.1374434547999495
0.14594799072360415
0.15374069987375558
0.15633607818300985
0.15335899371066578
0.15040727242316682
0.1471925084699217
0.14140530926425357
0.14338027827181773
0.14970206013681223
0.16431840160649547
0.17649980989910455
0.1874552600430941
0.19025212774392802
0.1907486313112544
0.18462768609827454
0.18062772444830352
0.17191623804620726
0.16477851831999543
0.1529943134769039
0.14160605185333358
0.13254066786958954
0.12660180780921532
0.12295001256910393
0.1240001462574788
0.12688459488269288
0.12764333776961148
0.12498043844435246
0.12403281596041786
0.12627137100822322
0.12828608032298947
0.12873677627585722
0.138119343133776
0.15022796921407816
0.16065119775319112
0.16266301593844512
0.16069048379162515
0.1549614356001989
0.153090539520799
0.1494219417858951
0.14283444663452138
0.13296860010837072
