1.1742324973860241e-31
0.056419213682837775
0.13764063032200732
0.2096665909342093
0.2630958153864785
0.3325787177746364
0.3762014981518076
0.44813181469076036
0.4261585195756165
0.49662456783189046
0.551662164431291
0.67306015244455
0.7359793361084898
0.8030550558761852
0.8423823411134707
0.8335939709102683
0.8322259329150586
0.8377511602524085
0.823883092504785
0.7679749652060045
0.7122408469396897
0.6264745505725425
0.5322411573928216
0.4707980453390011
0.4121677818706886
0.36476154043695597
0.3427840715544507
0.3610009246082642
0.38989321787726716
0.4324570506319978
0.40855071791749986
0.39841479483250314
0.3525081366201068
0.33938539029096715
0.33398075559755513
0.3818556298698398
0.4687394366371711
0.5159182298292974
0.5669411714116394
0.5572352116854056
0.5288071357998326
0.5234509925198804
0.5172489774108737
0.5416447884097263
0.5211086847722436
0.4854557172714937
0.4972446797703928
0.4680188850881579
0.43376101609997697
0.4143214390294059
0.42737482826610484
0.43303010786592505
0.45932474737990514
0.4357946100609034
0.4117988228898321
0.3664750710619514
0.36892425697795567
0.3567896091512415
0.3180140144741315
0.3079564532509824
0.30597256084483354
0.3352619130984935
0.3696505837258369
0.3830724309342436
0.4048442805064534
0.43632503310753024
0.47276250823172783
0.4854611236088028
0.467385186422023
0.4785263534172263
0.48035542726026703
0.4925401421409447
0.5117699457935432
0.5312803297588541
0.5285394842427711
0.5333038645497237
0.5289507237226935
0.511115289550888
0.498443713969718
0.5062838067862792
0.49181654188047774
0.4684905379529432
0.4278638387851252
0.41408725700707166
0.42700961803518833
0.408069806507782
0.39876356247528305
0.36843426884981917
0.3654918441899875
0.36436471282958854
0.3704630647184195
0.37362543133910137
0.36306969486373963
0.3444131958974251
0.305205841027991
0.2942430070591527
0.2942140209673727
0.29675981590925143
0.29931017352710126
0.33048591012160944
0.3696706413276939
0.38443334249715394
0.3771955282378302
0.38011687308242686
0.37749478928684954
0.3654761635075519
0.3769051192224101
0.42263557125016776
0.4827695151103526
0.553275785639258
0.5443794567755061
0.5110063773994373
0.4755694324263953
0.449635508469894
0.442280709498321
0.4364680181494862
0.44499273544060175
0.4546264428287431
0.40760998864924536
0.3573547490521623
0.30959247861249534
0.30527739544308136
0.3336237658105622
0.3504507739592742
0.3472483910810859
0.3530744826231748
0.37571457577108686
0.4129512663094466
0.39751642422813754
0.3875176848187785
0.36342091516043135
0.39583605304370995
0.399016346960445
0.41730292298535676
0.3964657032783326
0.3915764387102045
0.37990579246118417
0.4253697185980671
0.43541416530517724
0.4318761055260108
0.3790339197956294
0.3575029771960072
0.3505079764841662
0.36610599365853846
0.38176758315589915
0.3988453401247728
0.4357218758197269
0.4771742784781004
0.47181287321439264
0.450127338311497
0.3904045609070728
0.33500269654379655
0.3211909315228945
0.3260329561317372
0.3377520854091809
0.3390913395315325
0.35527740993905127
0.37654776132314866
0.3977281898008409
0.4176433318517288
0.43929943277837236
0.4650100215809405
0.5007795269707724
0.4914834935456322
0.49698726823611716
0.45054675943414524
0.4088912006017879
0.3656290559363226
0.36820053994733903
0.3918181936018068
0.4010882687475859
0.40798329057078603
0.3731139112337252
0.3536846928396096
0.347848335819334
0.32145116373461463
0.32353730623398314
0.3592857603417659
0.3848579676189188
0.36974977656817287
0.36035047477852505
0.3641975897448609
0.3867225901186499
0.41642353023753714
0.42358536097613986
0.4079557371085071
0.4201266148685955
0.4305917073940383
0.4362144236736895
0.4100216683855963
0.3983884437944043
0.44119387919643344
0.4458679134062315
0.44167176806713093
0.39213144800627114
0.3679597377364446
0.3787223901537367
0.3838380047217359
0.38406622852156375
0.36123239689684983
0.3612304002857414
0.3515183842133009
0.3741153507103405
0.3876530937566654
0.37177356289233404
0.3511608628058256
0.3373285043826299
0.3282248255396708
0.3444383368982463
0.3695882795096197
0.35618991073605083
0.3400625414307048
0.3283107202947287
0.3376523577477136
0.36616250224979335
0.3882606753637324
0.3777714786521678
0.35333201991971724
0.3142215479883871
0.3268889219163834
0.36270759345776776
0.4219352471108319
0.4527132826470252
0.4809550061077187
0.4949286014632359
0.43728630608254193
0.4085687555638744
0.38866291194168306
0.3911087599071024
0.3815164344546718
0.3693151576696959
0.374195973407241
0.3979792911343293
0.37638807833881116
0.35798734520399983
0.38259838040208577
0.40332267225133195
0.3754451464571006
0.32224786416932966
0.2712252654243836
0.2748858442331831
0.3150558906738357
0.36259826595815137
0.41893687340783636
0.4398357636980816
0.46074831431395313
0.42279028733739576
0.3913543514110577
0.37710801032546354
0.4069555467373842
0.4691096136895574
0.5189711111431697
0.5464377261757997
0.496520293043774
0.41237669547970107
0.37399861268811535
0.35532430226401435
0.37615022217928795
0.3820521492223334
0.39463914062540273
0.40695048368512393
0.3710029357367145
0.3401421276950761
0.3115282653063922
0.32729512663513916
0.3431944937880042
0.3502964998220778
0.3686884662019972
0.37178852897182774
0.38714895954224876
0.3560049939608674
0.35870712356381956
0.3638826687013994
0.3968337890155538
0.4057972672383804
0.38434511548434264
0.39338613381180637
0.38395914341733584
0.37564626234156256
0.34477803172108207
0.343480804473939
0.32368213243244365
0.3327143960604915
0.3159608726216518
0.3458211402007187
0.3627926716379201
0.38999620749198344
0.3898176055977167
0.37020428781890324
0.34436054458613274
0.34939266989645257
0.3797115696485414
0.4299576453200308
0.45897679244416417
0.4505387705020024
0.4289403490613996
0.4333673372440313
0.40544522940428257
0.41898381360393283
0.4308623776052431
0.4537797776214945
0.47122123344475025
0.4704973450357997
0.45391280311405124
0.43794990593182137
0.3980100075668102
0.36970662307635926
0.3688499988281292
0.377717463247551
0.37203817381503895
0.34794417122013366
0.31369058843346836
0.3084670981529686
0.31684922680454947
0.30994091668861123
0.3324215508940117
0.3311468628642522
0.3517102968738061
0.36990924295951233
0.3757761943664841
0.3497345198410516
0.3339260420114145
0.3186145193620154
0.3075133880346178
0.3147807485142521
0.3588289028741432
0.44401370981152927
0.5003845089260861
0.5014197147964754
0.44996810849124613
0.40902919155723594
0.3612871874229612
0.3636910843507906
0.36751755153610827
0.3702010392594669
0.3714771280566719
0.36123057253434476
0.33917731174017834
0.31878399261452206
0.32702098095012627
0.31461165613195813
0.33279015817936275
0.31074887185192973
0.33497938125799653
0.35100116652077373
0.3675317077421845
0.3334617015776671
0.32408940766405464
0.3087965930468488
0.3301006068056625
0.3275897386649743
0.3689816887119581
0.38835320346797053
0.4077449888372795
0.38812495441606876
0.39363817533337325
0.40290832360251105
0.4143296530600114
0.4140837296323041
0.40146056387173207
0.38440254757800474
0.3843309628465079
0.44027048538081637
0.4809288098795282
0.505477310164725
0.47045984254239637
0.45650220537852443
0.45665882515623457
0.4696499717683277
0.44716997058947633
0.4437860564506793
0.42832271297887503
0.40931076770360036
0.3877305779690647
0.38482250306483173
0.3581918127646605
0.35044036825768277
0.3275241679055395
0.30950415770647705
0.28854461504614537
0.2969075165410646
0.2772732695456001
0.2983649263217914
0.31778918547090984
0.35266860611732825
0.3545084446549179
0.3217381294881177
0.29150069898385916
0.2923554791858147
0.30387504679309496
0.3448460817019655
0.36036865427453146
0.37824346439729806
0.39304996833122896
0.4015769583267176
0.4172186587194397
0.3950979490373231
0.38526978012515245
0.38223227688959405
0.39755256844719666
0.406476936719927
0.3997229833283451
0.36930341466645783
0.3758739411334603
0.388114261530396
0.4341734890753176
0.47626374505329344
0.49711290106973866
0.49101924202674896
0.48322356885332063
0.4694773534198147
0.4770854453302736
0.4650020742735995
0.4291040000044037
0.3968916406733062
0.3717482676826545
0.35729481219783776
0.36844487761268313
0.3860427646726259
0.388420880727697
0.38579404232899706
0.3364815448474178
0.30051615251490316
0.28031855018508384
0.2938299729760799
0.3139485550145297
0.3107424593149288
0.3199247898197464
0.33564405807485487
0.3960774486433525
0.4319343199078123
0.44992153742476637
0.41616001595026225
0.3455914378438731
0.30803630583990843
0.3074296602704122
0.3268401881281951
0.3491183416813017
0.3552136886931763
0.36897652178153134
0.3711706081455495
0.3640074552703716
0.3528088984173042
0.3455981155229549
0.36015732730548605
0.3629488918907372
0.36166421896216405
0.3398088794031097
0.3264721966927613
0.2973917812531954
0.29401632843150965
0.3102094523724798
0.34494951672453594
0.3972894232777513
0.443252745209724
0.4428684224263765
0.421287909968712
0.39723122140175887
0.41548912107352226
0.44691870558841884
0.45400956324107206
0.44171990523290827
0.39446015471043566
0.3801532642802764
0.38580689703112875
0.44568820590303143
0.47392632749996666
0.5113150659491358
0.4701036439654014
0.45831711451272344
0.38760579262607997
0.3659003013589119
0.3406094614789147
0.3591885542329042
0.39362689565956804
0.4043414626306809
0.3683116752979108
0.3922901603980541
0.4121080367459539
0.42364581346062374
0.37299055324492525
0.3485662579771429
0.3298907396118599
0.3687350580747648
0.3848552989516558
0.4213611321710095
0.4410194675434783
0.4565926590650618
0.4381887640631398
0.4323173795380537
0.4193925362717561
0.4513064026783631
0.4682528013051259
0.4732869741839103
0.43963640785958336
0.3542796483764806
0.2856845876259043
0.262534475495197
0.29146042348387186
0.32937541444048885
0.3877731393417318
0.3826246652786378
0.3817365065249892
0.33038527501875725
0.2865334835730607
0.25848954537644675
0.25332472756231933
0.2609687291930916
0.3090936919894019
0.35679921545029264
0.38256993207105017
0.39642483899730324
0.3833059997456484
0.3591652199748916
0.32650039214699855
0.33835634615820587
0.36119152748999067
0.4190762104226154
0.4643790885274692
0.470047619194488
0.47204316932063317
0.4310342505995122
0.4270659721174433
0.38760676275370554
0.39210182025735574
0.38938785663778935
0.40529230078521905
0.3789062167633766
0.3573140829668793
0.3667090115238129
0.36797174875305866
0.36568971898947583
0.3706492720137522
0.3888305892155983
0.4285275286161487
0.44714191514491475
0.4823459178787419
0.49207672631018284
0.5206881252535164
0.5386599747864848
0.5662826183679581
0.5266393143084009
0.5216926607458457
0.4956574974901347
0.5205954020226149
0.5111885907353596
0.5473470114824239
0.5591422083750709
0.5662183279888402
0.5192279289414
0.5006317631641249
0.4894076179459311
0.48198513038444957
0.47760903858789655
0.49541300236130964
0.4723862534464886
0.4560175189306794
0.42487024857575467
0.4174552930830101
0.4391500263249327
0.482250005766393
0.5399764812046702
0.5744962464439288
0.5861646360114136
0.5936365415644747
0.6067392748652821
0.5663799855239374
0.5449190764275142
0.5225708299761297
0.5236023555632655
0.5428963278516942
0.5410782849442668
0.579895248036213
0.5779325851137284
0.5766829480076883
0.5615747872939529
0.547759679704281
0.5717473485568543
0.6283835650537748
0.6777015056078032
0.7086380379500185
0.6930824512842749
0.6698393589348267
0.6556740779627329
0.6182936805831003
0.6072949671733012
0.5883591048977795
0.5928159167493889
0.5943431772340741
0.5882005180196153
0.5835957979913107
0.5782788263438668
0.6057849128035986
0.6289662221618845
0.6801942097153024
0.737667242988998
0.7539090759554221
0.7919985341530831
0.8515510113725454
0.8944587112940999
0.8713388824301336
0.8031459387252119
0.7303863903226927
0.6827098864455585
0.6649340771967989
0.6721982593314859
0.6894551448035379
0.7267563701748099
0.7257431098853804
0.6972115553796638
0.6472913303260537
0.6297956719070503
0.678000226478723
0.745235263485279
0.8183110009367006
0.8260490114790516
0.8294733230451007
0.8093909618043427
0.804343461032052
0.7945808742570798
0.7453489074081286
0.7145782566665496
0.6960795674185561
0.6890689917125052
0.6478905528605016
0.6641217958879447
0.6681662934485079
0.7507869586198258
0.7694000329405184
0.77001032230346
0.742252100435916
0.7273425353754396
0.7468513752400666
0.7209008003395976
0.7452756417594943
0.7785674193510754
0.8274832262021389
0.8040388648447186
0.7571438823364139
0.7008950730025466
0.6587651275445554
0.6198644317274614
0.6364065869749543
0.6341076075278583
0.6851092009209041
0.6812332293658521
0.6560123928117413
0.6595010661826382
0.6480297225177744
0.6736114644906249
0.6964222094427853
0.7248868428063735
0.6904214944812825
0.6540740913276637
0.6301618755817888
0.6540004325318263
0.6884776970173007
0.7161726672618826
0.7113497502396137
0.6996029367459917
0.7191702477767804
0.7833192715558763
0.8342070463975102
0.8380075255122414
0.797333857385958
0.7327388287518442
0.6829833108635353
0.6817109010812162
0.633076469079809
0.6239045079190229
0.6264230892993765
0.625364114778445
0.5952567225315958
0.5652678643266722
0.5752582128034227
0.6055580327372108
0.61265812559534
0.6033646633246814
0.5700114365059133
0.5577328131626098
0.5238995018810051
0.5390592341566761
0.5605762650062707
0.6302276167182437
0.6887400826268525
0.7388226934813787
0.7421415424985551
0.7520986774321582
0.7606417955616941
0.7977792503764052
0.8294830118886112
0.8772727633848483
0.8724637598179662
0.8541245351049976
0.7676949386988651
0.8069299173247866
0.8454311218944823
0.898467090333263
0.938620792798652
0.9873658625041405
0.9917413207324458
0.9708930245498562
0.889837591154969
0.8891938549716055
0.9202270904901283
0.9326539045275669
0.8918309920398055
0.7804015758163731
0.6808255642817352
0.6107351839901624
0.5901796657857655
0.582544305757091
0.5935480498685836
0.6186030439484957
0.6250533029976588
0.6423855389279873
0.6467774209804231
0.6626975331127782
0.6743266132346599
0.7248487115957937
0.7882624654362288
0.7798874898165132
0.7855455004241904
0.7657065854555121
0.7528264915391383
0.7941777235675722
0.837382383957655
0.8144274896110665
0.7584164087527776
0.7459905726970051
0.714434727275531
0.6875517153256967
0.6376434967239166
0.6127930307853048
0.6088609692674808
0.6071838257604181
0.6480149239529089
0.6503006223657845
0.699098480635568
0.7964236229350791
0.9342141900735591
0.9986399009299243
0.9531810718042693
0.9198943034147599
0.8947521037736748
0.8707456310865084
0.8332396454554735
0.7965743871173439
0.7595298726050679
0.7471711879342118
0.7268081772867057
0.7284168318945272
0.7437485172764767
0.7798191274027892
0.8027932344404233
0.8722826565972631
0.8662612145972031
0.8749865341364791
0.8923205302362905
0.9085022705586858
0.9010094587488373
0.8687167701688352
0.8738643060785822
0.8698483766090683
0.8972027934561677
0.933938528087563
1.0143041158100252
1.0991702528246654
1.1746292385085464
1.2053417661596948
1.1791464635485522
1.1472145019639377
1.1602278532236723
1.1964038310745841
1.2824263441773307
1.3757564865533347
1.408533475386521
1.3529122408165484
1.2678181567938869
1.1708928748518561
1.1103453897465125
1.097013120167934
1.099789854189941
1.047098274872889
1.0406967987096727
1.0651292997461432
1.1714487927504758
1.237242086813086
1.295627927123066
1.2862339258676572
1.3066543737178629
1.3045276360404408
1.3002215808412505
1.3367301728889918
1.356098995927207
1.3376661186582801
1.2893026825669265
1.2035909803313727
1.0979500344479278
1.0702263018776224
1.0916733740893445
1.1192860637825055
1.0662391958501685
0.9737776249008323
0.8997082343807419
0.9062306292230388
0.9059817633372431
0.9474707260944604
0.9540364514011157
0.9671260001828704
0.9606824021009127
0.949487955987791
0.9162763634159901
0.9137295825967732
0.9087687921474047
0.9111740335415691
0.8932885212568551
0.8959903694226901
0.9168517820959986
0.9467876876424615
0.9809558317019058
0.9795338470821005
0.9809756796385474
0.965859446102577
0.9804941584441338
0.9589243871614516
0.9928467519655516
1.0199397135084574
1.111766575519787
1.157537086750985
1.1860969070729572
1.1343789135103126
1.1121330960957865
1.0331184067382855
1.049141478095062
1.026314247839061
1.1102833154269478
1.168906542252542
1.2029345097550026
1.1234212906189132
1.115079516585455
1.1394934660145435
1.2076439201715659
1.2220765202664996
1.21639471267208
1.1603720344146513
1.1049244942033598
1.0663780940182312
1.0641099419399842
1.0796241593550566
1.0756456151892781
1.0503154456243378
0.9947442853406855
0.9687206446447051
0.9997851844930118
1.0236672614226165
1.0439804712993852
1.0962571195870194
1.1574102901387449
1.1830547170380454
1.1682811208606179
1.1411334071848138
1.0768179512795177
1.0743321504845236
1.0431348066788733
1.0434205350817871
0.9960720925494254
0.9637364027007016
0.9513977287182169
0.9635203615246581
0.9931562490868286
1.008012753883166
1.084377030029441
1.1716782654608515
1.244073770292492
1.2799570050949995
1.2967986538582699
1.2539669979299264
1.1741337785208694
1.0977896923034585
1.0603885507833406
1.0906005847982778
1.124108228666954
1.1538859777855173
1.1041606901386678
0.9999777350744964
0.9520097305420082
0.9631108175978237
1.0039124237013801
1.0391103255449876
1.0350827769906068
1.0006421746253866
0.9732677564890515
0.9299048611407568
0.907151642192757
0.9049293499562852
0.9345323718085239
0.9975391104196949
1.0865440956658923
1.1303332599836238
1.1592711967069858
1.1196861067756654
1.0677533737205114
1.0313814155964103
1.0147943074794175
0.996152798184162
0.9790558782064706
0.9585556559322181
0.9956830562415269
1.0197469532485806
1.074981245941299
1.1311938880152563
1.2024647819199177
1.2315831295972033
1.2272468812045472
1.205393051334655
1.2239182688611507
1.2349566007802268
1.2374367136880862
1.2045275782364062
1.125669527712498
1.0945973874288
1.102068360610517
1.1697968684382127
1.1631551007532275
1.1738178896183107
1.1274713479538738
1.0907256483826495
1.0509841033786682
1.0068329314207007
1.0190436609770555
1.0629437248604316
1.1090945680934283
1.1405660265872912
1.1787732565577793
1.2069375626425816
1.2204948804300941
1.1935039902975886
1.1192405923916267
1.0922688120627497
1.025428781333
0.9733565296373039
0.9006582598985906
0.9090108354695279
0.9010899917294155
0.9345638349332697
0.9313055150891846
0.997118152907402
1.0983636653797093
1.1567530241838857
1.2082502992497002
1.2301314460255175
1.2291253728316178
1.195836462800414
1.1830483737523474
1.1615425420565413
1.2257523450874674
1.2693764519888528
1.3273812023763232
1.282612744307592
1.2280542397171024
1.1673737899531564
1.1221586028685244
1.074976970646627
1.0664833196793266
1.0563663291326073
1.0822367872057768
1.092839286290961
1.112369501904255
1.1100802392334876
1.107050775291384
1.1137586891069187
1.119088975444518
1.0927609898362485
1.1149220305104297
1.1378543316416783
1.11149777426151
1.052503824667928
0.9827707391772591
0.9439862410853865
0.9081440856630164
0.9368003081249815
0.9978128589435272
1.0558194282020605
1.064376178494874
1.0114850146033019
0.9392606529546922
0.9059924644902061
0.9247089540485255
0.9473494043564195
0.9717533244434643
0.9914550635009894
1.0080288846338035
1.0976942570275487
1.1900986367343085
1.2555999184037159
1.287545429687886
1.3707611515273592
1.4253508220099262
1.481247786541124
1.5262042422872926
1.5042321701783663
1.4372086767542207
1.30323082836706
1.233366307535411
1.2060315721830375
1.2133181796000505
1.2408978773850559
1.3022859429793212
1.3365565595996756
1.381874923560241
1.415793413986196
1.428724400247815
1.4216002978644868
1.3732060727656743
1.2749171313095702
1.2217075695043038
1.2011471954115023
1.2080756895367626
1.2002354401305753
1.1857767655179803
1.1350625459027834
1.1071827130040441
1.1360618689587518
1.1797263945262588
1.1897740673558694
1.185184933359974
1.169948153020923
1.0925403842293713
1.011408408320594
0.9557758414551563
0.9013963098587351
0.8865289242767077
0.894893215733956
0.9668150306916364
1.0772785838451426
1.136219289683895
1.1605983912073947
1.1241445294158119
1.1097151008907264
1.095307121964094
1.1576387003625905
1.2107073244928066
1.241577074053162
1.284293664162995
1.2952057615800048
1.272161060115095
1.2230487440557065
1.1631729838587037
1.1659536187369757
1.2101185890437265
1.205058360702329
1.2242748454174213
1.2628456464406763
1.3177802152009106
1.3430295354152324
1.3323691687333685
1.3336015721901258
1.3254999358261181
1.3294386556574314
1.297537474155749
1.2173462978977247
1.1812775450545994
1.188116381420983
1.291243014169582
1.3912307469191587
1.3881790574457402
1.3665801504807975
1.2947905310569925
1.2436946315227875
1.2081233849798405
1.1726249380654452
1.1460616770648895
1.1297948661036932
1.1538169793128905
1.2061041290112247
1.2505226940907315
1.2783335550553707
1.2958804347364192
1.3049386660732294
1.2968069620415712
1.279155421599819
1.2092199642161137
1.167812115185018
1.1351859252360152
1.1079766574661392
1.0855556629947896
1.0684300946552316
1.1026439913324346
1.18577467323159
1.2410155127160845
1.2949197030718262
1.286970798153721
1.2780771737398346
1.3693381679734915
1.4513109358789222
1.5171329394869426
1.4686282417199272
1.4270270619684233
1.317706252059661
1.2620144364479318
1.2330947296037027
1.2256289527750999
1.1804148693314036
1.1612298171818758
1.12522687439993
1.1193480251736527
1.1142016031974837
1.1636489540983812
1.1428653586283255
1.162685566952244
1.209515865627656
1.259907469066585
1.2509840058458364
1.2726066040806556
1.2577064447550077
1.2336029093095169
1.148826082924734
1.1576633239578238
1.1170439169275865
1.1045976221443687
1.0468901074155874
0.9814730727563805
0.9612460575448608
0.9390481476390794
0.9408202171921691
0.9567610459131373
0.9919773617747973
0.994526463086072
1.0053481229952368
1.0126761875425978
1.0394491994943922
1.0367015641772344
1.0448288511027806
1.0276652820250602
1.1064289263630365
1.127384393885969
1.1323868605289868
1.1443871211714207
1.2249357809812011
1.332613608266432
1.3927785605597924
1.3704014287356991
1.3264632824263827
1.266102633131735
1.232662467850888
1.1994140584421613
1.1748729816433674
1.151369891496379
1.1282570060393762
1.13086755224036
1.1590033150572576
1.1827478931590325
1.2450313848207677
1.2256044988755357
1.2049587828795771
1.1684888016086583
1.1490338256343122
1.207393605780807
1.2665747366195341
1.325153612383112
1.331449594536596
1.2528318474623643
1.2070562748851335
1.165952269824295
1.180023438540601
1.231767334287012
1.258735052147741
1.3056837916127266
1.3058134385668467
1.2873118187677441
1.2304580173228297
1.127039491501056
1.09029268784786
1.053442090070845
1.1193429389932212
1.1902737321549821
1.2619382822486456
1.2889010070918931
1.3036396676107243
1.297973862525845
1.316533148607169
1.272944843218111
1.2515620236253786
1.2128041673596441
1.2199599843472728
1.1842354828583685
1.1716008730274832
1.1227131897434193
1.1550488997395478
1.174860221016935
1.1814863427487567
1.2081643508246613
1.2147351689787804
1.2470489844989185
1.2587205417088572
1.2376181624744942
1.1683971945870422
1.096799619068456
1.044376289476294
1.0009921994467896
0.9959516649391451
1.042826033538952
1.0883749651341559
1.1322286758889903
1.1790858685170367
1.1717657662737067
1.1829020696942263
1.106982954752824
1.064818179598157
0.9891792807596246
0.9866958152171925
1.0435381895319447
1.1234758603078503
1.1323399920407478
1.1691343148055013
1.1583977595274506
1.153360682259823
1.1588915875171277
1.169562617110537
1.1647087810720824
1.1359788287493622
1.1240336373996134
1.110091281370452
1.112501259987089
1.1439243579091172
1.1395157888507557
1.1503395055224916
1.1648475028492897
1.1953627736493115
1.2376381297352426
1.2956866812401935
1.3598314921057857
1.3780658925762792
1.3727827168638278
1.3312693061268868
1.293938778660711
1.2291131118101588
1.173125846399183
1.110565700201977
1.0742535228661707
1.066769616744015
1.1122257014319452
1.1523578954963065
1.129754865597412
1.123158684354541
1.1098841407140887
1.124866403747051
1.1370278505342888
1.2179730179779633
1.2484951170016452
1.286013859590831
1.2714042495022697
1.2732539838346466
1.2665491453541817
1.280248496407112
1.2747575155795778
1.2618770346754309
1.2198887039398678
1.1787803236064063
1.1058416135526976
1.0921194983845657
1.1145797667306763
1.1511638966231397
1.174461511453278
1.1736664467200286
1.155149601219433
1.1208505039003347
1.1134057887609552
1.142869835840954
1.1748416335942626
1.2198702238884225
1.209711304670492
1.1784050742967789
1.1476703420003127
1.1646997684846985
1.17341517319825
1.193323452224199
1.1711982251420539
1.1385829519917343
1.1097620263462356
1.1108107956967228
1.1222962221079074
1.1901154589543457
1.2132654793346207
1.1869324226984705
1.1421586171761753
1.0799341388876076
1.0919084091200923
1.1350871174453059
1.2315383170342489
1.2992498469123541
1.313294065764997
1.2229805400560159
1.1191733502357095
1.035285470021596
0.9939241490529793
0.9916353801470223
0.9696659257934586
0.9524805545756555
0.95184247592542
0.9579236986561103
1.0403007810571652
1.063619532519062
1.1261006365969943
1.110812276994135
1.0911992178684966
1.079755376164198
1.0753890327927669
1.0727309716060094
1.1014444138476442
1.1116054963272313
1.0875877774735536
1.0744167038587507
1.041518024863963
1.035576348364514
0.9804701717113711
0.9462455584936603
0.9376739770779607
0.9670631817775911
1.0316299561721147
1.0384105469655291
1.0802497877699164
1.1046811488984325
1.1231532601293068
1.1167291140646138
1.1583201868780466
1.178255935914304
1.2467450362012922
1.3164655202393392
1.3751148934491528
1.4229922359380491
1.3822123777193012
1.3651416492491975
1.341094902474358
1.3542153984900716
1.3486562309910257
1.4096505344578498
1.4027416417128145
1.3147001847802409
1.1807280716854083
1.082289084185621
1.0152469673226758
1.046739292013879
1.1093221618845543
1.1625421804335467
1.1923612308134504
1.1867252485109694
1.1777652395799347
1.1466303831952147
1.1157047551820953
1.123589795388025
1.1392806569777596
1.1285406151781943
1.1028502732160546
1.0599055086263853
0.9986655265161262
0.9350039168584626
0.9086252214485767
0.9052164014323312
0.9750577702624138
1.0154445038461273
0.9485117261798717
0.8955149233454314
0.8926473126778227
0.9278411229497173
0.9389922472264264
0.9526292673989882
0.9840985823296873
1.0833425879614367
1.1288781417825604
1.1355161256359017
1.062806527835465
1.0089706312735869
0.9750078276365881
0.9931119826656258
1.0213587837336366
1.086811627928631
1.1462701893137248
1.1938114216231501
1.1965037091994828
1.2452159469454207
1.303575705690303
1.3351267582102337
1.2909094497178981
1.2388571536286066
1.22180873155092
1.2027242484258063
1.163890211648302
1.1248025600467177
1.1230696129027413
1.1684212079215477
1.2531800535672468
1.3259689796498777
1.39760436512135
1.4411252294649561
1.4017881709766067
1.3432867532416417
1.276879349126085
1.2484048307970985
1.2782680676073703
1.3296775510525682
1.3415989643168755
1.2726032078376348
1.201642342099701
1.1810084329913237
1.1588026181064823
1.1830403772373856
1.1917051001767334
1.230604966630235
1.1773617229152233
1.113418292484676
1.0679033336473591
1.0617816608029678
1.0947047361022249
1.1406845651890123
1.1579966699484334
1.162529682880808
1.0949173816923268
1.0205986676236063
0.9745126310640941
1.0164351299113494
1.0352336565098332
1.061252553819501
1.0375459534037386
1.015028728479784
0.9895558183678711
0.979914452024175
0.9309298918147929
0.9565146675832822
1.022696996371379
1.0887525019905944
1.2273474177331334
1.2889613468344456
1.2918266004396386
1.217692560364039
1.1567841511693073
1.1405715177633806
1.1319970754983106
1.078766632674793
1.0243340590380445
1.0256818562799606
1.0879473053527344
1.1590456833281069
1.1708979349556246
1.175653638878878
1.141563545929646
1.1609060986574942
1.1641627342097898
1.1645695101589735
1.1591643271315382
1.1280229773122337
1.051681460869681
0.9536357552866692
0.8816934395883318
0.8657760325438865
0.9292388089353133
1.017255566491782
1.0884286273252577
1.0916132203735425
1.086715758273131
1.0824956637138863
1.1407619468442025
1.1960948058295449
1.2066989941158845
1.17335304188989
1.1242241388433896
1.0778732456918325
1.0860343997116526
1.1410575061363333
1.1667091591678487
1.1545308443947726
1.1205325823064376
1.0948518326349501
1.1137966000915736
1.135923760744446
1.1796534091009498
1.2125796734813512
1.2222281966976503
1.1990906995625303
1.151995931578485
1.098471300378318
1.0606362197413515
1.0710534577772834
1.0979777975367009
1.1342933735745746
1.1635796534729135
1.188818843127834
1.224768574005191
1.239719826595278
1.2442551387672045
1.241611093580618
1.260904668122861
1.2094957187231035
1.1508213943365169
1.1468098241556894
1.167859383246364
1.1904286377700535
1.225016294913743
1.1893602037153301
1.145507248907237
1.1369744326650189
1.1619777696363474
1.1716329887633983
1.1632967084919497
1.1467420289104782
1.2196734033463648
1.3009689381058998
1.3345658464727357
1.282175030114535
1.1854591388162086
1.085168534858996
1.0143423828957845
0.973577990762611
0.9552342022137453
1.027617618250528
1.1169139655094107
1.190742421468995
1.1491720159045018
1.1648757387508237
1.0983301857822805
1.1097915605939952
1.0809325011486475
1.1064060451874984
1.099395405510302
1.1459079214863113
1.1598335903181984
1.2354097033706148
1.2836981413229949
1.2885110384247431
1.2160718930759726
1.1467178240145448
1.1336704982332746
1.1965971951428798
1.25731558443656
1.2539138523029214
1.2045436312163322
1.1629844806385767
1.119140028288727
1.0910026177673793
1.0935033844257744
1.153872847807649
1.2234819335380651
1.2724340436663528
1.3159422098205205
1.2730339348915196
1.2148000838063662
1.1450910699416534
1.161099738979754
1.1674468519647723
1.2085375576431003
1.1876037851191594
1.213809438725163
1.236980521338177
1.3233521285904002
1.2930800112241607
1.2456232557316704
1.152703304441834
1.1008858063987448
1.0862589437431651
1.068840108927454
1.1179512869065924
1.1619803364486925
1.1685347950964184
1.119857030654905
1.066224761078497
1.0838870510560665
1.106494878948882
1.138992955954736
1.1112236161250866
1.1431458214320955
1.0963531222343954
1.0922785723961612
1.038785528207134
0.996410243962719
0.947271325822946
0.8729739669400057
0.7989227883163253
0.7636593717926862
0.73458210263072
0.7839931773081473
0.841151525546236
0.9361014833595768
1.0137704860178325
1.0882964279675993
1.1162578155466456
1.176293011713792
1.2179222894517245
1.2611994267141706
1.354157696270999
1.4434238620295816
1.4539594447761348
1.4112939812408287
1.3497047729755853
1.2829186941841944
1.2148141689012817
1.1827862371022664
1.1709103015833981
1.2101634021019116
1.2256064114589187
1.2036805640120996
1.0956948508527176
0.9960545475019993
1.036525080392436
1.1286525442554913
1.1928961606214046
1.2069415851752285
1.181083067561945
1.1509068385647274
1.1556966365169823
1.19836809722707
1.1932146103943027
1.2259886874041541
1.2307117436592228
1.2166373384561204
1.2043696473656806
1.1900531040049218
1.2371302937308108
1.307571139886531
1.3191398705538917
1.2743934680997306
1.201220100881161
1.1471525656428339
1.151441926270165
1.1791494031642529
1.1943546463729853
1.1618653583140313
1.1450130035742867
1.1457913513766957
1.1472273346344957
1.1284455126287538
1.075199735432247
1.0301104278595066
1.0066670383179064
1.0193937981570587
1.0831772982025734
1.148172595797947
1.1738997010107557
1.1454511822999263
1.1579574372511492
1.172232013572404
1.2107456969551942
1.1822924146945866
1.1842909390664158
1.1643548026396187
1.1981142055031937
1.2416656952860579
1.2524167168692604
1.233390617251824
1.2228904562904757
1.1581603588934009
1.1396441204021854
1.1170688267949909
1.0918116941411342
1.0528879529482076
1.0259286064678708
1.0323208252868525
1.074467931230868
1.0977763495151416
1.1262281182292286
1.1298145741817445
1.164598206397867
1.1792449753093586
1.147670884817824
1.1245475530615197
1.1443453127101708
1.1886203854782738
1.2402105168091375
1.2550221016502463
1.2495330240173994
1.1975569686634815
1.117419972118092
1.060513993975132
1.0008637935217561
0.9928499237270385
1.0428961560551924
1.0760656965535953
1.0450260896762433
0.9857331103292827
0.9570356399684913
0.9948952243907689
1.1219925242100555
1.2956521288878162
1.3708794481538107
1.3985488750739217
1.3775014968052721
1.329213283161349
1.2810054402604425
1.2305213892783025
1.2550198691596721
1.329222719157402
1.3795937243350953
1.350262847279109
1.320615756603773
1.2988732120767443
1.2704328240573397
1.2545173829266063
1.2286004389346517
1.1974370558101517
1.1802001879347428
1.169902321480158
1.1644475975837794
1.1940728416817095
1.194469713499696
1.1797974475083939
1.121771526948597
1.1129336402017747
1.143272316475584
1.2303326847024414
1.2431566336123019
1.179611857020078
1.1366835747583228
1.1035839260956715
1.1706100887606368
1.2385409394258038
1.2833646664494531
1.2742347184334577
1.2418506795528166
1.2305650234888408
1.2242440921473736
1.2103966903030967
1.1700772599778502
1.0936719255779146
1.0327936873409715
1.0392906618291522
1.0540253656660767
1.1126966155252012
1.1517589661811651
1.1747079820080684
1.1780103684441148
1.1462203795475008
1.1385646938423917
1.1806039384508027
1.2215945598980915
1.287510344940518
1.305502393826664
1.3364771346347908
1.3452647072859207
1.3868625409594622
1.4070236706093031
1.374740178083339
1.2962750435573225
1.1840110471885563
1.0812468738342158
1.017061406060876
1.0203408037204513
1.0419140635256228
1.121208790764799
1.1606456007029968
1.2357667932424863
1.2738158240123303
1.3539555101306844
1.3687654015953725
1.3313322777304093
1.231891279036422
1.103007151480239
1.031262263579597
0.995262612517262
1.0015624400296712
1.0747093679169542
1.1495934164563302
1.2338600730653617
1.2976824738440138
1.2724575178866107
1.2535139623219964
1.1703416350433795
1.121563515902968
1.0806317719086562
1.0968788455716618
1.0630458092752753
1.0414404703563054
1.0586768010456589
1.087759005589796
1.1039123025833686
1.116212181054182
1.1021253943634244
1.0874498352193824
1.0654424318067999
1.0889592442561051
1.0831597504605044
1.125127090147305
1.105735248321897
1.1764700475474226
1.2607232226296203
1.3444066223951825
1.3769589152517498
1.3497453766429583
1.3430586804489426
1.3477631268563093
1.3553534618210432
1.3469124532183168
1.3259137559411602
1.2792673239452153
1.209473616530137
1.1679132509265235
1.1369650714689539
1.1602715556711354
1.1848312344144263
1.1746059265456537
1.1954151980310757
1.2313417297554092
1.282903731254068
1.2981150143875682
1.3092522376508322
1.3209087213889972
1.3440178629834372
1.3343530447387886
1.3029315418032885
1.235484813803734
1.1748303303300989
1.1656529923699175
1.1620788540678115
1.173634396751033
1.183182964763208
1.1950317022275943
1.2156952720710945
1.2545152141134663
1.3273306142672012
1.4043592814089763
1.3829224615756535
1.2991191487375737
1.181613774405862
1.136179129493353
1.1273920368882118
1.1959421097744445
1.2458652284539466
1.3404076614746112
1.3249680838666924
1.2836594053344565
1.2437310749038943
1.2410687094039266
1.2408355789910903
1.2783801808204798
1.2843298228899056
1.2780543318878543
1.2644578956462456
1.3068006736329874
1.3510774340118434
1.3472997372056459
1.3312557268333656
1.3529218683930224
1.337990104305385
1.3125522737189022
1.274838175038006
1.2266589564600083
1.1760869074795401
1.1772861405544777
1.2039509262021566
1.2429312363106682
1.2476267986952168
1.2870488004641927
1.357254603317057
1.4026533923677138
1.3812362784572594
1.3581104652140557
1.3524449958625908
1.3414900424669434
1.3502599724113187
1.3297419324947637
1.3065697483864738
1.2753366506642947
1.2349126579393828
1.2339463647941868
1.28931664406797
1.3132211390989121
1.2865893285753152
1.2053267342641565
1.1474846184760976
1.0956960301541712
1.0883703545327128
1.1060258689939502
1.1036692838514164
1.069010590052891
1.0306795193371583
0.9809866262538209
0.9783090109139503
0.9506777052915737
0.9517423055460918
0.9296230551034047
0.965792599382787
1.009264931795697
1.0759428811252385
1.1129444427059236
1.1263548259828986
1.0661260031909263
1.0309716519387095
1.008881997048886
1.036030555745601
1.0697325479554902
1.0866648679626318
1.0852849425769693
1.0789408563491127
1.0799243457907155
1.0792753108531374
1.0893036773860676
1.0704778906971366
1.0843237053131953
1.1143463782871468
1.1427273752319849
1.165625462167179
1.1907061601788518
1.177244686120895
1.1865300343264982
1.1853240465653765
1.249720183917878
1.3308185729041122
1.3720887687172854
1.36321264947659
1.300225744306951
1.2395845330826132
1.195771442505516
1.1736593661091073
1.1920759355579
1.2401232581382315
1.2341399657451821
1.235223606900291
1.2318487213824276
1.2603977914731628
1.246078647702659
1.2783436541326096
1.258608391092102
1.1963746535625404
1.1112569613497782
1.0402549064059532
1.0231100119186243
1.0449771004282014
1.0980941842087628
1.222362306706036
1.2840536802859377
1.3648915946876028
1.3526273246098361
1.3224736093680587
1.2728586454279416
1.2709908116991735
1.2512597049551935
1.3127508247325148
1.3293872859724214
1.3248734279445344
1.2703736566075647
1.2220539045377263
1.2233177057829743
1.267709387803987
1.2802003673805327
1.2582845942840746
1.265806532552324
1.2755470052581395
1.3017115431225583
1.253234575513749
1.1240343614357653
0.9940181587714084
0.9199530702761745
0.9488298917558678
0.980400798647429
0.9865742076729607
0.9510782112784909
0.9427692090951183
0.9064756628279537
0.8897178075229293
0.8882797223478377
0.9673288599311758
1.0640040121563048
1.1355321638626628
1.1792042777672769
1.2009395786637378
1.219944138168009
1.223277609742834
1.2066199634270418
1.2068888513905331
1.2757652160768924
1.3618799090199305
1.4385559582984693
1.3943911921928143
1.3191275627284988
1.234978096872858
1.1553321790835704
1.114803757210546
1.1104203719976586
1.1432379732958788
1.1589335877722433
1.12535376548616
1.105022713199707
1.0817780971367863
1.0947857956809912
1.0972437644126938
1.1207731907858935
1.1371823757561883
1.19292149481455
1.1975792451158205
1.1515405725753298
1.0854171446019258
1.0410767506683727
1.0454163141455752
1.1019750811257731
1.2080223758010937
1.2837935979805948
1.3334253519575783
1.3065206721242095
1.2356969879500688
1.1917983565770978
1.126444541517567
1.087903467978988
1.0648028401680505
1.0919199939380417
1.1139992927618232
1.1042644090388396
1.0552927779633363
1.0437146394039303
1.041910318077851
1.0392126375101862
1.0156971239802788
1.0018626141420344
0.9514177528018969
0.934915439022156
0.8813079302417547
0.8593716820357753
0.8932558459190832
0.9971768823760682
1.1008270053153357
1.1566036025231403
1.1534332286307976
1.1076897443270566
1.1147017590903812
1.1726926565610112
1.2761182067269679
1.3643263135590562
1.413975664717395
1.3687592724265625
1.294430717079079
1.2126352106999754
1.1853513572862764
1.1425469114688764
1.125932051555938
1.1709933450955496
1.2204868531631599
1.309791488484222
1.3337731211479567
1.30729208210477
1.230734106094609
1.1400310014301138
1.0681078187191817
1.0599938696706275
1.0996222800054967
1.1250576420075808
1.1880513361631968
1.200740470869284
1.1549775395054878
1.0708979602736564
0.9652110247275547
0.9330281224705217
0.9308827416889994
0.9706420373327377
0.969663962146563
1.0835260117287184
1.1327417798666537
1.188151122410549
1.1702575409077758
1.1170885033567262
1.0682894416907738
1.0948004493410968
1.1363591650833789
1.2122646205258332
1.1976124323229231
1.216319316832493
1.245615922792432
1.3119814681482993
1.4178357259487122
1.4926752710919746
1.5232592025383607
1.4586755500199087
1.420321362787851
1.3788912829968656
1.3866623283327746
1.4050954523036499
1.4000556128827242
1.3809514332592694
1.3666002818713052
1.3862904913275642
1.358566808361748
1.3524066633494758
1.335950845205788
1.274537038651918
1.2075566592432998
1.2097510366369901
1.2228799149198901
1.2002868141487761
1.185356528067834
1.1316605050422994
1.1450395450765958
1.1549405151424124
1.1870650134817748
1.16147096487993
1.1981056900934157
1.2277070384940485
1.2716699630151074
1.281492656797067
1.303113971714093
1.3004266386682675
1.3011632078145332
1.2649517192329316
1.2501046980977213
1.256567324877399
1.2223276759142025
1.1623096931673809
1.1010687386785687
1.0595841144275535
1.0932015337782854
1.1173952741604012
1.1484218089113192
1.2012398602420225
1.2136460204991708
1.1950288606300137
1.1754200398983417
1.1932533067830786
1.2247140512660952
1.3197577555283773
1.3761209458152297
1.3833695683348661
1.3844416933802666
1.3682459503501703
1.3107608828386221
1.2128404051069617
1.142090887168636
1.1005504089190437
1.1190950074024022
1.151224529897357
1.2008979495758438
1.209623457874205
1.1672512148748948
1.1224434752185437
1.1694080846472463
1.2832264298402343
1.3493345444567233
1.3429074364809113
1.3059826358057016
1.265247450285214
1.2671687313575537
1.2905793189220558
1.3154087399989325
1.3265564072500702
1.2789322650116912
1.18659114246852
1.153296945376838
1.1381105214205067
1.1828061154517184
1.2151903634023042
1.248938608199656
1.2267291152250448
1.1987022666859721
1.1570294494444309
1.1343997797385386
1.1644812181969577
1.2413582545884703
1.3186050655872803
1.3896317091412225
1.4302382872710062
1.4117719746851223
1.399601129763087
1.3610614121311013
1.3678523827078517
1.3852600941654531
1.4088602509400672
1.3870043748409138
1.3463644515036048
1.3172635811394557
1.2701066835416932
1.2637372776752345
1.2749768716724772
1.2552388205587002
1.2961363173403389
1.2458794142232603
1.2290579587677457
1.216646902994743
1.1651917378174115
1.0873021038235013
1.0327862765705689
1.0519314642858006
1.1197567545805804
1.14346672295329
1.188163674371586
1.2441676898318648
1.2474186526661049
1.2786993959570065
1.2658358524068118
1.2831475980571776
1.3117258828636265
1.3807979821541714
1.37910378448807
1.3074290918687235
1.1562080688019818
1.0435442993411994
1.0550553234652864
1.1290813918568805
1.266596727691315
1.321415243187562
1.3025116269613315
1.2270960340040622
1.1961708797129473
1.1962093309564397
1.2128943678765984
1.2781420173787015
1.3583351135225057
1.4532861443299308
1.4912296510710277
1.5072254561681588
1.454685651193456
1.4190699289604236
1.4168787383677446
1.4325198492859366
1.4832277384150032
1.4960407018722581
1.4916223318961168
1.4403161291117619
1.354102502379929
1.2962093655542761
1.2342747589165486
1.2142659440433443
1.2522623807297462
1.2611644665991086
1.2347499110865476
1.143962489301058
1.0830198152241493
1.0509369819422791
1.0723001961374907
1.1051173080110142
1.1493648965987169
1.1605473466342178
1.161504812516532
1.152623325564896
1.1871604478073698
1.2070363748264679
1.2354337207758026
1.2763624428925922
1.3191485028483714
1.3358622331747023
1.317298839487959
1.3015254814369757
1.353818015411454
1.3956841849134534
1.4339613799769357
1.4414049757296183
1.3618386372046332
1.2655613593583048
1.2034162030775866
1.2151895108164377
1.2352215661318937
1.2753585654976045
1.3490090920693627
1.4075934642480477
1.4303302862119394
1.3765842317999788
1.2919058552870177
1.202371081733608
1.1612103665574978
1.124475162920345
1.1708577811350727
1.2263282376300262
1.252627382012033
1.2344443924995778
1.212029347946731
1.242192131754642
1.26995969819304
1.2488288248604504
1.3136348753019673
1.3515036862361536
1.4011166796093395
1.3987727974956432
1.3808422330819758
1.3781639750276804
1.4037616012443037
1.4817215957591654
1.484554897508332
1.4768290209821258
1.3709293601321435
1.2865188620938388
1.2180479975118603
1.180021783665042
1.1564569865696483
1.1545590323864385
1.1815682526316778
1.1908526010753617
1.2064357324738586
1.2400128073847156
1.2688307577404128
1.2955246844609782
1.3355036178297892
1.347964222843768
1.325926262863713
1.3646816234363133
1.3828227343075488
1.3570428909707901
1.2978053824709415
1.2606735580128015
1.2922294300512447
1.3470308582332795
1.3606347298894181
1.3794407233031678
1.3422951902542093
1.3721759479346476
1.3861060284672613
1.3844444513501541
1.3483821254476513
1.3100646289928928
1.2443824022340033
1.1928865635206916
1.1160678537087378
1.0971169628884123
1.066210896488303
1.0613915878911788
1.0950392705112246
1.1479878675616908
1.1953097135306119
1.2533362608277059
1.2723732037388655
1.280932036939138
1.2294727644208874
1.2702258475608488
1.3349648585280876
1.3830050570857724
1.3900681457047757
1.3827677203927762
1.350257369903844
1.2733124174017612
1.2104072857361317
1.1742385537113187
1.1738178985338705
1.230332920013823
1.2955268107797682
1.3516022920218727
1.4299066871415635
1.4650744216145595
1.4572467730641585
1.4455151923680558
1.4642388534835826
1.4705877292363088
1.4970906339155083
1.470938916966875
1.4391597203842965
1.4060675834653946
1.414319049196211
1.4223497170165982
1.4184767476636195
1.4142445719166536
1.3904464835108012
1.3164943558218414
1.1789424343048702
1.1146671033391058
1.156082190676227
1.2670642031365742
1.3728389883934033
1.4045987558183446
1.339373249994106
1.2404762369841493
1.1958898918727912
1.1987952572427094
1.2918516499062331
1.3592640730295016
1.3899046984486527
1.3774421363365363
1.3164066606259837
1.28946286095987
1.2729975399808038
1.2979928227588038
1.2984408902478115
1.2624423486359788
1.2358611278276528
1.2077419761840145
1.1578700929909673
1.144459641536515
1.148708175087059
1.2012031766808353
1.3029401224124684
1.3901239252336395
1.412605015626893
1.3936810266334123
1.3703814204384537
1.2918767539936558
1.2511943638527263
1.2427442835824185
1.2451874067959785
1.2484654463385192
1.288515526329929
1.368227454105147
1.479772730707521
1.598290596363156
1.6424156334659965
1.6907527111660845
1.6570734028264125
1.6162678386796572
1.5111021522630397
1.4012784572522374
1.3548843437519198
1.336003559709258
1.3497818348063346
1.3385505953723869
1.3388750290642808
1.3152623520186297
1.28267401859033
1.2419421653158147
1.2138791068563286
1.2420175350807419
1.2616130411523199
1.271148579973305
1.2654862854786784
1.3042798516459249
1.3299695540499772
1.3247440845140175
1.240213127989406
1.168484619645506
1.1344085966914867
1.19350319722619
1.2415299840914555
1.295172737211304
1.2920162145827332
1.3100854404871247
1.3075065105423564
1.3214587614344733
1.2915293184757846
1.321899786229579
1.3457119333495673
1.360207674026979
1.3846185533842923
1.380310493082056
1.3557152313903758
1.347703162201987
1.3416425340572051
1.3862424971579974
1.4270629055958854
1.4173895375779004
1.3349526983834008
1.2668131812949932
1.230868714718611
1.1741769979884473
1.1436255122467585
1.1055057142982583
1.0543176047787635
1.030203888423428
1.067878425436272
1.1332942986833152
1.212962848969694
1.2866523294986834
1.3199618696762532
1.3948921990967589
1.3850566991424547
1.4084714356914454
1.3681928060348396
1.3454079093466922
1.3069040595179235
1.3261724573081302
1.250093128353841
1.1905665402030143
1.1300807752254995
1.113415991952298
1.1542808192177556
1.2416745809896022
1.3281503847571492
1.3726317581747571
1.3812506334378696
1.4074398966294486
1.3945884927820371
1.3999862445035882
1.4124239978995623
1.3920252657839622
1.4167278476790486
1.4259749346551578
1.4387423497184204
1.4279147705012667
1.367430124814284
1.334331587215136
1.275967656538255
1.2229231076598635
1.208768028898654
1.203350364562142
1.2376628602926982
1.2370037133419802
1.2634401252475023
1.2134471435311214
1.1892471262004791
1.1476787706799523
1.116555286730655
1.110736321510236
1.1281690938957263
1.1779416415213724
1.1869226871650014
1.2092177863230396
1.3274634490808295
1.402797385395121
1.4375537953739335
1.445482321759287
1.4346776084317827
1.4044059002331002
1.3250715243783158
1.2551581109348018
1.2483937587642964
1.2679575647734034
1.3084735950927118
1.2737637774985733
1.214391432587811
1.1575390301520883
1.1061388394232017
1.128604946938036
1.1519522419197268
1.2167183929408236
1.314615183445929
1.3809895839132307
1.4040056169802082
1.4058288180952732
1.3910065252799515
1.4112264438885802
1.4408474354640048
1.4131578304259331
1.3874355406757124
1.3412121381266184
1.3438570937339367
1.3516385967340747
1.3569752428518402
1.3726242145324203
1.3485097697898845
1.2449602166591203
1.2187016121198788
1.1955758891561883
1.2547084841740108
1.339304481202989
1.4327414604074078
1.4560803699090454
1.3841390702422984
1.3414944016383414
1.2903000462390173
1.268891913499922
1.2770681616573722
1.2976342390149778
1.3397518842860858
1.3483401835699367
1.2803848251864496
1.2236569741110959
1.201187832267367
1.208829366830959
1.2282466885922887
1.2489899285007546
1.2427898395034818
1.211653741401309
1.176567901813344
1.1686807256622234
1.1979989897166838
1.1854587420977252
1.1444360727133385
1.1230405081313606
1.0527981255197498
1.0118788342590497
0.9749543726524187
0.9727422434360781
1.044838897661389
1.128420468942816
1.168801538616329
1.2121736488394126
1.2356886965442058
1.1893101868267362
1.134567428107915
1.080323997200283
1.0818939649320065
1.134330166794691
1.1938168135161435
1.2095684702179024
1.1868863243202035
1.2139874531594548
1.2994852384519706
1.395001283779194
1.4176360690570724
1.3766666020439073
1.3430760030002797
1.3438341289902507
1.3800638163194283
1.410722798888871
1.3933492518669133
1.378125360318449
1.3086496595215278
1.2546832770817702
1.2068246460591765
1.2041822078572797
1.2501747795720983
1.2722046044757664
1.2896949969256857
1.3058670513320418
1.358778142637761
1.3699760794964353
1.407845656466663
1.3537616891781876
1.4113901431307239
1.4486300106953325
1.4889236174449085
1.4144691125133777
1.3224737262491537
1.2154952338742517
1.13726770137741
1.1069525675796537
1.1183937599131508
1.1147590991718523
1.191707523086248
1.1893931971032334
1.2525387410828952
1.2623129555001142
1.2912247514234887
1.2228515336177654
1.1746930788084848
1.1576690878797293
1.157922325837539
1.1870712968832193
1.1960766265156337
1.2128790331531858
1.1976395300401146
1.1795508397455141
1.1973775226810017
1.1997986952429676
1.1963351179893662
1.2781827739019558
1.3471448809254423
1.3926618842026095
1.358870938167694
1.373648401218839
1.3148305717483695
1.2790468983939707
1.295477218671828
1.3019219250168546
1.2750796026636615
1.1967104162224458
1.1266787406418586
1.1075762189070195
1.1326901490936043
1.2148666911956751
1.2917345792237773
1.3860084398039578
1.3942280417729367
1.371086088129568
1.3550451968087327
1.420823576161864
1.452305191924496
1.3651107603611412
1.3169075318083105
1.2228738814968727
1.2615015164353145
1.2680171671668414
1.2563280816531432
1.2409263293039456
1.1861694034395065
1.1247062337621876
1.1463831113166854
1.1546932204171445
1.1506432499478472
1.1808486304931398
1.2203018837806008
1.2891631100379144
1.3561612978049749
1.409085119419881
1.4378339781761411
1.4546167924502194
1.4354433590585074
1.3487244531972906
1.3014968643669893
1.2161799790431076
1.231700689262526
1.2541251878755673
1.307323043880422
1.2663115255988993
1.2426782198676884
1.2459387893769234
1.2754696629109932
1.2586755428383376
1.2060220597550209
1.1533383897103449
1.1293157129679132
1.1119941131170064
1.124413858300104
1.1459392940733018
1.2041570582682783
1.2248650308907791
1.2677124345979682
1.2325271723993452
1.1956183575835044
1.1173034218315538
1.106072886495892
1.1365436506181394
1.222379534099284
1.259261771120569
1.2543814815738095
1.2669273356337376
1.2940656683754879
1.3416345686839668
1.4526680668744207
1.5107984938418484
1.5487715310767434
1.5704899639018026
1.544399234708888
1.5330229099488595
1.4858531652863876
1.4416963016321778
1.4259571829422812
1.445812751210332
1.4889715143979607
1.4894959567490316
1.5267414645470299
1.546135715104274
1.5917005577195404
1.65338205696547
1.6577012176357722
1.6696952572562926
1.5653221607193897
1.5012920911163972
1.4379944430002394
1.3824992927381616
1.3769180583076002
1.385877893410745
1.4259435212057572
1.4665449983071492
1.4869061505953818
1.4984751695295189
1.4829842478773525
1.4302614020069606
1.4166374086687843
1.38487548836081
1.3209840390793781
1.3956888979396302
1.4494203300664688
1.5694980461978258
1.6959184399670704
1.7888377868032495
1.8698048402265697
1.8949057893074612
1.8876538450315314
1.8447532530606703
1.8261480576328384
1.819226972324954
1.861558944660714
1.9213582823032032
1.9319940960926343
1.9303262030779527
2.065343395486454
2.156846201148835
2.24139474592749
2.1423123294006343
1.9544769020552055
1.7668641745263636
1.6888522821970682
1.6855584925530347
1.7864166844828424
1.8284874156211444
1.8589138089092885
1.8787874712908528
1.9241422185473385
1.9561367187200236
1.9590557269503268
1.9325544121462104
1.8645638229463302
1.795152787784808
1.7493916905186542
1.7231645341350663
1.7167584705200136
1.7217624558467766
1.7288406360895296
1.8220095941391237
1.8369530385396708
1.8747182943820733
1.8341474376481703
1.8155354941856656
1.8066220704875968
1.8265894886340863
1.8994175308536634
1.9526226568207503
2.0171821585999075
1.9313668093653116
1.8187720771562281
1.710647986558148
1.6140491306842601
1.6429262635074744
1.6615099206212682
1.7171853635238423
1.7234836100732185
1.7084240236869246
1.6881510187734794
1.6941910419642385
1.702954841507562
1.6711850081469704
1.68491045120082
1.71788977153749
1.7552287803378441
1.7836929797573509
1.7984257175634097
1.7823856109899914
1.7298019880009885
1.7184855861602524
1.7465455773045726
1.8208376581048407
1.8781748506086493
1.960250416913916
1.988524338560867
1.9881847600128646
1.9270450086497461
1.915617008566654
1.899585660679697
1.9033480711512725
1.9444670975435316
1.9592072160066227
2.000358397785111
2.0007990145654087
2.040735564790453
2.0938456777022423
2.106195711437784
2.068169491169727
2.033788965175901
2.03185983614208
2.0694025700385765
2.1578773266533906
2.1792927647829194
2.1887953443727173
2.1352502894065717
2.1050978003464946
2.0199358290035545
2.0042114665664075
2.0301584014284706
2.118110219023915
2.1115237861264213
2.190641207647354
2.141152648038728
2.177998087341821
2.2174824211309825
2.2947892803285552
2.2590625484726856
2.1840971963264106
2.1669841562274788
2.1715466542245574
2.233174146207991
2.408974542492941
2.5140543900506813
2.510751125007434
2.4723952860667993
2.4654303247485774
2.495056914339846
2.5239437131232685
2.447041859644139
2.4092279548052606
2.3888494706870107
2.3955220305138445
2.341068029367973
2.3160387388895254
2.28684234705248
2.2052695302165075
2.144499395404094
2.1351292053125266
2.1336691871097333
2.18357249826064
2.2806495203364077
2.3413612713836
2.277506743761616
2.2132807880810423
2.0928267683895525
2.1174244073324293
2.2156071298702806
2.3194394864789936
2.420051154844812
2.4462248976151564
2.422782024837557
2.428272324930154
2.4203527371357296
2.416611853656679
2.3802452656394917
2.330721510278833
2.3190460133954374
2.346952708012483
2.410060529826098
2.509673305260123
2.580239950804434
2.6393318079899935
2.5711084915722373
2.480253732716897
2.362254390983325
2.287279086516494
2.2483154813721624
2.233989980545919
2.3027567868520906
2.3786029022346598
2.48152790880896
2.515949303964627
2.4462801112138157
2.382437182330911
2.319937677297143
2.2646709951949866
2.255467378354052
2.246119712788915
2.259777208501649
2.243791711608556
2.2561179178310975
2.2628997719492596
2.27029667347695
2.221029707744634
2.191608044279608
2.228037262854268
2.274356585779055
2.3289256730965775
2.3142397650656323
2.3439305422127066
2.452921827621599
2.4844415718053376
2.503518364664359
2.485031210584721
2.5914779044080984
2.6422530412075482
2.7348698124358473
2.748311630142748
2.773106565992299
2.6921932117309946
2.6200590741126435
2.5495815089841525
2.551531515659423
2.5241032678732966
2.491506809488075
2.4185590936325845
2.4204729595174594
2.4697447447783363
2.559872131185
2.6071963476197366
2.630806806995373
2.5968524293487603
2.5841978953417617
2.5487296550459493
2.4802027790595527
2.4971791174180717
2.5773511281080825
2.6708272316965793
2.7298857144342903
2.6018600734794215
2.53697539558143
2.5503951797053808
2.665491494434258
2.787908444372795
2.800253390705633
2.7680916466014693
2.7232776211963077
2.674998714552116
2.6688418804820135
2.6864768660084155
2.7305079354260253
2.763649404551813
2.7536546698347046
2.7149722842134802
2.686416494137645
2.689608393225009
2.732541150119787
2.7808317505608735
2.869808363010656
2.8998698787439006
2.933601718132215
2.8799035719363353
2.7940299185641586
2.8038478828210183
2.8611442414132324
2.9218601940930795
2.961710428712198
2.9169615329922234
2.7596779591957192
2.7136934920840994
2.722272878478768
2.803656026490644
2.756400188461437
2.712871158249344
2.537069977577183
2.494521398469445
2.4399865552342357
2.4952237943259434
2.520542962546123
2.575741651314828
2.5826288279208947
2.552723159908226
2.530748931261721
2.5059880167706585
2.5617928994018473
2.65559581091685
2.726370106692918
2.741725424933052
2.715013667444139
2.68090816625165
2.647196513209176
2.5388910942582528
2.518570133305105
2.552344677483577
2.652549927004285
2.7136306849556195
2.6627016476130225
2.621518242906516
2.5811206480603426
2.5607472902147106
2.5881136701327034
2.733611480775134
2.8887770465469713
3.01338225482267
3.054533997394669
3.031665699850179
3.0076988695752096
2.971347636397957
2.9541826642361038
2.9849577082077645
3.0774120772752376
3.164373731165358
