1.8533692370721e-31
0.002847592332444235
0.010083021719966376
0.01851488295968052
0.025994345078081436
0.030644859460202963
0.03393445420427625
0.036601008127228545
0.040852256319333445
0.046625935075975275
0.053388734912495316
0.06065561337740556
0.06984145204744636
0.07887937050482827
0.08582411912549227
0.09159513933678942
0.09444569583155561
0.0935178825975802
0.08870614271171637
0.08011651122639545
0.06851231424436545
0.05659515648420742
0.04633147629995921
0.03771182617662464
0.031073146477861403
0.02595112906596375
0.022209426149360435
0.01940104936073642
0.017444486331533764
0.01634349283739418
0.016219512107157434
0.01745255239430224
0.019800221685882476
0.023254362487864135
0.027617632661555834
0.032811700370977075
0.03881765113063878
0.04673509136136546
0.058651698838828474
0.0741997786448407
0.09231636882166824
0.10819392198376403
0.12017064566865303
0.12550378269697707
0.12682879199215233
0.12412582895086952
0.12016459269082255
0.1135685818294835
0.10671855347853446
0.09855581013512807
0.09052965466936218
0.08179400716246542
0.07261248035536748
0.06350501692687324
0.05422313133138919
0.045497387703381215
0.038155936030254724
0.0329531490110715
0.029604861013433365
0.027802778440078807
0.02662495886492414
0.025853517619956627
0.02511635002414153
0.025027992142803643
0.026005529220280297
0.02991144410374068
0.037098490658640564
0.04691578489732309
0.057774256087957394
0.06699925447186042
0.07458958869480435
0.08124730904486077
0.08934333695250407
0.09554995543867464
0.09983931206910283
0.10016715436488531
0.09976731589627637
0.0966578801415411
0.09109684143457857
0.0837142631877246
0.07540273952417076
0.06659116063463875
0.05868442613502927
0.05188539391348243
0.04661109202809387
0.04323878025805191
0.04053617964749896
0.038806615442183556
0.036339130689238885
0.03340415872800915
0.029855831521889323
0.027642563514814485
0.028085420763209204
0.03140865788038666
0.036748293033312875
0.041812917146505285
0.046148021289106333
0.049284422402271225
0.0522590663801917
0.055170674467182206
0.05850062373908791
0.06145294620637504
0.06292550076879144
0.06384574335350662
0.06577627112696911
0.07078636195170421
0.0765602251745283
0.08232306605525994
0.08348626621239984
0.08155760044735144
0.07595883311977879
0.06912905969116345
0.06171058268061596
0.05567054739518863
0.05053047414744082
0.04574602383770582
0.04134256997622563
0.03743179034722421
0.03422510709401019
0.0320277546137044
0.031197605079892526
0.0315466621333367
0.03214853229647841
0.032620682461274766
0.032810434783343945
0.03368861287180925
0.03540923649484273
0.039080575379754824
0.04482420110205468
0.05261888681175513
0.06156777853538823
0.07035225192957309
0.07732862106858868
0.08280943853789813
0.08579278997780926
0.08722703804947693
0.08721175841954032
0.08497406562706
0.08180464931780944
0.07789947249810464
0.07383751785548495
0.07025880270617023
0.06682859808507591
0.06362263291302643
0.05943355734104447
0.055104089959806535
0.0501942726449574
0.045514183253640386
0.04118741598186389
0.03784368764355968
0.03558536611102632
0.034180919247748486
0.03377787224970846
0.033944464723114146
0.034835680324852326
0.03649817902409953
0.03914917079762572
0.04225963300351741
0.04578209013090666
0.04883984849442346
0.05153828950186648
0.054395843912373426
0.05723325465383881
0.0601412324307514
0.06226001733794937
0.0640744620192771
0.06514812867727642
0.06717116006792785
0.07030190946020186
0.07352548906046406
0.07513190421144976
0.07382362011458513
0.07150154591552929
0.06797054472707921
0.06431228072737194
0.05909908339268513
0.052819675122747996
0.04626322068792266
0.041347239865721155
0.03829642700079188
0.03631584256008378
0.034774203319847735
0.03344769981541222
0.031830714737001914
0.030113969027658116
0.029624366343590586
0.030289898083523812
0.0330831804373884
0.037059310197312886
0.04248570590390988
0.04796913290242147
0.053264033470832264
0.05768183900645858
0.060934270564586356
0.06329597369111402
0.06488942214209721
0.06560261494893956
0.06607182713705605
0.06650349294595255
0.06764266178332885
0.06991268896193122
0.0709923259072381
0.07092893014061477
0.06793795792000196
0.0626959995369958
0.05537566948306094
0.047835400042699316
0.04239299585212745
0.03900905676757195
0.03723563706543064
0.03598857032224204
0.035084274055405415
0.0340120182132131
0.0329528350007183
0.03223793451883632
0.03225358785214029
0.03318865005305244
0.034370587809821856
0.03530340640244184
0.0354937905169139
0.0365777502818197
0.03854395527530171
0.041599044676228235
0.0448727520021705
0.0482345800103363
0.05187233840726463
0.055498930094748364
0.05931222319832404
0.06255331825364056
0.064038008979811
0.06428686667857164
0.06317776610455537
0.059738947593113316
0.05500307576369029
0.048977449769604574
0.04376050361603272
0.039124600799051196
0.03684314205224327
0.03694454451904053
0.03899665473497243
0.040723797250630044
0.04144393463623764
0.040504249485294026
0.03788210862405635
0.03475909797090274
0.031708919655367776
0.02941544837738633
0.02752640060455807
0.02677704773522927
0.027589563688454027
0.030771176238468853
0.03611191698038778
0.0429843111577778
0.04838788899556269
0.051407111392397085
0.051267650982358096
0.049659266192674516
0.048298730796873
0.047266556754766514
0.048022135527945604
0.049836973781313854
0.052616825389991836
0.05476366261531612
0.056233655665434056
0.0557006160575721
0.05355234730310626
0.04948360699653854
0.04421605531041245
0.03858174488661265
0.034152311557912776
0.031722071078437095
0.03172155483427072
0.03274060823091981
0.03381462463814805
0.034749857050664065
0.035226830957517496
0.03547664491405913
0.03572521531928382
0.03624208071001463
0.03678209893008958
0.03703945821439252
0.03801541264534953
0.03924871587769569
0.040477095675736804
0.041256289679844044
0.04131880880640285
0.04081808961497344
0.040755640080091596
0.042449574948758964
0.04495426747489987
0.046665789943758224
0.047253647335059976
0.04551193288606275
0.042783888829353786
0.039165562665020796
0.03620750184414651
0.034391877838988054
0.033154022701518945
0.03287711647945791
0.03355585399649606
0.03535793881017556
0.03732774524737864
0.03888936655801013
0.03970992843044903
0.040104663007362824
0.03955360645262706
0.03881117982876036
0.0376510034100448
0.03647769248749124
0.035621561743174456
0.035668584866848506
0.03635275601132823
0.03754212360274619
0.037727124308044875
0.037141379262809325
0.03640216993911928
0.03711759410067014
0.038667880541964475
0.041142578176118966
0.04318589037544722
0.04421797025844722
0.045227763556655975
0.04584020904440493
0.04611329413226307
0.046272474422199714
0.046400240123207
0.0457867842764119
0.044518509044857914
0.04282501483924781
0.04086801492101976
0.03916403190462034
0.038022972868522215
0.03734568045068114
0.03670116094795329
0.035933050139256364
0.03546301828448526
0.034427511686650855
0.03303161182484532
0.030881276834381646
0.02926962999394132
0.028537665241092785
0.030029872203451276
0.03290194578311834
0.035498905980676
0.03731519038443488
0.03836678984049258
0.03936318187538417
0.040480901056378756
0.04051147901859937
0.0400155869814766
0.03909053121336924
0.03858965804308736
0.03839400495255557
0.038633504323866454
0.03915432480345747
0.03942100700606611
0.03860697148236157
0.03675659697533017
0.03422723321794075
0.03201176469100789
0.03117668362457629
0.031225518450357977
0.032324771349841325
0.03377030347033984
0.0360238306275226
0.03766577864571054
0.038388058169117285
0.0383226765478292
0.038801429116169656
0.04085266543741201
0.04360877091146384
0.04643044260430078
0.04792183757175276
0.04754812753204301
0.045218042955140945
0.042240244926974986
0.0398090804922778
0.038387380154335016
0.03782872692560977
0.03772823478353342
0.03839190727274386
0.03914320112770617
0.038669704133766906
0.03725227657367098
0.034487068379649995
0.031891409154065686
0.029589349277284162
0.028010565619470035
0.027867451393612276
0.029848007100600194
0.03361357784642213
0.03768137843204867
0.040693966279118365
0.041442024518912206
0.04045381767767243
0.03793927743421676
0.03550525844318218
0.0339301661630605
0.03424035813538116
0.03618642755584091
0.039077513063038784
0.042365662811087376
0.04553144600295517
0.04734299825219953
0.04777708067231553
0.04594132446148963
0.043872984845931266
0.042123428179929784
0.04121145799351538
0.041893906193695964
0.042994776610815064
0.043620906625527
0.04240829953985604
0.03952378590862351
0.03643059014306317
0.03447621350101447
0.033987722911192786
0.034290642098097096
0.035314408998428234
0.036258510795407116
0.037017644034588675
0.0374435687641282
0.03760094449072907
0.037211507939516955
0.03661319950052608
0.036730917565452846
0.038241481143668724
0.04032737691347544
0.042785870258036915
0.04424758775963393
0.044951637521925665
0.04458530400408225
0.042527469355816055
0.04119283153395197
0.039848791395688775
0.039998726256194564
0.04115556080321427
0.04223920042252077
0.04321827134905548
0.04340674561428063
0.04451473528323363
0.04503427815364512
0.04492726104711719
0.043130124053160614
0.04087211046482358
0.0380972728286764
0.03653401637733588
0.03542290616178263
0.035095450844922396
0.03417707748701019
0.03350798287426572
0.03332301352985069
0.03403605706462992
0.03508375979040177
0.03591709257005516
0.035341947563021725
0.033702034268416295
0.03220500518194968
0.03271317383095957
0.03493489012045277
0.03844434947496171
0.041522872540087935
0.043868507919292865
0.044773112216401394
0.04461197975020478
0.043551495616600454
0.041892595473711026
0.039900135820674566
0.03708917269757301
0.03567921378412988
0.03568171878786114
0.03693964807215558
0.03720601160446578
0.037406143810112716
0.03684445645015866
0.035996519175378154
0.03471371414949927
0.033720932501146716
0.03381445608636474
0.03410495301831595
0.033811860962012476
0.032770135069639675
0.03215332633050427
0.03239174669010972
0.03368393868742895
0.03637631840745788
0.039587036850842874
0.04174851243597477
0.04235983828308639
0.04081190260683212
0.039197808846825215
0.039000208856025474
0.04085766042065572
0.04446761166979054
0.04775913641278696
0.04989554352266239
0.050855011361136515
0.05085318007012085
0.049385594497529335
0.046117112227852176
0.04171532807075188
0.0375912014517053
0.03428681435240655
0.03225058270299352
0.031003658565922455
0.0312882118921831
0.032486699843957405
0.03445024306525426
0.0365031743139532
0.03767910605493984
0.037759720563682875
0.03618680731940878
0.033655984138483704
0.03141133038420011
0.030285157153126324
0.030608108852512184
0.03208546167203865
0.033500497235097786
0.033771103837241134
0.033058490896217624
0.03323646094072339
0.03484005443067624
0.03788233280079727
0.04188892876485004
0.045182905810792776
0.04741058979285748
0.047561364404891164
0.04643324800146821
0.04380438125506886
0.040188572839029345
0.035748964843075104
0.03222616250639245
0.030269627429004967
0.030538211657019417
0.03233731321191553
0.034783064846268794
0.036880923720589015
0.03807763003367315
0.03772941525390534
0.03661572995342012
0.03380020258247119
0.030751203444990747
0.02841934127666337
0.027665564479640765
0.029054083757991317
0.03151298661246333
0.03537902195624802
0.038852629911410176
0.04133788957293461
0.04208643009674348
0.04229614122099693
0.04115180694568696
0.0397673234470796
0.03825870560999731
0.03698567005278324
0.035896328570626274
0.03550797524009083
0.03555195012300255
0.036067500773861096
0.036305226987579015
0.0367105086472475
0.03608335570093996
0.035028458565376404
0.033298174953229516
0.03178807366824258
0.031134715918338225
0.03081711446641085
0.03135513419920691
0.03280667907172421
0.03536064474631718
0.038567670212073496
0.041270445891483216
0.04244014953796438
0.0417536560239683
0.04070483143185332
0.0405216972576235
0.04124246683743652
0.041962849022254216
0.04192069906091926
0.041213763978881636
0.04093942246735992
0.042195844110357345
0.04290430615793996
0.04291501733158794
0.04102580368115686
0.03849857884930775
0.0360130322562691
0.03444960014083057
0.034446133617565974
0.0353775602970742
0.03587768754570928
0.03547777677884164
0.03393714830328041
0.03233299679971807
0.03081365211601356
0.03007235761605009
0.030230915953544556
0.031110221924450728
0.032945597377118746
0.034692194785072746
0.03641447731978167
0.03685971238956195
0.036597186000095615
0.037893533930529646
0.04034631916471169
0.044199387880150806
0.047076795180684854
0.04883031246698235
0.04915705042771241
0.04865072161215693
0.04778523016927053
0.045874419707814286
0.043627117002142224
0.04056483843852103
0.03759107793271499
0.03591796157278397
0.03579332441628212
0.036926682639550366
0.03816209362655819
0.039087621079902435
0.039219014667796155
0.038605951829636984
0.037668767573644686
0.036359492104143507
0.03553306323170632
0.03515229214201852
0.0357568714454089
0.0368613421002806
0.03864762953866761
0.04072832273707021
0.043791137813270375
0.046610946263645696
0.04926748617392682
0.049828476002401756
0.04912305234235178
0.047409839471970125
0.044850979000373006
0.04179156867373023
0.03786148489331938
0.034284127180055815
0.03197251419428997
0.031860933270537115
0.033642517491422996
0.036242881420218954
0.03807167196198722
0.03851506167974287
0.03777556394490507
0.036487714477147694
0.03533962105313821
0.03429162637208602
0.03356143879850726
0.03317904114876794
0.033567747333218156
0.03497627414547493
0.0369775636743453
0.03896457407717725
0.03960726855733223
0.040104058953914515
0.03947679746933874
0.03924814201543664
0.039691265522582335
0.04159337004604474
0.04441127551788168
0.046991546106374495
0.04866916422863067
0.05040122614025661
0.051768878300718454
0.0523115139400621
0.05023982784096907
0.04574965551294691
0.04034854653569025
0.036530160837349196
0.03503518164796275
0.03549494815026732
0.036983303316444116
0.03903310728462746
0.04048058376762771
0.04060435090597325
0.03931151145506902
0.03824562533505012
0.037214637286069
0.03721152297451601
0.0377938236032102
0.03931104577228392
0.04162782676061783
0.04400355426982674
0.04698496191996911
0.049278804948124345
0.05137528103126193
0.051283528806320096
0.05014486169589244
0.047617253570901956
0.04591347968772229
0.04493755707489252
0.044465908085177634
0.043848702254371326
0.04275578185874359
0.04143846623103695
0.04007226569129916
0.03919389587494312
0.03923721263703708
0.039197477426432994
0.03867844466815109
0.036819305588444685
0.03429442028137536
0.03097117976160107
0.028607188624810855
0.027539026082541603
0.029166290996440563
0.03190971847070203
0.03516944247821442
0.03776220911562125
0.039240203298422205
0.04058412081202327
0.0416322836246452
0.04297421205207763
0.04419162319588279
0.04490414981375742
0.043979230123592235
0.042153128799546254
0.04024684748506767
0.039367692484687404
0.040537721596116814
0.04258798084560992
0.04427810418340494
0.044932088916542746
0.044035761171930095
0.0426074755336606
0.04049244279592681
0.03857825138501282
0.03623244080593828
0.03474602144966958
0.03485552624137755
0.03615874830531026
0.03829949127348779
0.038652189894373704
0.03703498859710134
0.03343986281073484
0.030167609278451645
0.02944611652736423
0.03186088835273663
0.037303255873778286
0.042995479306733635
0.0467786870345476
0.047993907754818516
0.0462245530532721
0.04353029707539704
0.0410183946715189
0.0396304531556137
0.0397140881254506
0.04123569285077663
0.043492386276755945
0.04618598300610112
0.04819712795620055
0.04886855278620211
0.04750613919719688
0.04469707471779275
0.04088263506145732
0.037219403507026884
0.03526070744429519
0.034503045527208016
0.03432672341079201
0.03346029011465178
0.032301626107414175
0.03236841687662433
0.034380368853347165
0.037022193397816434
0.0396789726050393
0.04126648464943473
0.041895433669325535
0.041453963195041826
0.04131018451441705
0.04120400710712169
0.04241522035554017
0.04403369167341979
0.04570906775488063
0.04532253769666979
0.043658273996347335
0.041315378527577225
0.04047694174616444
0.04113131534641936
0.04257567018625443
0.043889485330967
0.04450240600702881
0.04379019322890991
0.041721895530322864
0.039829695333918225
0.037876681237219954
0.03728637805413668
0.03701221164677791
0.03792292793840959
0.03825237812244737
0.0390356832641379
0.039517294757972325
0.041851052500065294
0.044263552887944264
0.047122053245656575
0.04862150268304689
0.04814920598665238
0.046614368854964214
0.045004636951896194
0.043625691405557186
0.042461739019407495
0.041993459429896934
0.0428584379926136
0.04441920995877803
0.04589535722171917
0.045748250978271066
0.04411621165449044
0.042136470648574516
0.04031904881517471
0.03958732167919898
0.0389905279380209
0.03920672275903448
0.03852010980072775
0.03812334231018729
0.03763205178745878
0.03748612712384048
0.037711007773884773
0.03825005983497463
0.03869426946410347
0.03943352855276489
0.0396724030898638
0.03990739595674692
0.039972570076866006
0.04030134067438088
0.040716958134001495
0.0407396755370063
0.04088968456973705
0.040098026887222714
0.03832890037480383
0.03647108057760802
0.03512438217045505
0.03605422559531818
0.038046391052117524
0.04002030364860526
0.041194754812016024
0.042042791240301615
0.04072603575428321
0.03798727449285538
0.03500732482676233
0.03300419369754834
0.033078809867400645
0.034161179450035474
0.035467814315084153
0.03600369015569745
0.03607204848955535
0.03545899381193549
0.034392700371308475
0.03278166029307516
0.03217677297159508
0.032637861521440215
0.03456441976296596
0.03690461092340884
0.03847256541885552
0.0392219993430448
0.03899642039737156
0.03836128953053638
0.03789220916577231
0.037409183767994715
0.03804045258421164
0.038598740020220366
0.039796805826502885
0.040478887731212
0.04190361861927542
0.04287518247750795
0.04354054700331429
0.04338972984892595
0.043155547954596925
0.04168990187596473
0.03965588517635982
0.037461810524698894
0.03685674330068963
0.03850447705509045
0.040529579175683984
0.04195385772339786
0.04102988699667623
0.03871817702889905
0.03633542709175249
0.03468042224012036
0.034038605964717666
0.03413945404190692
0.035297124536416286
0.037642276922810324
0.0400318583202755
0.042452557320645776
0.043655984051064474
0.04436249300385138
0.04391640340001658
0.042844916190572985
0.040471145957285716
0.03917484447307654
0.037809775278937814
0.03691267577904039
0.03468403328586299
0.03193081241350978
0.029960187583801604
0.030301314642532086
0.03228351738445201
0.03497438310313821
0.03648061355708717
0.036634902266631346
0.035492936451924355
0.034137533344359296
0.03355844370028138
0.03423751579571572
0.03565670423793552
0.03739746734414745
0.03894432230745671
0.040541959311983025
0.04153244314429086
0.04245453893592086
0.043283414194116514
0.04440561729226756
0.045742164542188976
0.04593207698617809
0.04492523275660043
0.04327519775433976
0.0415143624153528
0.04079348277417083
0.040094126517274946
0.04037255322867801
0.04024222393384631
0.03963470179020214
0.03845380372442038
0.03687372629973163
0.03607027282445186
0.03517811040523516
0.03512375988099911
0.03545124128084237
0.03645327742070328
0.036990565754560875
0.03666657195719291
0.03649227161678127
0.03734127441142693
0.03953145656768907
0.042010691879096604
0.04358315152297363
0.04401850416840878
0.043278270822312254
0.041565175015306044
0.03937859777265095
0.03812347731388125
0.03791296601779833
0.038979946143130086
0.04047710172036119
0.041458398752535056
0.04174152729247112
0.04134236013333409
0.04048679525697957
0.03835891852805614
0.03590504007594049
0.034061743718850186
0.033473628626725586
0.03422830661157575
0.03581207907665599
0.037778831109190725
0.038338523456045874
0.03848150484371265
0.0382200653309683
0.03772249998159027
0.03713644996079478
0.035744441765760825
0.034702227218545455
0.03390055319271214
0.03439266606725711
0.03505497835204501
0.0368203826548707
0.03977403876639627
0.04441068656344933
0.04843981333248023
0.05152820845351417
0.05204443661052828
0.0517137944924393
0.04978197084981385
0.047828674226419045
0.045882716759640486
0.04511302680967185
0.04550176840945154
0.04622434932549625
0.04718980313658517
0.04767893817772976
0.04818623533928613
0.04754148377580929
0.04569419523484408
0.04322334438606058
0.04108805080400577
0.03984370837532538
0.039200490166143256
0.039394664045683155
0.039113914261260256
0.03860251206208783
0.03766224544722047
0.036945807405309686
0.03629948376088157
0.03726114206500629
0.03861033345566417
0.040838359049826495
0.04357938012575484
0.04635734780870525
0.048418948947571
0.05013858743269577
0.05100297326983075
0.05075064784396624
0.050537495666060694
0.0502453327583452
0.05055286707840763
0.050410226946655985
0.049825661737435245
0.048437992039146595
0.04617675242236341
0.044146016854787584
0.042839579561335044
0.04244148481261377
0.04281953038959272
0.04324021956741795
0.0429187745670792
0.04150745714941874
0.0397769591512228
0.03854162519592023
0.03878674593153686
0.03991475662272207
0.04103947539834248
0.04095633186470797
0.041091863678529295
0.04112847676503746
0.042883419790549555
0.04395972115880749
0.044851303723896105
0.044611268554802117
0.04339660179619122
0.04227912255039215
0.04140317589477275
0.04155927000184161
0.04237661565732097
0.043908943960683025
0.045636648655339784
0.04602046507793022
0.04578720426252802
0.04469460820439689
0.043409452307828826
0.042158913518332064
0.042277137465722064
0.04324959870552643
0.044841793896512876
0.046220552812615265
0.04726546810814261
0.047772951344692303
0.04680989222529527
0.044598576225675424
0.04133492322996819
0.03874042527993173
0.03701848245639713
0.03699241496862805
0.03813961673899401
0.0403002186783025
0.04312686318465755
0.0459756963841888
0.04755830464871946
0.048110428828150364
0.04735638071328884
0.04716343569585546
0.047258373941956935
0.04793082368883348
0.04825307791730805
0.04787473815070055
0.04702767286100654
0.04673830301593709
0.04675475149301744
0.04669034814159305
0.04532261401002156
0.04308828449756687
0.04196966809458571
0.042416012320473505
0.0440483599751105
0.0450626722395185
0.04564104574416458
0.04553652814608328
0.04534005789034328
0.04528571309970725
0.04467883980009582
0.0439305175920477
0.04234341622893166
0.042111146525375336
0.04259269054153994
0.04418418845502761
0.045499776628055225
0.04656350237400611
0.046416222588864776
0.04476612655591367
0.04228233331161018
0.03987324763871332
0.03917426089171564
0.04015323990102656
0.041941712647392
0.043490587970706734
0.0449399404718537
0.04615321630353291
0.04664205535628552
0.045052759542052484
0.04196831666406531
0.037983756185447935
0.035550742392457105
0.03484562594243247
0.03567183373052417
0.037292472776672275
0.039771207210357366
0.04267824319103895
0.045741344864769405
0.047520332122769925
0.04794889551296451
0.047205923997035264
0.046801038104566546
0.04614026861071937
0.04556805658756506
0.04602792856555608
0.04630315035750721
0.046497194768675185
0.04543893064619177
0.04453698650131674
0.04390741676209111
0.044364800214540784
0.04537870221298975
0.04719527656470435
0.04874700822026995
0.04942964852233211
0.048980523301889574
0.04652457567532861
0.043642162993356284
0.04044249565583079
0.038147112083969405
0.03741497654406007
0.03821407770436115
0.03975407544466423
0.04115927036947526
0.041474982848401794
0.04074404933028942
0.039425599761580186
0.037941828922014635
0.03643056000509414
0.0354602516653583
0.03560343700353582
0.03672522590070326
0.03876633361872603
0.04000032277941177
0.04080037367754663
0.040165212038634476
0.03947874270132991
0.03946581725526576
0.03922497351998171
0.03922347289023041
0.03859029898534695
0.03797347026012951
0.03777282709539864
0.037416577140760375
0.03681240182223145
0.03606742639276205
0.0362615506297786
0.03722527942445698
0.03838547401696141
0.0388046553965858
0.0392600863404138
0.03910635268686964
0.03923023851436197
0.038490996630199004
0.03761954107060451
0.03770645202308937
0.039650969197822725
0.04149458312660036
0.04282956843276681
0.04300482727216563
0.042946144441013294
0.04215329595304278
0.04049994142585598
0.038266187690715325
0.036632625495573216
0.03575129583560798
0.03657043291587458
0.037686734082112004
0.03960733810554187
0.04014871047447757
0.040460786048459325
0.039355759042148594
0.037849157194045385
0.03634615851751532
0.035430274158249925
0.03524665913587845
0.03589715766594965
0.03843081311610955
0.04169232702447235
0.04491090416250404
0.04613382684995494
0.04607912356890966
0.04459243665992434
0.04279923270270684
0.041433033259823976
0.04030480394500401
0.03900347535344648
0.03734332838225556
0.035952751521576745
0.035960303468640153
0.03747795935939848
0.03915769663498398
0.04027414970474135
0.039866325157984814
0.03949275686743416
0.03913992384818994
0.03890226846163511
0.03878024788779705
0.038528317924710086
0.0382396096609696
0.0371578044317506
0.03603823437954853
0.03582773171627056
0.03644871366195902
0.03806143886850595
0.039120228994165805
0.040456067526939185
0.04127136708487141
0.04246703257475007
0.04327275019250517
0.0444334964304563
0.04634741809844949
0.04698860930767927
0.04653039075457495
0.0442955184712151
0.04084882147435773
0.03814860630083529
0.036472315524059024
0.03649606000690903
0.0368450467777436
0.03727546543946444
0.0373637407643974
0.03678948875659549
0.03614682339222917
0.0347153215898915
0.03304021102246117
0.0314222406122576
0.030778049295202108
0.031632971067953895
0.033201979931839536
0.03454607832898568
0.03525751042364661
0.03556884331078757
0.03565798656242883
0.03566395434245739
0.03565004231115724
0.03662364152628452
0.038139007034856835
0.04057560405731429
0.04253406747197809
0.044286882024290895
0.04547823369240233
0.04536058840290178
0.04485271813577981
0.04431997530040129
0.04454894589732501
0.04549375829186509
0.04661963654223595
0.04604513442017466
0.04438116522088173
0.04157209650842338
0.038697229355935905
0.03637163734810313
0.035183068173177845
0.035282550952889895
0.03558055591522914
0.035969118152886094
0.03609894631321658
0.03580147952929154
0.034819013811204585
0.03438640517809755
0.03563376173487877
0.03841791880841722
0.0417442739488752
0.04329598242129012
0.04299772088752521
0.04146738062381171
0.04009075414870528
0.04001660345973997
0.040487180549079065
0.04137105892772301
0.04245212449565106
0.043191423795513474
0.04403195378761683
0.04317547799147911
0.04247377384324052
0.041194166532773815
0.03960401411798187
0.03742173272509123
0.034829038285947495
0.03327973032696782
0.03357544400553236
0.036202312608167135
0.03993636056624697
0.04320535508170979
0.04397324924133451
0.0419911286748545
0.037161845228267064
0.03265708620571133
0.030241968458003303
0.030788916127638892
0.033154543033260486
0.036219800368870375
0.03915460374921936
0.04056133003842294
0.041668163543598064
0.041847250395294466
0.04117157303114585
0.04018247764742806
0.038679765632108114
0.03678915010411439
0.03499582118259871
0.033613119790461436
0.033174895896305095
0.03277862898296711
0.03275588690736577
0.032667584626027917
0.03362523197068731
0.03509722111945132
0.036447117669857525
0.03760862589443664
0.03716810275270763
0.03601316817140847
0.03477782188898241
0.035065078465478114
0.03569127975170444
0.036511305168411334
0.036476289724478674
0.036789829126839355
0.03699163658820702
0.03771379671503279
0.0371481284694433
0.03616381899663784
0.03508863917320134
0.03526608355877757
0.037009110926094546
0.03988754492953144
0.042065743421865184
0.04313659157358709
0.0430268726378161
0.04240170734334754
0.0425474423687568
0.04291428036961215
0.04316233127380439
0.04218906580886904
0.03973458870107779
0.03695502752873067
0.03573592794682051
0.037216633007444454
0.03956317590505005
0.04082319483344028
0.03963646110347183
0.03806216111635011
0.03721866727248409
0.03827605262058422
0.04029398628651202
0.04241778686852652
0.043404870643710756
0.043080508036733224
0.04137696803785803
0.03880375291838952
0.03559598630906282
0.03249301068207226
0.030262588533085055
0.029781432960753956
0.031382078211800224
0.0350691274040992
0.04019893309614999
0.04508227520726325
0.049103133026898386
0.05144765525796065
0.05196023859348197
0.05119143977103005
0.050022756909414004
0.04819322758687147
0.04669852211276622
0.04502254155140676
0.04377974447138696
0.042989565126445674
0.04323592369828008
0.043243068033629935
0.0430297262869994
0.04211590286561269
0.04143510772180486
0.040934430303890185
0.04129038713721477
0.04183230615374454
0.04180728469472261
0.040762732671645915
0.03892443430587628
0.037266324352430096
0.0362629482280506
0.03584821304031383
0.03544508251058925
0.03573493118624591
0.036974000248798995
0.03962140985533628
0.042911810567703
0.04609958389905224
0.047978703777617766
0.048352448137966415
0.047421138952921306
0.04549624390594971
0.0436258376343123
0.04232035359424302
0.041689806884415134
0.042222712426549916
0.044120100356700054
0.046505971288972936
0.049887522437241885
0.05190655472459476
0.05144830205126111
0.04858544852654554
0.044721492944605486
0.04079742628251635
0.036714021310263474
0.03322542918937737
0.031334583097814624
0.03212792468988106
0.03492036315813275
0.03817940063743563
0.039748095850537374
0.04084462609951395
0.04136838683958434
0.04183398302937256
0.04151878714229411
0.040350522988376394
0.038375867595559825
0.036350427820106494
0.03567139805087501
0.037250645018585854
0.04049399371056994
0.043544744129914145
0.04494095559814124
0.04424665468431029
0.0415894890408929
0.038757246910332624
0.0371544488731355
0.037218160641575515
0.03833336710217463
0.03991553383505076
0.04203390822889254
0.043650803345547294
0.04433981914420835
0.04378615637213387
0.04263854021407092
0.04039433401794902
0.03797068510079182
0.0361973870793967
0.035776159527587115
0.0376809413853934
0.04084808105736204
0.045240912243700054
0.049340679186666826
0.05220194623068553
0.0527219094017394
0.05106267123477148
0.04834397620251174
0.04640459953557777
0.04591004925998224
0.04689425116323879
0.048376735961493326
0.04973287772595538
0.05035122745669964
0.05020341020901399
0.05013110966296159
0.049908982403428954
0.04903509143780662
0.04700198575454513
0.04471973424999495
0.04253876691642639
0.04232751225722364
0.042370877257641444
0.0426976189486684
0.04152128409011775
0.04006071708777618
0.038987622586762395
0.03867525520527206
0.03901896050628124
0.03915266649779645
0.039222570968966426
0.03959509181290239
0.040950565103291245
0.04197344811006865
0.042594289497804444
0.04238874203252084
0.04222582244006167
0.041855599859900894
0.04165336053151915
0.040655495855171364
0.04005154020129731
0.038711937888372454
0.03873853136114455
0.0399387417070814
0.04236334454827609
0.04494873160117924
0.04561673627336941
0.04537401230705893
0.04485605649814784
0.04588707468541022
0.04912515859066422
0.052886706832981724
0.05480793837217012
0.053363909082186314
0.048781143948538455
0.042955633570860005
0.03775649964389619
0.03464493970974136
0.033750952083770866
0.034547153362570526
0.03625256034406603
0.03729791505250221
0.0384142236406978
0.038369481240421846
0.03813104113908589
0.03786445514457273
0.03819181167720646
0.03920829274279419
0.04015111099191587
0.04032785472067218
0.0391291153842271
0.037607398006393164
0.036389701602617876
0.03633982454643465
0.03675726259301628
0.037090282500494044
0.03643186006521719
0.0351585816483915
0.03438853973543446
0.03504905933179572
0.03681747826548434
0.03950990495604416
0.0417018722157387
0.043304673258990546
0.04359334770115005
0.04335948735765383
0.042142960115454466
0.03993566591414957
0.03676181175583907
0.03316274540461691
0.031043997021238008
0.03127477923654328
0.03406596740806387
0.03772481053468498
0.04059458041998729
0.04195910613555526
0.041302522206938704
0.039619954286069924
0.03777599974637449
0.03598571853349139
0.03652139574560736
0.03907586962662874
0.043399907480041716
0.047498648981860035
0.05064214749909153
0.052309566339733986
0.051777346903611646
0.04956277915214498
0.045731038992789456
0.04121753784071644
0.037329222798690886
0.035105843181735
0.03561710238189102
0.0374018387340838
0.04006032514655725
0.04114346562733032
0.040754771511696875
0.03909412815751799
0.03741910588596409
0.03665369721187746
0.03562673258442429
0.03483080081112465
0.0342914253093262
0.03524187680262982
0.03766965789126287
0.040660178992345065
0.04255144192761801
0.04295503035077109
0.04131811177580948
0.03889494984172673
0.03665215136366507
0.03598597293608764
0.03642927492498035
0.0386643409221286
0.040749413997712626
0.04336695051641158
0.044257399148557766
0.04439687761851176
0.04356750252869918
0.042177488463246496
0.04062649150204893
0.038401041780776836
0.03695583846510639
0.035785657947424464
0.03534232873951591
0.03486409671653925
0.03420851763210297
0.03341815210521568
0.032334028714402066
0.031355996213005
0.030061011348385434
0.02898094640383465
0.028048081995495775
0.028489870849086028
0.030921442770458128
0.03429716237932132
0.037876138848030524
0.03972598561790561
0.040420134411301795
0.040854358277079394
0.04192992349581806
0.04387635514636179
0.045520356655368716
0.0454391452523001
0.042655449026034416
0.039108529985302766
0.03673771360655334
0.037027973233483655
0.03903926832118579
0.04073755883868474
0.04110968972236581
0.04045220503690254
0.03893456052098503
0.037688542843923534
0.03560836551896363
0.033451588657914054
0.031160189231966198
0.030157469574722755
0.03041944680183821
0.031676432421291444
0.0330106266754097
0.034316531424715614
0.03445910830175506
0.033776160907254375
0.03333671834797445
0.034077923362153366
0.03661122259302405
0.04040879361649086
0.04409974522645512
0.046543697081641015
0.046653528443536485
0.04518948398410338
0.0431920983776417
0.04244845408380522
0.04288006142926624
0.04462490304505088
0.046836600174180905
0.04812515420414449
0.04792918417953736
0.046134543465674534
0.042894648366941866
0.039606639132651625
0.037120311392717334
0.03547198679665693
0.03449274762384678
0.034411945826218454
0.034923964597334295
0.03591632991242139
0.03723279709257301
0.038498907334787266
0.039406629147382334
0.03958035778383028
0.038164215104758877
0.0358085281265256
0.03345166300431192
0.03256334798187432
0.03365348104608856
0.03662492324998458
0.04019529482484124
0.04290466729177025
0.04429934127425353
0.04431632267268562
0.04395303734227882
0.043520575997293545
0.043122827827474806
0.0425798151006369
0.04175651101806969
0.04011294197689591
0.03891093744989198
0.036617713821325115
0.035163451623559945
0.03468031500821931
0.0365126518355643
0.04040612916771114
0.045141257224267546
0.049228087743999
0.050445516306361654
0.04855765156972664
0.04396994261695365
0.038263690403472404
0.033038705808491116
0.029896728030449477
0.029561459579190298
0.03145783057350647
0.03471193125612408
0.03716745071131924
0.03912396080933778
0.03992585374771696
0.04110137948859567
0.04138324622940187
0.04144126228537627
0.040871932598539336
0.04132580297763797
0.04299725924107521
0.04538209109503793
0.047315678548600554
0.04800369445004408
0.048041223393765105
0.047175387818264296
0.045351177112538575
0.042239732624008666
0.03793759262819773
0.03423600165813656
0.03235132512635457
0.03276256025309881
0.034236602011461746
0.035845626842947356
0.03661898447592225
0.03640292601649455
0.03566769481317848
0.03482555137353626
0.03399472369179174
0.033407849256534686
0.03327518533812964
0.033286366678319405
0.0334739076498793
0.03486852509804625
0.03686733903405893
0.03923955138787528
0.04025078590896108
0.04105479359949795
0.04162916492160701
0.04222257771887848
0.04245800694842273
0.04265329335019919
0.043165405130863185
0.04371703432096191
0.043348733653839934
0.04215194829144221
0.03975441851591841
0.037076624289863774
0.034875953066927284
0.034266214672504396
0.03430003636651663
0.03517609222925346
0.03661661341459566
0.03840457238942942
0.040331372109782146
0.0416385621497614
0.04154391808386227
0.04032747409906367
0.03881544209677013
0.037970554307239654
0.03745354877952941
0.037437194495170495
0.037023199284944866
0.037512976601247194
0.03869842977938941
0.04209665794866423
0.045080711297134465
0.04659374381102735
0.04539248185783356
0.04213983746009312
0.039724350705268995
0.037338519028118765
0.036051634482118254
0.03503132802434366
0.03554221837677575
0.036823077168188424
0.039372052993894215
0.04235677105784339
0.04531309735224648
0.04660953750653011
0.045993372825381046
0.04353010982247962
0.04061777346047861
0.03844887004339978
0.03773261285273534
0.03863013679117676
0.04042940809777688
0.04236642234065083
0.044059270400478245
0.04530230530593949
0.04576659756164277
0.04480718991219864
0.042077995416231286
0.03939536363016979
0.03848020145078516
0.0401636131406429
0.04305290792141883
0.04618477558086799
0.046408824556479114
0.04532588734929901
0.04359407693328757
0.042488111341559574
0.04306232876286119
0.04389387559526415
0.04503716149699072
0.04450100056439979
0.04262090802024921
0.039685955529650624
0.036667122132843136
0.034519647643156556
0.034260800709814805
0.03602201270136595
0.0396739967745383
0.04317443800543492
0.04487159102047433
0.043557641617830004
0.03998628400054261
0.03627981777886699
0.03321523274727213
0.03277432406984179
0.03534125981657501
0.04104582527274015
0.04821771829804261
0.05399049048087037
0.057437181061830295
0.05782819408478385
0.05669134336872336
0.053680614996306386
0.05103798694620971
0.0481733441152656
0.04576726257943706
0.0439312269226311
0.042209928010297285
0.041644603103721284
0.0406781673368436
0.04004995761787465
0.03956092855222065
0.03950904310905236
0.03980157615801312
0.03951803380574077
0.039138027245016055
0.03830861914117701
0.03831403059258571
0.03872388554808673
0.03912558179391856
0.03892399236777938
0.03880082088511728
0.03983789670936252
0.04214817079158082
0.04439248052028235
0.04537812865462878
0.04530784278865958
0.04444282293365187
0.044327694173785674
0.04362999094622544
0.04352417685336851
0.042842735148275184
0.042141529027640894
0.04054593013357128
0.03886258433158087
0.03723635612383819
0.03696108728613626
0.037738663979505226
0.03915733506969333
0.04021681838902093
0.0401877124839398
0.038909299893267
0.03662903030920816
0.034183554420342946
0.03357029244118224
0.03467064399424657
0.037533882198685524
0.03918439004483638
0.0391290707065254
0.03789844248272119
0.03691982543632658
0.03686218282770543
0.03740861881952997
0.039331387468615114
0.0418598817392188
0.04486999071708292
0.04709855876526204
0.048383903138531234
0.049660788804160784
0.050196296255254944
0.05134161663031149
0.05073598393238795
0.04887262553960238
0.04560402421541704
0.04322555568076053
0.04230337888468633
0.04144348258403719
0.04024421415531528
0.038430777438789185
0.036504713395132504
0.03434099909197098
0.033280511875170476
0.03263326048550322
0.03411468322795501
0.03634798175080979
0.03884903705744809
0.040104182403743395
0.03978852401247795
0.03942672883437382
0.03944980024401863
0.04144318105985925
0.044761315356660704
0.0489906985088618
0.05214688077238927
0.053390640655864866
0.05268312221083165
0.050051903959013024
0.046621663713543024
0.04299313659566343
0.03976783237822983
0.03896222074029351
0.0399986431200489
0.0427863970557839
0.0449501134701166
0.04584448147205758
0.04445408274453587
0.042092317720023635
0.04002947355598744
0.03893948727038672
0.03850838220964321
0.03839597609332701
0.03790091318305669
0.03740311676449643
0.03703001437190352
0.037608252013992795
0.038686418161206874
0.039367355165293126
0.038780117879278125
0.03803970243412119
0.03769580494424544
0.03833453793990573
0.04016189660258001
0.04279490818238476
0.04503114101692653
0.04592343031990316
0.045878704786358894
0.045379501545025985
0.04566025814692054
0.04635313192472185
0.04720147050308988
0.0481026473973913
0.04987242260307205
0.05142384586037213
0.051374138440278286
0.049090927628801226
0.04560407324522207
0.04239857579653469
0.04085496064508073
0.04075907438930303
0.04204006615604889
0.043593962835228706
0.0438519537256904
0.043193852912822885
0.040824899700528806
0.037988799561906476
0.034202326410487795
0.03095286092736486
0.029670250802953786
0.031233940222512135
0.03466843226065722
0.03810483434727287
0.04161155052376837
0.044531786606174115
0.04717448651372334
0.04759333973684227
0.04650599887182908
0.04488264122110372
0.0447489470691552
0.0458649030270828
0.04767529505573084
0.04947603205542319
0.050526342324163226
0.05210281253772331
0.05274304326586962
0.05322031550955579
0.05197088752824521
0.04979588187598117
0.04681941962625204
0.04475173239466698
0.04430413448848326
0.0448667104267466
0.046063627370403745
0.04595554537265952
0.04509501609815167
0.04244141914770795
0.03968159807988682
0.03801073277836745
0.037580366913185524
0.03835248516836173
0.03964709966357381
0.04078057361347464
0.04172105158675721
0.04165250215656696
0.041828776409735875
0.04213603164628533
0.042170745713051114
0.04160700822299354
0.041196450176779975
0.041192325711756815
0.04167606689946565
0.042468255941900415
0.0434505364012378
0.04407851426689688
0.04371542953398497
0.0418255676881387
0.038851828702194
0.03547695984615612
0.03350689128739529
0.03388164665869281
0.03692227042158991
0.040271539362968976
0.043011624825858435
0.04415649066548272
0.044324328766295266
0.043770606921662646
0.04240334983128983
0.040566732715962235
0.03874895119791755
0.03716879371065272
0.0365363517081472
0.03651081491004027
0.03688014467847355
0.03717727649829655
0.03771898302205465
0.038999399332659015
0.04031668561470161
0.04117470568540791
0.04085954667750217
0.03961407868932592
0.039116788570934424
0.0396810230660008
0.04174540540742766
0.04343247835223546
0.04380789115200591
0.04324363538194511
0.04213994928232483
0.04194852861367437
0.042425820272404255
0.043330167474858364
0.044478655066722245
0.04550862125000345
0.045967548951654925
0.0452751392173575
0.04454370905562325
0.043207604619901786
0.04292415497705568
0.04246951601544578
0.0416848514483202
0.04042679265847325
0.0402268951189853
0.04086827491260113
0.0435503954001
0.04675128671200891
0.049391825044928284
0.050596875659168726
0.05047280534758828
0.048364363853810086
0.04530868148032551
0.04186407670376809
0.03982494323259927
0.04028303042704081
0.042464462378766867
0.045632477670713066
0.048631965545578526
0.05051154518545837
0.051128866546276325
0.04946540260347462
0.0465166730654781
0.04362949749146795
0.04195178923016284
0.04102750118374148
0.03976487749822348
0.03803500408618717
0.036892974443750275
0.0373596351070743
0.03983571327520239
0.04276539774806711
0.04414144451885809
0.04385279022571447
0.04255113425584306
0.041363480323745996
0.03980122016967107
0.038276925487656044
0.03759241300641705
0.03795278022065086
0.03949187937766373
0.04102167747460823
0.0422391457367464
0.04289883737665456
0.04330443359364149
0.04305852615443028
0.04223576980760936
0.04076807754092751
0.03978645807478408
0.03980284625615055
0.040924710869259306
0.04306963016050085
0.04528879722621337
0.04772807475751104
0.04870551276801717
0.04826548005926343
0.04652014729262986
0.044443409295725135
0.04280909438360549
0.040943832315322955
0.03950405651769961
0.038554386526447625
0.038328974513272135
0.03862205284842623
0.039371127482809645
0.0395169116863135
0.03873334956625145
0.036886379021534625
0.03530688611043454
0.034157297342972084
0.03410163511255573
0.03553454386780834
0.038244682903849685
0.041382606673107454
0.043294596552982546
0.04382753360066866
0.04236799376804255
0.03989325454009696
0.03790745513888273
0.03747715435556107
0.038583976464299334
0.0413157435811916
0.043804715915966186
0.04541634711019493
0.04439259361735685
0.04198536210414698
0.03920133575445342
0.03728946605220383
0.036387254132930674
0.03616269984274188
0.03692224735470441
0.038386897115075355
0.03928223348097379
0.03968764437414681
0.039630464159840395
0.039568086741184935
0.038480969637609386
0.03775835794018269
0.03751489234517973
0.03880916242829494
0.041613665506959024
0.04524214954849253
0.04819638617749851
0.04843734343380819
0.046234750876794434
0.042439426725514484
0.0394225525728961
0.0369988091848706
0.03612339561866805
0.036002070361532086
0.03738286357234518
0.03918531021555033
0.04189551630463135
0.044107005244474695
0.04530349795501212
0.044127143444451705
0.04040811125993794
0.0363996289469375
0.0335345116103626
0.03341748348630183
0.036504608369443636
0.04157888534087828
0.04579146940951474
0.047258976257102576
0.04592256187010014
0.043118358717146296
0.040110371552105
0.037172428386522155
0.03487991613465504
0.03316878667868918
0.03325356923747269
0.035039635729456106
0.03772254735747761
0.0404054549452571
0.04221268102656966
0.04392596445435645
0.04302162633129115
0.04085038395862116
0.03838402809541226
0.03789684814793413
0.03880711191540744
0.04075067653311839
0.042817796842160416
0.04371686221597177
0.04312293354248859
0.04130728470410927
0.03919004759346661
0.03850990066483969
0.039221340103853426
0.04014060551579618
0.04044278718354531
0.03998408190766926
0.0393967777780957
0.03958260584948143
0.039996143558200845
0.03979677968423112
0.03917432444792548
0.03698383514324523
0.035075893294499214
0.034795505916747196
0.03697050910175871
0.041000484995899894
0.04470535573470168
0.04732830029883952
0.047295623857450654
0.04634410563382349
0.04497598512374173
0.04438495101094311
0.04417811145467492
0.043867732424555925
0.04346783455591399
0.04315181640571806
0.043235726721384954
0.043782127612079204
0.044966987654209215
0.04566347650475343
0.04560081030306631
0.044326515588868354
0.04192869909299439
0.03966993318415018
0.03862619922878081
0.037937040380687
0.038582887000350896
0.038980042896112586
0.04003317978314544
0.040552077670262365
0.041398146825899935
0.04167677407793781
0.04220195437808031
0.04248218771539465
0.042372417665347877
0.04093419079546953
0.0386755754743862
0.03627715389435825
0.03405919370123421
0.03312276222467515
0.033766701378951165
0.036231171122568843
0.03973975303115305
0.04206873748744812
0.043081342554663386
0.042428127446665985
0.0425940114758638
0.043153371475097804
0.04373103829602977
0.043362680382804095
0.04163601230901689
0.03966447010483428
0.03881788503648306
0.03945829964652988
0.04108962413397822
0.043032097035711786
0.04435100570232038
0.044673975191698446
0.04375402477472479
0.04191344980872607
0.039673564703032335
0.03790246659556462
0.03679460870279923
0.03680615168536651
0.03785345522501247
0.03967821509191709
0.0418476309177953
0.04287458912836601
0.04291726765840336
0.04300784245767163
0.043740991530408446
0.04625347476390603
0.04874642463004913
0.05066086756880361
0.05026153907501167
0.04848838209592251
0.045750118003845215
0.04328338501902538
0.04171923164109861
0.04125003670611444
0.041677186891011506
0.04292359760615515
0.04407732665001387
0.04386668335214381
0.04297318428976089
0.04176957026434261
0.04206059126630721
0.04321011235198061
0.04466218960115768
0.04520633385842679
0.044787138369851154
0.04360197966402475
0.04247349742901747
0.04174972850450036
0.041847073409178426
0.04250954419721015
0.043443049092045445
0.04498724016336594
0.04645327868394762
0.04694068093824474
0.04598438443799804
0.04423965790494263
0.04159822552001282
0.03961495986993691
0.03818824821655524
0.03815323411906111
0.038351320049134476
0.03877187317856421
0.03932787804857378
0.03992943886030256
0.040669742740254894
0.041359260656470206
0.04217121889814841
0.04238066144619682
0.04210274146170924
0.04128691151204219
0.040410780831036316
0.03982039920355261
0.03967566884235784
0.03921862339269516
0.03908448283136517
0.03843980444748135
0.0384549138576116
0.038035919335001306
0.038610694520501594
0.03887219668303995
0.03977894533057777
0.04029762297624169
0.041615946122323784
0.043041488904666164
0.04420065176823804
0.04489122945364227
0.04380178161951194
0.04258581265259691
0.04217830368229114
0.04246155799364749
0.04233212839505305
0.04109156717845772
0.03932337962187992
0.03705564669715418
0.035832555577611655
0.035758981290375684
0.037036172664845046
0.03854537356873799
0.03890588930799338
0.0376881391171889
0.035650856620017275
0.03447079275252319
0.034766265130201035
0.03635101861393303
0.03820415805965594
0.04023322102743106
0.04257908273794032
0.04523970278725392
0.04864996521741781
0.05208165792134776
0.05403034936710066
0.05361868424067923
0.051004540743958326
0.047204096634445455
0.0440621304885656
0.042441205997904685
0.04255147463223393
0.043621233339362686
0.044312522423403354
0.044996419470473614
0.04420288601623232
0.04333988108954656
0.041606955419244626
0.04048661215285221
0.039941559747423985
0.0406505099236603
0.04162963146637449
0.04280347758020053
0.043104072431151656
0.043372583601481614
0.043738313330489886
0.04425036308708498
0.04421368809861778
0.04276369945058381
0.04171900708571458
0.04074044856339754
0.04134632326758286
0.0421977641660326
0.043330719221762896
0.04287375598857383
0.04116437948937224
0.03874376390988658
0.037186099613492736
0.037099210460754
0.03883213747049073
0.0411389372731958
0.0432037010555293
0.043913555194417274
0.043462678060954565
0.042601236635524536
0.041752598299124664
0.04065419627215202
0.03878578751042642
0.035711839079045016
0.032213827399486056
0.028868551757780147
0.02715650758636127
0.02718226126300812
0.029429238640509996
0.033635059493121136
0.03851985109318072
0.04301506816911729
0.04607676420225178
0.047615167561822845
0.04691211457852723
0.045168017124765314
0.043450596228610784
0.04191923549919732
0.042015279552229105
0.043201974586599905
0.045596956989722
0.04722531805180456
0.04737040129794134
0.04546802139858264
0.04217519571390202
0.038601788280223655
0.036216999866942635
0.03579537774441841
0.03688751563607386
0.038565917564256105
0.040236105400845136
0.041752286234353134
0.04339814779345085
0.0447120819392607
0.04538165523459825
0.04445360553749729
0.043205016670503874
0.042188253423562076
0.04229481949226219
0.04390448168847031
0.04587504091343503
0.04692229426715806
0.04597112464419631
0.04458598792543809
0.04428993066601858
0.04644691924557402
0.04931754099835931
0.05174245038152076
0.052374597576874064
0.05325079798954743
0.05393529779574336
0.05426542213872281
0.052838732994672254
0.04958052124339996
0.04517770549230771
0.04019475007479048
0.036295368531961414
0.033428929493567947
0.03235468358785915
0.03239909791319014
0.03329703657563611
0.034420273656049966
0.035701144376738346
0.03758467453678971
0.04019944929839053
0.04281369634801915
0.044527351856617145
0.045245639019254554
0.044958879831516266
0.04394747953312155
0.042310898045255826
0.0408359585111142
0.03988096641303761
0.040638756309965975
0.04218953061968601
0.04432473896172622
0.04522187860083302
0.044589256185184174
0.04236663543884802
0.04049927959708429
0.03977158870464817
0.040470676587622274
0.04201590582334429
0.043468213028639395
0.04519511415348145
0.04597518514591579
0.04668787982569243
0.046143562262625545
0.04505787126259047
0.04324607596042545
0.041001102736941665
0.038613408786277954
0.036380220279322834
0.035542633404726576
0.036708580330420126
0.038569438210631385
0.040239441281839324
0.04055338645620229
0.039432725092439946
0.03812486096465308
0.038071760056443936
0.0389282574246375
0.04082830239335568
0.04280834228837591
0.04467544640829271
0.04606979521768292
0.0468207664472298
0.047894797303540314
0.048811656423349885
0.04993252551277287
0.049698837289808784
0.048218723995154686
0.046443325759464575
0.04506643164959014
0.04350170757581005
0.041868257803055184
0.04003042638614702
0.03826377029999788
0.03728886373973201
0.03773532385907053
0.03883675239491651
0.03963241512514298
0.03970203935479584
0.038301463694239736
0.03636328797897154
0.034702679926125926
0.034411132161574716
0.03559969623697857
0.03781285218591349
0.0401527256604528
0.042017513176620724
0.042680412435064034
0.04361819430034634
0.044037997427969267
0.044890050354646244
0.045488631467354115
0.04706045875196769
0.04808340500111813
0.048807796892016315
0.04986982310889905
0.05059134013731743
0.05182818296699402
0.05252713879977558
0.052966876167560045
0.05201564929940446
0.05017960163378569
0.04762734094132325
0.04546826902451886
0.04419047171463031
0.0437383955915643
0.04443146719035885
0.04618270826551801
0.047443300123753154
0.047483451226636025
0.04564985462844533
0.04217813993858826
0.03775190570416832
0.03331496330379446
0.030605108806032344
0.030442085841474124
0.0327490513291635
0.036501340709939545
0.04068387618799614
0.04453995652375593
0.048022906118681055
0.049839714177457896
0.050013455600861706
0.04862875093954787
0.047101844305201715
0.04640701035680624
0.047230043845466245
0.048819589049790384
0.05023680886677503
0.050629673159571065
0.05018432031346764
0.04951977611499808
0.048881975625199005
0.04727118072571969
0.04472821247752034
0.041095060785317335
0.03777947397702962
0.03616841831622301
0.03590713337202989
0.03746773738604723
0.039667020465123756
0.04142753549323908
0.04249668224015149
0.04220532025055975
0.04319393625551829
0.044704071295060176
0.04693306563952112
0.04881163528903986
0.049510611129931145
0.0496323431558103
0.048605777800821835
0.04679026617534775
0.044335932556765836
0.04215583505084166
0.04104027295812497
0.04195571690518732
0.04393692643084882
0.04627335651771621
0.047336753913357635
0.04731158714483396
0.04667855188257002
0.0460288157999376
0.04542309036039601
0.04405458966215443
0.041769477556301934
0.039731834405825214
0.03887663595957036
0.039827333410322734
0.04169680333622411
0.04315149852000175
0.044585801050766094
0.045702017718956545
0.0468013267436361
0.047439411228729425
0.047207062359914315
0.046232628278856
0.04456137815901016
0.042266328645410724
0.03971014102667994
0.0375621868214952
0.036877525133680686
0.038697028512703666
0.04229163460916521
0.04618977143952612
0.0481204386508911
0.04757328609965117
0.045113572774252625
0.04322594333693796
0.043060064567767536
0.04429866190793991
0.045022528903149596
0.04445391305073331
0.04326538350814889
0.04199186728678066
0.04157452798985488
0.0415262245869629
0.04134471269028168
0.03991091819973942
0.03762794266907443
0.035029643559765074
0.03359251977734824
0.03400779462885795
0.036417120388861295
0.03991421040771184
0.04346982811887567
0.045066985298472056
0.044743893974765324
0.0422589916789406
0.03904977970446774
0.03731148094951204
0.03789744006852492
0.0392160044452963
0.039807663234201214
0.038854834019579745
0.03687366858446142
0.03552155013699261
0.03514356669073875
0.0357856662584739
0.03642982575905099
0.03664217010850894
0.036263659930019516
0.036239494748116566
0.03711432998784674
0.03779366501916432
0.03719456279726156
0.035027537153153494
0.03268479427132693
0.031402884352734174
0.032159127415229666
0.03426102486050137
0.036743318607409446
0.03867747332780641
0.040751145604313845
0.04306213460020783
0.046107718990203925
0.048828844360321866
0.05033360099700873
0.0497388493525859
0.04774856540364468
0.04493996949488047
0.04252826789393782
0.03990346346606687
0.03851242898859027
0.037725988368015634
0.037759418900141874
0.037921442672045926
0.037767117224912654
0.03632241387916531
0.03496129814166366
0.03413669391164197
0.0344411188528355
0.03501128863719564
0.035120903177655004
0.03510984872095757
0.0339498467679253
0.03336213127028131
0.03253862285792954
0.032572504311705545
0.03354721920292094
0.035190681544421225
0.03794557551060973
0.039773943302677306
0.04132928447758365
0.04071211757608436
0.0401494525917227
0.039363043208126905
0.03909635774156334
0.03759024977761203
0.0353792319158645
0.033536418115722416
0.033769370985869206
0.03620978354259191
0.038723687249193665
0.04016688490231898
0.03985666312521121
0.03867333158628642
0.03819760063616697
0.038675738861214566
0.03980085034495087
0.04034005301978578
0.03903296695199829
0.03705825054778643
0.03465745798303432
0.0333733894993953
0.03269991865086898
0.0330619636183759
0.033512221499007115
0.033927083516537775
0.03347302117819579
0.0328833507121662
0.03288975551215416
0.03326430237847451
0.03461993445949597
0.036335783842959116
0.0384268741394228
0.040626200412525355
0.042495121435527784
0.04352884508404772
0.043934119157265805
0.04426735976830839
0.044446834866396986
0.0442082230055437
0.04302993654250994
0.04130261542457443
0.03896103523413468
0.0368866968016848
0.034761993598652216
0.03303947405288521
0.031562790010699344
0.031562558051148146
0.0322363614630365
0.033203724605254475
0.0342530994464025
0.03573447706283012
0.03816567477544714
0.04028745839184528
0.04063746871866028
0.03943584877164005
0.03744151140905084
0.03590630762346621
0.03579915860822436
0.03610450119383306
0.03624471440345201
0.0356624650512124
0.034890124012220906
0.03425545517927823
0.03446767720996079
0.03579531619728199
0.03795074867941735
0.04013577961958561
0.04155804226214392
0.04217561194453795
0.04199297353764853
0.04082595579173174
0.03946742682288635
0.038653672150394475
0.038589659486650094
0.03972975310139474
0.04045292170091121
0.04014677174368676
0.03818359471520591
0.03533469273373346
0.032403249165257546
0.030746086426816314
0.03129354525982125
0.03402516618469986
0.03692179966979992
0.03900582782382557
0.04010824109129687
0.03994970818978936
0.03840443879537893
0.03611241603900527
0.033637711308545606
0.03274397633691298
0.03311794466418447
0.034536058673925944
0.036330556433259914
0.03766073951285895
0.038797814019012895
0.03937261171336106
0.03896272941497282
0.037254214637393195
0.03487528358271746
0.03294772674699311
0.032251472671814226
0.03288651332242904
0.03381907255485776
0.03410747489301292
0.03387437143739486
0.033453178958361224
0.03397396348606502
0.034777488581130826
0.0360068473227892
0.037585372729468346
0.039013619993257524
0.040186326715108696
0.04007425453490185
0.03985095537916326
0.03898016367371945
0.03913459379167899
0.040205558058766445
0.040964195693632875
0.0416123454472937
0.04104893397277374
0.039792679002203984
0.03849800496788059
0.03731218957806205
0.03719255605327035
0.037896930489804574
0.03932271022490504
0.040948563646249755
0.04124561223987749
0.04004685233977632
0.03786727100294634
0.036054693197590255
0.035112784796490534
0.03416888083967505
0.033536706620493704
0.03211670873446336
0.03155135565618294
0.03212671682610018
0.033744102259929805
0.035472449601218634
0.03672937502876596
0.037192009365464254
0.03618057348611897
0.035362494648051156
0.03503359585755528
0.036109294966534033
0.038180951412894085
0.04078043287691369
0.04290324012872811
0.04413409879116999
0.04451857055194276
0.04418753500823031
0.042972904708780006
0.04128951968918411
0.03973621404856961
0.03915362416257493
0.039762139738759514
0.04041447558162054
0.040410387562178476
0.039503300727936584
0.037516594053075177
0.03563290972905043
0.03427899085017431
0.033795263985738004
0.03343899571683869
0.03339852904086394
0.033485544877150684
0.033164690826703404
0.03291568157799666
0.03320582758835075
0.03426927371925227
0.035486322800689224
0.03606650665953178
0.03575045934306722
0.035923912674361014
0.03671239128068109
0.038371228964035
0.04060446704524597
0.042811815255747766
0.04446749909081724
0.04529576211939566
0.04594226254496879
0.04591977931804739
0.045048429831565914
0.043598248524762816
0.0407595897260383
0.03713591687426568
0.033365178573103976
0.03114797037218625
0.03083881653852951
0.032919639706651564
0.03587830534815069
0.03918796134465742
0.04084416526618438
0.041313138553146465
0.041020301800485166
0.04137884114713935
0.042349417622936876
0.04305778548470568
0.04267610065948944
0.042118808235075265
0.042146831542034476
0.04301779664008698
0.04344604120426391
0.0445013331246944
0.04637273940080212
0.04813662021672712
0.05054511450459074
0.05197597787443866
0.05346468631837887
0.05331162276805781
0.051530908183549155
0.04854514731775683
0.045094354679941794
0.04167956249547978
0.039014772882873354
0.03802030034642486
0.03898946132125925
0.04163666449882397
0.04413805468990025
0.04527406081358162
0.04394664600741328
0.04116706074258632
0.039080658362448735
0.03997993547390957
0.043090980648556744
0.04760672689075069
0.05082724843315554
0.05177464985114499
0.05151526938181638
0.05085680703365915
0.05092517340111671
0.050226722324778705
0.04872182069445162
0.045741728927814466
0.04361963164598757
0.04263494783032337
0.04328489094253928
0.04496329417496793
0.04622662379888453
0.04577804119708004
0.04366588761636057
0.040282915188965554
0.03769869743182337
0.0369324750109427
0.03673759852750573
0.03661406460298997
0.0359174290297777
0.035248646163421146
0.03463133727289974
0.03589503039128653
0.03858820996157224
0.0421158552340841
0.04428842064775568
0.04422810169363138
0.04088236143133033
0.036646517241805926
0.033429075692101545
0.03255536340271662
0.03458918096976915
0.03790839499280009
0.041019966843569906
0.042693166288280716
0.042366560880526594
0.040336780259501534
0.03781602712543713
0.03546199295850436
0.03418832693886029
0.034562106131997256
0.03614374944305499
0.038165808246393304
0.04040713279868547
0.042015624951133826
0.04353526168422619
0.043376315687853884
0.04182699529826845
0.038607120945149356
0.034692019606121144
0.03184648706437967
0.03099841782777462
0.031487985013529854
0.03331142026725926
0.03500598697166807
0.036777819978656055
0.03779420360921283
0.03831188492757466
0.03747191016131792
0.03615589832848654
0.03411842630522576
0.03344026113204242
0.03474357144157233
0.03746703328642784
0.038754828107015284
0.038201469664991744
0.03644398544583047
0.03562042891542058
0.03554723839451406
