1.1742324973860241e-31
0.04347101705952082
0.11410431374093402
0.18976516861632828
0.2504481568667834
0.3019666000800793
0.2949919434260543
0.27426805146901784
0.251542895653876
0.2321330593663544
0.24094413949399124
0.2963654918429403
0.3828898221766744
0.43471419624942603
0.4812884498008763
0.44013256888086183
0.4085275587653408
0.4158734061226639
0.4158010133739696
0.3889176069579652
0.33729195002199713
0.2946552124737688
0.2716754830442482
0.25456891234838663
0.22847619861087806
0.1966469423247875
0.1761164970996377
0.15611895959450456
0.14182313409219488
0.13794768122613962
0.15283165266381438
0.17210116858675442
0.1908824238678088
0.20380614575095585
0.22021185004077168
0.23508947795507035
0.25688816199048375
0.27816921231467795
0.2976543649196821
0.3490648641873727
0.3857109780269292
0.42130559091053604
0.4372958559977381
0.451530211688393
0.45931737871889317
0.4803966915415896
0.4725372929916318
0.4774236149981165
0.44843291898490895
0.4337224402784389
0.4147372435766727
0.3822770160916349
0.3614039168243899
0.3211200283090041
0.30550184817708254
0.2904356244787331
0.2779953080599342
0.25005327082392054
0.23328951646874882
0.20351033753144404
0.19359267533756858
0.18521302939607392
0.19830643212509366
0.20845751443797209
0.21804326927328999
0.22622365926015806
0.241207752963948
0.2593412519852399
0.27602218391675465
0.3071527419749528
0.3495069657554328
0.40193153953383975
0.4218344291181149
0.4340891588610383
0.3910513697427361
0.38506724407507825
0.35486504110952727
0.3447227516996924
0.33729696756272326
0.3422525102211522
0.33717888809609164
0.3271250189610348
0.2995640045167935
0.2632339310228091
0.23136956666364075
0.20325344279519272
0.20133433319166763
0.19725170864014774
0.20463859551600694
0.20219524146757886
0.20448335918036264
0.1996647911215731
0.1890889247596165
0.168551495701826
0.1614891958023749
0.1663527780840305
0.18730851148540933
0.21988993815716096
0.2645658859706047
0.3006734763773643
0.31105541384762864
0.2921257551926368
0.29436590970967774
0.3015687154081793
0.31519367740247123
0.33057593528595736
0.37086929178900263
0.4026813402930748
0.4078366613380162
0.3904311891569611
0.36073187624304953
0.3357501960720377
0.2920656917453708
0.2639516922739948
0.24547885594905616
0.2598674154518371
0.2834868361406693
0.2999105517848276
0.29223925048600374
0.2721009594783388
0.24453921731389433
0.22303303979552777
0.20679104867102704
0.20298654463660612
0.2127584158760449
0.23354497527495813
0.26685216513063464
0.29296000019061785
0.32380778761430085
0.3306695464529042
0.33164300522738455
0.3167123040092814
0.3222427266324114
0.3119978832202615
0.3314735438388011
0.3108005780009357
0.2828267810066536
0.257389819723305
0.23682139653344014
0.23056195021564388
0.25220669414594893
0.27426812018614233
0.29418392638339147
0.3094015255424983
0.2980748604522448
0.27946213884107346
0.25586145700071644
0.23721392772831676
0.21925159744977665
0.21445264999981475
0.21545208164344687
0.22803861332213976
0.23036090785640456
0.21597832725233693
0.21051996520533275
0.2158609302220162
0.21051689302147572
0.21443157591896939
0.2202573686496184
0.23007704853227523
0.2338163363470055
0.23775447775758654
0.2421679427791023
0.24582542411695998
0.23975229583843563
0.22395587936496092
0.23942306502503127
0.24624846030324207
0.27134533284804835
0.2939270009968771
0.30417320839030915
0.3189260902508973
0.3004312181140845
0.28428486820902826
0.2580162150711606
0.24717850131266408
0.23777246851948652
0.24377111774868102
0.2513810945034513
0.25562898973930914
0.26766922051381115
0.2690895968029007
0.2516159245880306
0.22528821961166634
0.22302648739057046
0.20988175071268694
0.21583371121550185
0.21890265714317905
0.24198292586552253
0.25248605270939894
0.28262338122884145
0.2959552092614969
0.3195885572468657
0.3221789342576452
0.3201500822094513
0.3021053823970465
0.3077259809264003
0.29844656091961924
0.3054573092297404
0.3082732791260824
0.2891144176923302
0.2867333862174542
0.28562802493167244
0.2853468701448005
0.2733304530305431
0.2720330869364873
0.27075435292343647
0.2656601222660549
0.26280884463432386
0.255944186799389
0.2474381438499911
0.24714089569966854
0.23312233718419273
0.21264478932276018
0.2000909542191089
0.19860509703416734
0.20079561329253284
0.20157332557991917
0.19831560611958002
0.1953954975065383
0.1924080512503397
0.20188637738716778
0.21294000647686676
0.22946864626661448
0.25525446671088703
0.2691060469076337
0.2829643396629283
0.29202545040402766
0.2861622242760771
0.2917730889609219
0.3149530576656363
0.3233960177841353
0.3511126531161568
0.3349707296220993
0.32342912177093414
0.28341998638317223
0.27958874516292515
0.28009573862461634
0.3109387505402391
0.3292354283012483
0.33365982684342754
0.31949815780275415
0.2823005309070897
0.25697982392087915
0.25732367028583253
0.2656896123583574
0.25412432276370917
0.24927549376398617
0.24178831079080904
0.23498877438274318
0.22892497250033084
0.23417618324645811
0.22769931621646117
0.2402975065469797
0.26007416647748693
0.2694124064905064
0.272160688848036
0.26160990226936737
0.27277666325732536
0.2698278872183165
0.29150856242984635
0.29338837128390244
0.31257476963785896
0.3015596600099615
0.3029827937527784
0.286588981527016
0.30073623433336144
0.3055885249028318
0.3281672823050184
0.32897646477361187
0.3094977446379873
0.2651716544483751
0.24087635037533142
0.24094309484390541
0.2381874998888291
0.22744253946316337
0.2184967572939192
0.23641486240750134
0.26487278614306975
0.27313853925201254
0.2844939604030797
0.2690105959992452
0.27853416141234744
0.28260425225430036
0.2920033246476042
0.28880128401702476
0.3008200948252147
0.3147386184378954
0.3119101546430056
0.2947144797821299
0.29628281402286066
0.2825366828161578
0.2827467430075529
0.2717987764787692
0.28753466846548076
0.30344582308181395
0.31611288185866243
0.29311153226862885
0.24228903236969998
0.2087700559590181
0.19399232012739304
0.19994648242051113
0.22024109484613388
0.23510147177919988
0.23065679742013762
0.22941596850119453
0.21486894372269494
0.20593750294118995
0.20451881868215765
0.21222478621085578
0.2349274058361221
0.26752408690060087
0.26617466363070685
0.26721857718128966
0.25594701970282024
0.2515861391555149
0.2297380951357707
0.22868090518120418
0.24100710509690954
0.27804725361753446
0.31230324527197845
0.3376538241873143
0.34256591982066276
0.31943199807319667
0.27707091808163525
0.25517328665451827
0.24188089762506743
0.23690289827999333
0.23874865645582902
0.2530898676069955
0.2504255529441172
0.2425321339708174
0.22871064718386636
0.21959337833296425
0.22160727934218535
0.22651995990650803
0.24320613687347295
0.24966233382715275
0.276533594613887
0.2790755375619405
0.2813595184287403
0.27888457678076717
0.2534310674890803
0.25196642277783077
0.2829724228828981
0.332935644365363
0.36882704574849146
0.37496570347079394
0.3600814411673792
0.32196994533429735
0.3019222152667759
0.28122675356204097
0.267698670318014
0.2642092703268709
0.27216359056867007
0.2648424235857242
0.26526300184077756
0.2575400837649521
0.2518909505666721
0.2397802900895398
0.23457354943833364
0.25559412002954496
0.2747192127436295
0.30598752567817944
0.3062450295849379
0.2995948987410579
0.2961508390007001
0.2978878833200578
0.2907201023758821
0.27198131467451664
0.24371977403436626
0.2389812004072949
0.24327500770119642
0.2489734250952389
0.2562153217335242
0.2639016577058987
0.2557242634627454
0.2414593895241328
0.2402073094088928
0.23831061079158927
0.247219041890975
0.23801335553141736
0.2200547051678713
0.2182753799941115
0.2127824607353509
0.20437444821209239
0.19954307026223048
0.21338777592702662
0.22400957723604253
0.22921611295886904
0.2400831968002545
0.25996408599456894
0.2803618609546643
0.2934028100458286
0.293958939855437
0.2978646504260837
0.2863040900869747
0.27313053452856234
0.2712814509429496
0.24711603225948314
0.2258114546167196
0.21140469628921502
0.2245708705998865
0.23764795396979616
0.25367384168309604
0.26791352225741577
0.28442600194266676
0.2845628006550581
0.27090591854390156
0.25847807249477933
0.24542873117133768
0.23720941112108523
0.23562853697944858
0.24054607436623784
0.24429664474519497
0.25774898576668626
0.265125131083798
0.2710012297318917
0.2763423958561247
0.2842764209338529
0.2860253902741417
0.266814718631659
0.25230402740003155
0.2550117741497453
0.2614497737194826
0.2592030526454014
0.23745200869556662
0.23722394630375954
0.22398754451931155
0.235823165389999
0.2634440606722778
0.29384503125270595
0.32235712129613686
0.3177533668419387
0.3266313619430473
0.3189559790991653
0.30514825311964816
0.3105834168304183
0.2924801510671476
0.3019246073759435
0.28256778691454415
0.2669086604239852
0.2378440645019714
0.22278519835139654
0.21626432527938538
0.22844364471040904
0.22709244331008316
0.23863052461113285
0.24065402917086137
0.2309873335614768
0.20850486526357617
0.20514889553297996
0.21159368725097372
0.2236094158507415
0.24367363528553673
0.27240557330760096
0.2858834484977482
0.2937506043760225
0.27579226462492995
0.26221425719457986
0.266053075051333
0.2896707071555488
0.31593034446263935
0.327378726715999
0.3134061142985052
0.2856425175816588
0.2614285823494324
0.25697425783108113
0.2565530640961683
0.25905719152479256
0.25676854173924085
0.25913176222283185
0.26718043244888473
0.2850536789964313
0.28134922395233963
0.261066181006545
0.21915481890818764
0.1983992737269302
0.19115191315023933
0.2131263893835123
0.23719775132676088
0.2627328927708216
0.2776279934639326
0.29743137214275384
0.28851825614768456
0.26239205428485235
0.23522828227744338
0.21519414743609458
0.20526678023187545
0.21125074427973736
0.2352655070907492
0.27761621392825564
0.3252800755442278
0.32368128443354804
0.3259530261692974
0.3116595900012197
0.29399008274550403
0.26540855815550596
0.25765078571362854
0.25984574673645167
0.27029106988038154
0.26854217898126215
0.27619286264310494
0.27392944241121
0.28388905541861265
0.27190537357744626
0.2589607789558117
0.24593981507346166
0.24368302106384188
0.22774985222581193
0.21471000500857468
0.21563516820988368
0.21894221076139983
0.21509607589063318
0.2077315518157026
0.215090554063854
0.22770817323696915
0.23324640789705983
0.24137962210901137
0.2524842513295882
0.2758801973873175
0.28798026461853166
0.3054714716167234
0.28449566814382365
0.28450786069924716
0.261357434410969
0.2665415197238792
0.27228234299151755
0.29328345850675164
0.3087234726163226
0.3207495285983602
0.32448486724944076
0.30101989209179736
0.267929138622239
0.23821792650130902
0.20557066172618346
0.18512346953888612
0.17929830834835403
0.19718613324214015
0.22583331899039344
0.2571771982347618
0.2816492463544697
0.2813701911567369
0.26695045256855415
0.24111935973368673
0.2481085118334625
0.2710199911174643
0.30072454128261794
0.3202284306260572
0.3120625808480076
0.2839191978249945
0.27455067522908433
0.28122075001427427
0.29861577196466227
0.2994656016342129
0.3011642432930477
0.2863001062614138
0.2765259491690848
0.2698215575999191
0.2564431871387694
0.2335494796783289
0.22343200499314564
0.20667317301770738
0.20328461349469548
0.20987871517154114
0.21498000284689925
0.22205021895586768
0.2259667970651201
0.24726720612470132
0.25995196447456925
0.2556433785965764
0.25477540814191274
0.2758127772732448
0.30863680581718833
0.32416643209522705
0.33247935847873494
0.3236209096820809
0.2971590491911274
0.26191115985181573
0.25135763712294307
0.24959437822030311
0.24876718799782918
0.24287560615494916
0.24031879997322006
0.24456302404336866
0.25232992599070264
0.25155880455748325
0.2352665577696289
0.21379034297899033
0.20563075846887677
0.21160053495571038
0.2230288761288447
0.242348506502335
0.2541223406728913
0.23856583426263447
0.22757956278113833
0.22289551286169595
0.2350023870241017
0.2462751746441037
0.28101121684501756
0.28218025035459526
0.2650968541740977
0.25898115960817186
0.25910622302197983
0.2699381256505253
0.27517108534183504
0.2742635843427237
0.2652356674097726
0.25966880500774836
0.27493992879974105
0.2791208121852997
0.27841885148757095
0.24431990189601896
0.23364824718462307
0.23557163792587824
0.24310284535593898
0.26901260941554556
0.28298788282939163
0.29054926212183085
0.25965457621420573
0.22354433114689937
0.19476745983387414
0.1847106690538108
0.18530605127611788
0.19519432628228794
0.22068538597339618
0.24283963470098255
0.25811478394196624
0.25513679752267376
0.24707144766001166
0.2322191368624164
0.24759804172901717
0.24180876356320538
0.25574550459656675
0.25740406235657887
0.2776927169526638
0.28073907333279247
0.25935411299595645
0.22829157933301866
0.2287203940263694
0.23867399042711224
0.24504093250291417
0.25130363679466217
0.24662989663078894
0.23418859970587694
0.23000613329535288
0.2203044037683691
0.22008815137788393
0.20675562806233197
0.20509114342819856
0.20364677805265816
0.2156847592114887
0.2345570460554403
0.24110142355158073
0.23653890129798202
0.21424035217779583
0.2012343708828311
0.1808827375545953
0.1730022203777824
0.18367664687078752
0.20495071181700222
0.242119816536716
0.27472352972727493
0.28845622532871995
0.2792376205856933
0.26344691912617346
0.2505556591463341
0.22247510876737475
0.21192986479943304
0.21211733059859025
0.2336943422581216
0.2562466177467928
0.28540021673403304
0.301199766200636
0.30264479947217315
0.2846563716195568
0.2498278430528702
0.21785819277794793
0.2007002251457915
0.1850503663327281
0.17255297788405988
0.18401691018813388
0.21910709934542982
0.25401962880902773
0.27510410865159596
0.2926776474213706
0.26604579690440816
0.2689254153195063
0.25638239958114417
0.2619275775110156
0.22202998654086167
0.21953504532622084
0.22302505388783572
0.2612046630181043
0.28917796036088045
0.30489691055748264
0.2773154148500037
0.25354369022203477
0.23234129591621352
0.23647845042662363
0.24291827500766566
0.2759374733916417
0.2817787943352069
0.2747059841188764
0.2551676779381174
0.2402818323144586
0.19916161391352513
0.1822068227597379
0.16011918237950867
0.16569948844066373
0.16874010602660972
0.18554424749273443
0.20728284691330295
0.24482727417574562
0.267977939572067
0.26683269249294805
0.27822467956880015
0.2743023834554629
0.259606988396193
0.25151354901310585
0.24648322325756084
0.2552597648031658
0.25841597176031267
0.27155265916296223
0.290889169284042
0.29509285512232897
0.3048108880023348
0.30058244757663943
0.31182533929547934
0.2908194943368759
0.28584242756579853
0.2621066950087031
0.26082928180686016
0.2575513612353714
0.243149625563133
0.2310847200769242
0.23318228234579638
0.2446233663696177
0.25597123507464636
0.26561728708595217
0.2738488030062394
0.27553675896248847
0.26270566878900364
0.2631582398220792
0.24351413376967665
0.23868111464341024
0.2229415941306942
0.2253727476362273
0.22442432081630687
0.24833752059003728
0.2765753701273884
0.2942642268603211
0.3050051597375126
0.30224844767325587
0.28354481504978124
0.26081956124784267
0.24119643601718732
0.254210618421297
0.282560435273766
0.3009908924290101
0.30301358850780075
0.2676516366614221
0.23866850271532636
0.2140586892877472
0.21787942374030492
0.21244300230147783
0.2297429259997538
0.24438301374685142
0.28137747989079626
0.2887338721168987
0.2875590571954236
0.24383040500028597
0.22951757925964217
0.22645687737536388
0.24677707112256467
0.2528460067472865
0.2802223424067237
0.2818757735960449
0.2803671065330342
0.2614388553909733
0.24883745963310494
0.23482339308194622
0.2358022020201812
0.24553034876886376
0.2701203197635949
0.28239040484429734
0.2737165066588536
0.2726405703818013
0.25379238268624876
0.2481208736442501
0.21840503266134614
0.2096556932105091
0.20087205110136952
0.21306205170396675
0.22980643197797698
0.26069574894825465
0.25544867408258953
0.2545563718186811
0.2377777775580763
0.22540445568359094
0.22721059071075764
0.2357576227635245
0.2415937296118204
0.25024352798855304
0.25188039312318283
0.23406019867117467
0.22129499373905182
0.19824678648697566
0.2122898700812419
0.2146094128273241
0.22668454020000836
0.2357726044849407
0.2612478992294221
0.25918611732492125
0.28519400463224603
0.28814275644429493
0.29395958456664917
0.27083222781371236
0.25558344495371166
0.23099495988050425
0.21908100048670423
0.2202535684274143
0.2348031728498236
0.25201483189749496
0.26432004299627715
0.2510959260626677
0.24598137441180803
0.25867977953098087
0.25978364741508286
0.2591605019583733
0.26112176064183007
0.24190110274946577
0.23534768126750272
0.22842145954602033
0.24916524936334156
0.26355772584793824
0.27893408824965527
0.2732715927692638
0.25856219918259676
0.2342339360095649
0.2178348942817449
0.23612738795733254
0.24294226896057158
0.24847285801258331
0.24795160013377995
0.2518944109911704
0.24343860162804243
0.23400633715232258
0.22179611696911622
0.21948662054290888
0.20367898637124876
0.20493663258987416
0.21015464206451148
0.22393510090416718
0.22749184697153238
0.23375966837653242
0.26299820731605444
0.2956078727326864
0.29581948803062447
0.2879962390336023
0.2810120147359596
0.29842202361639486
0.2971054160396582
0.2956688332918406
0.25532856652911545
0.23733487593142108
0.22520885284136394
0.2275887608670136
0.22612880419291412
0.22465694313452428
0.22695092703773515
0.25232863288894697
0.2682094075407673
0.2734496982886129
0.27796428419214003
0.27020007065920587
0.26211173853824105
0.25276402965439154
0.23533554558854167
0.23285549388997193
0.23518481760569795
0.24321589079234285
0.25491615862162337
0.2688885573197887
0.28633074796922625
0.2783227036360764
0.2861163600970304
0.30101401818730056
0.3162919631879226
0.29264504767336125
0.29280510100642165
0.2873159662358421
0.29478228782932714
0.27022767105568046
0.2427549548313106
0.21652341911338646
0.2185495935439952
0.21146237307800367
0.21367757910049537
0.2213473345516392
0.2607892882146794
0.27550830813403443
0.2874656416299146
0.26227519050720394
0.25355971618934636
0.22559019246913914
0.21759756478793046
0.21604378249810094
0.2401298009576704
0.2561256333368763
0.2649011899093715
0.257757091291072
0.2576113548563661
0.2360823509750284
0.2265350024684332
0.2508366146085164
0.26485749447767337
0.2765533550901708
0.28228031790368147
0.2637884697429464
0.24332566437200828
0.2294390081562621
0.2392546059511794
0.23750425322622384
0.23130551797803095
0.22963235354114866
0.2249092610378817
0.23658165644047355
0.24574327352406017
0.2477618851024601
0.24441882194658004
0.25368117541787505
0.2558170028571439
0.25905047219282124
0.25767732752637346
0.2653241591717186
0.2635930388132404
0.2627563944039992
0.25623811077443714
0.24575068029579297
0.2503455401438706
0.25446203101446
0.25835167933540726
0.2542607630690724
0.2615008020315027
0.28126902681562954
0.2897628677524271
0.3067498387938535
0.2985330682144255
0.28489671906386466
0.26958687780856294
0.26612510296341063
0.2642646520898161
0.25613106819035636
0.26170565013586355
0.2861656081421876
0.2965367568989134
0.2959174396005245
0.2656085479291439
0.24721141810097585
0.2416424008233634
0.23026715378548174
0.233392647576711
0.22004490118115616
0.22772318174875616
0.2324740940751708
0.2530493477242348
0.2591714562940238
0.267468274117157
0.2739064034612286
0.27393377989104284
0.2559565181144963
0.24434332508252077
0.24019472431757935
0.24747396791493392
0.26478242781773303
0.30552994361151486
0.33558002711144985
0.3482451074561206
0.32252875452105706
0.2898097984884691
0.2745611483649829
0.2788229285387455
0.2752851012932284
0.28647684292322834
0.2705395667844903
0.2650544347630988
0.2420890170277736
0.23862609670221072
0.22318730771260967
0.22817388844098946
0.2253669913805409
0.2288814824565882
0.21536134845468113
0.21758365503689997
0.2150515528849594
0.23454763562674058
0.25567345095267274
0.2597857067528655
0.24650568194188016
0.24090133854195941
0.24340816507968394
0.2508788804491368
0.26586622981491204
0.2624591501080028
0.2791137181598777
0.2846042057300444
0.3008891946694844
0.28353241309355176
0.266674521190344
0.242346246380487
0.22008489788026103
0.2241699687054974
0.23630302885693028
0.2556475877040888
0.2750475706390094
0.2647203677257612
0.24197897307526797
0.22738844806829467
0.2316008403412639
0.2320692761417439
0.23153889313823256
0.22717107502125258
0.22888132657044993
0.21887054494859728
0.24069451920494184
0.25219574873524536
0.26709403666695386
0.2676867331160387
0.27861457006637513
0.28719958292950964
0.29075595241409063
0.27889153625144303
0.26025252147944505
0.21756777576393535
0.20670289036897566
0.20503856402271764
0.23996511150700692
0.27113054733793374
0.318516341252739
0.329042800041664
0.3299342013220718
0.3009980958252696
0.2612420707154835
0.22211634894420929
0.2098213187821504
0.21914506733054945
0.22615043323623363
0.2410975983498618
0.2405335285609958
0.2225467711319609
0.18550419201751758
0.16947811533442972
0.17183652934819268
0.19903963587246773
0.20990174945406087
0.21126820477640149
0.21696611886738146
0.24376489306087884
0.25155199009438844
0.261404796306284
0.2680780664183677
0.2866418658739179
0.3077832518116414
0.3348028135046185
0.35353318583633986
0.3418585399313827
0.31268527998217405
0.28256851778624736
0.2650308019477554
0.2328130094778954
0.21274668902964267
0.21738182797518563
0.24701643297817372
0.27628070832621304
0.2858836970824896
0.26015630053207867
0.23694226342956054
0.23065132395236101
0.24049517970353268
0.2632098807623223
0.2708912121572616
0.28670663072204017
0.29455876454721847
0.3024745609505806
0.30028934281290703
0.2875672899397861
0.2620728380226434
0.24948565002688058
0.2441354463171182
0.23525746802449032
0.2269908377796219
0.2256747418416636
0.24346521294814916
0.2543320504093374
0.2646482264478865
0.26996488616655767
0.2711812623196863
0.25220630992504284
0.2493353741402506
0.24777433085480002
0.24653163424541802
0.23127223390067542
0.24014098259541222
0.24501051308765545
0.2633841136395203
0.2622951002604463
0.27583551739391593
0.26106201741880564
0.24841605674548062
0.2358760389226814
0.24559594203727764
0.2490572878483068
0.24793836721196721
0.24853113765262774
0.25879989229809985
0.2740732897694604
0.2790316282829616
0.2888442939917943
0.28347270854631984
0.28830184135835796
0.2865015614216888
0.2741169506796802
0.24901117815281304
0.22649071117864836
0.22653715307703146
0.22998294003030587
0.24622807144200884
0.2536504885606613
0.28855431084784705
0.2994479758185485
0.29944251658828513
0.2786505507073041
0.24342568512000465
0.2218091754440509
0.224280746708726
0.23596831592784603
0.25210806300884714
0.2753990021112617
0.31084587888566195
0.32806869131754746
0.3309954255289456
0.31578957560931015
0.28974949793419646
0.27901087983661893
0.25950627420876465
0.2574596269910009
0.2623442292159772
0.2729993731631052
0.28745485215756517
0.2915993381771787
0.2966566407617641
0.27049643129146056
0.24609633248216503
0.23963957617335901
0.24190665879572826
0.2536362139209634
0.27127065123932054
0.2825788656973314
0.2788646134657273
0.2804212087026155
0.2787038636003607
0.2874786525826474
0.2748083461509272
0.2575192686481751
0.24359368749753482
0.224402502296151
0.22265134015078292
0.2243292538882304
0.23949805330650045
0.25650894186081813
0.25348565090862146
0.2527245807513374
0.24631630824101328
0.25704565505421745
0.2447034908281416
0.2513156187543066
0.23667463710061296
0.2481189257939394
0.23011838284966377
0.2307352223856829
0.21846451134594694
0.23261363992965692
0.23986232061987647
0.2613836585242263
0.27378894836436546
0.28356210701041845
0.26785252986274577
0.2565702385424095
0.264219746157669
0.27511442736493413
0.2670298357491085
0.24394789532666375
0.2228931617355874
0.2271905720233063
0.2424624422257269
0.262802591414482
0.281827702178512
0.3061380821592673
0.3083330395951417
0.2931569633417199
0.27365674691088465
0.27634520221674463
0.2668704536632242
0.2631400162655619
0.2555141740668512
0.26299425114578207
0.26586906617645284
0.26757619246124553
0.25579146877078984
0.2426828737178319
0.22939062014949557
0.22142714480842185
0.20876464818930754
0.21814939153597837
0.2230265370428793
0.24948740745340092
0.26444374480532457
0.30700136177233683
0.3137227239003098
0.33602113563862157
0.34322458133846095
0.3353407000676712
0.3154858651229051
0.3042181887816938
0.30331416847952697
0.30185249206944165
0.2949061143288591
0.30050075760261813
0.28580405172171547
0.28550946085226514
0.30015326051271457
0.2896470425657584
0.2815872833474629
0.26163002894817006
0.2446795825747075
0.22358201450525478
0.23195460376875457
0.24137744103581715
0.2622401483133289
0.27714867714643515
0.26441504302647617
0.22655114535775064
0.19643192959014982
0.18677255352691527
0.20505960043434263
0.24898481683889737
0.2919968826011616
0.33052144418947604
0.32427492427208454
0.32190243521969963
0.30228990136172046
0.2788521389928188
0.2647194273936748
0.26400485131932677
0.2657746093313401
0.2623001677427396
0.2652260767906012
0.26954083661489386
0.26368569645074946
0.2513183713350369
0.24547841104080237
0.24406739957049303
0.24145301636231198
0.2601101192673509
0.28082575927101866
0.30054188361172557
0.307738645964203
0.31487321529144824
0.3051290583496773
0.289340041548576
0.2541554593383466
0.23368680959529906
0.24007054418320556
0.2379030622720162
0.250553631223665
0.27400702583753156
0.3058011237557105
0.32385159409343295
0.3267513965121327
0.3104211504721066
0.28975054401587186
0.2616772157321987
0.25621702874247937
0.24962874504030313
0.2673573169517222
0.27471563596531495
0.28249999727708913
0.26172395992506026
0.24266845048133878
0.22503465009613896
0.20582934815261555
0.21526527593354464
0.241931059024832
0.28671384656893895
0.3025824164300567
0.3155345383955823
0.28759081039399076
0.2719221413591712
0.2503003015348817
0.23816532846181365
0.21354368041606603
0.20889784376760243
0.21692646644104702
0.23171617699323527
0.25064714220343276
0.2711419359191137
0.29325458425913453
0.31218985536575
0.3146803328641303
0.31778188638777316
0.29247553161963286
0.2602625710685043
0.24679600493982326
0.2498446466562323
0.2438868344961336
0.2426141221490196
0.25747082032113494
0.27091508539256953
0.2526882653953203
0.2546310957926993
0.24823644457075733
0.2507713038749016
0.269615459146922
0.312262236900244
0.32268295084801496
0.31453105425529254
0.27250378419406723
0.24441260673833642
0.2299755728494574
0.24020023895580372
0.24073278585413932
0.2601921186191144
0.2711704315638489
0.2697413648213662
0.25510715518876825
0.24840020461663176
0.25038963176485446
0.25870309370452194
0.26347626957328796
0.2678762643089595
0.2759431161533161
0.2728163434906723
0.2613903261979503
0.2297540262119328
0.22430861763762705
0.21608768850221138
0.2269542713656611
0.23642531516788684
0.2635431134590953
0.29448692558558864
0.3117915753876477
0.2989531138876946
0.2790023038385118
0.26357160666643364
0.25306421020425934
0.24804610261956694
0.24536736192288883
0.24412706727665182
0.2513179142198793
0.27445211967075217
0.2864714955473877
0.29616971723857727
0.2901601867703507
0.2779902217207402
0.25062371360519403
0.23245500006876005
0.22101985970951635
0.2267912807705592
0.26030900922080186
0.2900577814667122
0.31953066411296305
0.33626083059533185
0.334683364106562
0.3015212834190468
0.2707333284023999
0.23047666098956093
0.2060474757070877
0.18285263332660667
0.18338494129892338
0.1975363043551732
0.21581624480831552
0.2250329002892643
0.23893943644139218
0.2514712737949577
0.26472400861499734
0.2640632923896424
0.26672169592754824
0.267439414651818
0.2432220848684222
0.2122586616167771
0.17413281478161943
0.15768072327337612
0.17103536385800253
0.21247050620675653
0.26256745623305466
0.2926725756036992
0.3026616995067987
0.28288259602851995
0.2568498273845047
0.23110309640850601
0.21991021304783198
0.22345494235067614
0.23724434827305124
0.2586182186000306
0.2819621597097483
0.29035975539066866
0.2961904090972708
0.2825256885369355
0.2891956566455628
0.2831014697599161
0.28024425566786904
0.26791489017019365
0.25824998223375745
0.26013062685506555
0.2612926308132795
0.2568307476407547
0.25263121016660356
0.23726850557062112
0.2275146929818108
0.24539319525184375
0.2695728974219001
0.2797211618689144
0.27811330843019805
0.275735994835136
0.2842861652973103
0.3108702331141259
0.32071124644737614
0.3330028974159882
0.31892441921398723
0.3110552974593198
0.273825761136375
0.24903112671288502
0.22854162217221266
0.22780530111606276
0.21006598206259516
0.22367239966319952
0.2204307364861749
0.23150550062105923
0.23729417655727444
0.27883200342288306
0.2996699273574434
0.3069586194098973
0.2920252351037532
0.2779061703845705
0.2449933588273424
0.21779321799500817
0.2116338887099715
0.21614848739338313
0.21607392885640536
0.23529573666291148
0.24048145569600465
0.25019213660443274
0.255375243953852
0.27483949136977315
0.26773468561649655
0.2545805186029737
0.2425975494600731
0.2453043539045045
0.22897433737541945
0.2178696953777647
0.22757115801189873
0.24876846169688135
0.2913036523860994
0.31385719875913226
0.3331645340628674
0.294442252036823
0.264221408965534
0.2357565984919784
0.23831843965579422
0.2389428684706757
0.25372328631194563
0.24911415592032216
0.2666657690087187
0.2640353757154231
0.2577533466535801
0.24264080679968325
0.2471185223579177
0.23236131209774677
0.221079444578545
0.2210616945785899
0.23401279687630364
0.24945013816615855
0.25034468213347977
0.25871386063968693
0.2610954834645233
0.2611966004067363
0.24584614293066787
0.2529865079257902
0.25408284042070595
0.25834004071690353
0.24940993962813915
0.251878238439778
0.24499362458350785
0.25846031272526326
0.2821572284226036
0.3056860456766082
0.30995996694380706
0.29749643173711393
0.26687956796469914
0.24578409142035765
0.23879968326838788
0.2577141714769524
0.2672079308038345
0.26678635179568744
0.25759381274495313
0.24827727732832439
0.25727418731410423
0.24744899538066784
0.23442750642622587
0.20541030244605393
0.18229263027511655
0.17299801407562118
0.17862668067038345
0.1996054599950685
0.21430836652022842
0.22737575434428783
0.2341519148506991
0.22898043907511947
0.23526825149993877
0.23626460300266303
0.23854835951130846
0.24611897395829432
0.2691724176146589
0.2876924906329201
0.2972704432499257
0.2960597460505832
0.2829483736869493
0.2692413810266384
0.2574522083347531
0.2701404929790802
0.28336670639832245
0.29449501181235455
0.2984024234835367
0.2875434590272613
0.27942004764886424
0.2782668391129569
0.27418410560390805
0.26156123844857776
0.2671374367691044
0.29987948316292873
0.3125616206350633
0.3095906842377605
0.29111208629943786
0.25710263606880107
0.24063582261349206
0.23788399197480173
0.25507646215766555
0.25661975211982346
0.2533044387607899
0.2677093330321014
0.28037639793918223
0.2800013574055561
0.280630711289599
0.27659374040234863
0.2647980155900045
0.2628819600496089
0.29584254734856147
0.34248587581981066
0.3845487029561981
0.39666162649065323
0.34768287900910416
0.28795530789763224
0.22115979370057867
0.2199177730367651
0.23303914195489697
0.24893365652059793
0.2531775659446038
0.26521066902613016
0.3052118069985281
0.33422461273199994
0.33053723481330183
0.30632881470666584
0.2866843585332066
0.2654291062787953
0.25391607960442175
0.2547002179626497
0.26870902903803756
0.2473120940243147
0.2369373320731372
0.23525743968995688
0.26224715950447347
0.28421371141131324
0.3037605978274862
0.3010188845703646
0.31980734924841614
0.32074704839925994
0.3278118495217844
0.31928655478905615
0.2923211116364192
0.25256305863094763
0.22109563673397567
0.21778798606398614
0.23167029464655126
0.26447914760596475
0.2701718802624353
0.2555470709523376
0.23489851929847405
0.2242584408649183
0.2197687057664141
0.2161556717118911
0.2264528520254451
0.22483849906527006
0.23449978152397044
0.22983689295960946
0.2223527236091705
0.2314184414534144
0.24128535333745343
0.26039022469893885
0.25907045903147174
0.24523317478187523
0.23185777743172942
0.24637824207049538
0.26631883649089205
0.2726211658271502
0.25629291410730304
0.24790380676536003
0.24403187965265424
0.2574380243956158
0.25237216264842943
0.25106959842100324
0.24825395240869633
0.24614091632914076
0.257217655438237
0.253223366778263
0.26474977585418735
0.25334719232621644
0.2606024564248059
0.2539590765902595
0.26079969883746745
0.2616914483760317
0.27129595004319856
0.2587357607487848
0.24533084608866976
0.24785752340496414
0.25114837450569155
0.26149711241786355
0.26471935793530876
0.2558001226616984
0.2718847543109305
0.2997603022192578
0.345534951499337
0.3716783900726369
0.38745411231910076
0.36073604942624204
0.3122814419728964
0.26910208921353884
0.2553080812974535
0.24146192734340285
0.2493255122102685
0.27048311882031867
0.29712273161169905
0.298641886918206
0.2837737473761365
0.26347689521274376
0.2411807837236832
0.24540657536157998
0.24881479793920563
0.24854949123364087
0.2264299697776304
0.22639893305882566
0.22566807814534903
0.23030818159299443
0.2128156005363852
0.19338451665728254
0.18244277063871528
0.191151889157064
0.21166176303704642
0.2600255049741904
0.30129621017938013
0.3298067319574362
0.3043247024142467
0.28571121675024214
0.2654601576912593
0.2579286248036643
0.2601586374446785
0.2797936240917706
0.28900511426954173
0.3053303231910888
0.2921459926777898
0.2929403068503027
0.2939931628880231
0.2922328911821267
0.3013148075061249
0.287987797319846
0.27031751166859774
0.2559327342955712
0.2590496870325129
0.25130350649263794
0.25859600016753526
0.2706772560103469
0.2879905300529568
0.27601084653353875
0.2582702367424876
0.24165110822992908
0.22736498309014488
0.2249517627942571
0.231780374189674
0.2564394695574794
0.26021956038067584
0.2579988045830181
0.25011462045246896
0.2537999741103389
0.24807789092552207
0.2440151774858244
0.22617942327963075
0.23231338700990822
0.24331130545714533
0.23828086836924162
0.23613980379248561
0.23818817276975815
0.25077276220448635
0.2692110960202472
0.28665331562227786
0.2903119298645556
0.2838009943793138
0.26737412210864064
0.2670023165438095
0.2670176414785393
0.2738767877888804
0.2725873216020497
0.27249503291807864
0.2570096975652889
0.24324509812149833
0.2281014699528819
0.2273315380428615
0.2445521928486242
0.2498920334477487
0.24781982369164296
0.23441719868864447
0.22029536008029746
0.21456598991557338
0.20612167456065547
0.21596783463319663
0.2310719499874941
0.2585767082022164
0.26991349818420163
0.28055917171180433
0.27831262056350353
0.25273535855594476
0.22993491092701573
0.21438758251916876
0.22400917679666277
0.2361704437518439
0.27540289979800386
0.2835298669988689
0.2850188683916639
0.25919577088673573
0.24090735432910762
0.22801660852893474
0.22784993755721933
0.24752448048743073
0.267339159519191
0.2823850271279031
0.2805106483233771
0.2683818126181849
0.25016260741324475
0.22184063225420886
0.21214339578482036
0.20184530705541942
0.19937711163109284
0.21040860419707702
0.21713153552545839
0.22182450871485038
0.2148694760336044
0.23601831841567208
0.244949524033014
0.2518903928326293
0.2614746330117245
0.27153953682954435
0.2940745106663277
0.3138432171504721
0.3331639640528573
0.32347677265280933
0.3019182612060364
0.2772833432243518
0.2476925659950234
0.21685701042659267
0.21004577439633876
0.2196914834006982
0.23835333609760295
0.2428532911783614
0.25315248116716726
0.2575010197866599
0.25592491369872883
0.24117306455165416
0.2434690065772455
0.23060457164878875
0.24283474327238772
0.25763770867374386
0.2740954457461896
0.2657795600751455
0.28091888667807663
0.29538138493406085
0.3085510192982732
0.3201635558926377
0.29391566830035026
0.27539800923254315
0.24495019010646296
0.23403471572420453
0.2310739718237061
0.25579875321534534
0.27810783114941734
0.29688286463183816
0.2995548561606021
0.28361903950679473
0.24999484127771446
0.2347086962664825
0.2188038172160448
0.223664861762895
0.2522557557931646
0.2819790567826416
0.2914226254773394
0.2792468982096343
0.272595099634555
0.2672888601939029
0.25899737542893825
0.25852465562500104
0.26258334258514565
0.2629234457966141
0.2682142424630383
0.29265711788392695
0.2995584444583285
0.3051779026351657
0.2838043661963385
0.26794929462671263
0.29049606155831437
0.296984402761397
0.3010591366961588
0.2878397796871975
0.28716102490972895
0.26508228522688443
0.2342730088621057
0.21511850771747462
0.1931545945847549
0.18419953409603862
0.20742289562995522
0.23755201672811177
0.2651093879717538
0.26711620984739953
0.2822005945280119
0.27069160306707996
0.2715064360573671
0.2609337151691698
0.27075271651311855
0.2597524071731733
0.2780128344148843
0.27345006732378563
0.2962625704006315
0.27510068242327873
0.26403008529890043
0.23327435652576003
0.2285157581775134
0.21396097984544715
0.22711286264929556
0.2617123801258759
0.2957083475670764
0.3043869877144574
0.30465145439747904
0.29430860264563086
0.2738562892825637
0.24906058480627352
0.22953971422499758
0.21205129224802144
0.208455298724167
0.20463444823095692
0.22527064260244986
0.24218020847523156
0.2738525085088846
0.28660586300495927
0.29121787951977146
0.26899106105292947
0.24507534481148516
0.22075546684973316
0.2056991686486119
0.20925551813397772
0.21326388124856618
0.2333034523341368
0.2536920164645198
0.26565733079130793
0.25678097817410545
0.24358590492388615
0.23850761215280805
0.23230397231155397
0.22435723742770408
0.2275035005898288
0.2532815327412032
0.26614505589415055
0.2762954872042377
0.2620655993808815
0.24466754909951682
0.22495672538024358
0.21137411603833034
0.20123639259967097
0.1916412511524208
0.19134931136925792
0.20632077759038098
0.21544619082468042
0.22297543060041228
0.22393813418789932
0.24680772055580535
0.25360070990725564
0.2633277075342412
0.270237193506807
0.2801286328868776
0.28919305169476134
0.2996900971110792
0.2981067622900397
0.2812687999310408
0.26624099700048126
0.27042072477434104
0.2736627745999489
0.2800353099932857
0.2749948253870729
0.2807058866748133
0.27438766725987906
0.28171279892100537
0.28740252643568986
0.2922655797789887
0.28415688957674934
0.2699713911771688
0.2459917875208213
0.2309382035243865
0.23012970442508718
0.24410744647752738
0.23510169025285058
0.2218158575539042
0.2169992451961899
0.2154997006700873
0.21798219015789944
0.21805648441043202
0.22192697352100524
0.21166914609392024
0.22793364687663228
0.2509542351471833
0.28701603801844916
0.2944327927975015
0.2919708368976214
0.27804248014883887
0.2725126728811203
0.27232710789157205
0.2668170330606479
0.24072269172926655
0.22734430761854474
0.22730266213844927
0.26139460663997477
0.2829633966368158
0.29201103849148724
0.28306650243412645
0.2645055745846747
0.25439888923858567
0.23476800000220038
0.24340548012622276
0.23371949354698457
0.2511685740929511
0.25446248768839863
0.27056753746538054
0.254671291386344
0.24761002679395402
0.23087412169753208
0.2374374793175679
0.24677792184515757
0.26426913462790014
0.28202053771802144
0.28305679313314297
0.27892827978049944
0.2843555416066625
0.2989865600849162
0.3105144774576094
0.299866226996836
0.2901768177081053
0.26958254405893245
0.27226410121294
0.28986086842694336
0.34622413869001606
0.3593059209988398
0.3409887240667455
0.2946075339048242
0.25278240344042047
0.22496499608586173
0.22092889188254772
0.24349638484149566
0.2647665375744186
0.28685004407891806
0.29414002933202277
0.29558274762693193
0.28015000017820135
0.2706022951241733
0.2628585858768481
0.2693526153616146
0.275795075140682
0.2843799656748011
0.2746422502775813
0.26441876668268494
0.24705884794589364
0.2508859039874579
0.2613954629562093
0.2700950934656853
0.27311470655674525
0.2495146895908971
0.23695931411638832
0.23268924070389943
0.2398339618651822
0.2448078099492653
0.24746855161726075
0.24409387105504488
0.2616379799102094
0.28642010990214306
0.30118448675665216
0.2826614022661518
0.2548897321772089
0.2368163140925545
0.23604783256175493
0.240318429182156
0.2576087315345638
0.27306859178645815
0.2750116943318119
0.26135078011842267
0.22656155157493807
0.2055621408893483
0.19931960853423214
0.20830878926007607
0.2254686852165497
0.2484985167138075
0.25771220314818455
0.258294039940005
0.26050532275708366
0.2637001620995606
0.25256051231019044
0.2678720053600868
0.26439336299286886
0.2633349147582892
0.24776703876789677
0.2192908741233262
0.20103068730220752
0.20676683901197263
0.22253192609148872
0.2518679778888176
0.2702388423405845
0.27858574105220635
0.2647384361806436
0.25260966442146854
0.23584066983445565
0.25213016095196045
0.25682239116775757
0.2723916648491771
0.27635385981798827
0.28051205255439726
0.27219011556945133
0.27644989693986644
0.26862204253452243
0.2604690620294342
0.24698832360095024
0.24571708095701525
0.24493634445838702
0.24136190273045907
0.23306552689986634
0.23927180416606147
0.25304893208083235
0.2697609461509604
0.2706390696532967
0.2717299000234313
0.2582047202535283
0.25026760884411303
0.2397847614422171
0.23923767880627406
0.23531873691985716
0.2410695775812071
0.2487753672972279
0.25922365883596
0.27673599353400957
0.2740251505160928
0.24780422252954712
0.22061933496183547
0.19131811577933586
0.17212729679741323
0.18418580968903014
0.1994856423373544
0.21427214891864327
0.2120395341353117
0.22445213805627895
0.22462647470279554
0.22583839714609474
0.2165895113618923
0.21826153098653658
0.22683595982875004
0.225804137372914
0.23537042263536306
0.2572454458963033
0.2791625861280677
0.2868685124395203
0.2826349834498528
0.2701073284434536
0.2539046937554752
0.2330181750206602
0.2242847636294999
0.21452276773647902
0.20658467047320225
0.21460831367440783
0.23575437413175182
0.2557935852726955
0.285061782402707
0.30140290746492776
0.31090651750028553
0.29372851538824823
0.2796170275798295
0.2537191494079713
0.25573062713628864
0.2406833617742272
0.23104041505473497
0.22221836069224585
0.24342310895329927
0.26288611601889555
0.28650908698346134
0.2712983288711809
0.25683117663861965
0.24019417987447197
0.2236296201136258
0.222652709642483
0.22546394696628513
0.24278458666535951
0.25997220442536995
0.2973024617522842
0.3185303116888782
0.32909845153487793
0.3106339676724639
0.27763908295800066
0.25361962140230854
0.2614101819907918
0.26936063925417414
0.25988182385443886
0.2506042350726888
0.247549907690349
0.2561562227453025
0.27660462551706216
0.28436779065005163
0.2853761896699124
0.2705507269576038
0.25128260558407556
0.2229054055549423
0.2304983986746548
0.2215961343548278
0.21770494142091992
0.2248268364796455
0.2557967182472437
0.280218590989302
0.3082745445787555
0.3218666854691598
0.3392126684268918
0.32018291982404823
0.296718189160699
0.2649037456681848
0.2526091365750486
0.24708207879046076
0.2518310852293086
0.26732550015731327
0.27785394322242907
0.293604928738551
0.28224399211351475
0.26763522244034094
0.26027185949417697
0.2354819059287655
0.22021388060669803
0.23022734060649808
0.26619597259481187
0.3032640216047641
0.3168575752535556
0.32140490442794745
0.30556874277518387
0.28783694896305706
0.24696737622374434
0.24024848292952775
0.2390182253797042
0.2356825105252225
0.24167544588552534
0.27825673575054033
0.3119151994247631
0.3320530584061731
0.3340568745500224
0.29300097050892515
0.27137746216509057
0.2407745155833754
0.23637457972954107
0.22221730725945116
0.22827397398364588
0.2610862688536557
0.27451168097630196
0.28236829367234223
0.27758435461752584
0.26877691376768426
0.24698363308971025
0.2226472102358565
0.21529927651086883
0.21428046168213863
0.22345940340688158
0.22079499439115496
0.21794472301720094
0.21374098247836484
0.21890755689311647
0.2288807019273344
0.22589154221546
0.22576250375743523
0.22918083640737497
0.251095425067269
0.2670227449612831
0.2899058497249156
0.31703801415067145
0.32993512309074935
0.3321186620745436
0.30857352545586886
0.299492208539356
0.29333277865752805
0.27983263274716647
0.26044260431481214
0.2529579142204028
0.2528959461817182
0.2643710966311502
0.2701088070774798
0.28036250715956523
0.28250032011553533
0.28716349159699434
0.27276034629588153
0.27323566212728345
0.27680244703058154
0.27669716033027314
0.2869662013839741
0.2771225280192043
0.2828019521767293
0.27387231989315697
0.2758951272532381
0.2617542034187582
0.25656941107599446
0.23453318769208895
0.24548110080454127
0.2658081857816387
0.2962619822876074
0.30847336457514074
0.30143298284423536
0.28485188589698196
0.25696574808328126
0.2232839829314034
0.21554433184959168
0.22880879673500965
0.26905574309012487
0.2922493382260584
0.3302751046204289
0.3459219554383395
0.3364694838451561
0.3094847350730333
0.27684693186370757
0.2604763615403683
0.24734161431350773
0.22444926200866197
0.22456962711758047
0.2205266517878178
0.22208492038701716
0.21162909424818788
0.20530191455027227
0.20315912859119464
0.22786715007472888
0.26242850513920235
0.28756752848473655
0.3006584772434391
0.2872756351585097
0.26211789273313174
0.23877262210770375
0.22277062795048122
0.227279579764011
0.23265691852546647
0.2652034101593019
0.28851780727393517
0.28228833366035944
0.26299665377059916
0.2369289739454573
0.217339539963467
0.20318579080383042
0.1941919718500619
0.209427391518877
0.2393498895709951
0.244675454892138
0.2582965258744074
0.26141151573738836
0.2567415800506562
0.25655425357209105
0.25849364940382585
0.2823987733334315
0.2928593727553669
0.2923368650964351
0.26497254013847826
0.25927674857188976
0.24475894864424205
0.2466492982905711
0.24134508492154816
0.24884762579326894
0.2431303034133256
0.24227010628015638
0.2401970843560857
0.22998017723179248
0.2212664459908888
0.22142460100581488
0.24940831344298645
0.27127426398821014
0.2696282842842322
0.2527181951788412
0.23396167886163868
0.21374371582110496
0.1991903661024855
0.2131896119148256
0.23117800931882188
0.27336935766232046
0.2901274270584269
0.30765877940081326
0.2884120303551043
0.27177949539777013
0.23486128826915922
0.2073040116126772
0.21142736093573228
0.21805335915060464
0.23094678115505168
0.25357959072662173
0.2583734820050252
0.25451544091598355
0.22614332561305456
0.22255342815322024
0.20836155278474902
0.22186951432608898
0.21814810119447162
0.25221152481992826
0.27698421813643587
0.28861675796950803
0.27560241489421694
0.25314863752858663
0.26101543197109167
0.2644344614014185
0.2953908859593463
0.30536570992862416
0.31321109299725575
0.30257343640844464
0.2833242219394002
0.2567871752217042
0.252870217467597
0.2656780346089306
0.2824849842155376
0.2789392872927584
0.2726569316752524
0.2775975586048888
0.2741600821811354
0.27386081016265523
0.263599659326954
0.2655143227268268
0.2620029507565598
0.25946094796692415
0.2512418960785795
0.2602425881573705
0.26032225170075657
0.2648032506854452
0.27268124313405595
0.28200792614220865
0.2780375916464466
0.279372344209342
0.2613695908921672
0.23441861421202181
0.22595196055104308
0.23467618999581671
0.25073752777812774
0.23962288458454906
0.2468044431780777
0.25550641896573345
0.28323002894101573
0.2879381308939158
0.2682824981359453
0.2550238042044278
0.24571680173107777
0.25651759848642347
0.27460794567245334
0.28839112244521903
0.277383917202551
0.2690703010127944
0.2470555187313853
0.2410138853124036
0.21038454967172046
0.21527755339875282
0.21568442147894268
0.24204577499716617
0.24954030995143356
0.2772740173387603
0.2830932987967174
0.3122207683957148
0.3146309459527474
0.3100270020875268
0.2743304241950244
0.24376587155454044
0.20399391682469242
0.18883330202694495
0.18869833914687612
0.22729656830037934
0.2768655496360844
0.31482495101274593
0.31292947374006774
0.301644569699189
0.2739728237605824
0.2584619977152341
0.24964697161989144
0.25306477983054143
0.24122067381603302
0.24147791366220359
0.2721777680268578
0.2871605998474601
0.28732235041678245
0.2854695880573902
0.3091329449681531
0.31567271032689914
0.29406505289387164
0.267872212246417
0.23218952207280677
0.22338810606171275
0.22140541986739393
0.24279583247161604
0.26539090004320803
0.2779379705814135
0.2779973814965172
0.2754737332652748
0.25857339512301664
0.2251838716795356
0.20808104054572274
0.21196341665151625
0.20332853436302536
0.20819669568631866
0.21759319833013666
0.24165773846925342
0.23511267394055127
0.24711921070525364
0.2542929383000294
0.2644580252221794
0.2791951521528077
0.2808004214851935
0.2789946856768789
0.26968385560118846
0.2846854988632338
0.3008958365477372
0.3375626563267158
0.32879838238365905
0.30791863406283243
0.2793148174104937
0.2820925961645511
0.26679582964364323
0.2430949700566523
0.22573688750242724
0.2274231004027157
0.23960707439774456
0.25114480497191904
0.2751367036232928
0.30270970727970453
0.2996965094129922
0.2772388412913747
0.26485239086791384
0.2587525775347353
0.2480670612197099
0.23641084624721018
0.23084933638008176
0.2389567774222335
0.24351912665378184
0.2419236225673721
0.2524630161831973
0.23430700496511583
0.22193078488006168
0.21534107820240916
0.22706553511190797
0.2611504387997138
0.3020461881654132
0.32063056437399795
0.3156337967247177
0.30976693412667833
0.2714254098075671
0.2601868142066544
0.2667908651095745
0.30205874499303426
0.32183505266210116
0.32193694817895735
0.31321709630616884
0.27434301134568134
0.25720194917644285
0.22478056567712398
0.21067021572624142
0.20548404159288175
0.22566295095759384
0.22837099675060138
0.2518111047313414
0.26930823502986456
0.29339072141812716
0.2783210248966729
0.25605125268797757
0.22704041971540356
0.2319600588676703
0.22403999748161663
0.21974384463635757
0.22838444843312172
0.25988394613562404
0.27788795914095044
0.290528245201692
0.2801821717132989
0.24889540538779525
0.21863485041450811
0.19853104837515234
0.1945821314777224
0.2159125418682806
0.26641727907920876
0.29871326947584764
0.32233194211185723
0.299665003281792
0.2771941445020515
0.22957629008812983
0.21953771162363617
0.24271409606999614
0.28349629092690554
0.29076415722522575
0.2869165881829585
0.2815308806163614
0.2742877763174223
0.2691424524290233
0.2862397616666242
0.29384960902894486
0.3123822252627968
0.29362722195074786
0.26080423534096703
0.2233536081176654
0.21120261729422665
0.20462106398181854
0.19573554041745406
0.21361806451015652
0.23828618586495492
0.2677226274946976
0.27191711445210204
0.27776976054019836
0.290132554678299
0.29179214582783153
0.28400717915583357
0.2692458120090088
0.2695162849721505
0.27100011507676514
0.26877049297256544
0.2732174713767702
0.26467643072482844
0.2730588214871371
0.27107877896007176
0.27984797144743695
0.27223982053376733
0.2644887738634405
0.25938183745716936
0.239487261730252
0.23163035383812572
0.21575518966597917
0.228839686666441
0.24210232342652868
0.27164723052251066
0.2998239647853926
0.31810275958986095
0.3287472103711758
0.30253306239141964
0.2793950614667514
0.24916539772087365
0.26373123304815216
0.2820055710686334
0.30916870295560944
0.323575269131009
0.3423848304558923
0.3583638519971879
0.34182426491156553
0.31106276237357194
0.277042853004197
0.24647082497726647
0.25318382038556003
0.2861736495437015
0.31106518350906404
0.30439449601665514
0.26864778358886826
0.2443611663514008
0.22454867190824887
0.23076294846687587
0.23617266698003114
0.2498131186965117
0.24436871012819114
0.2300181137708088
0.230332417615568
0.23634801971542185
0.25500023313111614
0.27652603753590876
0.28533235326859907
0.2790432519876004
0.2625699546094342
0.2445274935263663
0.25467881858697294
0.2630208778283542
0.2905886156957569
0.3057074658192505
0.30004412364493316
0.26921443219223556
0.2427965334355627
0.22954124866632478
0.24087719283963388
0.26960073629934866
0.2745289343366555
0.2592195218019865
0.23557181682702522
0.22368790414440093
0.2258709866095375
0.24084387433193652
0.24995688696702928
0.26056591622415126
0.26250516898149756
0.2552732379985157
0.22685834563361207
0.2065524796350619
0.19078766613495074
0.19989550969074987
0.21384343241810272
0.23782693180374448
0.24960720246475454
0.2617002867563809
0.26480080391485467
0.2749315244171643
0.26159663469445155
0.2441582876408784
0.21456168154761332
0.20489209031490047
0.2012334130064
0.2118793155319288
0.22423794372624017
0.24986107878297184
0.27136329661077446
0.27939441150988364
0.2601046538150252
0.22889442727098816
0.21435669038745797
0.20213568981009153
0.2124602433667503
0.21742226673845746
0.2221834591003393
0.21821482663050967
0.23393675678313244
0.2392003599827643
0.23802757642692596
0.24748440121881085
0.2635306225781298
0.27820346255101436
0.29728292479213375
0.3098865864194487
0.3058139025186297
0.3256801162318452
0.35336767660940166
0.3552235562818478
0.3431467962738773
0.3213087092146415
0.29471687878661207
0.28252136909575243
0.2765325481627297
0.26604358536503037
0.25990504849108254
0.23983186708738571
0.22857582925738812
0.22640081941378515
0.24863917299820917
0.26433370032748116
0.27623998024221785
0.2590161090594109
0.24908142173504838
0.2357638031330913
0.23718657131151644
0.24367773134868942
0.22649544563826252
0.2149025579967969
0.20680215577865482
0.18660775841792593
0.19414882981456993
0.21737554570652592
0.24828737980488386
0.2595389968996109
0.27372976843059776
0.2640107244901168
0.26155354416670334
0.2477240648608188
0.274944670091505
0.290358286840944
0.31328089030026895
0.2938352749555446
0.259468041527541
0.21112151827861475
0.19761260696227723
0.20640816032568748
0.22740231635140817
0.2515234483977067
0.28322111468642414
0.3142103833823876
0.30858009617384946
0.30308581740282997
0.2682194543858011
0.2750445979258485
0.2823091304964384
0.28780824134275257
0.27404687608093486
0.25872370016639135
0.2670469272743481
0.28076390217227115
0.3072494140705703
0.3120810763115496
0.301171488274961
0.29527866357259325
0.30180111564695483
0.31178329681133915
0.3056478289663481
0.275259154813368
0.248575387199958
0.2223771107125112
0.2024294052156719
0.2062720656965263
0.21669730841564674
0.24549836040956796
0.24887342943120921
0.2564143138874607
0.24322018458790473
0.25926474593594456
0.26818526075412613
0.2888699007949291
0.29567491920505806
0.30450321913345313
0.2914261026018045
0.26588624420601614
0.2288744239009137
0.20585837277879865
0.2178664545172168
0.23525226626069975
0.24750986951405435
0.251806396779691
0.26170907065555693
0.27124618712699106
0.29559231089417415
0.29460636783443056
0.27743776371500406
0.2583502484587161
0.2549540140621711
0.2693206589095783
0.28494515796538317
0.2973795343121835
0.289759253237394
0.2900774836533164
0.2816560656025315
0.27531867571624485
0.2502334785704815
0.24346961442218015
0.22751597314970212
0.22689392823334958
0.2249562861156923
0.22970112738928108
0.24281838644679335
0.24139624457819267
0.2289945249911475
0.2346819931376725
0.24103695949944776
0.24204950098677028
0.2407891075384471
0.25763465253401896
0.2858012736255897
0.29985863651965766
0.31359936817624456
0.31721719480919935
0.3138842669420406
0.2805428775622953
0.23081480321805442
0.19673037203028193
0.19852038332069954
0.2090145033850146
0.23481285764821866
0.25013241505153927
0.276176674228467
0.27585299745146236
0.26582605052201536
0.2506140788746176
0.23507618957814466
0.22613793029962445
0.2154556212754416
0.2059674166974774
0.22882583027070122
0.24141971258805814
0.2432609242813571
0.242331464114147
0.24379647966925003
0.23840791353565735
0.22580352269374374
0.2256130510499803
0.23883686520004566
0.2395117701228183
0.23493851656950565
0.2572076275221878
0.27736539724703274
0.2788704247081824
0.27498155699621385
0.2832041995317963
0.30393792680831827
0.31723206918168434
0.31033646218083316
0.3048555798092816
0.27581123709696687
0.2535964356790784
0.21883294563123096
0.22837649031055562
0.24183603683265908
0.2615746915189167
0.2665176755834512
0.27339269032813907
0.26681048168715754
0.2501731034412815
0.2477688332772139
0.25206041973188054
0.26575625001471403
0.2943393895404906
0.31167689373169893
0.3250080612396096
0.3022619985178144
0.2784187978771203
0.2601894453514334
0.25130036049373705
0.25476918287864747
0.2716257419557048
0.29223933816959835
0.30337767677982336
0.29101821465461847
0.2822626042377743
0.2795888565187411
0.27957058928139106
0.2776104423608834
0.27817553744913043
0.2646956262690941
0.24509785714162324
0.2401797857961132
0.23791132089074915
0.22737038822432945
0.22636593511635408
0.22583104283179395
0.23844321028803048
0.2331092115435153
0.22631551699792535
0.21697956212962488
0.21221385327491635
0.2213125583112895
0.24374524433454178
0.27120185944408226
0.27410031659901224
0.27351426878431473
0.25229928992216855
0.22645453699154117
0.21358494059613153
0.21946092981746051
0.2512018415238186
0.28161701454216936
0.3095586189339842
0.3119130330169704
0.31567006262073555
0.2949505473961262
0.2701782239759794
0.242469163639686
0.2204863179724197
0.21658325234807976
0.23408835362121166
0.254258944774435
0.248536177649749
0.24560036208994027
0.23743583158448242
0.23777591478340016
0.2337045468886703
0.2392146300847231
0.26270960161579593
0.30309954126131444
0.3390934150041451
0.3374174550747098
0.3139013734830257
0.27048575443462497
0.248742289333156
0.23813263923072653
0.24259263180352786
0.24613184989673906
0.25931809900594366
0.26832301265126407
0.27648503745500097
0.2790498589540969
0.28773399368392416
0.2728047448469013
0.2558267421713253
0.23067848339504704
0.2190610691267328
0.20836801434901084
0.21148467214631253
0.2315025707807796
0.2630618449249867
0.2726880196417043
0.27654879424695905
0.26422458386067654
0.24727257099441136
0.21877044674051768
0.21574172686982557
0.22666801520991892
0.2588643521108082
0.29499362709989885
0.3084886090162473
0.3088551891329191
0.2827669577171865
0.25989065243857873
0.25188075107934643
0.25832411403698047
0.25344960776427267
0.29146278017213245
0.32204636417863913
0.34877874688360916
0.3164122962214872
0.28999437510637277
0.2506166620349028
0.2455786340145247
0.2412471007293735
0.24920778049246126
0.23494271707593348
0.23665512919833992
0.22903009369544297
0.22236838773261963
0.22095912206245574
0.2399597486757522
0.26260410554338565
0.2838735546185949
0.277183050764047
0.2532015379250913
0.24786700326167457
0.23821684873185806
0.2329078974771686
0.23720446213185334
0.26056416593103576
0.2754560116120463
0.28626697494165054
0.29097079205760146
0.2828218190204743
0.2836004320323876
0.2783241601221203
0.2663531382670718
0.2630664549651946
0.26403885525799936
0.25442217593028316
0.2423204192756163
0.24682160729240404
0.2782323650609283
0.29865146799014564
0.29941209244283146
0.3087436462689204
0.3172447268566055
0.3312315437564034
0.3118838763191983
0.28465070525919967
0.24627057153713716
0.2308528243745269
0.20976971347727505
0.2229464845170216
0.22675616827408276
0.2672088266550643
0.29624714596861507
0.3217540751077461
0.2976312276519302
0.2814010241803068
0.2686119153612295
0.2729235777744817
0.2861597435359866
0.3070622229438036
0.29766612323187575
0.28466133014775435
0.29136388407492253
0.2778659277966681
0.2641388687583305
0.2503911568204076
0.24270828820808452
0.23597460231485015
0.2463608102491483
0.23395542413738482
0.23833629768877926
0.22928792411136606
0.23306046704983868
0.23762728602303784
0.2673956958502445
0.2650481229495939
0.2761321620501202
0.25706220076648884
0.2505473054098328
0.23608731100847452
0.2570945530019197
0.28855141756906466
0.3309629759191991
0.3453880573407565
0.375146921949484
0.3645337781851097
0.36082013518574696
0.33216037819468963
0.31522768876590657
0.2830482052178531
0.2603083393013863
0.23419971753220875
0.2567714792629567
