0.0
0.003761927934903507
0.012451237350389263
0.020491383185380557
0.024185182719144386
0.02499216611382498
0.02599476430807066
0.028790448071837706
0.03350743087415432
0.038624698453038786
0.045405259660738065
0.05660932366262113
0.07161704273521353
0.08736914389810455
0.09744559176306307
0.10034917726992272
0.09758055162464625
0.09032573593195756
0.07958761215585769
0.06841473038372815
0.060063530286721144
0.05556116030140273
0.05171918693366539
0.047885017915822906
0.04330049877275389
0.0379433449693628
0.03297753208304932
0.028655982504136108
0.02490084110252217
0.021396642252481345
0.01817964582572192
0.016388244147469037
0.017438410161732223
0.022222504824154804
0.030306866390674016
0.04103845132401566
0.05337067099112655
0.06755343858457205
0.08249127920170195
0.09739866930107534
0.11204712486789095
0.1252906450194442
0.13636626034389157
0.14530967083062615
0.15156484436864126
0.155000423219477
0.155332565018358
0.1520466547094349
0.14417061322492247
0.13307004251349824
0.12253178854066737
0.11294301542836253
0.10160602727142641
0.08862892305988078
0.0737045265321222
0.05868701544376074
0.04584620623227321
0.036810439302724846
0.03258553375555131
0.031935786455122475
0.032958504546080854
0.034443806207747986
0.03749981788874421
0.04200175563869368
0.0468761891530036
0.05184691256038823
0.05683279579772696
0.06171012276876051
0.06682526184840738
0.07246728074730979
0.07915386082665243
0.0864746532897008
0.09451003564798557
0.10216638960184875
0.10983763242556928
0.11793817847426073
0.12460281719488522
0.13106999487239562
0.13549217431484345
0.13651443794017906
0.1353217551855517
0.13266006411279688
0.12664784935858003
0.11760334538862872
0.10649469497107186
0.09355364244269632
0.0804249696389427
0.06847338794860634
0.05789266845296801
0.049727933106767964
0.042299598767920596
0.034095470607425564
0.02634567970133458
0.020285705092077937
0.01642815132993715
0.01578221616604458
0.018230169307403867
0.023203447610417455
0.029024733916209387
0.03594092144895445
0.04429089430624533
0.052997701003342924
0.06214597571355299
0.07160376954900956
0.08147643888242637
0.09244935233168336
0.1008224014980698
0.10691397025642672
0.11080755884353535
0.11191433355685947
0.10894479795895251
0.10333094910707544
0.09775905831516668
0.09093050463381779
0.08281965451537722
0.07437189840666748
0.06688931857211143
0.0583705832216286
0.04977679599521334
0.04225933042188147
0.035513504141304254
0.02997735528920484
0.025849327589630246
0.023545329133959823
0.022963937207968566
0.023997426569751977
0.026082728033686678
0.027255506879766814
0.027278343053637216
0.026690652207774664
0.026814476722262604
0.029792234473540753
0.03577827895093616
0.04348705524200933
0.051393386168692316
0.05957115487632648
0.06778512785751134
0.07429480004960885
0.08014913365705781
0.08602232449462505
0.09077111822268519
0.09418089459262222
0.09546344184081802
0.09590849481260875
0.09629236414810222
0.09487068499570744
0.09050400233765242
0.08382652408793473
0.07700557702713276
0.0694396260794802
0.06210791727948771
0.053347700406131335
0.04340280107372381
0.03535809672370749
0.03156005969979606
0.03144906648212914
0.031753628321152944
0.030581473895157234
0.028796577051196228
0.0292715742237961
0.033420240223938226
0.039927491329076886
0.04713825939439758
0.05338298363691417
0.059842986551824184
0.06679863722888915
0.07363491963810685
0.0812591196388088
0.08904414712799413
0.09468293072941605
0.09993458306076995
0.10264643541650986
0.1039757652831472
0.10291893703976117
0.10071106123832842
0.09813823346744942
0.09303846937644998
0.08679425622083137
0.07948690147330824
0.07191703285370994
0.0639916466868121
0.05574748271428728
0.04754429717267759
0.04027780930427563
0.034227873442173866
0.030639390489518418
0.029262921719072348
0.029128775341352577
0.02954450219984784
0.0303184839048491
0.031023164727824896
0.03203577227037996
0.03314134290242288
0.034660824482930314
0.03700629062756375
0.04017102819364047
0.04535393020063411
0.052761912003511706
0.06122950536235843
0.06877246794627925
0.0750867427100821
0.07911444499352395
0.08084287016019003
0.08265656797052734
0.0851065570350348
0.08720046809680614
0.08835644707159937
0.08772517004823686
0.08579095526591889
0.08142064834981924
0.07518258041485855
0.06794529283062839
0.05984530100500321
0.052629732226260426
0.04458658994080706
0.0361067416344846
0.02864559438345725
0.02325361929655382
0.02042858732103924
0.01927744074239739
0.018941996304640517
0.01874180317469653
0.01914939925606446
0.02115892215585768
0.025607638680485007
0.03239444118496123
0.03961773083360089
0.04687646416950114
0.05496858468235078
0.06312896699213809
0.07186840544961559
0.08090793768252193
0.08942906720515612
0.09587269483296396
0.0990992186404452
0.0991823469349849
0.09738588397424962
0.09382153477522245
0.08906911311001289
0.08247056190410107
0.07434638703693279
0.06693413811857539
0.06139490018739942
0.05694959632881971
0.052700655344651084
0.048199656008026906
0.043525807086559856
0.039178325078005075
0.036092538005375506
0.033677023796687425
0.031003466274158155
0.028243514983544354
0.027669817355183295
0.029365091725545397
0.032541141410919426
0.03497305066620515
0.03678476838919193
0.03873204405665844
0.042373325435368044
0.047969566884108784
0.054959529165356645
0.06232367479889389
0.06854728086529208
0.07397730381885832
0.07987703249684283
0.08694004314162788
0.0931452640199309
0.09610769130609685
0.09731535945959269
0.09723478882617581
0.09636735398707118
0.09348826733987696
0.08887402631484669
0.08204638657400738
0.07356371141965688
0.06413120079928464
0.05534833939242875
0.04860723103919504
0.043554913016489456
0.03863933113275021
0.03498169554474399
0.031184759950993266
0.028140716379826944
0.02653823321986725
0.026205279018301563
0.02703136696358914
0.02918639028732021
0.03302347696522497
0.038980196675725144
0.04731197658821072
0.05637790676576995
0.06393585982344424
0.06918970964701801
0.07238944547496065
0.0745551622659115
0.07660524473013079
0.07904596143811878
0.08258338693430689
0.08584638053696698
0.0878578236526478
0.0864090536152856
0.08116616195214726
0.07397963130923327
0.0670423336116354
0.06132262186262195
0.05732745846571828
0.05237244368011523
0.04648711089191208
0.041291218737308164
0.03742039516514598
0.034699573855357484
0.03279562249686199
0.030208141898390526
0.02721470870699122
0.025002843660442822
0.025495298180422475
0.02778489278083181
0.03004023087920632
0.03155403529630517
0.032237331034398894
0.032936094941705615
0.034507768694209025
0.03811432503005049
0.04299056261267847
0.04954307026236259
0.059723916571497726
0.07209623024513497
0.08178342929606786
0.08732493165056329
0.08938394095836491
0.08928805131422045
0.08666505394691648
0.0844442555450107
0.08175398260314404
0.07827607425169938
0.07394917134482669
0.06717790352707351
0.05891297764364998
0.04982687437432871
0.04106558759594128
0.034303186679087806
0.030358074854024305
0.028634119699669648
0.02734097885308596
0.026950016085348045
0.0266186976597247
0.027172048052375965
0.028793989579464326
0.03126610604556075
0.03417487820127598
0.038368642668281494
0.04422010627259424
0.050839328912969974
0.05685376142771149
0.0619005196658823
0.06729270988366072
0.07273909925763192
0.07818352754977041
0.08234623427237221
0.08395605510221292
0.08240633428217678
0.0799005536914592
0.07653925813072335
0.07463755587280517
0.07236429475022417
0.06894997242734097
0.06563428614310321
0.061313589888371385
0.05722326204198184
0.05384194011459424
0.05084814661216272
0.046864193707392164
0.042616982380405156
0.04003059155133303
0.03945461679617986
0.04003209907609592
0.04080236002158727
0.04087316411118978
0.04124871445784379
0.04214743899630036
0.04317441994537154
0.043264529424810315
0.04420488965443255
0.04763384476498444
0.0536967376954728
0.06207716867654428
0.06898285952223028
0.07321578667146843
0.07477934888285101
0.07481767024617156
0.07548845259546272
0.07752726722079907
0.07960962881575483
0.08083646094139647
0.08075266704978218
0.07971462998070139
0.07632108073004942
0.07086454525631372
0.0640566585223917
0.05733938574293109
0.04990322309604052
0.04368243876175799
0.03915835001773293
0.037121929745346095
0.03636594956980837
0.03572546205065041
0.03464812739075221
0.0338817732753673
0.03477271201255251
0.037210713318912944
0.040971182536772954
0.04540486490166227
0.04962111721522594
0.05380915736357259
0.0578655072086551
0.06191627652678191
0.06555234446735525
0.06938536333876912
0.07360709988842297
0.07733427625428446
0.08125005854256984
0.08536128472961026
0.08805676646777848
0.08814679141477708
0.08561440072642738
0.08042258210036848
0.07275340561922222
0.06390953608774519
0.05502086597865187
0.0476825010517507
0.04236507380525454
0.03854092397609449
0.036153857281068714
0.0341104121277498
0.0325760756256098
0.03233332394006774
0.03226314971447831
0.031110339526910974
0.029653532428283155
0.028965090747967145
0.029093311432931278
0.03057083282662882
0.03356293309052408
0.03708615992251354
0.040457370299185814
0.04313363244022908
0.04602235227850883
0.04986612666249979
0.055136324165331124
0.06208344163790169
0.07043439908042884
0.07794717446429038
0.08522618913720054
0.09041444042116738
0.09280429130805269
0.0898191948863246
0.08291089766595153
0.07530937042365732
0.06809722336285381
0.06202343927442812
0.056699675455942455
0.05204864820353415
0.04593300333332242
0.039229112674789055
0.033744759778465035
0.030811301854142797
0.0289160651687722
0.026155186745796588
0.02350770878372692
0.022662147309785503
0.02456713886010015
0.028085084280326484
0.03111706561582471
0.03304306042973559
0.035792668364207754
0.04026235336226245
0.04651084422511959
0.053246261897866215
0.06098993878333002
0.07031619904296711
0.07906833832877515
0.08604476275062913
0.08919279284321799
0.08825235111669125
0.08432071510956056
0.08138508972926392
0.08037292135179674
0.07997494796908905
0.07694069326326719
0.07122420207202357
0.06345811548000167
0.055159849225157806
0.046907362968992616
0.039202040563034175
0.03302210995478802
0.029270962052102327
0.027697266146721394
0.02754973631068794
0.0292470632298134
0.03190917129315419
0.034642256524523254
0.03541360059516103
0.03394855662216933
0.03228395593092738
0.03280983222681125
0.03600733689962523
0.04180674933623982
0.048946777403012856
0.05507734308381009
0.05945154165713393
0.06259605009475964
0.06510350113042808
0.06816888225331322
0.07153889411640459
0.07630331925835587
0.08016094999990894
0.08410133940974321
0.08721945202232959
0.08933096761202226
0.08953015039854224
0.08768976915979183
0.08445461192818722
0.07868366988312417
0.07087786665477708
0.06167205510779258
0.052749362605639165
0.04531159147521557
0.03952405493458999
0.03509239661300288
0.032054237496155866
0.029895697229736957
0.029214278644835348
0.02953144268291357
0.0305462612788553
0.031867314632976165
0.033327308726887744
0.03387237767753931
0.03508918124780435
0.037244018223282785
0.04072706137440534
0.04585515836558829
0.05195537651140438
0.05825128693116643
0.06445308255501475
0.0695182954323671
0.07321788450859454
0.07456801297987994
0.07376646976560436
0.07113979097790434
0.06761097871784137
0.06482532466867376
0.061654526267909994
0.05781097068459704
0.05146734038695814
0.044444755566369454
0.039363610545406054
0.03536723756324179
0.03169979080833512
0.028281700361501093
0.026545010234528436
0.025514276196758126
0.025402351794703914
0.026110017283906477
0.027165459164160626
0.02797090198121116
0.02936900022519789
0.03114625464589005
0.03326490662946527
0.03501497633380732
0.036461646759267004
0.03964427407439549
0.04566224116092465
0.053161729571377346
0.059843158124117064
0.06449582525787946
0.06737447321039423
0.06857663903784642
0.06729695941455358
0.06478499489224071
0.0627070283486692
0.06094493788472292
0.060241149418470474
0.05860293204407355
0.0574426924327885
0.05703552203655747
0.056255924376806474
0.05404110889835183
0.05012524103660806
0.04458573143153594
0.03837476815128055
0.03310574128485434
0.029445051653044427
0.02766154768890302
0.02787568817521
0.03032143513521538
0.0341570574808522
0.03836239326323129
0.04186015478354508
0.04498193724102273
0.048138812250107646
0.05206245292430744
0.05591923761716341
0.058263048096018594
0.05938449244432396
0.06018109191425028
0.060382272926448946
0.061742909560523696
0.06432662571253263
0.06670066795655585
0.06746482263555621
0.06582763969173981
0.062312596765570064
0.05801971536605969
0.05249599028011721
0.047807902060413264
0.04504143286012793
0.04371734415378816
0.043179285033521274
0.04295469576539077
0.043052473895495366
0.041882414862248696
0.039372612698581756
0.03652155508390299
0.03408675814177153
0.03269728065605266
0.033787888948969065
0.03739706316038992
0.04209418202318112
0.04660514513578291
0.05154393419338169
0.05634607714717758
0.05999207004062156
0.061414375700193424
0.060997920227631716
0.0607150502120886
0.06100223416734648
0.06273026987494085
0.06490456183204514
0.0663495261949324
0.06639383996693839
0.06592080497427547
0.0659227456115335
0.06632583490645831
0.0657821620034516
0.06303374882541027
0.05883023411408557
0.05356612319520769
0.04922488958221653
0.04608114799528138
0.043878685604808496
0.0413316263677275
0.03852837944637232
0.03521648241055403
0.032051456667030714
0.03048022360350174
0.03009610762939287
0.03074090139459423
0.03188703397800942
0.03343811432233859
0.035400401226747244
0.03873056038754744
0.042363140900700424
0.04613124580305317
0.04965701775543485
0.05221067106769668
0.05527070265430586
0.05759354027074606
0.059828541014548826
0.06059767730208425
0.05874620157981717
0.05582691709921896
0.05197294592920519
0.04915807641925711
0.04826805194487633
0.04847883578426938
0.047515204703415206
0.04470003961688123
0.04063627007330103
0.03581081350955094
0.031689004355107464
0.029251290606115848
0.02821615521501959
0.02862069128204599
0.029307731408761785
0.03015993853025445
0.03145539967967384
0.03346082216839778
0.03609813482882814
0.037798046128604795
0.04000113399460814
0.043157327242274314
0.0477897292162753
0.052986388624760926
0.058260174243512694
0.06340295088486532
0.0676865811825772
0.07180094295363364
0.07466215533831223
0.0761042218790502
0.07601350727955065
0.07402623593870027
0.07231038008867596
0.07067703159639695
0.06857187684997271
0.0653331810889615
0.060669568085586933
0.056495984861948394
0.05278595955456686
0.04902923319590248
0.04467326590842306
0.03992401544033036
0.03500499217076869
0.03105905115558728
0.028717996846785714
0.027812269992019495
0.028078226327341676
0.027656841121637053
0.02728446375974531
0.028064866140721526
0.030992104116119388
0.0358902700786046
0.0400304029088872
0.04213909025639338
0.042576107586148985
0.04304133089083566
0.04529740976194733
0.05008547089232462
0.05557469754529546
0.05868351889454825
0.05904067047873884
0.059131444924168795
0.059985472569891604
0.06175988581751986
0.062427981186922415
0.06040390457879971
0.05562787748823251
0.05106627905746834
0.04816271494503801
0.046045367969502614
0.043821024758641226
0.04110020960725408
0.038347427757465975
0.03738346573118562
0.038815353218109826
0.04080396604864943
0.041890796383546695
0.04225164578433739
0.0413216017137539
0.03999318888596483
0.03962494643639473
0.04027104698047465
0.04284807157246325
0.04636015831254292
0.05076515639337171
0.054885772574455205
0.05792340021143507
0.060829389366139616
0.06297141673114509
0.06398741941151903
0.0632778269133391
0.061115462807211314
0.05924975338464245
0.05731502241501877
0.05670076039195096
0.05796557600085083
0.0586348964300788
0.0584089668160183
0.05708817108344785
0.05345688186691539
0.048702413411410427
0.044062052475255374
0.03957074903916592
0.03541289653232024
0.03284961829583465
0.031844052958944685
0.03223755985166904
0.03199132080339698
0.030762070694624288
0.028985795314143165
0.02799786354320298
0.02894610867374505
0.032480177469365906
0.037186570365904066
0.041041331593052115
0.04352216282804181
0.04631189488589694
0.049790767375505564
0.054796067003074954
0.05924304348598267
0.06314842479427614
0.0655280315920929
0.06539368784293349
0.06364546097689451
0.06173075100533247
0.059402577724014395
0.05723339365793465
0.0548153492259731
0.052425560558669274
0.04919173659907953
0.04444551515361438
0.03895783904220556
0.03440640997147497
0.031101825508409422
0.029601744940392465
0.029110191548480123
0.02907837704188996
0.029399320484978977
0.030213505383107447
0.031036256930121964
0.03223178137933591
0.034521749589213266
0.03790942339262698
0.04092108849070722
0.04337477165487171
0.045056999358830604
0.045961920923213266
0.04645993818135352
0.0457169324045031
0.04555816343404861
0.047119376478925064
0.05085679322682978
0.0559946956018141
0.06098733667800117
0.06251921037643239
0.059382134185589006
0.05336975348503753
0.04674906545295411
0.04229721967912548
0.04071271857216691
0.0403450059066673
0.040055203620773853
0.038870902993786656
0.0378117717756393
0.03782928021332852
0.03763460707341345
0.03627473207245892
0.03333014797966507
0.030139996211631017
0.028649863238560103
0.02866556898193189
0.03034612830610933
0.03257266643148406
0.036354420222025625
0.04175164474776141
0.04732962912061637
0.05039007912565567
0.0509777768560481
0.050502738244392664
0.05005712905437698
0.05068359213275025
0.051742157912009604
0.05305808437276933
0.05414412477292269
0.055589557645354816
0.05690004206925644
0.057096581982020674
0.05403401105281567
0.04745599616791106
0.040974912607760636
0.03740013942822332
0.036493091139734715
0.03627863741932237
0.035199432489670675
0.03381960470878688
0.03289011453922328
0.03263619283753058
0.03277704088423628
0.033469742467850734
0.03590993435177848
0.0394392957659647
0.04235143249777214
0.04267778007418635
0.040728982973282764
0.03986614433306633
0.04211814501830182
0.04741303785916215
0.05377524191220122
0.058100239290074095
0.058464828904448415
0.05639687728233253
0.05342858257797519
0.05098684705063903
0.04872813078702653
0.047517731808637054
0.04804671153520084
0.04956971836291946
0.05133809261277937
0.052199607133124465
0.0514054541228245
0.049270812632183546
0.04529021030976344
0.04130940386918812
0.03841683713443801
0.036903476113864506
0.03625441943077946
0.036894315765269664
0.03804858500559799
0.03851935230590096
0.03797131784020359
0.037357547248435395
0.03695692620653502
0.03715800929357993
0.0385715145085131
0.041017275932422645
0.04382902736371429
0.046873592502466484
0.04957456892766514
0.050232028187762866
0.051160552537409545
0.051916752895918225
0.05348093765145034
0.05645898021938854
0.05813477174527133
0.057974587090487834
0.05658789381174071
0.05534621733481025
0.054359670259981514
0.05291898588496459
0.04995150441903263
0.046293599927005595
0.04270475622322684
0.038547269704412634
0.03473950336260326
0.032142538318549
0.03033221779769202
0.029563001922692036
0.030202304016173707
0.032413444791497256
0.034064930023815033
0.03423211975083221
0.03367104290445929
0.033867760383676546
0.034919109601183426
0.0369194265214326
0.0396922438170575
0.042441595667470335
0.04466292627320906
0.04591145530461492
0.04696697425862881
0.047377080328333855
0.047893480375543654
0.049042224618916705
0.05160149508138665
0.05474607113365175
0.05639928739682633
0.054899340893647106
0.049674827661499124
0.04264168557945253
0.037493510398625605
0.0357099478983115
0.036390365397339364
0.03706810719888716
0.038018097882966034
0.03791456540265564
0.036366460650101996
0.03462826856000483
0.03431415635026377
0.03489030066918034
0.0350965873089599
0.035785530866127804
0.03677774726239115
0.038140461479965
0.04009609281713887
0.04327149307768704
0.046508398878654475
0.047935824952743566
0.0479875906530336
0.04658619968375921
0.04466729702680515
0.042100111364324275
0.041564070361392993
0.04341635782123686
0.04653611379722131
0.049707069387772536
0.052524051722023714
0.052925264075974594
0.04940053716408282
0.044263506322249305
0.039419024634875156
0.034961314626268065
0.03193535615511467
0.02966667764797364
0.028494750311465797
0.028478732636364752
0.03011394141377962
0.03279901765410603
0.03433345455264779
0.03543440642773788
0.035235343010908374
0.035845200601296597
0.03736504943596233
0.039461895777134104
0.04247792173564692
0.04543952607107861
0.04822706185728334
0.0514277985968409
0.0545217990627684
0.057102946809381425
0.058092594783055604
0.05655009815619761
0.05310740013804616
0.04935087954125457
0.04719994574367271
0.046169644425972815
0.045384718614520425
0.044465069484112836
0.04252471605388993
0.040160937606853526
0.03638430601557476
0.03315916674193699
0.03166594757430563
0.03057969672264422
0.02999067251881787
0.030671858381520794
0.03238652716192311
0.03427743573901079
0.034107343803911346
0.03279955005110178
0.03264716529624949
0.033675622629033265
0.036845430890906306
0.04021861610339512
0.04330776719939595
0.045137010518253674
0.04586446482160802
0.04607810964433675
0.045155386206174396
0.045085120756397166
0.04591926124765213
0.04709256329929763
0.048478007891996286
0.0491977673807807
0.04827902398604181
0.04630480179348237
0.04428300927059814
0.044038783924190125
0.04541453344701691
0.0459942153873375
0.04532818909745089
0.043135025238224295
0.039925679911398865
0.03648931573982899
0.032942520653132
0.029287572612874797
0.027831068047608456
0.028505857601546166
0.030480387086810345
0.032724972676313774
0.03469095313080951
0.03572188011435521
0.03661224250782671
0.037045451990788104
0.037376942894734574
0.037285000787886255
0.0363717473530718
0.03654219469527961
0.037597835109953244
0.039431661395215374
0.04174898566014816
0.044847351258968916
0.04765061088036305
0.04875015001441183
0.047559920519537405
0.044287010975779195
0.04172122857917359
0.03982941874628839
0.038356331098624574
0.03673342017122194
0.035043125170851994
0.03418989955998949
0.033311799250591786
0.031533775067175036
0.03026835537722048
0.028989680353826455
0.028494995033965284
0.02863654029455162
0.03054570629296478
0.03465406241801961
0.037907339462368704
0.03949481181162805
0.03960969516131232
0.039745229875938766
0.039254731017756735
0.03853029491677572
0.038143183329001476
0.0384576195280538
0.04000023858842272
0.04163533502383161
0.04285281462376147
0.042659758300269274
0.04183922912582608
0.04227744042835588
0.043345828509299175
0.04308683902071402
0.04069267100372099
0.03790230022761778
0.035383272965530246
0.03358918049538783
0.03261124426876156
0.03192537488955194
0.03055829791733386
0.028942405254341497
0.02827119007890987
0.028620712672681875
0.02959209911132778
0.030065999362962014
0.0303399158447155
0.03103342352278136
0.03281856616387221
0.03495015856307116
0.03614388008709885
0.036414385717201174
0.03762025924446225
0.040492269864696444
0.043230266347267836
0.043393719573542246
0.04218222884642185
0.041771666571875615
0.04297310263015528
0.04557061632284442
0.04813174543912799
0.048518656551836785
0.04721484680001387
0.044611405338774814
0.0432709383281683
0.043419229760986146
0.04363734288033638
0.042068555110484566
0.039754334653869315
0.03829711016511415
0.03768545219786105
0.037406582348217636
0.03550918462348357
0.032334051130191624
0.029119499539599296
0.027828903290806506
0.028997981575834286
0.03207661121752577
0.034896347519585064
0.037059129457857776
0.03942007832256379
0.04179964389462245
0.043120798776740285
0.04253372677674462
0.04138711598052361
0.04088238531852939
0.041956392665825716
0.04336358504123653
0.042940270483613506
0.04218621838421114
0.041937006409954056
0.04188299308367619
0.040716059363031146
0.038470917528840576
0.035588812993448224
0.0330389346986151
0.031006082859325247
0.029853413456951965
0.03003449513862919
0.0313542504402429
0.033509058183577446
0.034660284067216225
0.033577477508500646
0.03207048635527057
0.03030728799715601
0.028793634395771758
0.028167863626064847
0.029640093099431174
0.03350265044896471
0.038504206205676704
0.043388570084833024
0.04771354506022427
0.05026319627328418
0.05097004105966734
0.049692190997978274
0.046910518151072896
0.044432735810253345
0.04306658966225171
0.044131230746265925
0.04598503806130334
0.0481287024725501
0.0501537096742467
0.051002040479309785
0.051127600352467724
0.04927761051453963
0.04558831273540219
0.04158039889826383
0.03839292061727725
0.03601629689135818
0.035009725296780425
0.03471524190504149
0.03428113953753207
0.0334579068604873
0.031844081216933766
0.03033092788173575
0.02938254901748104
0.0292103887659898
0.02887712396503953
0.027385738687938452
0.026280033011827613
0.027415729791304754
0.030826796110920724
0.03517900321002783
0.03832890889346705
0.039524405496037876
0.03988705312195863
0.04089251130512481
0.04189974678615742
0.041486309858923036
0.039823509273173824
0.03853529167801502
0.038117782944688545
0.03745473404262749
0.036356766974362395
0.03493551749180316
0.03426169151448447
0.03486556251082132
0.03584931204035634
0.03613843927088598
0.034822007386603494
0.03290388525776788
0.03058568926607549
0.029133801334520384
0.028862571537720864
0.027842623536716373
0.0277072222206812
0.029496394972023183
0.032535246221397154
0.035379752957715505
0.0376793699732034
0.038665619583856614
0.038851242098986216
0.03827465403987733
0.037533197339964616
0.03783831332131075
0.03931740032399146
0.04112128556174566
0.041983376621307855
0.04326826331082872
0.04458503892976919
0.045931074358570856
0.04645725567654092
0.04512904582473438
0.042627982888870625
0.03937665263220512
0.037614214332684824
0.037506809599568036
0.03796423415295801
0.0387291794127724
0.038690187995917245
0.037156251168625226
0.03405245395202025
0.030429084459509204
0.028863429847442838
0.028609741543008296
0.02818128041513251
0.028089401060822437
0.02853726628481089
0.029762643375627305
0.031325203310830045
0.03317571199168458
0.03494068633241178
0.03535708954737215
0.03604213505519562
0.03704281720435003
0.03785860994828308
0.03874834760143716
0.039330923372826704
0.04132547934213441
0.04382051739330889
0.045263777260978515
0.04376620376832885
0.03872392963350497
0.033003877899202984
0.029986991912469892
0.029401513463776913
0.029619380874897974
0.02959902436909875
0.027615343184900817
0.02477452103445157
0.022902988146185063
0.022758714501895545
0.023711269263115925
0.024672844686218533
0.025616204262315583
0.028221436727962228
0.03221169205830867
0.03671096464473321
0.04045068809805678
0.04211500050825752
0.043381627633636094
0.04542167818598325
0.04851013044199253
0.05031951273269991
0.05034816614114404
0.05016771643003121
0.05007355570543441
0.05016801030635748
0.05078201518553459
0.0506674534988238
0.04864891978199839
0.044949792689734334
0.04075993570320148
0.03735266353347653
0.03559553627772023
0.03412775811089662
0.03254740710078981
0.03126742273763608
0.03090023510723999
0.030847003373345477
0.03086877066749429
0.03143511860044237
0.031990191231968
0.03209948999201177
0.031027940811611903
0.02891476579642892
0.027278733847036107
0.028210628930636774
0.03114658071440208
0.03358410787905838
0.03641843631164038
0.03965975366415899
0.04208754506887866
0.04296408222185832
0.04392477744758225
0.044177959328259686
0.043542500323169905
0.04291998167201388
0.04305080850510604
0.042058083291659214
0.04056336621615201
0.03982126888936678
0.03984663337880169
0.04002755169561541
0.040011365907068754
0.03835624980693925
0.036010812224949416
0.03449314465567643
0.03467654264164323
0.034784676875990114
0.03425776143293359
0.03292775641994061
0.032155741664843425
0.03198042980087303
0.031882420244764245
0.03218197898530867
0.03185221277941857
0.032915213362162944
0.03559424620228865
0.038949657456721395
0.0426427766782987
0.04498607279382013
0.045359813291132256
0.04510678359825055
0.04514347101201973
0.045205813203585216
0.04508934940462559
0.04437403668795469
0.04333161266463565
0.04274000950661273
0.043174415747796666
0.04434072625390553
0.04456110898173588
0.04280560272626542
0.03810326734376439
0.03294263646465565
0.02896728048840051
0.027617011430721712
0.02856575016976684
0.030047885746421702
0.0314754173527455
0.032129848238317486
0.03165564406292112
0.030989661114427434
0.030576175425385245
0.03145209862665119
0.03321623164971109
0.034857895285240824
0.036482822578458876
0.037115846372551706
0.03755896589728193
0.03765905431399524
0.03763268603672837
0.038247276879187664
0.0400546224948727
0.04159707548975711
0.0418941165270631
0.040399854997914916
0.03995067237675224
0.0401484393899337
0.0403929391027358
0.03862308244968484
0.03627216307770924
0.03427646338079287
0.03261637857077792
0.030798607429150974
0.02917039957274242
0.028358715685948513
0.02835077450615349
0.028716748016145897
0.02918138589329945
0.027999179048205418
0.02649717615568064
0.026015536899693992
0.027280766866430554
0.029789086566735255
0.03159729333869215
0.032122292339262816
0.032489821532367305
0.032945237232015125
0.0347588691244474
0.03663540763742496
0.0377829253999525
0.038098142048526934
0.03805942209237506
0.03843427317098885
0.0399159697889972
0.041663854039942445
0.04295747103317742
0.04363329080623492
0.04311775883848342
0.040592190612819545
0.03641714848835921
0.03254565277138305
0.02960297039437773
0.027823952312076704
0.025851632165023338
0.024394297628930008
0.024013412095852737
0.025250845739528138
0.025571004031800335
0.024785795908167884
0.02336795199203777
0.023486494921137014
0.0255210680652565
0.027630641970495445
0.029510813101392724
0.030337577439409933
0.031057794673163205
0.03187283145764805
0.034228214020620866
0.03730249213742209
0.03989638104355445
0.04031349085245143
0.039170831260157725
0.03780120357328334
0.03646913337803634
0.035095318923833066
0.033299444907283864
0.032608312598911074
0.033106358821319744
0.03323379889484731
0.0324051675377186
0.03168390443526303
0.030549580330277975
0.028480846582623582
0.025499596719405167
0.022675960360646244
0.021465807178147205
0.023005793537205638
0.026294443075893084
0.028741088539977082
0.028802336021352827
0.027753334638894917
0.02705532916509927
0.027909830079985893
0.030575949321043766
0.034630499296204834
0.03770594403616956
0.04126978694259467
0.0440606122095982
0.04595702766357168
0.04647670803692327
0.045953143745276655
0.045200223417140584
0.04373783639968588
0.04184063552710704
0.040122907461472075
0.03903578241588329
0.0391455457181441
0.03783646503507726
0.03459570399078385
0.030274980931432445
0.027790590825287367
0.027481435948958716
0.028592325457692032
0.02831499157328038
0.026508262105021347
0.024903474030714943
0.025024273500180005
0.02654573185202827
0.029416341651323834
0.0320957211082529
0.035004077208775256
0.03794810456647765
0.0400464789909749
0.04070087135644592
0.040046978669959224
0.038659414185613916
0.03770648711835954
0.03730449548634591
0.03662404097605977
0.03597541066499566
0.03615789899405154
0.037475841094865105
0.037952286834635376
0.03708770834130683
0.033873774865652226
0.030022326731278973
0.027914964776171225
0.028665186927684726
0.030552176115002314
0.031551185570349305
0.030909043164447307
0.02946564724820553
0.027909683229505405
0.02710466284628113
0.02650177607297351
0.026037606548781435
0.02658089489946984
0.0296142972448295
0.03351594052536752
0.035751277414284
0.03695665696019089
0.03708075051366407
0.03675465454072293
0.03675816824121905
0.03807239663697401
0.041014011624052084
0.04386461237594014
0.046757941337605906
0.04867027754607101
0.05031656687538779
0.05137250781107481
0.052264618020467654
0.05198473645612988
0.049339651756441096
0.0457581514749769
0.04232643370364201
0.03855217659875458
0.035172783096742516
0.03333428568940354
0.03300679221656073
0.03366566789342877
0.03377098867796943
0.0334604954929941
0.031894689571105216
0.030037447514322437
0.02866376659827292
0.028572522564373672
0.030061681828001913
0.032159927054439895
0.034066358460693745
0.035733658803286564
0.03687206717979984
0.037540805311119564
0.036724716752363995
0.03529158262190678
0.03457270333743536
0.036598347007823794
0.03997004107773762
0.04345923498355301
0.044864297171730766
0.044135503181377184
0.04294720279257613
0.04190288359794836
0.03983174769715574
0.03792183506523686
0.03707228148554131
0.038424369718089546
0.04075207017737376
0.04310365763048823
0.04421141627313699
0.04344432309273813
0.04060961162406691
0.03620121075278338
0.03186064142225527
0.02863292354941415
0.02694130171562823
0.02699263509248339
0.02828739370589777
0.030969251807512053
0.03416376270495461
0.03647182233139624
0.03810224090343858
0.03998773734833113
0.04021520797997099
0.040394490423806106
0.04018459837463486
0.04127271628852229
0.04287115105263474
0.04448625544107136
0.0455694030921561
0.04667726880394253
0.04676557508799012
0.04484906015691981
0.04099369784630246
0.037231337092754745
0.03496681907187405
0.033760693864062864
0.032383152741583286
0.030511752413725977
0.029695651260208365
0.029679514121691553
0.030205067937334726
0.030395919606589605
0.02947776249852633
0.028734518448564512
0.02805426899505584
0.02809497596280639
0.029510994497315583
0.031228368195352487
0.03322091892655622
0.03513676722487672
0.037454910653378276
0.0402769311301558
0.04358127619136915
0.04524041648461023
0.046214801217742504
0.048036460203830254
0.05012161113284457
0.05193552449812679
0.05250741375588004
0.0521733385382564
0.0500241133704037
0.04634006982437406
0.041705577458481316
0.037533351806599516
0.03386999083224109
0.031945529368021267
0.031125343785198187
0.03236848946123543
0.03407522572068862
0.03461187459763708
0.033499659467785485
0.03149546435143681
0.029663023153661743
0.027977401887197797
0.027642575267561045
0.02873129121259666
0.030658016940090987
0.0337508859913036
0.03745476282800534
0.04162373136948597
0.045404484960554214
0.047926019106208036
0.04856067719688417
0.04652058363274632
0.043394156954510994
0.0419837453599586
0.0430328994284872
0.04516302451722216
0.04785210935770185
0.048750664596084944
0.04843160302332156
0.04659389779440342
0.044103826244938985
0.04030056822920914
0.036479874761017606
0.032937140656911446
0.030307444857535084
0.028661131056654344
0.028740184113091247
0.02911062650419699
0.028974854460330903
0.027967574796498463
0.026751748186304724
0.02557403881642636
0.025472179958464677
0.026541379044802398
0.02888752746694613
0.031980221527113904
0.03562897401425799
0.03795721402040997
0.03814065824882217
0.03735762183863034
0.03645968991298302
0.03656264595228035
0.03731700116422516
0.03807713608538879
0.039003717974852734
0.0407060246196011
0.04250000786718934
0.04270634507006646
0.04092726770525814
0.038539874514815685
0.03680389624884196
0.03587392121617383
0.03355389594860724
0.030257624775522362
0.026908295444896993
0.025717141502736972
0.027419911449636066
0.030691473255016727
0.034321324131848185
0.03682273799700394
0.037015886616631195
0.03510939410242863
0.03207080558859882
0.030011372683415218
0.03045870094526064
0.03288145007290124
0.035774868092826685
0.03808821954199468
0.03942934310798725
0.03995926816645309
0.040487343299363945
0.041811564781341126
0.04457789297743513
0.04674587963423505
0.0466027615044579
0.04493443508714295
0.042007112181165034
0.039244439029429756
0.03797988322578554
0.03818133275503167
0.03902559252213663
0.04031342673718802
0.041121707840364015
0.03888755515374832
0.035146616731326276
0.03180704119177676
0.02876994227559073
0.02732328166294726
0.027088104861010185
0.028513084446449552
0.03047321505464496
0.0321818889118611
0.032761367722443716
0.03248787369272709
0.0316441976660067
0.03108084931921843
0.031476943136043094
0.032380440931355864
0.034344526749146384
0.0373173215184205
0.039337267822684936
0.039928812934253564
0.040461284004846054
0.04011790829065275
0.03926164532118211
0.03968710337175589
0.04083891844452037
0.04136676943994042
0.041199867939919546
0.04008124201962969
0.03794419262991225
0.035724584322816506
0.03411523460705874
0.03280865896188159
0.032454856496655214
0.03146557268090744
0.030879854828367508
0.02965154581207331
0.028655358381777508
0.027777053065786605
0.02831557245328112
0.02985358267137204
0.03206541125792637
0.03292906957896785
0.033115186919319986
0.033334801333570974
0.03309294391192608
0.034317361894368216
0.035778289234534896
0.0379017453448975
0.040187012849043635
0.04221723624693806
0.04470062327778582
0.04590818320490692
0.04630080770634688
0.04578789909150178
0.04523510198403151
0.04362178451543369
0.040210914955887446
0.03717281180815801
0.03575599393596432
0.0365343961087137
0.03812015291108721
0.03860332975239032
0.03783315930897145
0.03612966613257448
0.03425124465034395
0.03278811239197744
0.03166217444746352
0.031632128936157355
0.03217671410288849
0.03210408591404263
0.03136862213202348
0.03156639329164948
0.03332114766948055
0.03510087408076688
0.0364072230359718
0.036737508581946396
0.03628730259979962
0.03486610208404653
0.03375407895860891
0.03371049203615142
0.034962832886716574
0.03667044530026046
0.036921896694702264
0.03651317798039433
0.03579741852649366
0.03477235502554324
0.034380873106480324
0.03403752323944558
0.03410210072068994
0.03379921338416101
0.03314243846251936
0.03298250527159002
0.032547391385128466
0.03085762352930407
0.02869407967959308
0.027015630179971384
0.02716080523652426
0.028101668909699028
0.029545229615720026
0.03182869380304535
0.034038726961056934
0.035474666744549965
0.035359830704958475
0.03455026456896198
0.03393300058185174
0.03393919998567455
0.0348842185629707
0.036842081277120825
0.03908717931272824
0.04125901171749298
0.043341349427714095
0.04456913785015219
0.043453006956231506
0.04053235085717427
0.03811825466023227
0.03725250644778114
0.038049134617486845
0.03832113541049087
0.03673752524258026
0.033528238451850725
0.030565201094713466
0.02858690443961208
0.027744045246059196
0.027863518359862425
0.028683251245652346
0.02951352133550997
0.03041523195042607
0.031487465822472166
0.031645545079388236
0.032021116106933555
0.03166745396839203
0.03050805035340215
0.030187496511134535
0.03154023816157176
0.034034853088000735
0.03662003756152764
0.039350925258661525
0.04205459107328775
0.04376412219560131
0.043194442754589515
0.041841880328048975
0.04034377241350086
0.038746858742916786
0.0382677383433294
0.03838719444331652
0.03867649378192774
0.03997280266284655
0.04081657617560761
0.04056726343800196
0.03904424231492375
0.0358267769390665
0.03233148325502776
0.02825377081120053
0.02470821252936189
0.022655029541671246
0.021353705175815602
0.020647883265187756
0.02201719172413004
0.024918007651938936
0.02748000990157395
0.028301683344242854
0.028171982114621276
0.027440345844360114
0.026606612377861636
0.0274498694332145
0.030149658088012444
0.03365459444329359
0.035970791211493096
0.03695926041401346
0.03803597925418924
0.03860674856172433
0.03836582073078488
0.03766841897832712
0.0374984162252173
0.038418907672090996
0.03935072581336782
0.038437112487722795
0.034801031221548484
0.030400372001704257
0.026417450774484628
0.0237316087726714
0.02291207277368049
0.023772510160692862
0.025581728871910937
0.027097197771609408
0.027858157882700785
0.027026621137254604
0.025485551236199566
0.02471101220277132
0.025412557064991494
0.02790853717366063
0.03149221401949008
0.0359316262538728
0.038515258103340146
0.038151173923165284
0.036047371530562804
0.034572879142420625
0.034942426793261
0.036782570731480245
0.03851508608440642
0.03788233477651146
0.037182147920151135
0.03674314637357968
0.036761909069478446
0.03636853871655867
0.03647866581216272
0.03563613596554321
0.035158220109455324
0.03419255818599741
0.033059555228847196
0.03325104246938202
0.032955236931553236
0.0317548347336136
0.029781420916154835
0.027101391261746915
0.024897962274938668
0.02408325756845683
0.02535094921866236
0.027871180974583475
0.029963967456031235
0.031921462367821125
0.03297537590657609
0.03227420843758348
0.03040384355909359
0.02856923436174389
0.027346953025460606
0.02639645921242983
0.02732283661043107
0.029908829715722486
0.032685652357647095
0.03372506942812608
0.033588935725680724
0.03264920282697048
0.031518869168548874
0.03147466265507578
0.03195930021322924
0.03285993564063217
0.033771052968489354
0.033891575923868204
0.032665315779974335
0.030452728529260474
0.029348181323805324
0.030372107466967033
0.031208736796433215
0.03208111714166567
0.03394315361803357
0.0347970590589297
0.034940204705529464
0.03519786149333721
0.03505076893553898
0.0347442624940367
0.034730481481539476
0.03464306284575304
0.034290772740497126
0.03387329809444692
0.03357851296637307
0.034398903895834616
0.03492005672793314
0.03590021899022601
0.03699455354441112
0.03718204930564696
0.03512176420549288
0.032644347119875634
0.0317938017231134
0.032800954066813125
0.034985785530567075
0.03653586720841224
0.03628697947904841
0.033145792824977365
0.029941748801021916
0.029403811523329753
0.030427170591680413
0.029567311827266476
0.027736941742828182
0.025129271154464315
0.02357772908652971
0.02338840537725869
0.024698459619001103
0.026138703170079176
0.028150261594359113
0.030269642239190472
0.030873203017198793
0.029900301143438585
0.02947791275996054
0.03055853920083075
0.033787968737704774
0.03756759518762221
0.04007956756754954
0.04087459964339163
0.04114253531310462
0.04087088812739862
0.0400190022949509
0.039024583478592
0.03768918635960787
0.03607619238294445
0.034672847185012984
0.0341901540115322
0.034590316100803174
0.03551828809441689
0.03562165111108115
0.034961199861271865
0.033984257772511885
0.03267707565494313
0.03084528737407931
0.029810201456090164
0.029805061392894964
0.03025755647315612
0.03085802831474281
0.03192095845095917
0.0335031454665451
0.03518070414220808
0.036986727951833526
0.038658556912433605
0.03921639752052274
0.039416166652143564
0.03902081930491397
0.04023091353323696
0.042787790137368005
0.044485617454560915
0.04377696264174762
0.04213252082306906
0.04033395228906905
0.04013734631225912
0.040418353951743514
0.040277144570443534
0.03962624579996007
0.037583043714417945
0.035201698830072674
0.03369915073204981
0.03441869663112287
0.035180475770718735
0.03396605295447408
0.032020024471890764
0.03105558398878387
0.031167929965127184
0.031245364524710224
0.03054670318841648
0.029068849359087934
0.028542494494097924
0.030097184310364594
0.0327387904802442
0.03427573037631438
0.0351477616396092
0.03475212884438963
0.03424869041845013
0.03426190772755092
0.035063461181217837
0.03527827452980221
0.03506681994521061
0.03430610761536204
0.0328473402464106
0.030815524139857074
0.029265183981630295
0.029293155614140996
0.030120192583207275
0.031058648715757323
0.03137876200510418
0.03187132239534047
0.032410099380977477
0.032854237889199715
0.03259183012967616
0.03199932057187723
0.03209441200099973
0.03375910028801582
0.03652191829775972
0.039628317307658534
0.040743260513436255
0.03924299716368036
0.03674567206430088
0.035022588456386734
0.036266959725476514
0.040110048662744285
0.042309936372431536
0.04147369085376709
0.039173158268776924
0.03669774966024279
0.0346655783673598
0.033837786268937395
0.033330976054357635
0.03181158852935908
0.029987315974380212
0.029078365127594555
0.028630931128149368
0.0274967008620232
0.02663668274262153
0.02693183989589134
0.028031406549730294
0.029646498549834456
0.0307611783966816
0.03172073374373429
0.0331484188795082
0.03443693225368119
0.035061896763237906
0.03583510916431977
0.03570491961692133
0.03489211391606895
0.03385925670357131
0.03370688045881303
0.03361440625718594
0.03373738056889801
0.03367141993503195
0.033657808542506024
0.03364457822795422
0.03410956093980349
0.03538749970022113
0.036850270692927005
0.03720889974066752
0.03721833972848697
0.03670089167348862
0.03677627151088462
0.03701859277257
0.03752720632580189
0.03695332537403231
0.03633400237571096
0.035850582696758164
0.03605182647830123
0.036447123852667365
0.034973093071664074
0.031678456905200464
0.02743802025422395
0.025355446263004237
0.02645158824737918
0.028290841870883644
0.029509796615948592
0.030373330457037592
0.03075545497686698
0.031286322809011335
0.031112770290701766
0.03078525499854639
0.02972081061011537
0.02836678549133663
0.02835562992904144
0.029792311608542774
0.032133377987433265
0.03465308832327974
0.0355136141582235
0.03480528310689573
0.03345980814402088
0.032509062575699285
0.03320306001552351
0.03494394377347617
0.03716143716104937
0.038399120919733486
0.037016165219484684
0.03419775421949547
0.031318982326046615
0.02978943796759412
0.02906593266657625
0.028721915980031452
0.02898462911773568
0.029561931889950828
0.030001255486017158
0.03026389923992648
0.029917442779631917
0.02986393047847844
0.030305753653419993
0.03105978014944984
0.03171042173111199
0.032486235043754544
0.03205063806390047
0.031057556133645404
0.030064331391972197
0.030474049498809424
0.03150404229931865
0.032231318181497555
0.03264752919985451
0.03339656032861587
0.03384914303799415
0.034372959448758435
0.03470512945550337
0.03517865738400008
0.03552035147998756
0.035605000161950104
0.034517815080989916
0.031737431497089956
0.02925832165427477
0.027096595886922877
0.02618377139760362
0.02678319807368749
0.027158094181945664
0.027067955794379463
0.026813318663172298
0.026543101878515687
0.0264810136794696
0.027105452028670107
0.028337727453798995
0.02930843405556824
0.0305459525268265
0.032409517013006026
0.03326060791953169
0.0340992520146693
0.034237643322246165
0.034565822940919165
0.03509809223944298
0.035139938971393704
0.034314426303753406
0.0322455131572052
0.030682815814180617
0.030635825877852595
0.031205726550426943
0.031004410294046436
0.03005914581680989
0.030371017471245113
0.031799702485451324
0.0325790941698588
0.03201810784361821
0.030257597434770613
0.027467709496274324
0.025172219847014305
0.024586271350182164
0.025690942014975127
0.02804633681805937
0.029757398240056618
0.029646629289628707
0.028147430592354857
0.026629399067117993
0.025810322999520383
0.026604188424061946
0.03034118158460588
0.03498545213720901
0.03894182899934901
0.03998151699117614
0.0389841983390963
0.036639073550867665
0.03389398714393116
0.03152850002070269
0.029484934866546346
0.028291898104369523
0.028170152291312527
0.028010336921984184
0.027694174992720148
0.02776224623324708
0.027612996262254337
0.027538583460919263
0.0272132050065777
0.02685358030313863
0.026864381958826792
0.027203779402732733
0.028669082431593867
0.0307545704468244
0.032419116777374704
0.0322818811318892
0.03053856062044236
0.02964286668931182
0.030057101457499985
0.03086800644065968
0.03173848286767343
0.03259677000878806
0.03181524326866625
0.03106809103378758
0.03158365336554435
0.03357526641857128
0.036077223256451824
0.037151459285754
0.036524060125574735
0.03523367273738648
0.03420099552698677
0.03246728896845386
0.031194352096738275
0.030613179199300396
0.029803808859398154
0.030342364234003223
0.031455978137623346
0.03258069412521907
0.032674183716763706
0.032128780651019165
0.031063197734851607
0.031778040710880175
0.032892890677261796
0.033226463171134216
0.03159712794020151
0.029733165689602513
0.028611283147494945
0.02766753770663268
0.026994610454867087
0.02678495862466567
0.026265342232987536
0.0266755743526757
0.027900113226178816
0.029555050465903822
0.030920440452388894
0.030945712569672646
0.029962679646868506
0.02884555132101165
0.029063891970354284
0.031009120908791037
0.0331381845404039
0.03466320882342062
0.03479295930532242
0.03247798531755503
0.02955780424372074
0.028101074163596317
0.029152041381364728
0.03143142576776601
0.033039165576146154
0.03287176025005658
0.03147640381707882
0.03039403621481526
0.03062763690531383
0.03152073487797422
0.031824316021905184
0.03162961317073209
0.03148993793949273
0.03030620702939326
0.02822526598003774
0.026565534358174995
0.025239116017072256
0.025034753010019613
0.025881663940375714
0.02740440229507026
0.03009345893780917
0.03290768177410184
0.03509151064912082
0.035651141049878536
0.03530396062346348
0.03447014510874511
0.03355776250618056
0.033166181368250634
0.03373573567840088
0.03487559251396498
0.03648588303784654
0.03721336229983378
0.03604533506989324
0.033859543770301564
0.03157040437724538
0.029961690570285117
0.0297363298604764
0.03167853245728389
0.0342174115058074
0.03584440101077009
0.03691051355603628
0.03689478951416915
0.035989546092039
0.03439606804243641
0.033349685572642895
0.03344134814280594
0.03441976403650176
0.034906891291514475
0.03322826237529362
0.031289616112634776
0.030430957546160122
0.030435932916660538
0.030231593601251185
0.02981367415391422
0.03057935546923144
0.03159526987175007
0.032443977005944216
0.03348893898895188
0.03289909546541704
0.030325541549244786
0.027990387060348787
0.02809992518839819
0.02910635313437812
0.02877761767267556
0.02742316548799685
0.027345586327033565
0.029176073702051476
0.03236119068036533
0.03436505879825399
0.03450110839835699
0.03378148617753381
0.033830964190246365
0.035053140728329706
0.035843382664924955
0.03613989948515819
0.036257098719567664
0.03570387870897862
0.03414243795428908
0.03286527820063618
0.032415751978603094
0.03248788268775276
0.03254687737468944
0.03295494421487808
0.03326355422147027
0.03320592924897074
0.0317485276146255
0.030862482306794437
0.03131123299516292
0.03290306123458472
0.034436124925112534
0.03316549031275829
0.03043733723111963
0.027927404160524312
0.027580968301342712
0.02898143584588824
0.031094003055769374
0.0329161676351479
0.033536983948907494
0.034096181072468416
0.03497527301762619
0.03505524127186865
0.03430270674569947
0.03369643080730463
0.034190393652177374
0.035469729825420286
0.035857038550482764
0.03546071742763689
0.034450134169462125
0.034100403116242725
0.03408404953465674
0.032550009360128834
0.02963648077352185
0.02651312880862551
0.024311702727292238
0.024394066210690672
0.025846916340700174
0.029152686017374817
0.03169447371772246
0.03328280706336597
0.03279173426483661
0.030786517170495208
0.02937261317254002
0.029828204860347582
0.030690765514810012
0.030579005608068238
0.030650429245331175
0.03092734224097107
0.03167574193007872
0.03295281217476898
0.0352296666187937
0.03769167713261629
0.0374006676318299
0.036323549127783974
0.03395921757163665
0.031675549473076214
0.029803428909461818
0.02832490273602534
0.027282265880474745
0.026316128664461848
0.026657474582904423
0.02850163632725846
0.03052482921801169
0.03130741205132097
0.030827174237600737
0.029849177731797235
0.028325369257462114
0.02689916836056611
0.026401945429472246
0.027100123476324362
0.028577858453447465
0.03028566890388557
0.03209143353394056
0.03320768207252651
0.03284555280804727
0.03206734448379303
0.032168248008591194
0.032107507323802825
0.03173346094639496
0.0314172145433016
0.03048979791588668
0.029363946283053066
0.028979036249465105
0.0296035013326755
0.029866479427666282
0.028922313604100046
0.027404673589617876
0.026743316073614052
0.02745277219006838
0.02851156019728128
0.029581897409037577
0.029663781517896712
0.028057154848584353
0.026067205504394196
0.025437475510866545
0.02683078987475754
0.028576117458857183
0.028763871918316412
0.027947898495607377
0.02687379518375691
0.028530639953695633
0.031438894100041706
0.03355247301712308
0.03514850980219697
0.03479129398303516
0.03269365519936586
0.03043197939986662
0.02898545100542382
0.029542906567357606
0.030747902882843986
0.03101078255954731
0.029585941343563425
0.027874283024060715
0.0264587140603173
0.027115484555718734
0.027999185270825667
0.02762096393638883
0.026368210812117578
0.024600889635600188
0.023783292831871205
0.024896815548778924
0.027260700526217176
0.029596087178591045
0.03069926737671017
0.03134429770035087
0.031018711268228655
0.030793929642491332
0.030417273991716048
0.029903115902391992
0.029687424561471706
0.029730886000773536
0.03032249710181165
0.03092098263688638
0.030479191213876055
0.02962791278246422
0.02920681364058082
0.02974932551642034
0.03152714365257007
0.032931647189012196
0.03267121713141325
0.030865145636154306
0.02823545802025096
0.02635401492782354
0.024359300905325083
0.024295758799911766
0.025912159164072242
0.028903510569766446
0.03167966201618086
0.03367100465160726
0.034341556920472464
0.033406029700672926
0.0326964932280578
0.03288118302344555
0.0321339574432136
0.030959334152073803
0.0309711842959342
0.031658861064438194
0.03178254146013461
0.031252816015516084
0.0306781271775127
0.030035310593417464
0.028898462985524908
0.027020520624546292
0.024863702938816134
0.024037023040738778
0.024865949112887975
0.026980690500595445
0.029366705994481098
0.03133629766777539
0.03244607978129338
0.03287930001670098
0.03226446049720512
0.031293618950490765
0.030125092464879533
0.029659605984520238
0.02963762033865567
0.02916192828765797
0.028378464965880618
0.027920730037885692
0.028996096028864708
0.031355148956180225
0.03266182579346035
0.0327890089778511
0.03167497499915168
0.030704004201087376
0.029169428211090087
0.028132208274970327
0.027548210854871396
0.027506989138123706
0.028589846331408295
0.03004952254576101
0.03062217179531871
0.03038631439452948
0.02938021140176156
0.027016301778197156
0.02585684860413466
0.02729074969524699
0.02975192695752093
0.031214478094099215
0.031233717764402348
0.030193022590656052
0.028392396555354277
0.02692002918571795
0.027105615520590473
0.029111933461476516
0.030367597914021414
0.029050069344312725
0.02691264593103382
0.025609000813781816
0.02634448732339589
0.02823919936807676
0.030284146500756066
0.03169364472656063
0.031566489281757384
0.03037721617635676
0.029472244089765648
0.029585020657042962
0.030283318385670145
0.030905139439196358
0.0314300219669484
0.03221086721588589
0.03321394284044904
0.03355952304443738
0.03249532084045755
0.0303774562249888
0.02879212361017735
0.02939934607776812
0.03247768974491786
0.03500519257794788
0.034115488513124445
0.031198735148191804
0.02785808484137949
0.027218744260370503
0.02871436142010086
0.029691691869579658
0.028967459458962966
0.026128953382228207
0.02417749313618207
0.024177871885387277
0.024924014453378444
0.026387536504043286
0.027956638485295823
0.028519210733884404
0.028339320338568834
0.027952040089475102
0.027578441712796095
0.02657033012851697
0.026357602525450927
0.028102280141022142
0.03162930712985091
0.03440170859034684
0.034797038912158344
0.033857077139115545
0.03346684354460778
0.03443160675153299
0.035609638760945216
0.03653594895555737
0.03654430714208415
0.03546350898070066
0.03477981838903485
0.03488528119793259
0.034323869037451396
0.03335248745619615
0.030972799145976775
0.028601735973197866
0.027949812547822545
0.028670764512644355
0.030095961362011123
0.03062923558384555
0.029504724517498446
0.02726140688420464
0.02534581089075627
0.026102866856871472
0.029016185472148074
0.03137004885857891
0.03221560808331195
0.03229050749314114
0.03052093046870629
0.02840187689218307
0.02757457121972139
0.02769722106813134
0.02856068687629169
0.02936900090352826
0.02965600293234001
0.029784382078058676
0.029938889324532328
0.02979731249781388
0.02974818636543056
0.029506258396526056
0.030048578157054327
0.031123690214468428
0.03259665571386367
0.033128246635311484
0.0320757632219484
0.031064230730072823
0.030141588074770513
0.030679356139814064
0.030672354640583696
0.029961492405896156
0.029194424987970737
0.02876450572034996
0.03013999497848087
0.032202336912202714
0.03349130234755972
0.03270822708859403
0.03056115429526183
0.029896550845461393
0.031149066972757593
0.032566047856956264
0.0327818383357414
0.03162624090766686
0.031383845063425744
0.031895649941402704
0.03188115181916726
0.032414547453445484
0.03390695419898383
0.03587829534690718
0.038106502169789724
0.03853224759739675
0.03660640563637962
0.03342447983565162
0.030323447986177997
0.029265876411695188
0.02895479963784963
0.03004003605454914
0.03171965102458863
0.03350738199278539
0.0348310630897055
0.035414209373555
0.03394867268402633
0.03145609646203487
0.02979792749873301
0.029986426689361807
0.03173065888791188
0.033121983830265704
0.03327216340662791
0.03313004961102066
0.03375621070547791
0.03462848410051233
0.03582783832096785
0.036889058907879003
0.0387829187745567
0.039769468027227826
0.03822034691729387
0.03457872459178077
0.03071450102980191
0.0284281325093014
0.0276989101080876
0.02799536823443258
0.029074995542464087
0.03060994401213196
0.03255557797907407
0.0353190288388086
0.03711274614028761
0.03613105247122015
0.033526346392516414
0.03099170873773413
0.028953833248996075
0.028116546808600942
0.028850342927296074
0.03081829904199107
0.03385732947020829
0.037419033828390645
0.04011195301508473
0.04017977876037076
0.037799808550724665
0.034660999711013434
0.03245745449313977
0.0320350513998621
0.03281895130730816
0.03332798536417221
0.033084979600126616
0.03351822640489671
0.0355655673831075
0.037238541767235095
0.038243910441776656
0.03758562468150471
0.035184191922992256
0.03183364541836151
0.029751252757743336
0.029834421354983976
0.030432816461437334
0.030432955432001026
0.030173910016314115
0.030945966200209275
0.03272589906214067
0.03499531872741537
0.035719993838060786
0.03427198971759548
0.0317637192040563
0.030159521897036093
0.030585705633779436
0.032197238852206954
0.032654697823825886
0.032066256750829775
0.03138210652580616
0.03222591300828896
0.03409713112411948
0.03551748149414297
0.035508850125532815
0.03427847553178876
0.032673607744494994
0.03267421491952715
0.03312632938060251
0.03278650209591597
0.03241020403164472
0.031745535259306935
0.032356940335870096
0.03343571308032744
0.03403091431609724
0.0333637480632411
0.03217757889716656
0.031205343240408596
0.030983596303047707
0.03210379803071706
0.033955775839058906
0.03558456544900955
0.036868128176111604
0.036508362855136145
0.03442197495077486
0.031195164478411898
0.028634819406881215
0.027956745047982217
0.028289274796397784
0.028872260698230047
0.029089468276840186
0.028299615214429006
0.02810534321652025
0.0293973598488101
0.03157262665539703
0.032576292373598895
0.03135804145441387
0.02865205960678486
0.026616054528908854
0.027247318041045805
0.029620224424004193
0.031210816704446774
0.03180657426584858
0.03249558451176499
0.03365919855049537
0.03431562513913358
0.0341183959510862
0.033388129871271655
0.032700372814647584
0.03274234059385707
0.032776074653756655
0.03190240047836941
0.031620438858704775
0.03200022412731576
0.03348322377652058
0.035882715593592525
0.03750930120957353
0.037648961177818366
0.0350234199408043
0.032132049254982996
0.03045019322941145
0.03103712912355485
0.03237701322545103
0.033413709593666935
0.03254259813808881
0.03152556743419548
0.030558513948531315
0.030270577077313204
0.031165536102070908
0.03204070407905681
0.032160838695138055
0.031951635748494175
0.03145608763711193
0.030006335890929277
0.02864433729095541
0.02807636571919933
0.02824117464551625
0.02951755076852592
0.03144560562160443
0.03332891858212876
0.03447820194574185
0.03335260229019609
0.03156506951958046
0.030498326668691598
0.03189099696540734
0.034146978770202105
0.03590159366749476
0.03653011078746776
0.03626549112815317
0.03568804383161058
0.0349905594733996
0.034177017073933356
0.03372002795974472
0.034398644114529836
0.035763572216396186
0.03687922951037018
0.03701343524611567
0.034481425344066494
0.03024254191509688
0.02693503119078584
0.025650915301195794
0.02692651591015873
0.029272693650630257
0.03109989773579916
0.03223982601199958
0.03387171981422535
0.03513482654955508
0.03573976963104617
0.03567912615122437
0.03473625757047715
0.03262119982474827
0.03032947255747254
0.02878303799600877
0.02849209230398284
0.029983559979282474
0.03257929677931395
0.035204756729270835
0.037340555229846494
0.03703807532350494
0.03611643551423353
0.034606323056062954
0.03353989658101959
0.03268846988649892
0.033031987133777384
0.034331328832707564
0.0361043037207904
0.03837094705635828
0.04012234688567141
0.040445761428307705
0.0394199363044122
0.03691849664799749
0.034453444877371994
0.03273809935440418
0.03235193668360168
0.032020977867378494
0.031372447257453084
0.030926471694152552
0.03135967911908134
0.033100580109167776
0.03443006546821739
0.034049208728312214
0.03196432093830809
0.02926892701075993
0.02823912773059386
0.028976493986626523
0.029710563564539327
0.029184801603911542
0.028194210865600342
0.02750543801689458
0.02736650219061433
0.027036158971983058
0.027697474163734692
0.028795384605272797
0.029860792750910265
0.03074278133718586
0.03168674750544283
0.03294009931130369
0.03337135496221225
0.033032443313381496
0.03294886680172396
0.034612024119455895
0.03710799139103164
0.03995213736323671
0.042566576535354506
0.04291279934297439
0.041163680001605384
0.039322138154078576
0.037333371518979246
0.036242056840357
0.0355246535528404
0.034615256335760895
0.03348166378961958
0.03293635446591202
0.03361273950810154
0.035027808457151366
0.03548369288663172
0.03389069782892369
0.031486093000708856
0.02884859957143397
0.028115973317842918
0.0296735842219324
0.031877809818703806
0.03196496277050773
0.03044946333902343
0.02954916025161317
0.029356313813659277
0.028613691060448133
0.027139529182560334
0.02611239156034752
0.02734200870048546
0.0298524225622472
0.032253716818153505
0.03194580106197713
0.03038764666705378
0.029284116297509183
0.03046130239080314
0.033942950257629334
0.03660732771862783
0.03772588855280184
0.03757515151662373
0.03773757808101355
0.03774993829290467
0.03697097490175398
0.035629591282550686
0.03454383962700949
0.03378036816606107
0.03450526591441686
0.036029259217489486
0.037297380967662636
0.03760307180011429
0.036861583441164095
0.03492587746979957
0.032457465600318355
0.029284875722295087
0.026481894370414795
0.026495241288278272
0.02938797032189452
0.033055617807179395
