0.0
0.0023563186668131226
0.00807155314356996
0.014545819815393223
0.02014850691215844
0.02504476615051554
0.029726107618985493
0.03409988114027056
0.03854131019738238
0.04353268019059073
0.05097033124187252
0.06348848442083835
0.08068499400303031
0.0973201379651899
0.10720471814039016
0.10973442188842239
0.10780618436421432
0.10399469891170213
0.09826411232133761
0.09068576914059978
0.08224555734262702
0.07364207408712188
0.0654061232764862
0.05767198008577003
0.050743025247212914
0.04470932988401975
0.03937210476922773
0.034537548066373915
0.030082127771907625
0.02638378744450281
0.023889519598387247
0.02283862225124439
0.023363101201622966
0.0259693926765921
0.03207785961930691
0.04381064480542039
0.06215760014983478
0.08599076092692341
0.11177977326500929
0.13556511165395
0.15518223589159674
0.17026637999381034
0.1816532245210949
0.18982685406787828
0.19439394870352736
0.1952110418114898
0.19317513001207626
0.18826946387223495
0.17940533507795484
0.16648672599405573
0.15053815002932375
0.13292514441655162
0.11459201874880592
0.0972061647078942
0.08221747629561332
0.06979739731226625
0.05979452626788446
0.05180345021703934
0.04576849233620141
0.04145847038305318
0.0390753099261248
0.039254960916094664
0.04230451437893616
0.047831529474201814
0.054257645917312074
0.06065695061609912
0.06709563457855429
0.07450257290099506
0.0833942910559857
0.09363718183037327
0.10482212156945843
0.11595777160265325
0.12571667963148664
0.13340606317986747
0.13952334342838654
0.1447782648057
0.14966128554561553
0.1549069136743203
0.16067031561919912
0.1661180338465673
0.16918178430502245
0.1675032498074554
0.16121566315934271
0.15210482666863617
0.14122986951524225
0.1291487941572808
0.11571834390592675
0.10030769150663658
0.08272984857923685
0.06453331794561923
0.048116956059786185
0.03497601985120641
0.025688458237364452
0.019811423199557004
0.016697715734001316
0.016130476800684846
0.01838181388314447
0.02338371387222272
0.030937974701487965
0.04080916643602395
0.05218040861218105
0.06386591501706362
0.07517380402907371
0.08553489476441341
0.09496974301944083
0.10393655774266229
0.11221477448642354
0.1192956559939789
0.12449686112314703
0.12722452585224878
0.1262733020209189
0.12187134675863824
0.11655109070874198
0.11138986547025502
0.10490995190784189
0.09567843209855584
0.08387351879036929
0.07065988219192401
0.05831796362902208
0.04871738085230358
0.042426920474349664
0.03854157356150641
0.035768440490107134
0.03336454098860615
0.030772201636268343
0.028038346146060888
0.025588080474159162
0.023880018331329925
0.02320119087365977
0.02389119557741674
0.02638447271025905
0.031053133822753945
0.03781727344444408
0.04656619525548063
0.05732088951940814
0.06961876605272337
0.08276759684471773
0.09583424472609299
0.10735729276424726
0.11663751096503094
0.1234226765093199
0.1263628531119287
0.125238953197132
0.12176196669733667
0.11783313855696897
0.11470694137041818
0.11188972302844223
0.10788899972866317
0.10191837852597689
0.09385078023200558
0.08440203534329839
0.07385077847514153
0.06273301845447302
0.05216897917531169
0.04335148896531089
0.037652945686123235
0.035661541473890286
0.03728866117326905
0.04168299900185958
0.04731827521734638
0.052652520987088426
0.05719189993084898
0.062090914925922655
0.06885947656117676
0.07823191293795352
0.08934396537183908
0.10041278666817652
0.1098105287679774
0.11671554860480217
0.12113477887649013
0.12361240926217822
0.12443837769756959
0.12387048015948553
0.12291924453342186
0.12216114268826395
0.1206852405656068
0.11773966033709975
0.1133424702114095
0.10760690944553528
0.10027828101373983
0.0915114056711208
0.0814212854136734
0.07007181193246378
0.05841827220270582
0.048482430910303624
0.042104322372848876
0.038919853357933874
0.03713518999804491
0.03510088139799404
0.03268737595447032
0.030895500011513304
0.0307716250167687
0.03324689439128255
0.03860681426819303
0.046010062395028674
0.05429336092266261
0.062459095910075674
0.07005824557293432
0.07708765085170817
0.08364981594185338
0.08978609693510865
0.09559327600506634
0.10134180861088371
0.10754080407588429
0.11362164789291297
0.11754591968325157
0.11761901027064979
0.11424364931930371
0.10780338513108716
0.09841865260978595
0.08787936385474213
0.07784554049902502
0.06900514359229819
0.0611055961130599
0.05310793199381815
0.04506132746836913
0.03723807397034234
0.029918745527004444
0.02363833486061428
0.01926073605139143
0.017643243353522405
0.018661646412772268
0.021365115295506994
0.025001771824251513
0.030079384124473366
0.03698386419494376
0.04542432599229357
0.054630936988644456
0.06414975942121605
0.07378394496630644
0.0832517226490675
0.09209984348389487
0.10003095242075301
0.10639085202380366
0.11160376252558483
0.11721275135656592
0.12282960536722702
0.12592343655877317
0.12421656758499379
0.11718817770425449
0.10615726349638971
0.09384877413397151
0.08224200155948477
0.07193296606318603
0.06316000563426616
0.055388627984674046
0.0482780241436131
0.042037736837252676
0.03722748372586795
0.033695097753748154
0.03106480714811875
0.02962839063861918
0.029963303980113744
0.03207511097557225
0.03575926613945229
0.04080015144449107
0.04695278950846778
0.05357232305045139
0.06007637878685774
0.0665630738354336
0.07297268584631394
0.07867059841699849
0.08354357753646616
0.08883114113070754
0.09617687108865479
0.10522933703209028
0.1136592127561294
0.11929904135238213
0.12177618930559049
0.12191759164164774
0.12057327263772792
0.11742364766618257
0.11228475935556055
0.10525843132190602
0.09655613207877604
0.08665048852143353
0.07661213630434784
0.06675389398891808
0.05681900797481633
0.04740439675333431
0.03960450139334308
0.03402549057156088
0.030584132217232753
0.02944115033407028
0.0313563759243487
0.03624053541522572
0.04314921351335412
0.050851738600477314
0.05817983856716602
0.06469179845478087
0.07056321800989422
0.07652209733306031
0.0832387009801976
0.09058108153473962
0.09771873694758462
0.10393509231388151
0.10840298778474046
0.11070135704432137
0.110526783333024
0.10750667061542403
0.10234030829973008
0.09651289393141706
0.09160164090900878
0.08758529045999165
0.08282718765662281
0.07659008927159223
0.06938583773238652
0.061917768015210595
0.05436641297096123
0.047076869415994746
0.04044730741500469
0.034966341972077944
0.031376894679867484
0.030238204047974875
0.03133026203078313
0.033865516236518345
0.03670552534610113
0.039030483880586796
0.04086672293961567
0.043021992200668845
0.0464449135545891
0.05161826746900864
0.05815720704994263
0.06509990241305162
0.07215728125810456
0.08026821355312928
0.0892100541702746
0.097242934792263
0.10341681576862058
0.10818923398262749
0.11249192055109589
0.11517228836922286
0.11450632167825452
0.11037244003211644
0.10396845395973815
0.09655248172801463
0.0881055807753474
0.07964855038782714
0.07155697533182599
0.06300048467556525
0.053941463410174036
0.04540323684647163
0.03848336103176734
0.033375372730359336
0.030333014442801627
0.029846820177212432
0.031267681702501146
0.03358929245811983
0.03665976042721312
0.04100193797078439
0.04712251298634678
0.054698883668247086
0.06328514609964596
0.07172999301967595
0.07886443527815214
0.08464337654182094
0.089816955008074
0.09543724086620635
0.10136778648660497
0.10692686420898227
0.11127224644822724
0.11259135819818845
0.11045936872567759
0.10584207374478498
0.09966124173447867
0.09260000045737837
0.08518850530434527
0.0782847000970464
0.07233377280810471
0.0672373503146273
0.0628954211163007
0.05927277311822444
0.057055580529734674
0.056075309867761054
0.05557181391430606
0.054900539018167945
0.053815068669918566
0.05284178992283844
0.05269732464673014
0.05341373479426618
0.054758051172621905
0.05652822205946066
0.05846535806115861
0.06067051319837901
0.06369437439139036
0.06775823611013942
0.07330243446195384
0.08020405710187686
0.08810019148525927
0.09586382347932915
0.10166412510957377
0.10416871588868228
0.1035018671425923
0.10054036805757453
0.09591517639850673
0.09025350968570539
0.08491872039426875
0.08056157066175122
0.07674248112731989
0.07253108723944782
0.06720358633768088
0.06149366965383514
0.0567661772483408
0.05348450850560413
0.050812684079427115
0.04843455551670071
0.04678486617236084
0.04652492059159247
0.048239571944669525
0.05198564283067075
0.05668641555868759
0.06103092929524173
0.0645507625787992
0.06783481438413475
0.07163787370702393
0.07610046536431009
0.08134748483855714
0.08687623740003936
0.09166444819054123
0.09476746333632992
0.09583589656150975
0.09485685785766469
0.09268561568449715
0.09018971155850938
0.08796660499946123
0.08596163142104858
0.08280895803006721
0.07739123133828582
0.07038420312047677
0.06310312599833083
0.05702886761086706
0.05250512010421419
0.048959413605111336
0.046023079772553176
0.04291452621851629
0.03938313955877234
0.03547201043541269
0.031887669932484375
0.029510904576705924
0.028840930353459172
0.030212323359538076
0.03408643384222191
0.040513892752259736
0.04890644790429169
0.0583108847252383
0.06784026953272508
0.07644333098994588
0.08327981720634259
0.08788952387601909
0.09056493094490821
0.09212873531324262
0.09295639646101876
0.09427475225941259
0.09633686922198216
0.09797127476999946
0.09728202830466595
0.09435979514233243
0.08929603438063613
0.0815486580948176
0.07193207447009262
0.06333655730805503
0.05769516899367626
0.053739570672790934
0.04977367970498357
0.045541625647828855
0.041827612183625226
0.038716995856196174
0.03584555534389718
0.03382500205662007
0.033569466424567006
0.034848617909122664
0.03701081468166761
0.039515131885445816
0.04249600314003407
0.04724371940736151
0.05410750074727634
0.06248655422871734
0.07087353865473589
0.07808852857030177
0.08462070371591933
0.09152320982677657
0.09892883968918288
0.1065480069342265
0.11261646510237246
0.11398711188201266
0.10886114480981789
0.09895753045777529
0.0875482169222169
0.0775743247818334
0.0705638149320987
0.06602104119206365
0.062306378586555806
0.05746420730567385
0.05070587095256684
0.04362557202124989
0.03788306028454568
0.033789158958064884
0.030823838545706396
0.02883492436877266
0.028080048842774798
0.028596861023503995
0.03055474584338731
0.03403511069844616
0.03837311183358163
0.04315261458039632
0.04788021290946977
0.052626918349158586
0.057990889955613016
0.06405841161447946
0.07183501364732031
0.08199967275212783
0.093046512189019
0.10216814638793376
0.10765070331384972
0.10955017524701259
0.10840524249908626
0.1051982711913387
0.10137350938953413
0.09777620980934737
0.0943307838855878
0.09006481003079087
0.08457985196116316
0.07839926271203143
0.07228865776640794
0.0664451001834643
0.06031952327987158
0.05341288791720069
0.04681423432755681
0.04120049694384972
0.03654069911546814
0.03239003239129159
0.028304637803337335
0.025098213460669632
0.02408926576813499
0.02563127857433229
0.029350529867859517
0.034972424535202856
0.04215431779316759
0.050422839848012005
0.059651540746444236
0.06938649919967903
0.07810517305455622
0.08411557650206786
0.08712104616442864
0.08813334618822549
0.08830701264203679
0.08795738542034615
0.08641101129923119
0.0825716662708405
0.07628540825490238
0.06898264026524718
0.06260244481784277
0.05803192912025635
0.054859680922428655
0.05243405188095739
0.05012994344027431
0.047771395887739536
0.04508925520007192
0.04202870605192654
0.03915611847892482
0.03671107760451004
0.0346637388793217
0.033138062939305664
0.03235906448096095
0.03196774272157389
0.03171191180495598
0.032420407037338866
0.0345946027112248
0.03803643365991074
0.042662019283762564
0.048881676745705496
0.05648910332356175
0.06413427231064292
0.07074000768520163
0.07627176408237477
0.08121071714960967
0.08593847094064894
0.08985274122346522
0.09148739648813028
0.09005089316955434
0.08559764686192256
0.0794914759594319
0.07270945363597166
0.06599486252474404
0.059868461862769944
0.05467845961453721
0.05103570768553711
0.04860956119691766
0.04726704712454495
0.04661810285778124
0.046161997071929764
0.04526437708635993
0.043477920709269466
0.04108968597782268
0.039418966718170176
0.03938006074566355
0.0412869417524098
0.04508310919957455
0.04964708675356953
0.05429719519523408
0.058865458879950455
0.0634235308135605
0.06872307578534569
0.0749688644074647
0.0812732586629407
0.0857419709295203
0.08690809566149843
0.08545898313210465
0.083100445699877
0.08112909252092573
0.07939931977884009
0.0768465363432365
0.07245371595676707
0.06600679904892576
0.058817923249577055
0.05227372974323302
0.047295005900190264
0.044022611687914194
0.0420096394380111
0.04127926568764621
0.04182576864870532
0.04341072184921601
0.045783451160470647
0.04856791580766197
0.05107218819795706
0.05258040994636755
0.05268750235457596
0.05154987903520065
0.04989153964264775
0.04906776887915639
0.05053293009476816
0.054753503969286015
0.06095716177023025
0.06756653256036953
0.07322482309779679
0.0772407659897252
0.0797849296065542
0.08224165527619881
0.08601986908342671
0.09063412660195086
0.0940835440619901
0.09512152183480956
0.09329668579881639
0.08905629950405501
0.08346861777261157
0.07748371160243316
0.07177884617050531
0.06644085376783725
0.060825157289197275
0.054955895464505536
0.049630986288350845
0.045410634728928284
0.042637918264055524
0.041786172954860513
0.04255632336270865
0.04387103021942536
0.045164957436129985
0.04754777155064082
0.05201921612816097
0.05789690856485905
0.06389922511434942
0.06875649089390157
0.07175668595146577
0.07315420231112446
0.07378060982975883
0.07484441878926988
0.07636433195196149
0.07739560780917619
0.07689249417420367
0.07526097280188053
0.07338702010526128
0.07053984286416304
0.06625581511213013
0.060731525538688824
0.05482965778088534
0.04987137418766763
0.0465011979438442
0.043973590262366705
0.04106709762255335
0.037409864422754624
0.033959165359201085
0.03197249481374535
0.03185403820591857
0.03313094492330796
0.03523405295583332
0.03827409093144895
0.04209400191347971
0.045985088083580185
0.049450413473818455
0.05264799543460482
0.056210856906851264
0.06108520999699522
0.06768589973373547
0.07511604106659119
0.08235260794032054
0.09004975914708425
0.09825698184622633
0.10550315042542663
0.11093467007025512
0.11312062365781225
0.11111227237068495
0.10565240666577765
0.0985235399113364
0.09109774684343636
0.08411519630356161
0.0787538326938628
0.07480282465551703
0.07071629492615966
0.0651533808960658
0.058139878154128036
0.0506758341650526
0.04373311162132042
0.03761699678124458
0.03268500177254672
0.02971034587758275
0.02858817217646896
0.028258179812908304
0.02795506194611171
0.028149705355468038
0.029796219808158806
0.03308931780650129
0.037240124810704336
0.04229971336406638
0.04854251092914991
0.05533110511835315
0.06164315121728737
0.06738955673313562
0.07270089344376277
0.07743409363864978
0.08083535748189541
0.08309739663089126
0.08500530393619293
0.08639251713093779
0.08643039290182158
0.08426473563246509
0.07962816506933916
0.07360353409958341
0.0672843326678215
0.061912583670902785
0.05848067442495221
0.05692084287051273
0.05601134680285391
0.0543316323392674
0.052138777665776875
0.05037561250567877
0.04973023823443805
0.05061598733370727
0.05336304920321656
0.05760327601074168
0.06204577369899089
0.06571049818383944
0.06826477213491618
0.06979734425814656
0.07065518930994301
0.07134428980400373
0.07292105429083726
0.07574134257649616
0.07887745595026685
0.08119415349980552
0.08196461160416725
0.08145781876971489
0.08011725456666356
0.07805506097608252
0.07564825533729443
0.07347940328573982
0.07142351337100084
0.06899924399249541
0.06626764237902055
0.06382546388918034
0.062031786528056486
0.06058110700843295
0.05857052013671232
0.05553036148841428
0.051215155159520104
0.04593362439259324
0.04110326761490599
0.038529682250087766
0.03889088469038433
0.041238178020401146
0.04378133854750043
0.045428197624206135
0.046414961299417315
0.04815607414262583
0.05194008486062508
0.05836946262889122
0.06644319697509324
0.07409170985573621
0.07981409025059737
0.08335774611434105
0.08517137793929692
0.08611004500160606
0.08652810414743294
0.08577566958767807
0.08345597364631814
0.0800414346814524
0.07612475910217183
0.0721012432191675
0.068145197235901
0.06426615746905806
0.06030836033999064
0.056844915629146474
0.05395789374828184
0.051336532737177226
0.04832452528925281
0.04476309469590055
0.041819890857331246
0.04047730770953695
0.04137072522150837
0.043707196444032766
0.04636178180780166
0.048057826632539526
0.04780616855566751
0.04668320914696941
0.04642005924395018
0.04834398322339337
0.05239760391463632
0.05760927903328848
0.06333849334175604
0.06879301388904009
0.0719221520925701
0.07163161760374896
0.06877297729298978
0.06491613314655925
0.06158219190982191
0.05964711974974934
0.059341804128388485
0.060120752176693965
0.06120485964809354
0.061869460457526906
0.06128790419581054
0.05928372155712798
0.05601163550242894
0.05232648505373523
0.049216754330002124
0.04689148504472868
0.0448491765703904
0.0427992506964825
0.04103681743042843
0.040754085984604824
0.0415329145748811
0.0423098819679813
0.043128397624738704
0.04499850454305846
0.048525611167338716
0.05343439190682116
0.05924773766985586
0.06599342698502078
0.07286314591835162
0.07799255998914822
0.08063764599458292
0.08070906360511955
0.07910927652366566
0.07656653961076448
0.07365947269817658
0.07090718354572169
0.06851338333892497
0.06666691481883716
0.06532456087433222
0.06414474475070042
0.062469378137413156
0.059292699560628416
0.054336739538179045
0.049340098943005874
0.04669830448195884
0.04735884639816482
0.0500771737630797
0.05289867560590725
0.05449290155984164
0.05546957670790743
0.056348520537208936
0.05761825642494896
0.05897245481174628
0.059778183394140004
0.06033413561092762
0.06084654056980416
0.06132318398219417
0.062157317944418485
0.06456211556394106
0.06870620636115306
0.07439366478363024
0.08028155609444466
0.08411422355104263
0.08411178753703674
0.08094307132518357
0.07654284731367889
0.07236153075266126
0.06916010472473415
0.06675697281737003
0.06558080365391278
0.0660333025865124
0.06709322714074661
0.06713850897588537
0.06573159358887272
0.06237128956600759
0.05792806709661919
0.05340116015034752
0.04955193234539488
0.04675546045462764
0.04501816417211691
0.0448322588480946
0.04693609064240342
0.05077286953386529
0.05502421061422962
0.05879003923558451
0.0619717289934149
0.0649842667992096
0.06846490776071477
0.07302240905277471
0.07795964714167537
0.081842400711091
0.08376001605824326
0.08369497441732253
0.08150580270424528
0.07740913131758392
0.07173321900210798
0.06550381846705806
0.060626228473943146
0.05859355511088564
0.058782965058896644
0.059331940946172904
0.05875028257753634
0.05747450409968628
0.05614167826762467
0.054556101208321585
0.052631682305173025
0.05006956337818228
0.046967408929330295
0.0448867958673313
0.045619508354704935
0.04878225258544967
0.05249056047631529
0.054999917034210644
0.05575281553224091
0.05539457623556603
0.05563896553524793
0.05728219856061707
0.06012506004707453
0.06329871211918962
0.06552681328494947
0.06592585002131822
0.06444267467984287
0.06190891575921728
0.05882157836006166
0.055961216431571384
0.053976324572311996
0.05358558068230566
0.05497359387528769
0.05686938613222896
0.05802130666635404
0.057540156756321216
0.05529966324724504
0.051822723934033706
0.0488208279755608
0.0474785067982459
0.04765879890721478
0.048781793738934175
0.05001520466433463
0.05096214341438046
0.05194497320378271
0.05292677238465868
0.05393909721544773
0.055013662236590606
0.05617276663163593
0.057093305395586845
0.05750970503450512
0.05774268061258038
0.05920184150370145
0.062317559761931436
0.06567830079841042
0.06793832224133997
0.06820770144569788
0.06694030398781921
0.0645474865126381
0.06154234978373567
0.058042766049786684
0.05445164953265491
0.05097084047985842
0.048120897011016975
0.04619478096017385
0.044543858371012816
0.04305714242767282
0.04197090620374103
0.04137336528275651
0.041245763574664904
0.04183643854666992
0.04288160933438793
0.04444596436580483
0.04634861285954634
0.04864861911034359
0.05164554511737152
0.05512143307689067
0.058743632061750796
0.062330996007179104
0.06519855958716925
0.06728003443214813
0.06876588260126495
0.06983328693526832
0.07033190603461269
0.07036382123241325
0.07042770664272978
0.07082098993205392
0.07127337126866129
0.07118648331991338
0.06928495792420192
0.0646170001776792
0.05843866005890344
0.0526710583200518
0.04794645006236693
0.04451753026241838
0.04240468698430347
0.04152303962488398
0.0415706932391437
0.04204091377984093
0.042927199352196015
0.043917512021785475
0.044258110716449785
0.04416733952747313
0.04434574331707564
0.04561931462413886
0.047938182771312704
0.05055499728612081
0.052536830403846345
0.05435600304745735
0.056638882135993746
0.05944850965426738
0.06198452705810108
0.06315934956100874
0.0629613988587742
0.061655393393516215
0.05994333526416808
0.05863019032690725
0.058661489942036536
0.06036182152969616
0.06234257964291322
0.06357067234423558
0.06319356981240876
0.060764394265633945
0.05638017444856742
0.05094283648664767
0.045940228756472884
0.04277219045304388
0.04165445044285202
0.04140821660416962
0.040549584292678666
0.038598585201516065
0.03575462589967836
0.032752131205205114
0.030519811351946487
0.0299515439660695
0.0314258395558562
0.03448987123526625
0.03843375626727968
0.042995613172700134
0.047814819568817224
0.052271810619498135
0.05534192059972489
0.0564610504585816
0.056190959147490324
0.055236104675744406
0.05381819886024916
0.05211224805619701
0.05029474664816983
0.04868788677052079
0.04735946565819639
0.046235678922081976
0.04492728821918041
0.04333864019368997
0.04172403683177725
0.04053332404469607
0.03960638435249889
0.03822227272894077
0.03642686143454501
0.03480623820468637
0.03399853353637216
0.03410180815311484
0.03457743510231792
0.03467887242893125
0.034692336680381936
0.03519073265889093
0.03659772729413761
0.039217072130384764
0.042693897016802505
0.045808922247978626
0.047749795270767344
0.04855099911937563
0.048715223557362144
0.049381064682810186
0.050880710074634586
0.05268728731328085
0.05395662337908335
0.053966785124464796
0.05230098133397899
0.04920892059300069
0.04631136438585206
0.045230550396653045
0.04582921803210252
0.04658211484679218
0.04655317377967446
0.04552028008810598
0.043693287626987855
0.04153734139123181
0.03926278230071258
0.03715855885688331
0.03538907576730865
0.03400050294131929
0.0327202952527488
0.03174460950811571
0.03198734810129298
0.03342106777425704
0.03475410193763083
0.03526191500194822
0.03609389920317721
0.03810249794534718
0.04117241534026459
0.044726492909670394
0.04802353356873385
0.050590493593470225
0.05244627372640133
0.054239006151348405
0.05741569582732081
0.0617221725890947
0.0653745174716384
0.06647359661229077
0.06472718056716109
0.06135595319710826
0.05823293739223089
0.055669473365790284
0.05274336687300198
0.049244015551911074
0.04576038125591428
0.042601404364912665
0.03994390549445058
0.03754125331156192
0.03540822199491284
0.03456281031744675
0.03592697284648692
0.03887059194594815
0.04129323659676956
0.04222473100698029
0.0419639157677198
0.041871961791481734
0.042699256344076585
0.04422784518079621
0.04577560853439892
0.04628393120588457
0.046235619964547704
0.04667546632651006
0.04769191534547621
0.0486189967219173
0.04848224912136376
0.046880700925375066
0.04432000841588356
0.04154316548131448
0.03970092308956308
0.03912879017425986
0.0390423751537221
0.03826010804786846
0.03565223281573419
0.03227124216320631
0.030061250448819018
0.029609913548364696
0.03023456734914218
0.03194297368961591
0.03535148793852466
0.04002488732690988
0.04423167042233889
0.04638138287446061
0.0472242151408198
0.04772815453228685
0.0475032451969659
0.046690194758252965
0.046435787302165236
0.047390408833632915
0.049254235002923405
0.051326432334200464
0.053830419749218
0.05677622026307151
0.0590390614273809
0.059612658300708755
0.05829813783004719
0.055781161894305584
0.05351975794875222
0.05198020558259216
0.050797412819452846
0.0496778995377613
0.04853167055788258
0.04724271765957468
0.046036931819542784
0.04486241766977195
0.04304120951589839
0.04055632135699735
0.03773275324893407
0.03457000588438631
0.031247143154453517
0.02838267869249825
0.027373598624895166
0.02888380597223632
0.032227828248817
0.036516085844712914
0.040597627676778346
0.043387222415811784
0.04409104607655594
0.04345262739806536
0.04232350047814881
0.041754633813953605
0.04341574033513992
0.04757430131916256
0.052393515169036675
0.05557497759151026
0.0565295838414154
0.05586312178836173
0.054607877324792276
0.053200833908211384
0.05194580559542241
0.05074026208342041
0.04909083756310285
0.04674524709270993
0.043819941197434924
0.040889979317325444
0.037944648415259734
0.0357332693192851
0.03480944580513155
0.03507326621310555
0.035429498770942584
0.03505893751429765
0.03452229962124843
0.0344514187467782
0.035563857437031006
0.03786590540658147
0.04105119710920334
0.0439949914268016
0.04561958238198196
0.0456062157161859
0.04420509930803136
0.042608650901029554
0.04251212080012107
0.04445273314380538
0.047399426747560605
0.050236441019920926
0.052426857796344865
0.053514677926634495
0.05314775914684991
0.05176576951864282
0.0498652772756329
0.04871762717526802
0.048610338315163336
0.04825508226458775
0.04686036812061051
0.04452320156077676
0.04215944981951192
0.04018217326076566
0.038685279475561246
0.03813703559615819
0.0386180842116656
0.03931578510637126
0.039052675477945935
0.03785131299277218
0.036940754690002985
0.03728656791726296
0.03890742570242533
0.041120864895519284
0.04320547523719056
0.044671284300612436
0.04623537824016221
0.048714290887287154
0.05206826035078143
0.054652136953819944
0.05467734730834689
0.051903529901571925
0.04791010283656648
0.0442149152523878
0.041252055946600974
0.03943463671645721
0.03831020418421972
0.03666211572796082
0.03404688399129958
0.03125810947974112
0.0289199710142046
0.02743076321470189
0.026799122585114847
0.02692923491004933
0.027680111425550363
0.028816792250639375
0.030245623334030147
0.031970442277069744
0.034490893209129216
0.03813450782697439
0.04239786781140987
0.04666963169413482
0.050680318541253
0.054327674854616134
0.05687570484664467
0.057808322865690945
0.05776637266424703
0.057952204990602774
0.05934106897588861
0.06166029749361324
0.06354636790399927
0.0646039973024184
0.06443702918286712
0.06271156400172308
0.06039220370258955
0.05794213477515927
0.05511573574100868
0.05121353023488492
0.04641977570768118
0.04146462227368807
0.03665458761532536
0.03255723343481616
0.029539739603650188
0.027463571636872082
0.026436550734505102
0.026141779165680095
0.026400925582813574
0.02728125865198256
0.02906597273767247
0.03243545989765321
0.03661247728530463
0.04011485712608911
0.04211504440010506
0.04329073840772605
0.04537351189477995
0.04895524930743807
0.052714990644324104
0.05540767413418135
0.056389895384123465
0.055659571731788024
0.05349512747253391
0.05110517792980351
0.04958325808681542
0.04894614386751289
0.04881963035058119
0.04863297547094867
0.04847340664910458
0.04830993505354237
0.04790125912730595
0.04725058355432224
0.046310955473234806
0.04481313266922332
0.04297720264954957
0.041782592186006065
0.041868278883062826
0.04349138981332189
0.04607923978580848
0.04802475861988106
0.048722859396210946
0.04858072651199868
0.04789880775311877
0.046881466338669624
0.04554481036510737
0.044234823065246294
0.04364773716027635
0.044447146996893526
0.04669784188717934
0.04974131978739714
0.05247352240238232
0.053779979173519676
0.0533670653431383
0.05184396481400237
0.049721678818987924
0.04667809507623258
0.04257790159348307
0.03808142668935339
0.034814766848697415
0.03359265176730504
0.034350634390171726
0.03627088740496335
0.03777854984692661
0.037471550064658736
0.035415894774775226
0.0331807895707574
0.03219539442719521
0.03338348998709873
0.03624407735369351
0.039506395775459294
0.04237543992930171
0.044249610548443334
0.045199017268751925
0.04648741520844578
0.04883120982414564
0.051321538777336924
0.05236528575542815
0.05132585172991982
0.04943319378326017
0.0482304024027209
0.047773099620164364
0.04686185206351974
0.04507036331652331
0.043173431219142584
0.04158797909770741
0.04033551369733947
0.03939699422632516
0.03913205998498221
0.03904169899398595
0.03830806378666816
0.03627692898082821
0.033098570686791236
0.02972367780294146
0.0270975467970031
0.025547137527072047
0.025235220668912893
0.025358509300860928
0.025299623914384256
0.02495691098196387
0.02449208936252538
0.02427149843413471
0.025095150465239687
0.027921418613226796
0.032695832338871314
0.03844731941690559
0.044102216180954376
0.04882862518284509
0.05228547873690943
0.05470980827405685
0.05590562222016787
0.05571147198003921
0.05469802455278284
0.05314688251761018
0.05085357715726244
0.04774608877068652
0.04345814443102477
0.03850195254428736
0.03397909463089452
0.031216093488302125
0.030240489958477012
0.029400750538355152
0.027504138378115713
0.02504653302325928
0.023559096374019414
0.023977038905159644
0.02540186034058366
0.026172892362104225
0.025968689227046177
0.026185678442164094
0.02708994289829867
0.02845662677694615
0.030373931750274755
0.03240589095537325
0.03373808312675564
0.03405904900446882
0.03365045488069207
0.032928069219667885
0.03315249819460226
0.03534800601187096
0.03859958444978643
0.04087535284067567
0.041098256817186964
0.039932485999077116
0.03933511674974463
0.040190567568703324
0.04193531454993709
0.043011993989215215
0.04159523583678235
0.03821405206438944
0.03504442647527114
0.03361204818402254
0.032968718943727396
0.03212777514986033
0.031044229066719192
0.02974851253890678
0.028766268678587645
0.028699457409482453
0.029268795927763245
0.029759062472436155
0.030328274737347276
0.030828994760751467
0.03106053839536009
0.031193380661015322
0.032188536914359266
0.03492954482397956
0.038959595602882695
0.04324546647882236
0.04645516388811869
0.048315091409667596
0.04896349908182181
0.04805483126719928
0.04507921206425498
0.040558378987215225
0.035828528792261845
0.032567688521240756
0.030909147527744943
0.030063527937732298
0.029200772308998323
0.02872770854111553
0.02899830451899055
0.02994243500474528
0.031206152877609764
0.032496375794229114
0.0337863318152885
0.03512494453146747
0.036423940033658085
0.03747283555592137
0.03844411021383622
0.04016891149338117
0.04299565946761956
0.04614662048996289
0.04847231584900981
0.04949336526441559
0.04913680422909888
0.04793661500432048
0.04623552455116606
0.04403597149828003
0.04117640257345587
0.037847438968291736
0.03462235257133959
0.03288352052035573
0.033302101097513546
0.03453337025778181
0.034541767898847026
0.03315789612398204
0.030784498797037242
0.027876194147933565
0.02567338948780953
0.024755510520991217
0.02492964985354967
0.025301460425586633
0.025344534545335768
0.025277172226864517
0.025570759878503282
0.026535248134790704
0.028183404027579316
0.030488075820914794
0.03330284535218693
0.03681882563031375
0.04106292367661607
0.04540234904964578
0.049438803038323036
0.053400307575080554
0.057581914106183275
0.062339715478591406
0.06749246262376053
0.07107271171104414
0.07099997532798204
0.06754003218763333
0.06214997292625611
0.05628544443160379
0.051178177964080696
0.04785111707452949
0.04538862028150226
0.04200567663684542
0.03692680432924538
0.031375542255395954
0.026833251383729943
0.02426005015772133
0.024020059123497417
0.02574119306104631
0.02840862354155082
0.030886107045657883
0.03256729544731114
0.033418608611559264
0.033978650808099364
0.03447369133239664
0.03510835260396422
0.03637565379798734
0.03862272304776498
0.04125932703586003
0.04281756222209041
0.04226752949581301
0.040527827101609216
0.03921477741542712
0.039458811898213944
0.04141092113605906
0.04422769267988261
0.047045802630596115
0.049778013775277415
0.05222207466907583
0.053713248746067414
0.05365146982356082
0.05189353797044745
0.049087511919563814
0.04569608694929711
0.04238177296299066
0.03987926117660006
0.038101306556196556
0.03631938817269582
0.03420042787597334
0.03237045517463458
0.03080411645740558
0.029241302102096953
0.02838249075086482
0.02910259012076559
0.031168302603928513
0.034046482998614694
0.03697505034394137
0.039943029451961105
0.04279225724951342
0.04463266468659807
0.04536377233803115
0.04537181131065773
0.04529107702957244
0.045656519532962306
0.04651865390296692
0.04749189292100255
0.04839657508055286
0.04885177056578438
0.04855940092002702
0.046795028580813365
0.04316726083344831
0.03839395465308273
0.0334056653744353
0.028274508355395408
0.024165519081784676
0.02292332823986778
0.024570069517914475
0.027146971364078565
0.029019164504829904
0.02984187977979725
0.02992537698231522
0.0300107333069002
0.030724944921074415
0.032048833557425126
0.03365362637154601
0.035109109137846595
0.036961622338168194
0.0393492574333115
0.04191913174623429
0.044213654509534246
0.04602027141358919
0.04726587613922454
0.04805015031964666
0.04870134360208626
0.04911764610932232
0.048877961034087904
0.0479717054450185
0.04679931620796739
0.04596899549664589
0.045575454086294584
0.0449700954653693
0.04312839908694309
0.0395729706275496
0.034622451353527754
0.029756205936296146
0.026247269623144144
0.024372170519660463
0.02388598531322933
0.02421816696512465
0.025161412181696444
0.026295476656693604
0.027508501424147895
0.02882867895777321
0.03059422892892722
0.03315660170010894
0.03601997856948198
0.038264524146047627
0.03953176952136129
0.041271000512179884
0.04520451545133211
0.051135821545928106
0.056340822668239254
0.058295712354361005
0.05697939257262017
0.05433698017051263
0.05202554758087475
0.05008949773466911
0.04787390518072718
0.04482916956655064
0.04160662018748482
0.038283462211158206
0.03519682048774203
0.033358735120757925
0.033088302557345226
0.033301673611452
0.032334014793637796
0.029546623372055183
0.025964559399160207
0.02306028636208189
0.02225588627306541
0.023596068493302657
0.02598117806211559
0.028665060675446906
0.031155085048156502
0.033389741454820404
0.03470099842126475
0.03486688942752453
0.035640498871848704
0.0387627457274292
0.04432032982672945
0.05035093309887389
0.053971606627634
0.054434816511021375
0.05300552074745973
0.050354650975264884
0.0474341768107868
0.045019503011513924
0.04247239342686304
0.03966651743277345
0.03713229296063602
0.03506127552911374
0.03260466656773108
0.029676345566926828
0.027180130980456258
0.02654855575687357
0.028171744973515
0.030785450124471488
0.03285983022565314
0.03422694175927112
0.03529844957428511
0.03575707916132288
0.035749847627018536
0.03552385370963526
0.035047372583623705
0.034800835370381006
0.03546165888935351
0.03813806678796761
0.042532939504954285
0.04633715483078704
0.04772133701174913
0.04695674238776894
0.04568833563067213
0.04573437642340315
0.04794553680806282
0.051783758954858754
0.0553675837617655
0.05719322324281818
0.05648967119142524
0.053340629813714575
0.048576854846924526
0.04333373825138282
0.03876453163238584
0.03522063808676946
0.032741188973097426
0.03124091464910196
0.030170840555728218
0.029188857802091534
0.028600423096670706
0.029315618529900014
0.0316308435665222
0.03440075033055271
0.035922211764462295
0.036334570674477554
0.037130306833917166
0.03896021004800739
0.041982751788298085
0.045733808077192455
0.04935337045334487
0.051772214183494356
0.05257756938299717
0.05210073696220853
0.05134808325891464
0.05060953296877187
0.05008025108702409
0.050191737198387605
0.04992534582823433
0.04837855798696771
0.045891736793865635
0.04319515130566938
0.04102370683022586
0.039401157617180105
0.03774572875672291
0.03550332878871212
0.03225482779644754
0.028864660807314674
0.026714362792528965
0.02621824976904445
0.02669509157126572
0.02747672267492396
0.028546272919710552
0.03050110560336111
0.03279086974409151
0.03395994001009157
0.03373214483313048
0.032627764529030226
0.03153368015362708
0.031516095065878165
0.03321487345241096
0.03641681627038597
0.04019258307321712
0.043920080854437785
0.04678777260196939
0.04774822384446061
0.04677139539148733
0.04409286819688896
0.041342103137854025
0.04014476787457609
0.04040767168380727
0.041462750418503364
0.04228560209360431
0.042115738688583156
0.04085974719033806
0.03858887087018282
0.03591168035333888
0.03377161864039489
0.03233401931237749
0.03156281065822225
0.03141127701705138
0.0322702189102691
0.03378150063113361
0.035516174257615635
0.03712616801189131
0.03807663092595324
0.03817812624586566
0.03770575984407727
0.03720639258321215
0.03734546571957784
0.03838144308155953
0.039649256929364614
0.04016367618090616
0.040215336310054514
0.04058554276641785
0.04139489158593627
0.04271869692287373
0.04472922788343274
0.04662080580263198
0.047716976335361115
0.04737418284858547
0.04540374138109054
0.04140639425594578
0.03610470302830977
0.031159535452621043
0.02830538791062848
0.02804920075332113
0.029296843148267974
0.030582288601764106
0.03058670862198376
0.028862922157592053
0.02642894196109289
0.02502356723293903
0.026147074397547584
0.029681720279926306
0.034092421987819255
0.03795171917297556
0.0415366837328015
0.04590619844905991
0.05062400024996585
0.05419751175518629
0.05544514500260293
0.05405681248003871
0.05087579075745356
0.047562236620577826
0.045381579156390316
0.04482916579948212
0.04614000916185663
0.0478964530238785
0.04853577343277512
0.04723202329957626
0.043868721444764745
0.039400455295111235
0.03567378626919419
0.033481137985009166
0.03233292473734712
0.030789151560167448
0.028815485321499527
0.02736451915006158
0.026939996511721322
0.027520057291682085
0.028750314324109898
0.029909028515851907
0.030879134642061466
0.03207994655724507
0.03401650938416343
0.036948127676097654
0.04061442799917053
0.04457721518193098
0.048595455970308295
0.052393669164626115
0.05581724230362469
0.05927121020023935
0.06272775650401302
0.06537413486132887
0.06632339174013614
0.06521511319053665
0.062250332791328515
0.05818714915715006
0.05405079003489334
0.05092807493983804
0.04879042086571236
0.04704215412329725
0.0452570408009173
0.04284175355597644
0.039297286996771666
0.035249326556495715
0.03153033066386608
0.02896815828414339
0.02816167775946053
0.02885876651958368
0.029975389221635403
0.030710070507116962
0.030894469445303833
0.03047970243372986
0.030215228228612067
0.03067804544571291
0.03243085983494446
0.03495451205183571
0.03708656803623635
0.03867601774009237
0.04010531215378079
0.041412228708441565
0.04262689663234168
0.04355768814238046
0.0439231487084179
0.043569048661898674
0.042616420167545
0.041006804221289384
0.03932235814872233
0.03811456192650288
0.03774104397762252
0.038356678638944014
0.03927878866424698
0.03882132116075783
0.03603866837489689
0.03205308047309627
0.029259326646231924
0.02857396959297749
0.029505453222880687
0.03150679623612624
0.034102978825212495
0.03677090243457576
0.038370623063801124
0.03747086114981889
0.03475799333644643
0.0325038090434066
0.032052948593436804
0.03342678540579947
0.036048632921557106
0.03907706697292564
0.041513576158395765
0.04241049738137761
0.04123089001702163
0.03832199642834077
0.03531702102073792
0.03326999708961819
0.032502019868688586
0.03311368571956291
0.03499169519929442
0.03790364297267644
0.041345619649567254
0.04376566730392953
0.043945321932607556
0.04249718251901967
0.039806656949215896
0.03669985213315031
0.03458376528082205
0.034115449709674665
0.03477629287236408
0.03473916990006871
0.03282803794619026
0.029570206469588703
0.026757357239872485
0.02584379268446845
0.026191582433238304
0.0267739687118459
0.027585414469801513
0.02853381495990226
0.02959428038950476
0.0311284683194853
0.03310833754420832
0.035244979600952187
0.03658212930942927
0.03657469328209996
0.035786192384217555
0.03507881927141503
0.03425345544333981
0.032482441836270436
0.02975862172320694
0.027374238022255516
0.02679291515170935
0.028307357072239234
0.03116064465814037
0.03456328698855214
0.0373461269979896
0.03818683779919929
0.037036517107573136
0.0354100178278704
0.034384324753045016
0.03410996983610356
0.034671414051462714
0.036567851053153
0.0397123864710508
0.04325603335672792
0.04606791811690168
0.04777624612389657
0.04904162444020882
0.05070262003578739
0.052331658489640547
0.0526184934816864
0.050789817174136845
0.0478705967517057
0.04530317553314394
0.04370077728916813
0.04239061465504476
0.04139608764702578
0.040981102511407616
0.04065492635603703
0.03928659488385247
0.03673987188400468
0.033600061770961975
0.029893249009647616
0.026399808398462527
0.02433550562254687
0.024158381002526787
0.024941708283794824
0.02563761228622314
0.02584606735873671
0.025603490959035895
0.02488827320111792
0.024276859554868475
0.024449522011924154
0.025256770758482507
0.026330739276328143
0.027858417421520426
0.030023927815691086
0.03355954353932292
0.038781136434430166
0.044601292579940985
0.048996783082211275
0.05095595582935665
0.05190183660144216
0.0533886208322227
0.05505051953174553
0.05601950306282692
0.056028839479137046
0.05544164965407566
0.0540821168825361
0.052257623299667585
0.050164546769885354
0.04721001104593408
0.04286744193954856
0.03822751972067591
0.03454829812900505
0.03252898443070499
0.031585481250943924
0.030803098405639554
0.0301400199500296
0.03034496067867181
0.031555239399330984
0.03300867054826091
0.03391919847396484
0.034148700947361825
0.034257046853228376
0.03497077928071059
0.03642056138852175
0.0379497760967541
0.038775391770785754
0.03893406774917689
0.04012561773373622
0.04326955731570102
0.04784110274714448
0.05313114956089508
0.05754421976080422
0.05981955129995965
0.059313260591283536
0.05673411544653197
0.053203162030666024
0.04940951761019741
0.046575301446471665
0.04498716798991482
0.044229459781170904
0.04376556033476009
0.04348906458350928
0.0429863847029993
0.04137964642919395
0.03851203899293336
0.035071086151911554
0.03211561685910563
0.030398801351468177
0.030194985926772434
0.03115119874295509
0.031965063368332346
0.031067939267805926
0.028684710900086386
0.026646452665532113
0.02643895800541333
0.028059574256105193
0.030187279583742194
0.031482802904410745
0.03157606594648735
0.030941432175700015
0.030221144461661655
0.02962295246597281
0.029304616366767323
0.030277289473822355
0.03309490106376965
0.036613393967961365
0.03868233190002402
0.03855901318013236
0.037679886393342236
0.03747912739436842
0.03881146926651083
0.04142910791355448
0.04393800926279418
0.04522115637159607
0.04546643065128028
0.0454886671980055
0.04601247165063833
0.047334026569446144
0.048865263656543007
0.049489211714225906
0.04844565084354769
0.04654675066060974
0.04460112270318516
0.04249296605271183
0.04094206775735702
0.041130319580156324
0.04248839290244908
0.04292996212020824
0.040604590340596255
0.03535412966990801
0.029348453422290616
0.02559830242584043
0.024921832384953636
0.025920374697904792
0.027154629247923046
0.028024728506725976
0.02860174103530764
0.02897637819672594
0.028501526662281583
0.027090138350928404
0.025627390444115505
0.025458760294903262
0.027212774012930117
0.030758870282285976
0.03523221302966119
0.03871351364203716
0.03990815691218966
0.03908105435935414
0.03834925793154548
0.03968453321704442
0.04345953851010299
0.04816088402987904
0.05145553995107858
0.05152667804483838
0.048973006959004785
0.04605151689060448
0.043987699965070966
0.043101650566895834
0.043015495528738845
0.04287974153992846
0.04174897839487632
0.04038486316227322
0.03974691397058873
0.040094802170109634
0.040762227514265614
0.040424941180374915
0.03863102649266107
0.0357325271156638
0.032238756424573974
0.02888153106942625
0.027111383917409863
0.027702071941644278
0.029894579331786124
0.031699595599112576
0.03216220302521737
0.031266624639066216
0.0303588170839014
0.030659153076529676
0.032325421145262205
0.03473230831939754
0.03696875784891134
0.03846180985396157
0.03901853103171404
0.039161205359890504
0.03908776806365984
0.0386228097461933
0.03809370151390824
0.03799524585767673
0.03890154045542797
0.04081197785654281
0.04310907828454487
0.044766511477347344
0.04548787674192336
0.046053683857236044
0.04700008149069385
0.04829426289818988
0.048936225961614364
0.04822440313174172
0.04580336002823255
0.042024188954016904
0.03765930576191971
0.03419827988890522
0.03221885076789731
0.031373940933987085
0.030684940147840165
0.029463226337206556
0.027714990428920838
0.026139335713387776
0.025847617082096954
0.02734983507275431
0.03047617030942892
0.03411666685353853
0.03786296394415178
0.04129967521359142
0.04353210000965255
0.04427095313962915
0.043854934779217536
0.04267472065052144
0.04109398265500675
0.03922465670775766
0.03723577108375068
0.03578489774070734
0.03511036195845405
0.034386480144350154
0.033271562876396904
0.03187825891036041
0.03134200107106874
0.03212011647292016
0.03362951935300219
0.03497258249901459
0.03568219977075781
0.03615229380581183
0.03625842592512164
0.0354795735542105
0.033801938888549335
0.031997928771387844
0.03138398498643307
0.03212643731848808
0.03301441490935201
0.033127357432475774
0.03232609445107758
0.031197190674840627
0.030571009458704133
0.031210736741000687
0.032968897607670786
0.03532986108498729
0.03732282406852418
0.038494606179138476
0.03933773071919108
0.03966972753431793
0.038613213435786345
0.035918835563245564
0.03267243057380717
0.02980757340118361
0.027396430983793876
0.02561248670010355
0.024785555218556653
0.025047493440425457
0.025867046157572845
0.026989824905451848
0.028614889101775995
0.030664322438761132
0.03254434029898062
0.03415141708973644
0.03574980798851998
0.03780313790285711
0.03992750020030132
0.04121901647423172
0.040270047142998755
0.03724059552609359
0.034303254585362014
0.032804408872218964
0.03248297077902327
0.032722503768625275
0.03269716645394482
0.031878223043152916
0.030626199646173087
0.02967388622021329
0.02896092824244714
0.028004509507540905
0.02695338448231911
0.026598877180230348
0.027230095582074784
0.028260349546420843
0.028997128253560506
0.029003069771077108
0.028829806536200604
0.028909174227768335
0.029281817581123266
0.029605718498914795
0.030091813400205464
0.030651413626551164
0.03134664995875394
0.0316390812907874
0.03121088856525772
0.030599063698261212
0.030856534585339823
0.03241653781530438
0.034348414326923295
0.03526813668577941
0.034554104733005374
0.03237409161736987
0.029270246323074324
0.026384085901188258
0.024993174159656385
0.02580960354076918
0.028728353874224295
0.03266484584954869
0.03605202629709723
0.03806485526027935
0.03843551279209653
0.037278330293412335
0.034732739266759176
0.03109593213006292
0.02750759702221004
0.0250405648005994
0.024246821739282488
0.024803301796775798
0.026133586958844216
0.027366607449453344
0.027950223106009614
0.028029462139751
0.027964694996752065
0.027986097813796917
0.028120940130443528
0.028500444152427747
0.029336311862286992
0.030513685063396204
0.0314757070397546
0.031840972426311086
0.03175680899922552
0.030967417825797414
0.029500449574996725
0.027992129410196354
0.027039361832464515
0.026732686487819624
0.02707937651373683
0.02818142119210045
0.029942635078993925
0.03200867464740725
0.03414158653572309
0.03570288239189079
0.03595071054719724
0.03513740349739909
0.03391711386082788
0.03329909222587151
0.03348766317887977
0.03406679652422892
0.034285267967372655
0.033507061225383716
0.0316548543883484
0.029280981271129117
0.02728619071263339
0.025985207726642028
0.025731139428406203
0.026911852295245113
0.02924927346147029
0.03147180039678631
0.03226434763615234
0.03179520440352677
0.030447434168871124
0.028986711265745573
0.02838939222070827
0.028204446695240807
0.027385561909790912
0.026167119319065155
0.02575585570459287
0.026505699991908604
0.028130686409114692
0.029720706230479167
0.03016996199436453
0.02930638180018557
0.027758615104444242
0.026617695578712033
0.026269234386741506
0.026430501812559997
0.027094855863752064
0.028437606507637915
0.02961061856228715
0.029382818444108918
0.028123040300155944
0.02741696405409879
0.02800486732504623
0.029190719898521025
0.029988173680813256
0.030349500635517057
0.031097989889736347
0.03272718796942471
0.03477781492263564
0.03657773827108715
0.03802212532188398
0.03821353392755382
0.036437093082622024
0.03343701436535245
0.030380915536141466
0.027396285174590446
0.024527831987530453
0.02292294322115775
0.023302790287998944
0.024891848541844883
0.025923260661741356
0.025558020290410172
0.02492117090332696
0.02485224476675999
0.025630554027316132
0.026889055850652467
0.02818790476162442
0.029158094903052413
0.029334886132144054
0.0288602767208939
0.028024609677888616
0.02706648041602552
0.026571518463916997
0.026654100484300138
0.026787085162862875
0.026740010742690466
0.027241403542140812
0.029307108756473254
0.03256287426967625
0.036075068411351184
0.038912742305838834
0.03983157829659487
0.038202946298440094
0.03560494473889117
0.03383081681076475
0.03332493926473463
0.032879659110001506
0.03160376973014256
0.029373522038955383
0.02702817086984893
0.02598944360659963
0.02703265379925912
0.029921301990426113
0.033074611831487716
0.03522986718297366
0.03615568805235141
0.03658676577787769
0.03689826551248457
0.03685980131921595
0.036488484160520036
0.03623796419344833
0.035563722994945396
0.034003427199782464
0.03233873533843575
0.03173796696485434
0.032051515587842035
0.03197997212779955
0.031285427576556
0.02991426381481069
0.02850955761163642
0.02838202523565075
0.03003387615110147
0.03245944890027706
0.03400110551678902
0.03329341777773976
0.029886201501848536
0.025287347139363724
0.02205686870807365
0.021878555089543533
0.024236083059241013
0.026964955175634145
0.02816600702348647
0.02749791522016193
0.025568512899195667
0.02372431281192408
0.02341888640931933
0.025170742737114588
0.028259118082493862
0.03137448699227983
0.033344027493709266
0.03406811354122118
0.03398586800156481
0.03320312304461558
0.03162241760755047
0.029016641979045122
0.02617324036430185
0.024476329398296977
0.0242834283238518
0.025136131221426827
0.02640954679984361
0.027405572553572996
0.02757668396113261
0.027039240872365086
0.026739556099007102
0.027472379908928694
0.028931072018592997
0.030199487852764495
0.030559615837641035
0.030170014071834672
0.02975866829833043
0.029540970008380414
0.029089222772534548
0.02818401839297892
0.027607247337509147
0.028321597621608463
0.03023253720543472
0.03194496043577088
0.03222168549796407
0.030772250456080584
0.028338563055667346
0.026416007630557556
0.025484996570855428
0.02556406708830973
0.02639815363407437
0.027463835548489485
0.027951031891894965
0.0275222148634413
0.026122950824723358
0.02415735265858886
0.02297878722353478
0.02374934176237406
0.026120613209809643
0.028404685481953733
0.02915052844602354
0.028143674486321834
0.02631406128409566
0.024460380689731002
0.023418944382732794
0.023935518228672733
0.025926273286047144
0.02806172784292898
0.02928668995984169
0.029218782500424836
0.028590703748778635
0.0279318267238419
0.027339337718861063
0.026648891496568947
0.025735917478477824
0.02513674518663199
0.02560585623006013
0.026992744705493017
0.02794502090643459
0.027819638874910027
0.026953128162402633
0.025963192759207956
0.02497242836171514
0.024085927214321495
0.023372385324907312
0.023024772073098047
0.02297439683257285
0.023049950175346886
0.022598025954294217
0.02153345248151913
0.020846703267577014
0.021589344439052346
0.0241169054907843
0.027164939699985995
0.029161631576895095
0.029719993834927773
0.029208304477389486
0.02810060718137209
0.02756238175768001
0.028104343267812366
0.029154450011921785
0.029965949520820153
0.03024722262656686
0.03017919582925594
0.02980729818064256
0.028659569391048773
0.026457906743146416
0.02417212640274555
0.023449586290431552
0.024902043091601715
0.02751286098631745
0.029569176249945987
0.030404420282482778
0.03017903573432356
0.029355823864824653
0.02884889545491342
0.029043818268929926
0.029896671557755092
0.031094014743485845
0.03146686355174988
0.03047043574700967
0.028807678757665035
0.02801170607613743
0.028343801894030483
0.02906159482636383
0.029305622361208417
0.029223552004213567
0.02944824531661769
0.02998497481716397
0.030468328078563523
0.030223066861255872
0.029329329942915025
0.028308332991525412
0.027321051819672204
0.026810237798048617
0.02657137102613466
0.026377666613872197
0.026489093752243363
0.026884888255745438
0.027495289746801946
0.02833186202066408
0.029188795199137103
0.028978708781742073
0.027486897639453473
0.026320242968454654
0.026809209522700574
0.02857458184778483
0.030734805902531734
0.03234245028499163
0.03260430568607167
0.031823681645802585
0.030540509451144216
0.028998458452183375
0.02788029597394331
0.027449623613653013
0.027503709136724053
0.02771590388931828
0.027702103085526494
0.027505133157644027
0.02726496768825882
0.02713996807824049
0.02683981020532415
0.026289182326156183
0.025756058428098968
0.025443243496184244
0.02494352187735656
0.02385352387383015
0.023078144645487048
0.023578443445543315
0.02530917025215503
0.02803436226239638
0.031126555375225646
0.034253140502564276
0.03670916984272497
0.03811938675199107
0.03822091433845015
0.03652700558467869
0.03332478683693338
0.029756721580065818
0.02775963192387475
0.028167734832289303
0.029768731041538585
0.03153297697341042
0.03335332663256716
0.03514134123926741
0.03630896535251091
0.036018372423685656
0.034396243191420525
0.03280814661021318
0.03201968387885869
0.03222771675973831
0.03307926580669234
0.03363106339427129
0.033394852415748424
0.032709623877039753
0.031963018411319793
0.030672840616560972
0.02859673161526204
0.026304255567360362
0.02456697636799505
0.02344089661413646
0.02328518310045691
0.024574851610737004
0.027036476895663273
0.029471905318269816
0.030488902502905826
0.02955369281072649
0.027488679078918
0.025707349046534794
0.025210514946078434
0.025520113466738836
0.02543539658506896
0.024334426417202345
0.023071224694113983
0.02312891976675617
0.02550951572671501
0.029829935053034263
0.034637195922686645
0.03857896562937761
0.041147104809456526
0.04237894226643112
0.042624053600713356
0.0427002479835911
0.04298627019979129
0.04355531124343283
0.04464866750428683
0.04621827149662794
0.048193944638676
0.049690439367718435
0.049463333632232265
0.04693309311496479
0.04232392116412304
0.03618937166443807
0.02980221267759209
0.024861713192122603
0.022379073416983638
0.022755605724314246
0.025018489481622393
0.027506288725583573
0.029141463880787682
0.02921343617431055
0.028261620378950893
0.027278088384563002
0.02688054722840183
0.02724569524097303
0.02811958004365861
0.02903725411472517
0.029572347816515392
0.02954498106527022
0.029072792513819997
0.028427794664691218
0.02786721027520841
0.027395282960668302
0.027628891705582505
0.029089354011823467
0.03130588810877071
0.03321343973739274
0.033942467279392534
0.03288200831587212
0.030737810924135713
0.029575481063535435
0.030602276693227442
0.03282114560281566
0.03486140667470058
0.035494797636977514
0.03453207717411042
0.03290177062864043
0.03150510880314448
0.030990539357368712
0.03185307375147371
0.0339576876877502
0.03635475162800972
0.03770983166387211
0.0370528158207336
0.03469141660955606
0.031784978664701
0.029997995592388044
0.030279380261942292
0.03234079309006327
0.03476451209183526
0.03596515405228397
0.035388699541138206
0.034048556881821124
0.03297800723508578
0.03207549947519849
0.031007070800920244
0.030094025091264732
0.029566496449964754
0.02954503306860695
0.02991588481010481
0.03028065389081127
0.03047049469148834
0.03054887651905091
0.031070045508130657
0.03237360729544023
0.034297880300513055
0.03657208985366815
0.03837705982747796
0.039227340221857566
0.03974773897154307
0.04065069215279109
0.04184874089646339
0.04334218016346615
0.04487545509333112
0.045581736957757954
0.044881189023135204
0.04281718894581842
0.04040747429007815
0.038865971578337315
0.03864751222879013
0.039080296057070044
0.038966691720534116
0.037628683490098916
0.03509816379487179
0.03209027676623421
0.029648274390726048
0.02849959155505001
0.029640159394629828
0.032676538825633136
0.03565366379142189
0.03696957266148627
0.036137604556682995
0.03411928941313126
0.032374504613106675
0.031654469415600815
0.031986816946340396
0.03317429748523952
0.03500525944292905
0.036973639948916094
0.03848577415096263
0.03941575492722486
0.03952244770389121
0.03900936516050859
0.03855041710162145
0.03894794167803329
0.04041631595658538
0.042093490462644795
0.04286226355011284
0.042144343458629774
0.040521874882824875
0.03908562647384032
0.03822436702810953
0.03765387406004813
0.03683110073117134
0.03548564267177209
0.03431517608005939
0.03390461534689353
0.0344955376421323
0.035719580396645016
0.03655517957082992
0.03625259142673468
0.03474675011328277
0.032369013347605995
0.029414476515598507
0.026888141970594883
0.025858804012583163
0.026006202602976793
0.026705614719652986
0.027500914852193612
0.028099080700581137
0.02901121714905947
0.030951921106019735
0.03381577990061902
0.03656425902661886
0.038177560827445785
0.03842459003174518
0.03755347070519787
0.03618202019728033
0.034858707113904874
0.03467900270945217
0.0358502954897135
0.03764160862020692
0.03917798692574576
0.03982290527286555
0.039201111843416264
0.03744960170360528
0.035015746033938255
0.032812042485666215
0.03146180170179305
0.031412311985070634
0.03248173798574594
0.03358398740761451
0.03433461805023423
0.03505525317125697
0.03559469811442953
0.03533236971514541
0.03406865917651881
0.031849325870435034
0.029453741919695627
0.02812641081823179
0.02865176459503895
0.030815416909320593
0.03317573730128419
0.033840454216216974
0.03267164249347624
0.030422912979953975
0.027958310267763596
0.02601555929989058
0.02506995473467715
0.024989866065080163
0.025208279208160402
0.025065117225321162
0.025340478053276706
0.02704725381036225
0.030096014945125794
0.03343659061624628
0.035551812712625835
0.03587568319986475
0.03489820564209713
0.033491479485650136
0.0331110769196751
0.03499553714233694
0.03888903286275891
0.04340423312538399
0.04706843196520505
0.04906687505684323
0.049058018074645916
0.04700441933266436
0.04342829539085428
0.03953922743472542
0.03634078208644784
0.03481102022508592
0.03525477508214442
0.036608494890304356
0.03718976427886018
0.036318804624945696
0.034390943277135204
0.0319691333815301
0.029863554094810355
0.028487662909084163
0.027453479560712705
0.026173448842760242
0.024642800828136482
0.023881782769218245
0.024808333209826644
0.026955039691522326
0.029346070126328602
0.030922022654276276
0.031206660981492225
0.030710415466080592
0.031065497244574653
0.033061302722940944
0.036401627822588295
0.03960417274803016
0.04208364918458217
0.04391952072647344
0.04439177167237035
0.04280037916987578
0.03978712555116207
0.03669107050290087
0.03477091186504393
0.034848659114808465
0.036065615591517095
0.036942771626963126
0.036650480709390226
0.03509760332509103
0.033027612496057644
0.031522955194109935
0.03113058524055156
0.03192201922062638
0.03359025900952702
0.03550486148345709
0.03725381946814026
0.0380525775194121
0.03745222047195388
0.03599590172417026
0.03460622085494067
0.03361247380138148
0.033060483766973105
0.03282735072522226
0.03301020386367243
0.03354510679741738
0.03383967586491896
0.033056592278694785
0.03125825571360707
0.029559805909559318
0.029847478615640577
0.03237809000399881
0.03590989766488899
0.03901092747840999
0.040640897769423937
0.041559429442191195
0.04284451953493874
0.04474146793852065
0.04679349766106488
0.048728663550200106
0.04985173826099972
0.050101506902531345
0.0498113492209781
0.04940338920950951
0.049864339671736355
0.05184927725856586
0.05478863719409963
0.057364061227637125
0.05782670775894957
0.05543241390470238
0.05120815203348619
0.0465540987386175
0.04236987056868367
0.03900230331515714
0.036186023140622935
0.03383060000681293
0.031793645049450855
0.029844224928244793
0.028742558333039316
0.028976834738322167
0.029416635519737725
0.028953373482756242
0.027382587043320562
0.025570249591651623
0.02435903038136691
0.024225304754044746
0.024933880638424638
0.025935414027345966
0.02675652079204932
0.0270687474951369
0.027498699918033956
0.02928912187616292
0.032879304259171356
0.037384597771220184
0.040876170636793614
0.04253980756667532
0.043346856596910746
0.044003444401666536
0.04441361946858565
0.04520392911793322
0.04698464427700987
0.04987019583160582
0.05313707056497643
0.055822902285547864
0.05689580221311444
0.05624346519909813
0.05380169843164772
0.04984929468502597
0.04517758766618238
0.04034570315870191
0.035940349469267656
0.03265808441776007
0.031257365601498464
0.031288249341164365
0.03159314932529014
0.03178294983523254
0.0314192979728911
0.03021416835597249
0.02835595551347871
0.026358849492547357
0.024770616868638382
0.023706919020830237
0.023111479874587455
0.022890025473227087
0.02265256245096961
0.022775410695560355
0.023811881100891535
0.0255601890849563
0.02775993206590783
0.030510309946145474
0.03363505381980371
0.03633460013496077
0.03850374779626036
0.0410146214955805
0.04426360577094941
0.04804361389731783
0.051847675814642655
0.05483375982056981
0.05589734461003672
0.05531229250732376
0.05431732657518951
0.05363813794149857
0.05306572876446428
0.05158823913296311
0.0487927595290436
0.04573046804449669
0.04351397467450027
0.04247258856200613
0.041530995089751166
0.03952678401198869
0.03617739729810304
0.031606752089706695
0.02652399854712049
0.022394414254814997
