1.1742324973860241e-31
0.07185126885707616
0.18534592035233627
0.28767082603080646
0.3581154127459607
0.4573396952378605
0.5131396945378325
0.5825205041049597
0.6397774631389557
0.7118355936917916
0.7829010502992121
0.8834982018280323
1.0199209766802608
1.105257325792353
1.0802745169004841
1.0627012594444563
1.031656674507436
1.0912622662034066
1.0953723392807044
1.1121784527675442
1.1121680674227568
1.0967396540828336
1.0601073102769172
1.0645534968641928
1.077495134091152
1.0902151901902855
1.0832951596591671
1.1166756945034706
1.140849773787917
1.1675634105809634
1.236067673564957
1.2777164435824648
1.3025456597622656
1.2771530534869764
1.1761723548719378
1.1621812361087724
1.1873217089915142
1.2770342589365107
1.3695676721156012
1.375488160778174
1.417627506657337
1.423713111581734
1.3638577690650375
1.2561298833010408
1.2344529625320564
1.2632534478809911
1.2050462634792396
1.2381544179155857
1.1636694996744588
1.1782057550767968
1.1157857370362443
1.116677382517133
1.1178647663399477
1.10445649249971
1.1269997849716495
1.0811383914866157
1.0237946211741482
0.9795998468049492
0.962356642938928
0.9450744769251739
1.0204613297087426
1.0240925981982747
1.0697308479631131
1.1319846653243755
1.2220600746464432
1.2831504701172665
1.2864155292463668
1.242693755367786
1.2443800593863008
1.2738853871278284
1.2658206163784795
1.2092630685116788
1.173727868281411
1.1906560848157277
1.2375163280707355
1.2735173993661313
1.3289027344866111
1.339843018969281
1.3495127404577234
1.3240261740358286
1.3405417639822392
1.3381667823323515
1.3328495321466471
1.2645476793431012
1.2050530719964179
1.1243810784639647
1.0360281503575808
0.9869418245022721
1.02580033892078
1.069686838723558
1.125128193380894
1.1973841429856276
1.2238957473492598
1.2353369237729352
1.2463039485983334
1.2067709601475072
1.214081871110891
1.2107048486930347
1.2282830066932509
1.2484480745021862
1.2776094033257954
1.234072229488943
1.2629131370392082
1.2859149454262158
1.3878435049793176
1.4656784401474543
1.5784664334568266
1.640879685945148
1.6325472897298587
1.5978806427365448
1.521572883589894
1.5024412230462987
1.5536987579153403
1.6060137202717824
1.604733022415144
1.5322186131426385
1.4851809305582266
1.4965936502692772
1.5022894048600388
1.5214495777239019
1.521589175291761
1.5795937052260824
1.6391231551769863
1.7091166649166745
1.7215466907559287
1.670993710222522
1.6023788858816836
1.5375058567586268
1.442722452050161
1.3878690054950455
1.3959666138825704
1.4459550316392917
1.4986819850974633
1.5616962999481825
1.5901609700238069
1.5863857451449768
1.5599876419319665
1.590066101028051
1.6785889810964068
1.8072718294434755
1.826014625787695
1.8196270557140402
1.7850360871627928
1.746070651289509
1.7598900430445508
1.760956141227489
1.7582610759507031
1.7037799800174294
1.6600705891504868
1.6394546761325213
1.6151601742210808
1.7011120298388327
1.8324344350591573
1.9432584677422247
1.9927826122437022
1.9052660777345227
1.820562135704036
1.7842906017954894
1.8374286363729497
1.8867468177103872
2.0248067095523945
2.1091892505206107
2.1274426883284376
2.1157410194637962
2.0884263618640575
2.1298753687766303
2.206483289708873
2.343640716498433
2.428791582423142
2.478553890917439
2.480675782061561
2.384717761559148
2.333193800358386
2.3748557853772936
2.412349818551921
2.526164668484179
2.550245163084671
2.4740664618491883
2.3084990787832314
2.2221959599037695
2.2567077650315133
2.2649650664572722
2.2435090989457835
2.255172510701519
2.23307329455492
2.214971718902946
2.2478447860495896
2.2446280831490513
2.196350815521318
2.1550325750105346
2.08391118026112
2.084803160517348
2.1422307382931023
2.2701242801485977
2.243796690859381
2.2370625400773525
2.168816360730811
2.1257886380958655
2.1134381292005373
2.1205697218907766
2.16101584404659
2.277087439582848
2.4277407669979905
2.4744272668088403
2.464568579422758
2.3356567637430805
2.2381361959189654
2.1833179233224063
2.175200362783489
2.1512387053955635
2.220310483142147
2.2336645741922254
2.2367886487552084
2.1286330981824495
2.0601833803758836
2.171625555230929
2.3080147611628146
2.4765912738007043
2.584741373329548
2.6030382174163886
2.6240566263834735
2.591601381810462
2.481607619512152
2.465948619313998
2.414109180449307
2.306338808474397
2.210637858421154
2.157717173146305
2.1783928647913067
2.2010360086268355
2.282108297362635
2.3086110769053128
2.2319722613037243
2.1562855042172404
2.037708460388357
2.0527079153658123
2.0906231563393534
2.1959049699949316
2.2188577315735536
2.2868221162606033
2.2723919774701082
2.223812878861598
2.1263561259377544
2.041651164877705
1.942547481618433
1.8837175978989689
1.9443393049611115
2.0436615211425324
2.1385405965628546
2.233522474021916
2.242117929081637
2.2102251102802337
2.1522006289881674
2.077503728391066
1.964449316844423
1.94330521448639
1.9408781565274957
1.9639154087605055
2.0308900205979343
2.0934318719060867
2.1106174315273187
2.1030346578555865
2.081592657309387
2.016919434533484
2.0353530514440976
2.0733797975694572
2.161968000412677
2.2308980528047897
2.3447198055989293
2.409645690496713
2.375144642478008
2.3174513042159126
2.2395731902685925
2.266966453839681
2.3757226117868826
2.4583930360386526
2.5120548341359994
2.480144680139639
2.43269982667734
2.4304088441752967
2.55510993945024
2.5856835117394166
2.663989882884467
2.6427406569325966
2.5944801965698696
2.459539317457996
2.445108475128365
2.4449580231627466
2.491528242808981
2.423622712968904
2.3582364027396916
2.231778440834756
2.233247412778616
2.243405165691014
2.2632221414358824
2.2329464504493397
2.221357335704364
2.1637519304952133
2.2009635751812247
2.2747976830324776
2.3923696924872164
2.524165437948173
2.542777643302777
2.5004971241888736
2.4734770839677993
2.391750473095512
2.3219569552372348
2.342303803216068
2.2895523771020385
2.3219441839029615
2.3674905476916974
2.482260528490132
2.5572592825203433
2.56395792071159
2.4503081886069884
2.3033817761444446
2.2147018870815156
2.2644835876329976
2.244930805338737
2.2403341211865473
2.1713062494095245
2.1491993302673387
2.1855316102594298
2.275292675492186
2.336395478101621
2.334619975379943
2.297614560597247
2.277364323582107
2.2468762242735663
2.2449049261467993
2.1953635126245765
2.19726639307813
2.227403967847044
2.2799270238681397
2.338930329827929
2.3299565160043816
2.2367604332272113
2.0853028890498475
1.9843462517917727
1.9498796029732355
2.0519547092022754
2.1686518530268244
2.276270788980036
2.2745241504837557
2.238584013351272
2.2208523014381463
2.266838379637062
2.303706590372955
2.2647573072250995
2.183841301157551
2.1560956679380188
2.187632797731102
2.2748214179259576
2.357888249595281
2.4193372943873945
2.459956663590127
2.447679017592438
2.3270622166611252
2.2609589379841957
2.1717735819791444
2.1289997893709245
2.165933752485909
2.1975048301130062
2.216043003866565
2.2637550382385205
2.272462822711441
2.3085870353199223
2.27452944274428
2.2150399555896425
2.152639952416661
2.1444270837975035
2.126176079258492
2.057911313541918
1.9733282705577129
1.883012280930577
1.901720002193155
1.9282186153019516
2.059189302834509
2.1683680972909793
2.238550995608585
2.2277137650158054
2.101884105526147
2.048673572834588
2.1098696066613942
2.1473946600496068
2.205353966413425
2.2440540481602893
2.2655344986046653
2.27733851801682
2.303112196697025
2.3387851219929536
2.4204965246086365
2.4134223131348844
2.5040810716133146
2.54614036772989
2.511711086527155
2.4626682883144877
2.404651936478219
2.4167820852463295
2.3381110576008095
2.3291077346740217
2.266706762713357
2.301141468442978
2.2473553435324782
2.2092186110850665
2.196675316881747
2.2736796486872377
2.3997287315149904
2.4611023377178602
2.567865354789985
2.605641617102248
2.513404609117968
2.442502738607668
2.3717694862285192
2.4339277515139353
2.547543568085643
2.631037222483698
2.658934838661194
2.584670672082253
2.4867720631500045
2.463525150540215
2.4082087295009464
2.422979062502569
2.490402100604478
2.6045674811816086
2.666979751889715
2.553296241146223
2.4584796325630123
2.310071915923449
2.247500658571913
2.1828130660863994
2.171506281375914
2.189830409649267
2.308799486031
2.377686989128371
2.3693080976253764
2.4010282091211397
2.4439719671389146
2.495266079562349
2.54602341097712
2.604773749523164
2.643220649587475
2.6497616643096253
2.642903381677652
2.651705002679946
2.662702386555248
2.611952139642292
2.5527331038037397
2.519703027774127
2.4974033996345084
2.460299969105834
2.445918436583542
2.423427164199554
2.4806432860456975
2.553702514350911
2.592873469142791
2.7196037790683385
2.6037625695627997
2.593575999845605
2.4761434589571767
2.455866482774364
2.3981993975485523
2.426747581100778
2.4485579717515544
2.580688259643678
2.613412167958375
2.6536695331272306
2.574926168217419
2.487957452180195
2.4360712000257103
2.4347088046360676
2.483823073397224
2.509135199583744
2.503412357620027
2.4674720303721824
2.3837108616511142
2.345004259107512
2.432251177393712
2.5345579564188787
2.664533660822435
2.835602968073039
2.783961500993719
2.747324393015883
2.6438690680893746
2.5677595758397795
2.435120799908539
2.4178103102148523
2.3915614728896464
2.4192599422027348
2.4617825584494213
2.5444530004742236
2.5753239673614283
2.4861247708977547
2.4433076555217683
2.418342396637087
2.3867028341604875
2.3707113948044487
2.3457247927313607
2.3978695568915627
2.430628461681501
2.424297841296705
2.373681237360182
2.3318688775148604
2.2628969914421573
2.265198587666417
2.2393699378641183
2.330943417341089
2.4383377603671015
2.558147755021053
2.6222175826214946
2.581030443326416
2.4830926896653898
2.4046434195868294
2.321013608939471
2.3413682366646142
2.4374785727165835
2.4966770201227204
2.5411182588629377
2.5366520966655166
2.655105723161533
2.7301100748915634
2.918949155868178
2.943302072137316
2.9716071782993763
2.9412013753184367
2.8553958665884784
2.680272982991364
2.6020587850432775
2.603086875130028
2.700387300363721
2.6790937095120833
2.722030709845776
2.6464321034303975
2.6285341616618174
2.4944736581522027
2.420638050731502
2.29925606093973
2.303363246597372
2.337408942917978
2.406919776395865
2.480724354224956
2.4622637832470535
2.4716220855882853
2.4656669186826545
2.513387149897176
2.582718577379395
2.6073113083194306
2.570449928299479
2.512739237010976
2.4427298565766304
2.378141890003371
2.3052687286850313
2.252074913182806
2.275569559757859
2.2351529163007995
2.2453797638086725
2.271390499697599
2.378083359594205
2.48682705041451
2.623817056018716
2.791228178415725
2.9039971257821766
2.971087860379256
2.907225511803483
2.8116983206742776
2.758313296965408
2.6537803798297284
2.4288700312500087
2.3002603343293173
2.2569482961234058
2.3646136920535143
2.4608549919594322
2.559376344975516
2.687472029616328
2.8565890631598383
2.955804199778992
2.9999548281584607
2.8788970661902034
2.6675113908052728
2.4956034919134686
2.4651530876567973
2.5090102058801436
2.45443428879982
2.4420118366234167
2.3553854584526803
2.270866200163814
2.171547174012833
2.166117492139532
2.2545157432273872
2.3448322904998586
2.404979091737934
2.4603419782329587
2.4930593388566247
2.4578526676028734
2.540314685874848
2.6061335351500294
2.689091154831057
2.706388110063228
2.6958553413936843
2.670702881480148
2.6501540516738493
2.6745491445216767
2.7318973043524664
2.8797951876100516
2.867685360169326
2.8825013831523
2.804995784457349
2.754578389128514
2.7740266234594295
2.7285236181541213
2.6103436579375847
2.4912069139266206
2.3835753735104515
2.3595063431382814
2.353468205050168
2.3823383591270155
2.4318654885374142
2.488922695569552
2.5128970913638615
2.486364381506093
2.439599501996391
2.432618698353546
2.48733617158307
2.5052995965395564
2.5461526148696043
2.5818695880466263
2.5380190659127266
2.4496059792466407
2.4466536351922104
2.505418936793474
2.606050897246696
2.6473732904927183
2.552886355233019
2.475564863441232
2.395883951719984
2.4131457930925855
2.453391514496008
2.5472948066292567
2.749323551372211
2.8736601543135256
2.8864652472478407
2.887438833836095
2.9217459120591567
2.9946347938322684
3.046112772993355
2.9751208839271412
2.808524318330616
2.6016793731185834
2.473121640233849
2.379075052417873
2.413178575318769
2.5230642058992174
2.7691433087631303
2.966331887616128
3.1157114395389334
3.0749018161764106
2.9953085008027167
2.8437360412509447
2.8887546131932815
2.9763232664811277
2.9712318313158645
2.92270668447948
2.9179551288329098
2.9185781258201966
2.941684470961659
2.996709472025822
3.0160680931384656
3.0150449431072737
2.897284671709694
2.8791967054180625
2.916942905348172
2.989512980133394
3.0886645835700204
3.1955015968754688
3.294058027359164
3.3567758424993492
3.312688241552577
3.1550580704398437
2.9805105442419464
2.8485871913859304
2.8352398025727847
2.8433840246083144
2.9320267955260957
3.0517502339435074
3.071963414895333
3.117498188043616
3.1611702741985854
3.200950793359363
3.2270175978809013
3.2491319185947924
3.2326229014358874
3.1676848786875347
3.08877609224404
2.993647883805364
2.978198363388676
2.9485793920944103
3.0073570882257443
3.069173681542105
3.1403697546082214
3.1806944262111494
3.2139733007286795
3.198536175871403
3.1073976332728153
3.0439776221915364
2.9737678191150247
2.988079752200174
3.0266068649937132
3.0728356959668117
2.9762161760379935
2.8148598592979486
2.682165303698679
2.6236821864510316
2.7201409251781947
2.7898080710809987
2.966178973760046
3.1103422803809635
3.210765981388973
3.2722541326500063
3.2741328210680813
3.289662537003022
3.2998169988842556
3.2588473196268177
3.3092793030646117
3.3260919026123514
3.395413225446697
3.435980446327293
3.356836672474925
3.339154850253871
3.328564884499932
3.3355982622502425
3.3313517231614305
3.327882274274258
3.280098039226793
3.2668994624296444
3.284581840173844
3.3044626086593083
3.394641091453169
3.3124524893368337
3.204525880051001
3.1415293984092876
3.1247916654281647
3.1377600497954155
3.1609014525849286
3.162149537601664
3.1146850775818686
3.051546801027941
3.0485916696010373
3.068882935515339
3.07626642037697
3.110453213112018
3.2335968566526505
3.359032557326295
3.4225374442964362
3.3308173445821754
3.217204429939228
3.0863124840691714
3.091219219590486
3.041331348086291
3.047389408620184
3.0511649509818786
3.0818948941994346
3.1314449168909055
3.155003672190507
3.166310154587984
3.2685121305096994
3.3295522441713983
3.3614083728079347
3.289807891487331
3.2362108220951606
3.1578975398785842
3.1632935684141894
3.188530750271057
3.2980236237847484
3.294498609994041
3.284224260875831
3.295945565041461
3.2163653255878377
3.229450786918706
3.219805037563859
3.3359339133566723
3.3447630309804373
3.3813181629181006
3.282557264949747
3.2168856374584998
3.0914281546701803
3.0484997633234845
3.1127804834261394
3.320011211594059
3.457643070214945
3.5326492139140684
3.3879328708120853
3.2949226650722925
3.3096913809317985
3.381015726118159
3.512019272929743
3.6770412903145426
3.87152870205706
3.880057788079029
3.726714637596473
3.495850229917875
3.3312882106136272
3.251059438345209
3.3026121303050098
3.382701970246027
3.4134877007535738
3.3851828285962577
3.3704882233874622
3.346337512900917
3.3822379003781466
3.38042033220931
3.4087649033987173
3.337593952019331
3.3108483650270597
3.2171915973080334
3.1238852471658234
3.0551643938711397
3.0819008599446907
3.1307006175689955
3.2236576447402876
3.2796317846580725
3.344736658504478
3.2797441851924862
3.2958335508182413
3.2629290694250663
3.396213194532584
3.4933217036122093
3.582084180740385
3.7050827533783495
3.828192580752171
3.874510092282395
3.887890180454559
3.851694428807882
3.7272108583092214
3.6315453388077135
3.499804529055017
3.4436201795566177
3.380926500736835
3.3659426207778798
3.3399292869886663
3.2919524144949825
3.2827380086090114
3.253932091007133
3.2553840559188596
3.3384247887086604
3.499852533389397
3.501913028763752
3.456098697725889
3.44516726923036
3.5327449395918684
3.6424239602139923
3.6554702377785433
3.587735299182452
3.537732322586513
3.459927062939125
3.4118851553905034
3.470944179555048
3.5941161090504994
3.762682927185075
3.824692513689407
3.758369660588425
3.6552841663551674
3.4963268474602645
3.4602490441620497
3.428799662882954
3.4384990063675387
3.529251996261765
3.6357396835145717
3.7545184111159515
3.8402546782507376
3.8590095395593105
3.8190999352622104
3.6103394754437153
3.487152746738486
3.420622795337857
3.3293749420855416
3.2420768022884596
3.238086358470937
3.3329633536695793
3.4333279043137956
3.419549689166213
3.4291315228997785
3.345553234774221
3.362148182518635
3.353898089324772
3.3476445520701743
3.3194925073195796
3.2796800330028546
3.262418214367023
3.3399400335644644
3.5075803476049745
3.8040756999964187
3.919827791313069
3.906941798050813
3.8838548972573967
3.8888637023842336
3.8435340482287907
3.80420766726326
3.8648873356386666
3.9502985371479413
4.025317247594316
4.087746277305467
4.095451283923221
4.045600261542957
4.02735845715891
4.083355193864264
4.157531360927088
4.193035423036777
4.153218014871153
4.108564554319738
4.102893144032113
4.130447068185007
4.120081456540524
4.06280256285546
3.9883472172555354
3.913471081414551
3.8466769985869678
3.8646289622550154
3.8946881836346847
3.921650858220542
3.894291480719395
3.842593270785381
3.7278929643743637
3.6915212456421513
3.6508896719992787
3.7106522788255214
3.737909817095516
3.7822425462420233
3.762774916148096
3.7003074864946615
3.6441986715054497
3.630694208677697
3.6430375395750225
3.7147839163806378
3.8204536327389045
3.8637285499849447
3.8325172668855325
3.7582503783769043
3.669368906786137
3.667415192968894
3.629554629006652
3.5715149865868163
3.569435886743378
3.5437873531004893
3.6742833662545626
3.90946941247096
4.055911799526943
3.977232316197612
3.9096887453130322
3.83057406945069
3.7686710059834008
3.7232054701433537
3.8044936213461438
3.953583872540188
4.158984492164164
4.16278186860046
4.0452380174934435
3.9106646749312817
3.8155839845757917
3.820274416536087
3.8699511365937584
3.934955269562599
3.909443391929466
3.9142831595895244
3.8779708066258287
3.9137641253960544
4.0684065830008596
4.22032999524241
4.262644072248653
4.217640558801656
4.037022628290559
4.0229775662077945
3.9716423354614947
3.9270800129412495
3.7910504292850233
3.7093114402240035
3.6245642359726133
3.6002119421181584
3.5237580907823096
3.513477381090494
3.628651591248677
3.7891191046977295
3.9354410881181394
4.047953404570943
4.106145003829626
4.189562084996308
4.266809918758348
4.20882624358923
4.093086470192466
3.922007570706369
3.7937154642544617
3.7209609088188897
3.762487599579044
3.8274893299601778
3.9138320074799466
3.9719921440373924
4.057656283562289
4.143971955332624
4.177453993009639
4.141991645602826
4.073350422164921
4.054462428423181
4.074959235854515
4.053121048311942
4.074856553974285
4.095628537291684
4.019226366363648
3.9976322764264975
3.8845355503704715
3.7474268488229368
3.6288915520081333
3.572602811556479
3.628636786610166
3.753574644337054
3.776024089341669
3.7797554122013115
3.7865556620903127
3.8223115778221897
3.8618639812567532
3.914998156433146
3.873991194218123
3.813728329321425
3.7992107623865254
3.766008777402822
3.683694046857392
3.6285236111068193
3.674746206143898
3.8428244597497723
3.992880442038894
4.05094220386888
3.964541510135083
3.865467408071558
3.911470517085255
4.089709422129821
4.17942198438007
4.129394983145152
3.891000705675636
3.7023921148686303
3.5810693639564963
3.6030264474784848
3.6206852365585833
3.6829451985714825
3.6241689532285855
3.5633648143514027
3.469688722387517
3.527598766105696
3.591191239714617
3.6953327792669195
3.6380419123016323
3.6651204777510653
3.74768877847255
3.797381061088958
3.9648715113733726
4.03909414785712
4.129476371547696
4.106657575541359
4.003278032163993
3.9559998772715685
4.015610748409442
4.041015203062534
4.218836900962792
4.309058109785416
4.2521325392911296
4.167251819065409
4.059537999002411
4.042322305894816
4.0381236084751695
4.126015855739918
4.066307610296574
3.9886156418767835
4.073445698471368
4.121731499302769
4.107945082623327
3.9265739553340415
3.840924901709186
3.9227952743213756
4.061674195463491
4.196702302225725
4.276640549929598
4.221844172741916
4.195565970479176
4.10900942624614
4.021192114151774
3.946097431169729
4.025715112015115
4.100519341553568
4.115486090969694
4.263096225693579
4.1858991886175865
4.202775496474495
4.2740827215353745
4.441953990870602
4.631520540313667
4.580104823336952
4.4613772232767905
4.310203910532737
4.2298151441062055
4.2088095197857545
4.1464646410494055
4.093465265952469
4.092934120013159
4.243611756232479
4.401395223610307
4.464374706814091
4.56142513805444
4.569830733275097
4.71718116852663
4.721455598534115
4.552618635468454
4.339531988708995
4.126083597345439
4.173140287512407
4.12286490810635
4.188017046364667
4.238514094257883
4.235998930689532
4.06195938269475
3.8701153020672403
3.890404454515311
3.9421982975095236
3.9618300249118223
4.079806960144911
4.138047823732604
4.14347082294568
4.017631850936434
3.9026932018135967
3.87109044711526
3.9024352097101693
3.916634640030326
3.9827681770149215
4.09498770081592
4.371317555958091
4.480646659792081
4.6072903839065855
4.581509671284635
4.542216767112069
4.574678842431354
4.599585405824593
4.59592599243074
4.621729903829354
4.6438661447988165
4.76454129987597
5.0336342785006245
5.125207331998752
5.03832495884317
4.8498392689127465
4.647804934997601
4.513309138508168
4.4587514722889585
4.544134158640424
4.667173634167194
4.829570998667472
4.835569701114638
4.8540435022125905
4.771547687264948
4.694045542753613
4.493654499075038
4.52109270196836
4.607892228321158
4.776636499674135
4.860952179500327
4.937550804353414
4.964572873546655
4.971095028064439
4.894532754423466
4.824980038520221
4.654109397552374
4.527455137041601
4.4122697784928
4.491897948591114
4.509620988653282
4.595728695889094
4.526328918526671
4.495190522342347
4.366114775514005
4.39209442392512
4.3889135890603495
4.439193607535146
4.623063375718815
4.650781670343851
4.736757088174205
4.816847893112005
4.900730209669831
4.727089771277159
4.719282992908137
4.6169466242927495
4.61469041870846
4.597861781263477
4.752628114777757
4.811604049457777
4.824796121677043
4.852170419596461
4.863477050628921
4.835973372190954
4.889642155530114
5.009159959241989
5.081092315930789
5.03583085105441
4.895902304568224
4.7868438110347915
4.5977380706241
4.469817963598554
4.347520456564652
4.3400622558832955
4.280423958871066
4.27702142908581
4.261772727150593
4.163917634892154
4.053963612091459
4.047720476620594
4.046535670254522
4.079014163714277
4.119716806177085
4.206653569699335
4.32333189007559
4.535704355447446
4.6996114076185185
4.881825198033867
4.736208162563857
4.679684483888201
4.574125895563466
4.6174342113218545
4.640817868561267
4.7298211399835655
4.657789873030413
4.631874575011381
4.470293733604383
4.448749870319582
4.436319623666672
4.486129732327586
4.595325172288043
4.737349279719807
4.877598728601925
5.008114646523015
4.983846372775447
4.937133682650131
4.980224184991872
4.919156744204114
4.789437958718137
4.78984706650782
4.730461654483938
4.668763474121134
4.7343848110038325
4.700189353849674
4.704589009133227
4.57964708011378
4.524559353443962
4.540086590636488
4.583070020734905
4.650718766461897
4.709492490217274
4.672817920077906
4.629626463062519
4.529110809844637
4.455569229601155
4.511750854610794
4.612323221474994
4.8424368275042164
4.944175734951863
5.065158469685071
5.171944920804738
5.207443595361027
5.268230831078646
5.379067044802501
5.450333870076977
5.479864870848133
5.514328674421746
5.535104814553055
5.538813009531551
5.625841420488749
5.706725273202747
5.668136351987133
5.643657465451094
5.579906081232657
5.525412930360833
5.508506906646047
5.496722707608727
5.548022849135653
5.632773458742755
5.607661478136815
5.755818852229287
5.808293206324721
5.816968294240039
5.724958173017318
5.740787154008161
5.720704524444057
5.881041622843484
5.928109547570339
6.022042285895056
5.956851504501907
5.9150086364148615
5.80929049154094
5.670617045874558
5.626787648127806
5.606632680228932
5.662434647484684
5.800703611265533
5.933694526956386
5.926268338397083
5.7217520627624285
5.50444871579876
5.379020796066893
5.394162664447825
5.37186019283899
5.27506925006587
5.3007913472235035
5.344261583127749
5.415758984793618
5.503258544491556
5.730035027196152
5.943220189379239
6.0984476390142
6.085563353331392
5.862425137789878
5.5374356154101365
5.2800691309963055
5.0415614434761205
5.049712529559607
5.271124257268858
5.602194798782976
5.90652978751356
5.999855206212639
6.003458106315589
5.978999643358255
5.898487340085787
5.932857200472242
5.8985778380150755
5.9657368567122395
6.027706045957271
6.089076386644988
6.052423382568165
5.98643062589414
6.093720228064908
6.185136280029759
6.28550570543197
6.485949139373428
6.589970985833815
6.473113702021421
6.412096532346588
6.354681883185819
6.413897302868837
6.347266507065978
6.34350732060249
6.178193465541356
6.2218596273968
6.163244896038816
6.240342241585674
6.1913156489079615
6.028939703279984
5.908748453348854
5.92038099294397
6.00585298951409
6.212318249229547
6.2592419695341786
6.330332698585456
6.248879221815
6.299909944391593
6.297799094391186
6.378586111795636
6.407932072458146
6.543272291017407
6.562750518010058
6.651902727124717
6.742741735441335
6.676060468343556
6.609033089567
6.454021719778688
6.488567440837924
6.4761083478471635
6.565155835401695
6.572511995344942
6.53829741958798
6.579375174089729
6.60610820287435
6.856695709899143
6.973870844953095
7.082664682013123
6.9739320863098175
6.901613616575219
6.71368017868184
6.49568437584227
6.385149464917583
6.3180025412862495
6.3855426442165735
6.577838882558035
6.843196944353706
6.763908211906412
6.629939471040086
6.526480121623922
6.549265317115066
6.43464126640889
6.345427414183179
6.254505698312764
6.298728164403623
6.304115993490426
6.2388735506412685
6.146371986861473
6.17678957480501
6.347607272248559
6.394606961099114
6.417755170286211
6.338330725766912
6.2483303915344734
6.2566726112062225
6.316382564628621
6.249596096047213
6.123191485904761
6.135564206113205
6.101498437854304
6.188734003091046
6.233011374264338
6.289655751581151
6.2430056335417214
6.059775045616876
5.997153930424928
6.079953692631114
6.060359806230587
6.009149866858282
6.0605196416645395
6.12670451514268
6.3308314750381465
6.502221724697111
6.526029950583856
6.558488954906033
6.545517953034171
6.54451421346658
6.5442605797941225
6.592821654722668
6.590571869749676
6.5052235153990985
6.457833245355205
6.392891179509036
6.389139699723686
6.450464358547512
6.448956372747987
6.334679939506352
6.33016575692941
6.356472112654795
6.523548344872253
6.699020059960571
6.866962740672386
6.715404787440259
6.510683580056727
6.416926012013468
6.502589772958271
6.4638296515168605
6.500537497945791
6.536830119696683
6.716519703978073
6.688864179181779
6.646273314308853
6.486221895537723
6.131823180397119
5.95952843319262
5.908858385866125
6.081055125401881
6.125244578488055
6.353300244742966
6.600916167740158
6.656725258451615
6.707144779492511
6.675859121910678
6.825777582195427
6.935170907699424
6.963917190781219
7.031567611777814
7.06486631341078
7.068298397831194
6.994955887588812
6.944112156885928
6.94890439995769
7.053326126877329
7.095221718929496
7.106669753433543
6.987114462848079
6.85009870461433
6.716715339231256
6.669296365704613
6.818376377034761
6.847186542863019
6.879893177593934
6.947367601307108
7.072921554395009
7.183628053742934
7.450631651162269
7.513885944110401
7.420980460760221
7.152056682595631
6.928693663596405
6.971436059520217
7.040844410680349
7.2397880285930905
7.139645081393388
7.058405509451483
6.790223787060695
6.630707493806607
6.513610489714988
6.677115983476595
6.80810705950189
7.065576159999595
6.987270615983447
6.756443061442971
6.401871887040649
6.317638254310767
6.333143046536547
6.5578087393933515
6.6971069639496745
6.783847587341112
6.878715920509037
6.808310626618573
6.806892222302421
6.8461023226771
6.823908872981943
6.94404702289168
7.0704047995487755
7.160213972217379
7.173647248804662
7.132222067784237
6.950337485137674
7.0026608972354065
7.016726700845851
7.200082270698103
7.150952912121469
7.271396691388008
7.337326343741282
7.389707056668629
7.406784159473021
7.256591208450147
7.295257158182406
7.207553656407089
7.108409782714087
6.9931653015403095
7.147821238297759
7.285469852484272
7.221845203640481
7.1955751661071305
7.136651890500814
7.1599344682986485
7.16660163345538
7.2726522369725055
7.20195365010824
7.101773537759808
6.89392500229681
6.840771110679892
6.955882109480708
6.871749351760821
6.756807021561114
6.724280418463709
6.7307518043868475
6.868936652268894
7.039063746726737
7.213992220105918
7.371221619430405
7.450252305541852
7.51593529574141
7.548794058321135
7.609922580833732
7.4527719186877235
7.2494634919439465
7.117927347602091
7.233621824345975
7.307911829580601
7.327194829178516
7.225715180983354
7.1763660862240854
6.988754779219675
6.886914901166001
6.815359302600272
6.7266803924365695
6.622104164848197
6.719328667467632
6.838492106392308
6.959063185277471
6.893877777038242
6.796061709577513
6.884775650010809
6.892720078205924
7.074168069943802
7.212675642732792
7.40825365035778
7.380798812423514
7.390953170442143
7.143770583831246
6.96439927835737
6.783640306111055
6.661726548810788
6.752779556112358
6.876726054458569
6.886676257513224
6.862755736850466
7.019554033871015
7.1829861283328285
7.2995853653219855
7.330406825006639
7.169872410693687
6.9583049792119605
6.771359265977935
6.9025257121029515
7.127892380236828
7.4913242772948685
7.574477743975814
7.468452337455934
7.324828836053879
7.162988340891297
7.159905101297661
7.082599389494753
7.143435520662131
7.041418117720089
7.135041570911055
6.948545076972162
6.803256388179581
6.725752172074425
6.776821585819487
6.794002501897078
6.77354031306894
6.896534638804552
7.017952893371233
7.227669269908979
7.314557881366361
7.376561790814828
7.071079718843217
6.850145413409239
6.602879856774747
6.469397776145818
6.7153423885485575
6.881774883963505
7.071454654206429
7.11998517535072
7.264490092357698
7.222046727256698
7.236066795545711
7.117498370479182
7.165073765929123
6.965700272864116
6.817192825333699
6.75551438638794
6.555680193838473
6.5708137521157
6.608759676881112
6.639121336667765
6.597788516444159
6.549967695839933
6.561697097085383
6.749143603841047
6.8823483662959095
7.14636428573506
7.407422988938832
7.482793356062804
7.440455378726265
7.247599076739364
7.036067035367231
6.918581198834055
7.0007101690809295
7.105544004359384
7.218698368537326
7.18716388122762
6.986741894320737
6.9375358950677
7.004655289061838
7.180430609095564
7.3574241017596425
7.224421797374441
6.986045152132301
6.867224794813823
7.031304384673551
7.177863011145581
7.270871281292346
7.22957521943658
7.186701601662195
6.970649627457564
7.015705603864143
7.048437896759334
7.2107644312118575
7.266768464379885
7.418498539346435
7.2214437187108516
7.028789725869596
7.040463534763819
7.218343479120022
7.426387283490225
7.403840414867561
7.474267005733741
7.553354818946044
7.633197613160478
7.593380036500158
7.531102681138092
7.349815475208605
7.180027799998946
7.167380523394906
7.207432318724812
7.318843239639093
7.415627641721774
7.5870348528410645
7.532687051426261
7.428897515403712
7.189587447512596
7.055289364227505
7.069024488300405
7.216735329127913
7.223977576558626
7.117211836038077
7.1757945658205085
7.343792975362117
7.5772363662129765
7.634932807081608
7.590209363309386
7.443874753138938
7.5058862596656395
7.653350197112741
7.864760195406875
8.04576380550679
8.158167461933074
8.114896641530484
8.211271857132692
8.356488733810716
8.255272775652308
8.149132642329539
8.074203179477056
8.166474304458395
8.319376659946728
8.459425508415613
8.476927667738526
8.487085091557729
8.281848836175813
8.162317101498271
8.002747329138918
7.825118947176666
7.612647347556017
7.4939580417446905
7.463875031606131
7.577079022092133
7.71205997526815
7.752422383021845
7.640091093495023
7.5175243403942735
7.255648604338024
7.067464484446637
7.143234627217493
7.21596414500221
7.4010339165361705
7.394469895586949
7.277647744954388
7.255664842265859
7.371943722134082
7.463713974402117
7.488130608105485
7.45107456115573
7.4780877712147
7.475992286677735
7.400322927356165
7.393183443497318
7.335093234386563
7.362577041341479
7.325127485687173
7.382837276037483
7.6479222549501475
7.909205249420864
8.041505692143309
8.09233759253776
7.907228248854485
7.943543331632014
8.035133925705537
8.09573367237163
8.012829088665724
7.833800650434861
7.705948773589471
7.4341595243190195
7.2270079478788585
7.072759094180467
7.092784241899297
7.150408893672927
7.234670302663283
7.142580832086929
7.15169723860833
7.021366766296747
6.962275358329879
6.693868538872037
6.832656698245893
7.033974299148053
7.350605517715688
7.48735527164458
7.425825986175224
7.33118156079035
7.102357074090281
6.947862674355822
6.834685460857445
6.793693687481001
6.906767207687373
7.1298524794008
7.335847668403377
7.469640783661923
7.385904513151744
7.343006817870547
7.454141455883077
7.579025110091661
7.874038327455282
7.92319140145168
7.976473723215252
7.807410877015353
7.726418700450858
7.690619122498427
7.657981692033924
7.697887217193546
7.909581586950497
8.07897666687007
7.955627736739207
8.038321206264936
8.02274178543947
8.228817327359433
8.248712860197882
8.272350465838555
8.16754819740464
8.242316498809448
7.973634544552114
7.727469529247211
7.627656250697486
7.6629453903003
7.838113266854233
7.974771528982256
7.966957766547302
7.779548588175033
7.517801373228355
7.493982164459164
7.544104672529718
7.5353277336941575
7.540338312188584
7.441665675440252
7.363783458301897
7.174118285551875
7.115112382450343
7.217097277789228
7.2126075310392626
7.07776786888153
6.988525255332099
7.08038908755827
7.239968304112261
7.241356953706647
7.285411895602039
7.167169553654931
7.24597187002912
7.278646301205906
7.354876764625703
7.251658773390235
7.257303638488215
7.178376758417743
7.3059704389936755
7.379551933241154
7.433477575630643
7.357838673131946
7.33818526634806
7.323036422440831
7.30224216603043
7.4068622847143155
7.531413222308873
7.576393383023576
7.741629915657995
7.748715804525208
7.714455145187764
7.861795514589933
7.984361037148097
8.195036498092211
8.355865944755493
8.3271165407272
8.340074389104872
8.29683648722211
8.073817205752944
7.948340155152452
7.872713385360255
7.699543625144232
7.533300414405142
7.37811046348771
7.310161718093706
7.227498032157996
7.249328197799023
7.286887690739082
7.270708272834315
7.428035949322209
7.375371788799124
7.424933417034047
7.687777845661487
7.850305752186742
7.855733176624017
7.791832934119
7.6996177565557895
7.805782853331316
8.007587737753033
8.176555464558009
8.318207905145425
8.428682944619272
8.367173644632302
8.277044192839803
8.098269315947748
7.907885747302526
7.803111764372123
7.741116457419376
7.8075828666353075
7.993477851358692
8.12550190028905
8.274596636299272
8.493659911784986
8.722787921882476
8.696564225330098
8.447749709672314
8.228578582138312
8.155451117840489
8.138528668680847
8.103663230681683
8.31770663634413
8.510782015160785
8.747882153116887
8.988266702012114
8.934716510061692
8.928427177573205
8.769701846885209
8.671836233173746
8.477964847077994
8.378830224679191
8.257549681660867
8.146015423433305
8.259296950794527
8.314405897748113
8.378454742478167
8.30223792622877
8.281701419275528
8.47127778276425
8.659883448336535
8.745218064224284
8.79947494835825
8.948187398392902
9.000284690995908
9.022229297675919
9.06402570225373
9.028157276615378
8.873875785649473
8.830412788610657
8.803041368877544
9.00536297027298
9.155009947191743
9.166307144709108
9.002314175821656
8.873150316942915
8.975310632880353
9.159933599948952
9.253794675661602
9.166828030352722
8.938956769749609
8.888871720581289
9.096882739598716
9.253322490784193
9.169713540639885
9.047157558560002
8.796450578481515
8.703285998824246
8.665124559699892
8.775990163970377
8.784989829480319
8.778920767525452
8.597633444675605
8.53930949947076
8.381594624732145
8.302616981258472
8.503195866351609
8.614447774685534
8.76939438783089
8.7556442209813
8.86414498545255
8.913615121343252
8.855993936174984
8.786752604136174
8.701099797956566
8.679421913925957
8.801583053261718
9.097104513443883
9.345701762931524
9.364992888714495
9.219761432716133
8.907629689444779
8.722151977196289
8.80302161388838
8.879656854579412
8.944207851506688
8.830285408380732
8.825985233420287
8.859294554681812
9.06519387282081
9.059878721913172
9.040800291058535
9.0283318613955
9.054070851082894
9.060853192992594
9.129277540981965
9.06827812476357
9.078813433207497
9.134620633870336
9.168043475086387
9.252468737849618
9.237059120072113
9.259428596590581
9.197529706462738
9.220071740375625
9.253546764960504
9.356010327512905
9.57707982288755
9.870759800938808
10.050282234949366
10.06599960894391
9.934633152926711
9.960857598848243
9.898420751488285
9.860022987748673
9.834938305661831
9.725063826080696
9.624702891458611
9.590926858446927
9.65836661545915
9.799861070891193
9.921360750098122
9.872166817463276
9.656344041246856
9.499257268086811
9.46416991421931
9.630007355790324
9.675247773351666
9.598075639506547
9.476514339427627
9.456611593176596
9.656479224324416
9.570109824593422
9.539776337397347
9.401150731345322
9.053982981711812
8.613278380423928
8.439999257701118
8.298900607441023
8.413809151059208
8.628463410277586
8.788363667224926
8.970062129634677
9.048689263541853
8.910426623037909
9.00659380165242
8.88791876598533
8.821702574410613
8.766945677416514
8.787889980232762
8.960803190572893
9.280074094494879
9.49787154366946
9.655387304705398
9.826925933911783
9.953941077377008
9.97293853665718
9.880059780067441
9.656224540346532
9.477693423717154
9.202372711837885
9.053582702979838
9.04579923757645
9.207032626322562
9.307870964064941
9.330471512062546
9.336023805762549
9.294333472665414
9.19209713970763
9.16002973752623
9.298503303038222
9.488997690114454
9.717988146573438
9.777874803268723
9.789147449302181
9.594783103663016
9.414691554865845
9.20321506038431
9.178937893746394
9.095751184366105
9.101663073756306
8.982845842656637
9.051867049845976
9.132679933177926
9.274409574829654
9.346975139896331
9.454558527315164
9.485381576024103
9.556972192835072
9.405014418510994
9.374739778134147
9.434553100464234
9.777318930340819
9.945308501486613
10.204768343325378
10.16692832599054
9.99409521572628
9.918645243299066
9.9073693638122
10.13614268922292
10.405823888587243
10.263673840067025
10.164661670907737
9.985944602394326
9.911442089590647
9.966834355929954
9.989266590571987
10.17087889485635
10.30713423617145
10.411504682229237
10.198640198679522
9.999658583143589
9.665671195667013
9.611030957750977
9.47283069799381
9.3001297267384
9.191434322077953
9.099743000291875
8.927039849511983
8.806464670645502
8.976141156868838
8.973643133191167
9.06268635318652
8.983363350451759
8.996232984478162
9.03013073900135
9.046601249498952
9.159273259961653
9.276100950259424
9.3667875954553
9.504043389849759
9.49338876945242
9.442057821625802
9.459359851053032
9.508020134226138
9.683856365778366
9.931537827069
10.165459340061547
10.256582003639293
10.331544803886532
10.402018691630715
10.479154046649125
10.398130200934613
10.342990561472789
10.294181816384663
10.110558407552238
9.805657767119643
9.440553919881099
9.242343693962681
9.288571790331384
9.44185969454308
9.640113195126027
9.77711831231701
9.82426926793893
9.763166659446075
9.715447763441501
9.64659907110806
9.65898253164346
9.691853153521514
9.626303815400124
9.483128158893077
9.2990312715455
9.306543454990239
9.443048369518973
9.527675761526094
9.6325070797795
9.664996980956474
9.728913659868095
9.54346234101702
9.285186158217464
9.198408241852352
9.479799966689885
9.84261948760343
9.863557867143792
9.657264719674773
9.387068950210923
9.501371561101053
9.633639094152835
9.855811577631577
9.84452880078022
9.85836797825034
9.752308415852633
9.667362678825885
9.895570848930626
10.183376892743858
10.424451733282032
10.360798535778951
10.258191853696626
10.032916989066834
10.124657508041416
10.243186795614362
10.464303313870927
10.577311849488753
10.72566123695998
10.743482834604693
10.568514452835064
10.38404924594599
10.257505323953756
10.270585865956223
10.442422206301725
10.50817514693934
10.43174512959814
10.315240725723836
10.297807039552106
10.307182173985264
10.340835484880268
10.230479486755716
10.12246834847044
9.869140910359643
9.730583060728378
9.59216656962667
9.535939378902583
9.576664546304078
9.552646384232006
9.543279895183261
9.66911360299591
9.672958929012498
9.573715360405487
9.493259180052652
9.533744711196201
9.733775544074511
9.920320204260609
9.996340350088966
9.823356974958255
9.553544145391276
9.46592405830427
9.538531633392944
9.59940763221978
9.67655019308034
9.726364412004951
9.866832078752333
9.929549128490136
10.088252087829062
10.066106538548475
9.967292105842768
9.911665356860423
10.055134414893184
10.205801778672884
10.463648562694294
10.160876872606213
9.821759161570354
9.584193179128228
9.676546604292941
9.884506322376131
9.94654471129513
9.95786090711392
10.010026108124766
9.876564588529
9.851589018927978
9.73017316915085
9.817021393366094
9.679706420318595
9.624064518226366
9.499329374405372
9.360998020918464
9.353717029878736
9.506934041850666
9.75366536898621
9.897707734548097
9.94215984881189
9.925991988264075
9.926369223619416
10.035347676423417
9.98640568591755
10.029800454480284
10.120118446232501
10.403843128047903
10.451152544429403
10.513247971414806
10.2303807947026
9.876821212776877
9.677759937055473
9.369352283433122
9.355629732821901
9.277877701934058
9.27127945910288
9.258699248032192
9.230816710200298
9.262032028168683
9.437538167058447
9.474032414152243
9.59091522582082
9.699376829727106
9.851830401612382
9.992268869762963
9.902440009571594
10.054950042283034
10.1863729844226
10.302788662318223
10.295448290394994
10.015380118712958
9.81827886875824
9.903754855133867
10.129241716891539
10.288081786169668
10.176125288121288
10.141828355365837
10.131771434197416
10.051816315606366
10.243210167562228
10.493095542056697
10.524462121475072
10.415581985963705
10.218403632693892
10.17692274633589
10.215188107221405
10.1713788999717
10.07359771296883
9.978313249930467
9.987202302438696
10.041178262945571
10.080573552484987
10.038103018448474
9.879917500471803
9.759430902548996
9.796040441929154
9.799427968560146
9.854182649606852
9.714025925699394
9.525558854557946
9.48341262978948
9.562112118882455
9.818524866958718
9.997904676956447
10.076616090152932
9.890910887676956
9.682340089087882
9.590584818530116
9.583933832520161
9.703809658485847
9.898338740728367
9.9265164808671
9.896901647228395
9.74435987588658
9.7027960712556
9.890192161602403
10.156944580527426
10.417888384730345
10.534711803836611
10.551229082572776
10.33477925814369
10.176004416562327
10.015006530170334
10.186897100517456
10.426978174611607
10.665979772994799
10.61017188853297
10.548353884735324
10.443969703248152
10.410369556613116
10.481735914624208
10.67192760622402
10.769487195549205
10.6686283805975
10.585907945152377
10.449020419379854
10.15575035566817
9.957438890987392
9.983996556660372
10.021735592667929
10.191951338552675
10.189045351276025
10.124467835179123
9.985883981554862
10.009585603184679
10.128049859365126
10.202294730175279
10.27028205902525
10.164830937329457
9.94747752309096
9.715532425435867
9.7991015520179
10.076561466665018
10.3295042402232
10.518520104818691
10.48116392735958
10.473925673815469
10.31308613926846
10.209231467586745
10.085791742923155
10.05624516812437
10.102446496686808
9.934783201361059
9.978146628540067
9.940528820994246
9.909408815967693
10.064082650810912
10.110798083429339
10.365286608031113
10.43288958092888
10.45136132790123
10.344693187284927
10.134663074090122
10.078490423716957
10.178027207803341
10.250953122798535
10.179895664353218
9.961437473453689
10.001039838618377
10.152010291118463
10.297412321152283
10.397742668405787
10.55636097229438
10.37365175488718
10.327748912758242
10.259863568673318
10.209782800297518
10.080676798213403
10.013001703221455
9.992180050515977
10.08143172412724
10.23883669994477
10.314850635483182
10.475777305066952
10.594763752166708
10.573779573391539
10.413926002217417
10.244044178554084
10.224079953118428
10.308277069856636
10.642447373741248
10.635811225042385
10.730514455871006
10.57723282287141
10.376337469134096
10.17784455227598
10.137634424113521
10.191008620931335
10.352337904402203
10.400962280798524
10.372385459230546
10.090819845853273
9.989527715963204
10.111414169579778
10.193808527539405
10.272038181033203
10.322175687914466
10.485163054905433
10.536641197772392
10.633510263760119
10.508006308176878
10.352874972325521
10.204325826038634
10.199553594375455
10.220318728335007
10.391300469309646
10.482845702320914
10.640927062508716
10.678358698876744
10.719967573852811
10.739332951310748
10.614121631031786
10.50211934498591
10.470252737905065
10.571772688628721
10.554292381770063
10.571132494009662
10.522459029806662
10.644015558861607
10.74898939792517
10.762610172453888
10.491210750852002
10.29189039701263
10.083164636687638
10.084059998839681
10.226126189008733
10.554742255361624
10.947527722137954
11.224805562068045
11.394970976748088
11.410723898618713
11.396227080575795
11.304165179059414
11.217028506428742
11.120104248933954
11.206452897866484
11.357056067136995
11.312869193173196
11.30856056936866
11.366798023125423
11.298619133281568
11.353346940282742
11.400271972084045
11.438627278592097
11.506636908453252
11.541703665109363
11.624840407563582
11.619599420478652
11.586899814127548
11.347687951636097
11.077805929647543
10.9006841660924
10.688065982053098
10.800376924749747
10.80991806343923
10.825892310078926
10.695888543376425
10.674235345344464
10.601312608880917
10.495667243654411
10.353984716839957
10.462414318260741
10.513624073781912
10.669659372505208
10.79897496171644
10.8504582421254
10.953937694468731
10.848131510427503
10.71092297548155
10.588202664650199
10.4268432766102
10.341924041986573
10.149934588054458
10.165588843892127
10.375168854192314
10.71939551557311
11.013958596799903
11.118268281408628
11.071334279689092
11.075531733349958
11.021284374011756
11.13383000367829
11.214453032642023
11.25227846831839
11.166277659185049
10.858986613764689
10.599005368156826
10.359732794232587
10.330884478500817
10.37924981892322
10.611504134966372
10.861187365633631
11.145724783311987
11.467252080080117
11.639199363277918
11.669547081610641
11.710927296905533
11.731485688549311
11.63306955227505
11.591018704223364
11.53642426048157
11.540964616750944
11.456408038429865
11.412613219207188
11.32665232140837
11.421410348587806
11.66733387570934
11.665421500140509
11.733539086888417
11.372036248453309
11.147819375991842
10.853860873554744
10.856573489132371
10.679489827888382
10.68540819818141
10.709184809225217
10.820783564368806
10.954855105324137
11.040768097777555
11.205249018940773
11.324997077362083
11.297483375435773
11.109571022450135
11.127401262148428
11.073514492352043
11.134621058589817
11.128258705005141
11.37074298057278
11.53615899408979
11.546557632819454
11.370507108163332
11.106598237318765
10.8742267959478
10.86801135117342
10.87406258122636
10.969566909603868
11.23780158187925
11.48154677490308
11.69445664132515
11.791177511572041
11.630197924921136
11.647343914703562
11.765009613242313
11.868309493242801
11.809769020979825
11.764959820500476
11.530748662572547
11.06733531320782
10.630581854972768
10.470830847776368
10.573544408403976
10.622839181438092
10.758986702845421
10.909457787589227
11.190329323465937
11.451064401880167
11.564498138246059
11.489275011178739
11.454681503039088
11.249602272948072
11.160948843958302
11.00802731287479
10.977305142674236
11.073298934555822
10.958745307638765
10.971693664402439
10.90634585698569
10.804272490187266
10.876316684442825
11.001795464489044
10.894194977721925
10.712316702349314
10.790504594000891
10.807153143009943
10.845135813276356
10.842860391389776
10.971008077395206
11.091511198036224
11.286438210646027
11.384567352836115
11.342781862299967
11.396155714725
11.494244323282498
11.500123210318309
11.513970184947008
11.790666416108612
11.836490220506558
11.985233564136976
11.818095574568401
11.583603395005047
11.391670038310178
11.211395842422412
11.326379602367927
11.324123030119514
11.387080044122571
11.438785885034791
11.460853389449971
11.576832807182162
11.600951585221313
11.462247865264459
11.071103766912232
10.860831318187689
10.784903838267072
10.983430802120761
10.992396050579996
11.05961644244223
10.96000461368477
11.022885221650784
11.113449932117563
11.174489527016625
11.258291246910316
11.475581915364593
11.651698033598986
11.71768472448
11.530989016765957
11.172175289774382
11.001284484107812
10.975079490435114
11.20127911180627
11.397631396679284
11.559299278201292
11.441453045723867
11.403255033853393
11.39666003511832
11.522456732652511
11.658874666874118
11.713803685234861
11.99226424683519
12.126825015226835
12.333100506999514
11.888894726008338
11.63372818907135
11.411994727963647
11.500151311044807
11.652084890827958
11.877373374515184
11.784898476857883
11.662721202752827
11.521423327561427
11.634710630222255
11.349222648253308
11.245625102698426
11.013129015607083
11.08531248210419
11.116176752907107
11.425860811758069
11.597281643961882
12.007253839310716
12.245672680579371
12.436537077839404
12.33642410547094
12.424588624206073
12.370843453830416
12.290706257303501
12.183651362366797
12.048072138841025
11.983739601366894
11.926249992644534
11.763725690519792
11.715584330009039
11.784023560877998
11.783794950702932
11.917988933066539
12.2750726161238
12.576516732781062
12.808597458705874
12.77704916258842
12.567409732136552
12.383124909585977
12.059054655141974
12.011772171033387
12.193535090855175
12.55012789245053
12.832985472259187
12.880980871211648
12.838509263926124
12.755956092216381
12.781701826703367
12.844202046133033
12.867547275359621
12.765759531456608
12.38427196387559
12.059905013403158
11.804292392939466
11.79524403447773
11.829446977306123
11.946502997034575
12.177901266404923
12.292647362677515
12.34103283524278
12.317998031972246
12.263174334208472
12.343762027930754
12.660451391321033
12.829064773292695
12.996354195298206
12.865725192912048
12.823761974608972
12.727016015669271
12.633487507427668
12.681317299982664
12.711366649476243
12.59871759450318
12.505439006822584
12.579588845047343
12.601425714424689
12.72050171315368
12.713232008293893
12.606506841486812
12.588121019507264
12.648685147654286
12.692235498454327
12.605778385010732
12.477504403076527
12.363046961200522
12.272669171169364
12.377375373428828
12.466611845690181
12.899103000355453
13.088961656141919
13.02706362994476
12.665437400836693
12.555816272773232
12.627110395691641
12.777442475064676
12.94180142090783
12.902007586069864
13.114558920320441
13.046370838420925
13.051760286232682
13.087626551820724
13.028589246548876
13.06063716845239
13.107576827765289
13.281743349419171
13.434152727535423
13.429849161773713
13.115686520885358
12.61575703403679
12.33408806490025
12.266674508014043
12.53412990381049
13.006882608462771
13.339363808535982
13.59471087885712
13.669045542363213
13.757093644214182
13.53893466436738
13.356447553070035
13.11698007007585
12.959783077099909
13.108084132502
13.384524457483776
13.51798807872507
13.373897240222014
13.156913740235785
12.992932191976228
13.037586293135485
13.201234858506925
13.269321194498506
13.28695382504145
13.111721425322767
13.132611444013433
13.025777258846125
12.942508133607834
12.977198057383026
13.10146730559473
13.211346774953373
13.038964509863662
12.972815920162661
13.051224267033927
13.185923936679194
13.337200861375582
13.31930920899468
13.23672574434825
13.071907770484703
13.204042361745461
13.430097095796837
13.534131551803867
13.643899100423187
13.535832785654916
13.352405167769641
13.166428910557423
13.057960561541346
12.94481694911882
12.761340554905841
12.601886357496575
12.5585815068174
12.549718010873729
12.804138475495064
13.012500914717311
13.257885779059341
13.351948421120861
13.19618453197546
12.958884672514065
12.65445099157268
12.458216690426704
12.263693610577004
12.252570828447785
12.34962705526829
12.512655888104765
12.36553621035244
12.254693357722166
12.02272656474926
12.04883934310306
12.23844980877667
12.441139469276973
12.625017254674157
12.862747804614802
13.00251181726168
12.894890625043672
12.789965745698867
12.579721214237555
12.462707649718455
12.34847270678024
12.255797903728167
12.417466719564672
12.626170101721714
12.739460982014213
12.726021475025014
12.66444112113158
12.534216263046687
12.57381946659469
12.517503657727369
12.725301582300421
13.073798724039227
13.196505991472229
13.23029978099154
13.140798107629076
12.807972981111275
12.59374016050485
12.548483229536663
12.51686736840369
12.470111055087433
12.629477478695057
12.928417240294984
13.0590224357398
13.230276560309155
13.23892490120599
13.14265295328163
13.234050938139232
13.187853688633131
13.157271434790461
13.326287776376782
13.48844678342023
13.33876095505105
13.144084977895652
13.007048273538862
12.856309897415434
12.681475056388585
12.672070769768995
12.754750887895916
12.77865396423865
12.6724129352935
12.698144450957797
12.712503000119948
12.745828824916046
12.77132556465111
12.785282873890145
12.64507619171228
12.39656691108294
12.421660466031572
12.212315902211726
12.076921998911617
11.999024419395758
12.10652182743366
12.207786010676475
12.219176626958145
12.245926332418072
12.288458099090585
12.465723066704523
12.47415666491883
12.52929694408522
12.611681999869585
12.745805960122318
12.799154273862376
12.817857431018217
12.714761382918313
12.970229194853443
13.094658422920698
13.176643225555452
12.98692416254774
12.868695077643729
12.867268403369502
12.892384140720033
12.933645573550562
12.98932286816277
12.681826781823105
12.478403621899224
12.508008759949066
12.646637773879094
12.658168780195656
12.564969475980638
12.38187037914542
12.27415667163009
12.054891214383558
12.306673770407807
12.753000465096612
13.097539701743301
13.45738343855841
13.422524041855388
13.249477876217261
13.037076733025074
12.931806490992031
12.93321455950464
13.002226639237572
13.097350527763345
13.206179361246077
13.082394371692036
13.097704428522633
13.084011911252247
13.207998294328528
13.268542132321162
13.28105276559695
13.167752193023079
13.064725641121765
13.076680226954155
12.99568967462181
12.822792372317481
12.65295270048187
12.697019449573526
12.582276101645856
12.503203501567414
12.655363986498898
12.773485086941402
12.751331687634956
13.053538998207502
13.25731632889747
13.367123569529678
13.204522133578632
13.157670076039869
13.116572685067787
13.30151724580974
13.32671303682239
13.249433355107849
13.114830010446727
13.21324116363815
13.174951690349996
13.222641461719874
13.13740080263845
13.335963473151564
13.493534730277336
13.64782419163904
13.784330941963415
13.754842087357678
13.43566844867982
13.060871115924689
12.649379803504772
12.479079410973576
12.473560130279148
12.723310663565846
12.957033299682648
13.22017864127904
13.332655957318206
13.150502769641284
12.828172446844425
12.518079555129786
12.474990446639605
12.486264935702108
12.437121323906021
12.562164718107086
12.786215236304649
12.992427582230414
13.111079898838465
13.086567220668037
13.057150394101765
