3.1461713760409635e-33
0.0038225254724310685
0.013575886337573471
0.02564287578181264
0.038230064804083794
0.053325534631894045
0.07524727266007325
0.10879516480987811
0.1561656745858811
0.21238343745631116
0.2674727269003958
0.3162499555544529
0.3581913938813507
0.3918618814548598
0.4150515502675415
0.427967097887749
0.4337297413305267
0.4357668973244121
0.4376460388139557
0.4409913444480483
0.44496783896773234
0.44786273745951727
0.44873434421019154
0.4457377001841861
0.4383368841357329
0.42870712635889174
0.41988223401960717
0.4145463234406647
0.4134336563281438
0.4148992078261904
0.4170330559436018
0.41980860148593563
0.42353328998668277
0.4283976758496135
0.43243248065554396
0.43150053665054255
0.426185773197442
0.41819434750739015
0.4111243665959349
0.40758934635962357
0.4075813653177199
0.41083967780959996
0.4158560281836404
0.41702775362926287
0.40973234052231655
0.39551099476211754
0.3779628091156084
0.359607248884443
0.343133530023836
0.3292311729625027
0.3186672113334958
0.31263048305266666
0.3101158553997325
0.30852630288972416
0.305424432358713
0.30089877424351336
0.29566354456515676
0.2904724971191742
0.2876318981399802
0.29025057696942874
0.2983309897528907
0.30980697309683347
0.3231212496022192
0.33727376970077244
0.350997544515081
0.36052128351301926
0.3628786100139205
0.3567865231834822
0.3446151864490636
0.3299869853294915
0.31592784242563915
0.30413017596074965
0.2948486414211188
0.28792196432770784
0.283932156807076
0.28311238523532795
0.28596150670698917
0.29195552293411037
0.2993515684058772
0.3063776319917975
0.31170675790749797
0.31519039524030434
0.31833697514854953
0.32399789505883125
0.3319698651410136
0.3400611108075947
0.34659530031774777
0.3517526318114397
0.35657448861648583
0.35937962577539617
0.3586292761159757
0.3545728718959492
0.3497041584729229
0.3461866200334331
0.34393460870381837
0.3417084780929485
0.3394649790738306
0.3379951366037159
0.33627870450888575
0.3314791172621432
0.3233321594043672
0.31395316828971515
0.30455259739757734
0.2948422896125475
0.28481785228238155
0.27574067426494525
0.26999067681890815
0.2698708220391089
0.27588980679642827
0.2849746261820942
0.292847523295864
0.29588326879857185
0.2936413655368638
0.2898191532006944
0.28685382614473837
0.2847348496046386
0.28213554382876516
0.27814666558252
0.27301765272866385
0.2685818892565687
0.2666512413392648
0.2665899594107844
0.2665387013905135
0.2662069691740481
0.2668281265137509
0.26977805762624685
0.27475113507214205
0.2797036713692938
0.28396404013581894
0.2880235167800578
0.29248251808491543
0.29722105829278855
0.3010189444135863
0.30206139314708386
0.29952628313457175
0.29323712758849374
0.28494464645609696
0.27709840491470933
0.26892194819221565
0.2601959238365199
0.25330632367963546
0.24899456558227706
0.24622592460186132
0.24387720350660191
0.241300787322028
0.23725166815996235
0.23009841372909212
0.21997113429649495
0.2087707859600052
0.1983964967523956
0.1894446216876545
0.1810850792800716
0.17196628081217757
0.16156022923362742
0.15106967553140224
0.14359243450555553
0.1414636624656559
0.1425934505159244
0.14305889612886216
0.14065476111951053
0.13564762862506993
0.12947967887818196
0.12309522026758703
0.11719441335679073
0.11256795268353756
0.11009160907516728
0.11067877883562022
0.11491190893680953
0.122947958940166
0.13264617754179353
0.14107792793664548
0.14601776091715257
0.14662495437473258
0.14378933373142894
0.1391444670921428
0.13367278834529506
0.12714402729002897
0.11919107539878547
0.1108582533595115
0.10330182730804531
0.09733173849193923
0.09405817319487282
0.09441803633728178
0.09754458108735713
0.10059158927782337
0.10063494954553984
0.09656873719561694
0.08916406504116965
0.08043845211487886
0.07263869498766043
0.06743241139084559
0.06576070417587139
0.06757478312750824
0.07223266158488321
0.07893532771104166
0.0874965533402545
0.09611938073318592
0.10117045925372918
0.10125511266579856
0.09931978422148463
0.09901093027659547
0.10018130355915676
0.10058868090251458
0.09877091664774965
0.09418465424275735
0.08664739532376468
0.07869759752293216
0.07364343028617772
0.07170944844396968
0.07113887169319012
0.07158691729811784
0.07407873557090533
0.0787138278934325
0.08468452137745816
0.0906838976339686
0.09443703092766356
0.09538018322644032
0.09478596457417178
0.09416303121756718
0.09492951821963642
0.09800552293266367
0.1026690507998276
0.1063159283159832
0.10750485286824407
0.10674372662879593
0.10490635014887331
0.10235490312063852
0.09863550552572257
0.09390614716645072
0.08930938894519583
0.0860918755851724
0.08460952746970918
0.08380472240975724
0.08272079746759314
0.08166615812806637
0.08117733836829888
0.08029164269394033
0.07794712171186713
0.07524710833779111
0.07395512101517582
0.07449645094953149
0.07569466327169977
0.07693218689713376
0.078771554922476
0.08064766488196494
0.08129771927681241
0.08036021004016258
0.07961773048225222
0.08075337877175033
0.0830307715060771
0.08516260245181442
0.08746584175009692
0.09042331857324012
0.09275288243637973
0.09280221120538949
0.08955456297895811
0.08326444917984105
0.07675219851934627
0.07330751508766771
0.07342315429465297
0.07519200301031008
0.07655331538999599
0.0754398012710572
0.07213980521816564
0.06929242863579352
0.06902652378683127
0.07130067478399855
0.07457612451051007
0.07838240374629503
0.08358814422637283
0.09025099779156154
0.09835797033881334
0.10707363244131768
0.11442380775151924
0.11849430653748115
0.11936415231010256
0.11779901789299276
0.1132758009470782
0.10502130050392049
0.09386694787192697
0.08264749119493792
0.0740878753617636
0.06911572430774886
0.06787768653240549
0.07021309073046042
0.0743578504113968
0.07789523402405729
0.07988939492924145
0.08019419525760543
0.07905200448181257
0.07775395136410895
0.07809172381601971
0.08020188589444971
0.08340070744417664
0.0871298150252368
0.0906761934434303
0.09255446680376518
0.09233542111649021
0.09095481328168885
0.08952826525079348
0.08842825678833782
0.08767639577067522
0.08754029309743988
0.08772588233610404
0.08756180884463817
0.0854442597498917
0.0801481490285583
0.07249352557941727
0.06577319712245279
0.06284143250138048
0.06318287225057584
0.06453055367948342
0.06547090257998409
0.06615834623003668
0.06705133060195015
0.06867516536335248
0.07165673384223406
0.07605564805893827
0.080311089785351
0.08339582971531441
0.08659992594583335
0.09108239953538717
0.09603116112537433
0.09899984693578504
0.09810445371626687
0.09452193760065254
0.09187475028057918
0.09289842084426875
0.09645276226682431
0.09928831895700638
0.09886984022674936
0.0949666566440313
0.08869486065948537
0.08166976490399681
0.0761533973430867
0.07409027940770263
0.07598342667749802
0.08067439917986714
0.08633072065746672
0.09007532121150003
0.08994229002150313
0.08700835419125498
0.08323072126555894
0.07971136305813621
0.07728545003725441
0.07670061688496949
0.07730301121677641
0.07812348383396779
0.07909915335772354
0.08076486141251381
0.0835769386489976
0.08748301593221237
0.09126399771891922
0.09278730062024557
0.0909486508779361
0.08624195838404325
0.08090900227042329
0.07668044263876801
0.07434183404260804
0.07339744002500984
0.07182651396059692
0.06883888800270863
0.0660837363324793
0.06558976077613157
0.06751860254189966
0.06960719290491642
0.07002893634494696
0.06806772110714289
0.06434598719635248
0.06139143974693075
0.06154753488148129
0.06476896132840153
0.06908841776044382
0.07205782751855194
0.07308101413189974
0.07311151921942996
0.07264330784758004
0.0722493905687299
0.07323882804507283
0.07662113115118362
0.08210574600544102
0.08774470023879748
0.09213276786809924
0.09489407475100259
0.09426481039671403
0.09013184772170704
0.08557872641338635
0.08417538999066299
0.08624757294693924
0.08986481103846268
0.09272581611234804
0.0932061519747265
0.09131366736966691
0.08809078171201051
0.08418747402343128
0.08053812771620474
0.07855491274437246
0.07917178700090134
0.0811138724077461
0.0822957242819439
0.0818708841282183
0.08179991658136776
0.08284232999331748
0.08334696328956484
0.08199303324161039
0.07926451416467298
0.07637835491525594
0.0745421228499578
0.07552575794231439
0.08063719355562846
0.0880492781226765
0.09420401586056766
0.09723762607765316
0.09697906896606831
0.09428077051902804
0.09030197971077782
0.08618090261539174
0.08318983150142521
0.0826743252883891
0.08547906746708266
0.09025828813882696
0.09395136174379475
0.09440491139244728
0.0913437914493093
0.08588624886219415
0.07928636152056955
0.07364971733323086
0.07108068395619249
0.07196469233360941
0.07533815055107772
0.07971933695836274
0.08395066634459666
0.08713462073986139
0.0885820252177426
0.08780685663523784
0.08468611245929884
0.08056942680454579
0.07825130676159679
0.07936197352712698
0.08301663978609522
0.08661663425819527
0.08787699228378221
0.08653934283163027
0.08387302943636302
0.08159722438892797
0.08173328850655667
0.08583638208933701
0.09304572749863226
0.10022703054919117
0.10443960086042635
0.10541698389163962
0.10450654146114462
0.10245064331826687
0.09963871470122945
0.09662456692560817
0.09431851997132983
0.09348402625091144
0.093653935695562
0.09385822958616599
0.09297442873613813
0.09128472365791525
0.08974457227619817
0.08886630733551737
0.08921334812276663
0.09005779327571627
0.09007368818938676
0.08972530838167632
0.09180402606645466
0.09735188724335521
0.10471818684026044
0.11144696021384158
0.11626836975602921
0.11978049819896118
0.1222313326050295
0.12355353926658912
0.12360866227279606
0.12207868597046269
0.11882272269090706
0.11431932570936848
0.11011519516404168
0.10766904895730449
0.10729953298809819
0.1082738650466204
0.10987178603525458
0.11234645772416797
0.11636861490093532
0.12160632196342566
0.1273965640106637
0.13305157777947782
0.13698620421640825
0.13686023056726693
0.13155764999938865
0.12189224140696454
0.11146005863194962
0.10345258985085859
0.09888641661145499
0.09691403063113181
0.09609820434702412
0.0965633070351599
0.09951932505566849
0.10548238460011897
0.11338533942346278
0.12101322533536756
0.12364764501820001
0.11869043288735981
0.10851235741611062
0.09747808255421057
0.08814765408584829
0.08219887891158242
0.08146290739195976
0.08580871232671478
0.09222675985383681
0.09772174561966923
0.10217936894245234
0.1065484431163303
0.11173520143140514
0.11886713368076725
0.1277929575219229
0.13567527590031345
0.13986033033500353
0.14005887250557272
0.13900550139250714
0.1391912232042145
0.14105739576489176
0.14177800086571515
0.1401705232892205
0.13811330524613108
0.1376691643008774
0.1379368482936028
0.13551440225281636
0.12901767602159747
0.11983859904323906
0.11042418092699503
0.10248963760246528
0.09726817062565163
0.09393612600451091
0.0908678747901089
0.08764092194626626
0.08423264952025092
0.0802566378747316
0.0753140525178179
0.07043148892701245
0.06704221889038131
0.06533678757897611
0.0645124868019761
0.06446478397736967
0.06567881313883375
0.06744350311066769
0.07010382126658277
0.07513078034313499
0.08265888057716284
0.09203031678650796
0.10177761639541197
0.10965172038925562
0.11414368730511601
0.11641343809717561
0.1174291238648647
0.11660184449886946
0.11407980066708218
0.1107586527455437
0.10713011791346928
0.10367176375945109
0.1017634883004225
0.10273554348669228
0.10615640209937777
0.110191420433835
0.1126868011969532
0.11297586295702866
0.11176128560483829
0.10967966089156972
0.10619527861954026
0.10084375652284568
0.09320119542007102
0.08432162375531671
0.07709701032211008
0.07374701692750651
0.07420376754319286
0.07630708033209171
0.0783826523824797
0.08029607733435266
0.08301646542462503
0.08688297316432289
0.09211508909873282
0.09834870405149533
0.10480369201796831
0.10957814209985178
0.11185797616948323
0.11099934291683478
0.10771667990367029
0.10429749654674675
0.10107077466817257
0.09590309016489297
0.08727636143894953
0.07738708211455171
0.07144060702966558
0.07303832085133993
0.08138206865642773
0.09179040797621246
0.09930923132333248
0.10157734806587103
0.09953511014402934
0.09496323818306064
0.08892198705816746
0.08170935252012207
0.07409545555810945
0.06855580209729568
0.06774709799461119
0.07209330252794559
0.0794778071817196
0.08650954686424947
0.09093436343132269
0.09192918675262986
0.09032383231634965
0.08660314146904435
0.08241224014931212
0.08021885730273799
0.08168288396231382
0.08583728147034866
0.09079017184713828
0.0956498588377122
0.09955750219993079
0.1010242323838819
0.098926665258018
0.09330946572363896
0.08581556658759844
0.07986204391904766
0.07772159432947215
0.07868391804011746
0.08158649922085114
0.08531237317145864
0.08935684151946074
0.09383189241566313
0.09768182116793264
0.09952925498874979
0.0984987472014752
0.09536107839743832
0.09253213873480927
0.09247365004887252
0.0958411930125652
0.10040399191571121
0.10298220115266783
0.10334260218516088
0.10431179978394009
0.10858805265308606
0.11663520926649788
0.12575340724188588
0.13229243412155475
0.1345233321797724
0.13266037931974692
0.12782137155088774
0.12178908958148969
0.11661898027320833
0.11326892005077527
0.11143882370586096
0.10975683128922334
0.1066638774495609
0.101389634823701
0.0943296187467496
0.08737484433747594
0.08336218588012906
0.08349135664632112
0.08544678269614978
0.08647488623340581
0.0859006272183625
0.08494790994591958
0.08474826874771643
0.08527171943440826
0.08745714141537755
0.09144582750153828
0.095203792933979
0.09597975376728082
0.09245616244888008
0.08674836629934102
0.08247863591993208
0.08135322972221164
0.08226618400547339
0.08381878099861674
0.08552167657332317
0.08720526192754544
0.08774427386997768
0.08637483477560229
0.08391630589603187
0.08133494257439737
0.07859461035808576
0.07465077410167224
0.06923688913990492
0.06359079999686847
0.05956874854047027
0.05946280494881965
0.06411241804088086
0.07159955824734966
0.07828338984203762
0.08263352326361333
0.08586744592040957
0.08961389642420814
0.09347163167866414
0.09749392421589405
0.10203721855887128
0.10599140933420167
0.10844552823826985
0.1091430136232082
0.10822178031250382
0.10739425045419222
0.10734482445798477
0.10612204097868166
0.10150238137726375
0.09387254729357952
0.08671477856392155
0.0821912117056702
0.08059270925809904
0.08108304613205392
0.08172813776898838
0.08153446970387453
0.08093363710618878
0.0808346788257415
0.0812268102421266
0.08072159881039766
0.07824461143937236
0.07530097147165665
0.07413979616954279
0.07552420472589683
0.07851181539894177
0.08221560536040325
0.08673086597205594
0.09193933088098478
0.09638311577782985
0.10023574799438754
0.10561413770682937
0.11253003547393045
0.1197012263593736
0.126205133480463
0.13103332934768464
0.13271935905518203
0.13130061413943628
0.12774407245264302
0.12304090800802028
0.11767559279711944
0.11174689004261844
0.10512514929999374
0.09738449368049064
0.08844730798959578
0.07977089506400045
0.07281403766416816
0.06783057210071522
0.0641141434540763
0.061766542244190516
0.0611832216581554
0.06206023518309496
0.06363468698966443
0.0651314672465726
0.06674283089239033
0.06996065619677284
0.0758833485730256
0.08386765815971439
0.09193077653923001
0.09856617658967991
0.10375241461506911
0.10856046024268615
0.11326085260329823
0.11681309140338278
0.11885489082772684
0.11927262709161633
0.11767901638743161
0.11273103062879627
0.10453158725631082
0.09561271311766611
0.08922236244271872
0.0867160315008768
0.0875655937271912
0.08898191939063821
0.08764735606084102
0.08304363512584126
0.07733462870044382
0.07376166259008851
0.07377951327143513
0.07669893217928093
0.08039028743744654
0.08341423959766017
0.08552627007656222
0.08720600927597381
0.08852977978249385
0.08962865411575527
0.09149524289955646
0.09583476472906287
0.10290360775654092
0.11044849705045441
0.11473156306629352
0.11286436183267187
0.10576926044587817
0.09741646921787708
0.09159362222103183
0.09117701022940632
0.09597955612914194
0.10419621881846405
0.1128817825003722
0.11763263001433906
0.11555273489860947
0.10808035871040939
0.098661095507003
0.08992539409330366
0.08268549079736372
0.07715407616938427
0.07260912888031719
0.06802720987380892
0.0644183261016711
0.06354847744454965
0.06523979617871073
0.06722705694782141
0.06775596770060066
0.06746773186286018
0.06756981251811499
0.06842218205983867
0.06896715506098879
0.06875683184588621
0.06923590613149047
0.07158955877308053
0.07656406067779012
0.08338268847387709
0.09045107636280533
0.09665706187073637
0.10266516633318307
0.10964334964983322
0.11726575448104933
0.12357395962709147
0.12624973172287682
0.1247299076232255
0.12043654834459679
0.11500604009352902
0.10923371682305125
0.10355282174980127
0.09837828954116364
0.0935836051193506
0.08928081969085083
0.08549310334589562
0.08237829225078282
0.07986644945886529
0.07862486972034505
0.07855514410470833
0.07889031247776
0.07923660130237038
0.0805220180653154
0.08276007347039452
0.08505125600872092
0.08664786354152976
0.0871124464117701
0.08724405795038502
0.0883433305915759
0.09032286687267291
0.09192690552640641
0.09175532116545003
0.0886389776846503
0.08295408918455775
0.07695401923941429
0.07289277703138863
0.0710848157897885
0.07073368183996241
0.06964003601971124
0.06618171008814834
0.061527992250213104
0.057942489742225614
0.057154721548129034
0.05979007956533349
0.0650602282798508
0.07012288858770746
0.0723713777252164
0.07145404707441212
0.06889461140508932
0.06591313517557307
0.06375484646064483
0.06411953401659073
0.06712741609502078
0.07190731488656005
0.0774339152976032
0.08196141543668158
0.08419824485595119
0.08468915085395039
0.08465142197724228
0.08530451643149599
0.08573484189551006
0.08425789832419255
0.08066739731229179
0.0761463650197045
0.07248955884921929
0.0715732374992875
0.07374286999638453
0.07757082452550193
0.08142888688473596
0.08459275380955927
0.08679796785234636
0.08765244786617485
0.08669316412209495
0.08340243867292924
0.0785880371300598
0.07534373854524276
0.07579156080511112
0.07993840733861034
0.08748264500638192
0.09703508888963522
0.10712284786712283
0.11660233500694049
0.12432939748934069
0.12963154590846218
0.1321428310543651
0.1322626528472782
0.1305547703440187
0.12749292625197883
0.12411853424377851
0.12294769294395137
0.1244316376772412
0.1258876693458445
0.12494493448296354
0.12249021737049587
0.12074176624681443
0.11973973222561768
0.11753808547581467
0.11229944607723309
0.10593783471622263
0.10207177097459848
0.10247283273096884
0.10604081851602598
0.11019320094526928
0.11261434298130507
0.11190472951726912
0.1091695040570552
0.10632786299530718
0.10404429655543763
0.10282586099598115
0.1027479463460275
0.10166873945718147
0.09673043175323366
0.08758960125584793
0.07807049436553935
0.07235687359725101
0.07162221903580815
0.07406086568280247
0.07720859083248806
0.07950732324192245
0.08056155317410706
0.08182745232981294
0.08528986837016025
0.09113148392231285
0.09773546892582556
0.10208009370766086
0.10204637168710443
0.10026517475799802
0.09963141059681432
0.10063064807074931
0.1029041951430074
0.10593760194640268
0.10890262666112334
0.11076117850711666
0.11039477955583758
0.1081593942313765
0.10529217637771837
0.10180704266666486
0.09770980488832125
0.09323834621475637
0.08800220042493348
0.08216438122899418
0.07756109306551176
0.07540721676924936
0.07606578368677669
0.07915815943264315
0.08267548802884628
0.08414184187121782
0.0833309961371179
0.0815085029991579
0.0803021539594252
0.08163750680086755
0.08666389122097781
0.0955849539744261
0.10666017105903385
0.11672168753044351
0.12330799808856381
0.12670391291887995
0.12830190333580824
0.12770186923572
0.12407658714575984
0.11930874860899514
0.11593763040467253
0.11362163860856915
0.11031019338985674
0.10538890003714282
0.10015095211914801
0.09527627823637354
0.09065866464067993
0.08677471307906982
0.08499200479140229
0.0857763772908606
0.08802726568965626
0.0900954546378857
0.09040705390382045
0.08844175453522603
0.08417065587496428
0.07859989488793986
0.07492527212606051
0.07601758155447916
0.08188353753724285
0.09062642995908152
0.09931405691333657
0.10560894878270956
0.10918865732436801
0.11127176046363185
0.11220862871804933
0.11037323056793007
0.10465885080024351
0.09712175272683199
0.09059713163562999
0.08692810227858705
0.08599726504200154
0.08572267806708465
0.08450837209678837
0.08283433625027938
0.08219096243033516
0.08249188319725331
0.08317203632504917
0.08444321436538613
0.0876216463336618
0.09362030808447101
0.10220820845659594
0.11235685560718535
0.12347615845566977
0.13459855860149417
0.1432942990135963
0.148473913710683
0.1507975134280619
0.1513757369060587
0.15173306246809648
0.15330173669959132
0.155814295818852
0.15766936258583314
0.1579743943858127
0.15648282071861763
0.15404612433430925
0.1529968622271638
0.1550952560414139
0.1593618402906517
0.16336264096376152
0.16642861344438886
0.16879007167184154
0.16922627816655894
0.16686722472453758
0.16136215152807132
0.15259430650592118
0.14128116435034685
0.12937163482739078
0.12080320870408866
0.11678842697219682
0.11629969768372271
0.11873190523267253
0.12213382741784287
0.12343110559070652
0.12046386533911617
0.11367888458077852
0.10496293515350485
0.09633670618186108
0.08912514680380473
0.08400110041158981
0.08041813249540221
0.07755959940705368
0.07512501375662717
0.07318974308950979
0.07222651619309209
0.07336349401123651
0.07790068819500373
0.08595396954460881
0.09566014596317936
0.10442198206078862
0.11124232440656563
0.11667553432552423
0.12146717684699444
0.12600739210105807
0.12988495875815634
0.13110103232649004
0.12843844701762788
0.12318082019860331
0.11862058224381063
0.11641834642901103
0.11684603878504939
0.11866205394600249
0.12050698043311012
0.12117975949178449
0.11982320735987433
0.11738613232124837
0.11544481821240866
0.11403983870062502
0.11203568449055205
0.10909890856387802
0.10565417655275337
0.10210314586460924
0.0989194635155115
0.09689550797752193
0.09632498936142386
0.09639225898660947
0.0962473794893214
0.0965234711987639
0.09816417081422293
0.10110655473672456
0.104796398149586
0.10851414093259033
0.11128143022706732
0.11219554237914009
0.11194890898029594
0.1116939143343185
0.11192955844789296
0.11083466614092584
0.10891969211163892
0.1076497625433161
0.10707860588951854
0.10607659077413399
0.10307377273210624
0.09900278018949248
0.0953423648192323
0.09405584634990735
0.09646910011588765
0.10316104501964962
0.11302082836798069
0.12177058377685161
0.12470814474515288
0.12100566950029681
0.11421246726190433
0.1085088555245531
0.10614490454855885
0.10596419191559796
0.1050518152999483
0.10284329737632263
0.10058416749876584
0.09867448223635077
0.09666057429951241
0.0943390526489193
0.09300707822706014
0.09376734926139156
0.09490259664707563
0.09449489861809726
0.09279019022942661
0.09077786474530898
0.0904188710711837
0.09350942550574781
0.10048437458290019
0.10875502871942695
0.11563133175389657
0.11999412413307332
0.12061721749811606
0.11657787639777385
0.10798549238452708
0.09700246601267624
0.08683387567240462
0.07910483088410744
0.07376550341674985
0.07064131717142488
0.06958246672851383
0.07046518689047336
0.07408306243404186
0.08134850363188652
0.09074971192694987
0.09853944149641071
0.10225252710302257
0.10167557285297185
0.09804064641701923
0.09343693759790532
0.09006355336106439
0.08928191166059009
0.090599545923932
0.09374300268439002
0.09941688984828982
0.10723096377609041
0.11421887930757657
0.11790267228437709
0.11809405504752256
0.1154265588340709
0.11086901050422578
0.10666462017419942
0.10544233018971862
0.10776924912663186
0.11236033874833876
0.11712586238982318
0.12155681642884358
0.12665739250606423
0.13388937226622036
0.1427151918464387
0.15138595206794764
0.1571839379192777
0.15993861387839398
0.16183976157975052
0.1673478876175316
0.17841533265273538
0.19409133477616022
0.21161707826337872
0.22874568783432617
0.244428928306195
0.25670682617402524
0.2614146777504916
0.2567054971204614
0.2443499962008927
0.22724415292131178
0.20967574863212654
0.19414457603271262
0.1819972427733752
0.1729483573673229
0.16664535777210668
0.16273246516167256
0.16161773030262996
0.16222955071578146
0.1625926371064184
0.16269704211054706
0.16403723439508358
0.16735427443203918
0.17222799632329885
0.1763279448511892
0.17644795532694055
0.17195950786473269
0.1655020390875051
0.1606214847005387
0.161800588031856
0.16907269366357303
0.17681480415522488
0.17982173460971665
0.17682967333636307
0.17145056866831293
0.1674768940977237
0.1661725629293044
0.1672671923077373
0.17079056055455974
0.17512749677650782
0.17739334330330978
0.1772962406203306
0.1776645655929778
0.1815006895816851
0.18955667534244863
0.20054997698938543
0.21180009192975235
0.21985752313538426
0.22188533773404756
0.21767574772594195
0.21056832319668708
0.20458302420174745
0.20205903084402313
0.20220132752597064
0.2030286266491673
0.20320278585408896
0.20209119167904893
0.1994129158861112
0.19474641467563722
0.1897141495428936
0.18506485211554805
0.1819335949524804
0.18072254388478
0.18169692822811437
0.18597919804133126
0.1921790023398996
0.1979484712928932
0.20239918368765156
0.2069681263979364
0.21264513104215174
0.21807327769973214
0.22152120832976516
0.22371906826038646
0.22452624914443994
0.22386286642956058
0.2234532497676081
0.22496055413555335
0.22767971979018786
0.22943138855675907
0.22785219417425062
0.22202686908657224
0.2138015725651877
0.2062032199203227
0.20133329457755736
0.19828417011426164
0.19435488620879804
0.18786495374850856
0.17924309943666905
0.1701773252196936
0.16231966860925248
0.156849274584828
0.15580988067202275
0.1607819492599744
0.1717321056177627
0.18687116000573611
0.20241256084107845
0.21453653811985207
0.2207883332036679
0.22077489912675877
0.217352585295699
0.21317253536378528
0.20863292934920766
0.20432612163513672
0.20083388989125311
0.1971577979401564
0.19179290139071364
0.18403032355234927
0.17578457159940677
0.16907186111781722
0.1649160338761972
0.1621959715348525
0.15984977928925972
0.15806153667174497
0.15726647537099067
0.1561392348122868
0.1541405076728059
0.1516721240821867
0.1492011459029215
0.14769788295550193
0.14828823387756498
0.1502253494147722
0.15251413783088055
0.15382932551704276
0.1531693617420501
0.15109910677807553
0.14952338377347427
0.14836449867685902
0.14614005403388372
0.1423280998090122
0.13707439558886472
0.13051231331076035
0.1241697474801313
0.11906539423127588
0.11441401475596684
0.11005254133506921
0.10566666162941425
0.10064504931526477
0.09553459599395936
0.09103251007664268
0.08714922617666321
0.08397677194643993
0.08194261138957767
0.08078476377283494
0.07985048292959544
0.07873498348568808
0.07704191028816028
0.07519983439361111
0.07359370668725838
0.07330059032086551
0.07443765732652016
0.07622120320042247
0.07802029353615593
0.07942295764045772
0.07998658747775729
0.0800525860513074
0.07961399055684887
0.07806854161152303
0.0759110935743145
0.07575119449548477
0.07879542232172192
0.08446815910268013
0.09203797036806181
0.10122233823948863
0.1108787647890981
0.11842599605531155
0.12205263096777506
0.12337973343110445
0.12392044910634425
0.12275305167853034
0.11816170396338849
0.11002723514109185
0.10005557180159776
0.09127117392459
0.08622589067644021
0.08528312538183526
0.08740882429531517
0.09159861112438697
0.09629615489045358
0.09928751791447778
0.09900328291933
0.09553598366159931
0.09125298684209224
0.08949495994461623
0.09047723484149761
0.0915983375109409
0.0924811373871026
0.09375340244965207
0.09500276798217844
0.09590268602148319
0.09770333370379694
0.101881703327912
0.10857221755752605
0.11663217475860159
0.12369609436267752
0.12788039575495153
0.12834245598644844
0.12498316150259428
0.11940137402161576
0.11365413092573708
0.1088071071005712
0.10603387419679826
0.10533819173405734
0.10428285193532207
0.1018070404624866
0.0984090151400044
0.09519767566482833
0.09319067031906932
0.09251876535396333
0.09365923584540516
0.09668210795364932
0.10115830933506237
0.1066654431337177
0.11236855197969488
0.11603459593870714
0.11653575269515393
0.11331660691742242
0.10614123951904136
0.09747060223549699
0.09029765625988863
0.08413557712662616
0.0788650354285502
0.07702994505815917
0.08041149311888186
0.08729918966794509
0.09433765499680676
0.09972227224426124
0.1020779896796984
0.10102456308713499
0.09749645243529818
0.09256749715691683
0.08860839184887256
0.08670769580779357
0.08579529170515925
0.08480134395743245
0.08419022790791203
0.08526437559574457
0.08860606037127675
0.09284967146097797
0.09505058234396589
0.09398125719061468
0.09160870137764783
0.08991665131263783
0.09016408990130274
0.09212749425020883
0.093949010671313
0.09425472059445819
0.09400044288346791
0.09441740165104032
0.09524220228813385
0.09542900532761084
0.09411744091068239
0.09148169596979899
0.08787960301455179
0.0843465134391929
0.08238662080288016
0.08227983836125885
0.08372965258745771
0.0858271142006378
0.08780892378856323
0.08946452295276486
0.08998813311521998
0.08839533557716339
0.08529078575478405
0.08254829463913242
0.08131436348534607
0.0817635498453119
0.08377252545427821
0.08693745966261662
0.09008215242095143
0.09193908245801743
0.0925056349726865
0.09168639725797731
0.08890325336532984
0.08446341835084846
0.07937174587097769
0.07487833439681917
0.07209398679864623
0.07092482278570758
0.07084081910069098
0.07222819435842233
0.0759008477048912
0.08147455609538112
0.08715623714314243
0.09186426428975436
0.09568095458575478
0.09822236462789738
0.09877974070673821
0.09695864991716215
0.09406668081904304
0.09320324856013044
0.09613996254352926
0.10116245368439507
0.10467714103224601
0.1063719434646373
0.10689306219636796
0.10581892260832172
0.10281466118940362
0.09943277368158221
0.09675969942432515
0.09426884278665189
0.09082498470748132
0.08690056403149866
0.08352014191132798
0.08042132093422297
0.0762535022034124
0.07057416126559922
0.06485458260638317
0.06168150702119372
0.06199232775054464
0.06499953345106677
0.06954565899132314
0.07507452651594536
0.08227771817234061
0.09158422592215061
0.1010088987439178
0.10799679134242277
0.11060221070549248
0.10823440052491802
0.10171166696841923
0.0925796422740461
0.08409974129202186
0.07850176315346116
0.07646654021036273
0.07806900526810853
0.08268089711045615
0.0884213757478116
0.0929689661487166
0.09560226226523479
0.09678135585719728
0.09825114619157037
0.10146579263039611
0.10517249310195277
0.10654864244206928
0.10429571551574175
0.09969494378422203
0.09557292035963993
0.0939140981111282
0.09375030046753353
0.09408007656978859
0.09432877213752683
0.09425871324855686
0.09396109993372256
0.09402585300181421
0.0954725086269717
0.09813305779705074
0.10016775090692422
0.09927355950797133
0.09509806240580958
0.08906223136102619
0.08310424276134984
0.07866783677823354
0.07567745651505028
0.07512116162178137
0.0782039989731965
0.08334527669650832
0.0874838407645351
0.08958716773577202
0.09065639075929899
0.0914074714079359
0.09095292330458368
0.08928287417428556
0.0881033147422464
0.08921471536550991
0.09287957599501934
0.09763193629838957
0.1012562794853322
0.10267649471470147
0.10216730375354911
0.10021641642246021
0.09784318120829616
0.09495951240717483
0.09070556498777178
0.08546748748583095
0.08117546588205256
0.07863097374868518
0.07830837373713577
0.08056818111398499
0.08357672296300557
0.08503130087636449
0.08471610763087017
0.08326440229847988
0.08060004961500494
0.07705247723087293
0.07425941887196652
0.07434936383301598
0.07839432714633893
0.08570268706231701
0.09256268521497502
0.09497742281184829
0.09301032647239164
0.09036971010992713
0.09068701765487197
0.09367088585753722
0.097521332962537
0.1008420880274927
0.10303000606589863
0.10336847921357781
0.10067711078198355
0.09541286276428564
0.08939258839406258
0.08478003394937618
0.08270586876646897
0.08275797571615934
0.08382574352349699
0.08411569729305013
0.08193604155923415
0.07750563916035515
0.07286470457951265
0.0693707018866168
0.06689038791866848
0.06512639368414787
0.06639531524660121
0.07323557529111036
0.08491494312751384
0.09819133918366786
0.1096059277758026
0.11729815904233637
0.11995098164894615
0.11724444391034682
0.11094562449113658
0.10192135833220717
0.09091246369707297
0.08094834604951497
0.07599456288677836
0.07711585814596136
0.08065268709716218
0.08333649481437624
0.08421254984503707
0.08324427211101659
0.08099830614686906
0.07851010950131039
0.07621989836121405
0.07395289785587318
0.07161109148331579
0.06940574790252885
0.0678525593341736
0.06824669505161059
0.07135231843845315
0.0764511509976501
0.08161943417287147
0.08613189425133691
0.09035225162595563
0.09623782088320638
0.10426204544855308
0.11273723018151091
0.11939739535527832
0.1220134961344843
0.11820938465778771
0.10869546374992223
0.09846510722896264
0.09151820601713642
0.08728445281227294
0.08354891958145765
0.07867534261847577
0.07217595741766028
0.06539536970232233
0.060643770303750004
0.05909297184419242
0.060008401849282064
0.062240627522947206
0.06430475676639906
0.06515398075111917
0.06508968638774618
0.06603888406282649
0.07006543484715973
0.07737775990012312
0.08657954333000226
0.09583352224265113
0.1037300743552202
0.11027498675919171
0.11502387335745579
0.1166103521860248
0.11523135972661343
0.11250927295954512
0.10912673534299486
0.10560634925004173
0.10167751597946316
0.09711446477133451
0.09237238997099334
0.08820592162462121
0.08563385072403602
0.08418592388840447
0.0828092498616037
0.08143729721299221
0.08097551988141757
0.08205229629779248
0.08406558478814934
0.08552529467383432
0.08526083563180176
0.08444390855482403
0.08453594401353279
0.08595992297072375
0.08772544062789148
0.08913781170659277
0.09025385540589294
0.09045139818059098
0.0890197026337227
0.08671789264749147
0.08467568735739311
0.08419895302354578
0.08636960111027474
0.08960035238103811
0.09142662831199141
0.09132507484996215
0.09055548022022346
0.09051566481840576
0.09075577245036698
0.08973313484241645
0.08680520422655315
0.08288120212511098
0.07953824041453875
0.07751604143604504
0.07626084012194263
0.0751626594420322
0.07430551897084917
0.07431743150200983
0.07523534744125647
0.07698333302884659
0.07981310606166464
0.08342607912845082
0.08778161583973099
0.09300013478546455
0.0975644644551174
0.09924920106265277
0.09804939879525809
0.09620319702835985
0.09577396459405897
0.09723500443420353
0.09997408985475428
0.10327176685577141
0.10661214923189126
0.10809075261405067
0.10584542031387517
0.10028742014972142
0.0933168638190446
0.08675673382058179
0.08250355811274936
0.08133729474694992
0.08239650648616952
0.08416123081449325
0.08580774813354411
0.08763236887455926
0.08943745340534336
0.09000227495981931
0.08831763480973114
0.08535209572010916
0.08349476494862162
0.08394108487437581
0.08655049124525274
0.09059026447019772
0.09493177177830037
0.09842656494212308
0.10049554857531563
0.10141965945964654
0.10144996907779069
0.10132047875016
0.10240097184621046
0.10458267143889093
0.10649686397914679
0.10753548206853908
0.10764617078442139
0.10651982814947471
0.10409215380026386
0.10060202179873953
0.09712643401741139
0.09473314166574884
0.09358788621238069
0.09273061027991363
0.09113657222806153
0.08846596108470094
0.08470459765329912
0.08116094461144377
0.07814182944857223
0.07459726536757173
0.0698642108275818
0.06648872446780647
0.0679894455801613
0.07486916255546242
0.08432932186013851
0.09176932771090593
0.09478368695451853
0.09406362939056266
0.09152617440986968
0.08917777691694835
0.08974460450494814
0.09463618437557073
0.10251846642704483
0.11005627624357084
0.11386739420517875
0.11228734553373468
0.10541427810540248
0.09529372085655886
0.08625789003125751
0.08127175878385098
0.07917151898324114
0.0792806145731607
0.08335845378162582
0.08999380299218482
0.09479248302506176
0.09507056527403025
0.09154423429881167
0.08543597931693528
0.07878537402663988
0.07460059049704171
0.07392362552722542
0.07447776272542057
0.07383495890627766
0.07223259535541042
0.07225200386359211
0.07608491163767261
0.08248410670280779
0.08800953942194772
0.09089833502740859
0.09293979808204678
0.09639084423718489
0.10114378664953284
0.10542758549252733
0.10742078044714272
0.10691599187980723
0.10458045514747895
0.10202892825883057
0.0999721100001087
0.09812707440393231
0.09633732094412613
0.09550061054491699
0.0960822158613107
0.09652191299602447
0.09451608180916245
0.09021047723492703
0.08497733844767832
0.08033404513435212
0.07906816741310627
0.08256595359438082
0.08853309175630998
0.09302639095029276
0.09458941978478994
0.09472781212110745
0.09557708037399958
0.09753858685320449
0.10003590163704057
0.1017912733905976
0.1013396843098257
0.0987833685612854
0.09609960202717166
0.09475038157045967
0.09434035880966356
0.0952685126458532
0.09797028004716168
0.10094808940745761
0.10147045646109706
0.09859775382947686
0.09426213714606309
0.09223716172771734
0.0943778095658663
0.09981819745670874
0.10648690097106926
0.11221545720180848
0.11610126537599506
0.1181939250521868
0.11792861868037643
0.1148728189492832
0.10974443058658896
0.10461283405075623
0.10194077205919612
0.10220130917079108
0.10391513486659552
0.10698429779304625
0.1112439885035378
0.11399803451570163
0.11350342151253162
0.11082552630239564
0.10769226637774053
0.1048513650769483
0.1015246606172724
0.09759592693690836
0.09423288608220731
0.09234743137533676
0.0921360054408162
0.09220263308695789
0.09140411011347224
0.08922267377487932
0.0855851221125773
0.08155686664544731
0.07813002621787578
0.07488587671145791
0.07194447769599288
0.06994488515399992
0.06918090213100472
0.06964598639114822
0.07103044717145189
0.07264578281653036
0.07355580507688192
0.07368683860293401
0.07482216496139533
0.078378290882456
0.08488756113018012
0.0938608030352321
0.10310149072068456
0.11139746100670413
0.11977795269517803
0.12640140444171566
0.12876598957056812
0.1264695555223669
0.12195432279111748
0.11812880762350894
0.11650965328990058
0.11611392177351063
0.11488499395553628
0.11173602278006647
0.10670222650297222
0.1011387253421633
0.09621154497238515
0.09160881506958514
0.08668892412729265
0.08202793041578033
0.07864276987638204
0.07663898924696376
0.07553983460928745
0.07463501090679509
0.07378301088331057
0.07390063592899368
0.07644992813859097
0.08274595311707098
0.09226346588428891
0.1023287342945762
0.1093376652290276
0.11183306533174822
0.11157088169894894
0.11017228011101879
0.10787027627741652
0.10454770331202554
0.09995796777220749
0.09450114281414579
0.09025413976182638
0.08942866333945072
0.09200049749108852
0.0952167451198011
0.09629307508984292
0.09556997251698256
0.09480623767674068
0.09546029680483166
0.09820753682137894
0.10361842129612896
0.11064023257584807
0.1177347562685581
0.12446327596313367
0.13020953179500416
0.13287727231918828
0.1316008388666962
0.1288171006930307
0.1269968303823038
0.12687448571338678
0.12880890136776257
0.13252258758560503
0.13600801597398485
0.13650777671078598
0.1329860214409834
0.12713890339940248
0.12230523372326363
0.12037213172254724
0.12141182035189012
0.1241013063779114
0.12850357015891511
0.1356562870240004
0.14545227832408558
0.15641836666979358
0.16790404453641916
0.1790640315586464
0.1887530079628005
0.19623434264686915
0.2011358496110746
0.20350829742090873
0.20314812285897946
0.19938450303810232
0.1909420119870283
0.17850968296581537
0.1643833213985809
0.1502440858084067
0.13760889994064884
0.1279020897674367
0.12122568778433601
0.11704891067953327
0.11477829475433748
0.1124537632083599
0.109252049836086
0.1051956957422918
0.10061682995636763
0.0968628626611475
0.09597991277555405
0.09829041239845189
0.10249196503027429
0.1070166092158142
0.1112582003374774
0.1136966854903337
0.11321372832189396
0.11086573161615766
0.10960616583380188
0.11083052477347433
0.11402483105136309
0.11693091218562338
0.11760568758527701
0.11597396171083363
0.11300870970020546
0.10881437930242233
0.10196155998300648
0.09330536796474995
0.08602178340968707
0.0817482148315081
0.07951921464638773
0.07762981419888189
0.07618991498477141
0.07628746540849349
0.07744186718411981
0.07978599906058224
0.08425746995105302
0.08968840266077814
0.09353507382555151
0.09486564793041122
0.09527298280367451
0.09673831296592425
0.10113360921125547
0.1089966589952707
0.11859562645040483
0.1273782653190253
0.13310869494259905
0.13514381379715104
0.13415559234564442
0.13096017482869604
0.12655681020960238
0.121286212526455
0.11562076254519933
0.11120629775836977
0.10910772048111746
0.10871334771327754
0.10847280446865544
0.10817338765093161
0.10971350751016617
0.11339585616577175
0.1158961042817987
0.1146240944432201
0.11059442297978903
0.10631696847232988
0.10425134485802125
0.1058420279514848
0.11054341012730745
0.11649576933086772
0.12190998587466789
0.1258241027163157
0.1278323165312612
0.12742484688383504
0.12480617985747339
0.12179705228729826
0.11952364674230168
0.11781876461078072
0.11643103432552121
0.11520956670140012
0.11308091896950284
0.10877118741288637
0.10328517995618805
0.09927109185641408
0.09772011775260998
0.09801009659229099
0.09993894670199835
0.10301946233294784
0.10519950528252286
0.10434302038761431
0.1006128934414683
0.09525944201835249
0.08988915639148144
0.08543836760351721
0.0829700865524583
0.08401476671155482
0.08784278416876846
0.0917846989488193
0.09331850543161062
0.09220382656229227
0.09092636531691149
0.09189590524000253
0.09422611454891351
0.09509984491587328
0.09291202469986809
0.0885506127518486
0.08358471968172225
0.07928779513526532
0.07566691004560767
0.07249897284078521
0.06998369166090283
0.06890572297779012
0.0699879513445891
0.07394566598053724
0.08008139459631615
0.08644014187628277
0.09175355812661111
0.09605512562798485
0.09944244441777936
0.10195380076520867
0.10358044825154411
0.10420494033049783
0.10389616121225133
0.10260527828133233
0.09978675150332818
0.09617257691161489
0.09359054218612681
0.09329133110820123
0.09483594236813417
0.09767390378131761
0.10103302846998183
0.10363480328260757
0.10443756620499982
0.10374136438087558
0.10239782192407744
0.10036530483207379
0.09777436670924568
0.09532222498570349
0.09356430488464729
0.093147115932464
0.09406050149472887
0.09528129045269706
0.09583382318177582
0.09599601898820957
0.09691690376811046
0.09984264488898228
0.10521345866417771
0.1112852477910449
0.11548527257978429
0.11638203418812147
0.11551138964090038
0.1154628983365003
0.11829761780334543
0.12423863892402852
0.13183210829301384
0.13866620652514128
0.14209587668757376
0.14107464080626864
0.13841619409841366
0.13701274362377527
0.1376265237290571
0.1399719781373168
0.14340739094705754
0.14759935051947393
0.15163451187044205
0.1544872999805525
0.15655188676723455
0.15797607587821358
0.15959985891508163
0.16151862611749726
0.16317497094226163
0.1633615819530467
0.1613605960379789
0.15919102536050872
0.15879081584419924
0.16039344829935298
0.16281973858756735
0.16503755797830402
0.1668515265247383
0.16895732322244755
0.17042386961308562
0.16884086628610342
0.16361606884699656
0.15720793290654247
0.1521776309700548
0.15004673133386678
0.1517044398571761
0.15788882521817513
0.16803948152921688
0.18049446872251926
0.19339310832482157
0.20584682684435338
0.2180370244234044
0.23022549275561965
0.24050526023840368
0.24655356747160795
0.2475744206393399
0.24352893317703017
0.2355224372820413
0.2271931576151024
0.22108388972878662
0.21770643133793527
0.21541660462771267
0.21326842645040442
0.2106343619137973
0.20768628874225428
0.2041128186415113
0.19860260160707405
0.1905513759659776
0.18212095632870864
0.17572810608699996
0.17205800337243615
0.16948214887321003
0.16673387832541695
0.1641464292824523
0.162455680032667
0.1630348624451748
0.16669567867974464
0.17108145594541926
0.17369097104517367
0.17401203365279025
0.1709970681588693
0.1648334664109506
0.15746664003245886
0.14941475495222073
0.13972326394188467
0.13001016109566044
0.12230417059477279
0.11785981702526314
0.1172354124109603
0.1199200820522588
0.12302980153051249
0.12408422686817405
0.12227815856672851
0.11801895905498117
0.11311286010688525
0.10857233462082864
0.10507045378582595
0.1029822243039293
0.10203264575609079
0.10184141837770487
0.10208276253012022
0.10191314200297846
0.0997302949946248
0.0951939509778997
0.09067702517958119
0.08855243605035669
0.08844330050034489
0.08873579982188945
0.08826124930429664
0.08714699361229504
0.08551974211549995
0.0848354540251967
0.08656436289630193
0.08877504908517116
0.08820111650225057
0.0856510462145699
0.084081369037805
0.08456571540707455
0.08743783639809186
0.09304902813433276
0.10134564403262966
0.11030439269404639
0.11672177080868888
0.1197412514555264
0.11932085947014162
0.11525430798369347
0.10811447775167098
0.10012969185980436
0.09500809709302335
0.09454901013484847
0.09742823649291914
0.10076942364499952
0.10297136846433211
0.10424117713498636
0.10509531626942725
0.10615457403181403
0.1077072500965102
0.10901042700886641
0.10794367933368725
0.10374429995902539
0.0975250064700945
0.09078445077692186
0.08441637937642786
0.07842550732209973
0.07452517622262199
0.07479945962227766
0.07999197565943796
0.08957686336736664
0.10082920032835681
0.10902452397531914
0.11050578940404342
0.10568662791322804
0.09743259993948468
0.08830705599628613
0.08066990915373404
0.07650865565745828
0.0769100606445687
0.08102277695365985
0.08670413045351123
0.09259293858429728
0.09678642638357397
0.09768302382213796
0.09591077110309162
0.09313507761661481
0.08975332868346819
0.08503982831715495
0.07945215883009714
0.07436930956438983
0.06976112200754857
0.06579194695271735
0.06329899927891608
0.06374794098650922
0.06729648122865445
0.07268937210473589
0.07841122865152873
0.08239590712134646
0.08246389936233943
0.07916884559947125
0.07556638243411655
0.07412490784041076
0.07569243914986332
0.07944464787525313
0.08363615961664328
0.08752781307419696
0.09193523726948648
0.09604965970445667
0.09800204055799505
0.09718134788631148
0.09455316866118949
0.09085712625590642
0.08594804613554453
0.08016837842233113
0.07463909982052574
0.07097129466566912
0.07013711903517292
0.0716013763475922
0.07385089394185901
0.07598386351633415
0.07813417770640055
0.07963621269658477
0.07987368449537782
0.07978302506753938
0.080868648504054
0.08360772822177075
0.08844125643285874
0.0950789446354135
0.10218418681394179
0.10826878416728486
0.11164476814444467
0.11185095838867055
0.10972915680651288
0.10683850978562441
0.10324061842647242
0.09840045285263405
0.0926598157704635
0.0871385756438054
0.08369159852859422
0.08376812654303238
0.08672927063574361
0.09038940495269315
0.09388752013224481
0.09814310748324463
0.1036338091351626
0.10888623267975164
0.11149889951810243
0.11060568624009993
0.1072396906722089
0.10185144285007143
0.0937057998543861
0.0849044990504501
0.07968264444538495
0.08007535319782445
0.08479944500783412
0.09232173168341905
0.10067414944606101
0.10723341399420964
0.11077649270274724
0.1116093663506726
0.10975198544070632
0.10630872400402995
0.10337968697403989
0.10226485458534544
0.10374921368664639
0.10707528830970292
0.11120042462731228
0.11665537311850106
0.12285565564907665
0.12801110759470416
0.1307979731254434
0.13044244619605078
0.12640624485393032
0.1188288350446223
0.10968579011274837
0.10175311980413035
0.09609200240255343
0.09224903567312076
0.09020723511425445
0.08999628153293501
0.09143511840855176
0.0931721402259804
0.09271958188581385
0.08913157203300358
0.08365512821292266
0.07862938384903174
0.07457181794138514
0.06986240614689675
0.06418466245289745
0.06096574045394355
0.06245259778957256
0.0670111263794007
0.07218048750698396
0.07696188683506329
0.0809801372922497
0.08445107452121604
0.08660442669887375
0.08591771239736487
0.082472680005709
0.07799877122631835
0.07520347926826292
0.07537219023929974
0.0771634228849846
0.07894552006784088
0.08085155375558904
0.08283816419775747
0.08347314105842417
0.08271545487903889
0.08168531409677368
0.08166025301604371
0.08237744358070674
0.08251895473466986
0.08087433971384364
0.07803022289552533
0.07480715877195383
0.0719148838403847
0.07048388722515855
0.07135653152269528
0.07408737302531203
0.07648217647568065
0.07709620125147615
0.07587607658217223
0.07440965923257008
0.07417250235186994
0.07434421987218175
0.07362244799715707
0.07291312439901088
0.0746941327256768
0.07993922582203317
0.0871297537144587
0.09355546317800244
0.09713651850374236
0.09768624308764558
0.09608672762300784
0.09358620570411678
0.0912611312515524
0.09019377559532141
0.0915171045458553
0.0954301365313951
0.0994776616995595
0.10047631772728007
0.09896770482418099
0.09726343072827619
0.09557215866617079
0.09367159398350436
0.09161751118935682
0.09022707880575342
0.09054988098005456
0.09351484910156103
0.09817653529382217
0.10312082491084112
0.10759718661321212
0.1102638184957814
0.10833907164085058
0.10058609159328102
0.09069235518305674
0.0845391154386188
0.0841291447876157
0.0870355926872298
0.09034552902787671
0.09271722309456423
0.09389721194970467
0.0941412643361555
0.0933806561179969
0.09264955926395327
0.09201864293439453
0.09078461535994897
0.08923847488806545
0.08790324201116945
0.08640542531098282
0.08417856400415362
0.08183623327865507
0.08002779258701087
0.07886332259660842
0.07802483191234619
0.0773359753617183
0.07636767422503635
0.07469565329894644
0.07233807103483418
0.07066507004334029
0.07157832989546775
0.07461268540698121
0.07776484947132699
0.08016513680585388
0.08190830307527776
0.08372538876721577
0.08602978449991086
0.08774876632836219
0.08813340894810114
0.08798720951734805
0.0880095051669125
0.08785955489001851
0.08714490473983597
0.08576691258737218
0.08469503896052999
0.08403525843514277
0.08340863458043177
0.08325206301973354
0.08481359410060127
0.08906352087576594
0.09511114852078305
0.10098533558432095
0.10514692104052732
0.10699711251780718
0.10616153071947051
0.10348686438080522
0.10045187965788914
0.09821885890437908
0.0981310669542601
0.10084076048595816
0.10594559423627797
0.11115478710052855
0.11409592102258391
0.11497785992481993
0.11554478354574624
0.11691845377104683
0.11905507084364217
0.12153639458312834
0.12372002493175281
0.12571288194163313
0.1283322225745961
0.13161117646058837
0.13356614777288023
0.13228951895002225
0.1265854523611809
0.11701400311121653
0.10484275497654066
0.09254256328793678
0.08348226742785275
0.08002277300493137
0.08156960163460834
0.08546722206651691
0.0884965725320592
0.08878294578296035
0.08568114889285039
0.08015269763083016
0.07420817269148564
0.06923800813568416
0.0662902157406811
0.06646835660154972
0.06963852350309457
0.07603570844947521
0.08655561164633722
0.10036691114978978
0.11332325962645334
0.1211112264324884
0.12361749949019046
0.12119732172481915
0.11461954574296836
0.10740649867490316
0.10457734871506494
0.10787206287614261
0.11468747653126725
0.12094749081617466
0.12470099270930009
0.1256224131863822
0.12410010619207718
0.11901281551312227
0.10928332234333812
0.09631606834887668
0.08314776762218479
0.07302273017402333
0.06843338586954603
0.06930787793641426
0.07251533989832794
0.0750384776877318
0.07703851625726314
0.08073527581702378
0.0866565541008855
0.09348405889032363
0.09911531857554029
0.10179413922247
0.10176149967788695
0.09982444723871604
0.09735857455541366
0.09722574668647561
0.10184347627700041
0.1102950268681051
0.11966683162233023
0.12657406287238596
0.13035236020281724
0.1329391691278399
0.135946019429232
0.13866787510005518
0.13965912940873834
0.1383515394071301
0.13507096816346215
0.1319089569833395
0.13019556276532768
0.12976182272096243
0.13070988854114132
0.13113825628926415
0.12812431763821922
0.12169192741668387
0.11503032495998342
0.11111458039487959
0.10985461659439777
0.10949039449591617
0.10771551723468423
0.10355490192498804
0.0976936666228676
0.09253830799740276
0.09042112126034822
0.09121160264094713
0.09416349592129535
0.09890466363733735
0.10387839958749287
0.10610706109905502
0.10515824580754542
0.1030950398680126
0.10215034079299833
0.10239696372783821
0.10346163188105821
0.10401899355443243
0.10282769700429951
0.10068742831726542
0.09857247724957977
0.09681084937886589
0.09391450011008065
0.08859839294513476
0.08360680185825593
0.08132319254257718
0.08114767309905566
0.0813231131612394
0.07994696665632593
0.07586045168555335
0.07054169098329507
0.06652850193859583
0.06489814575438005
0.06523930015493638
0.0669062134491667
0.07021984434558291
0.07614185420660259
0.08339506383157268
0.08919363797626645
0.09263648742392736
0.09618366559115371
0.10262167112644943
0.11234149744145662
0.12276899287701383
0.13017042928749376
0.13160350986077798
0.1265374514378514
0.11743528662198807
0.10734589679686216
0.09772173588455148
0.08927908765227102
0.08260849294058017
0.07926083458081516
0.07964655080404823
0.0812192106325054
0.08105184206843222
0.07801017685260457
0.07313836605464079
0.06829232959345974
0.06597647532278579
0.0676212521315494
0.07261500991942026
0.07936107170700953
0.08655390767387743
0.09408034756127963
0.1010178502774335
0.10591942313120739
0.10937799616491312
0.11421103776710942
0.12023229217197738
0.12430846081999229
0.12333289492526278
0.1189508785971493
0.11547916433301361
0.11559094125622033
0.11916673146659529
0.12512558119670236
0.13144246611301938
0.13555533616211576
0.13496933835119845
0.12978367278802158
0.12327488172066953
0.11842043645091178
0.1156788451410341
0.11496001421916228
0.11540091127804497
0.11620496422434373
0.11753772305750859
0.11950387355845836
0.12092664045629416
0.12120915048924627
0.12038884062495547
0.11747922325684038
0.11222973148427504
0.10621571825425676
0.09981954772502837
0.093182478861422
0.0872403104011325
0.08320053284710417
0.08003170346760999
0.07556873538340055
0.07020945048873345
0.0664128897779743
0.0653074251994989
0.06651091204242068
0.06898818526085128
0.07181178689114542
0.07386283608805598
0.07535709047389141
0.07741048044283563
0.08074218205481595
0.08524568557213642
0.09028127601756403
0.09565655894233133
0.10242870852850605
0.11187721357549403
0.12241622199599511
0.1306061472144717
0.13558773761789827
0.1370363376706277
0.13489011862953987
0.13088914912522165
0.12654798667238765
0.12205138643807902
0.11562614718012851
0.10695404629788802
0.09796591538601443
0.09019108478142406
0.08333930664390779
0.07825488227223046
0.07634925114442678
0.07631475710088917
0.07533004289393522
0.07340025169410536
0.07302626329108504
0.07479344660839124
0.07729462342063576
0.07926911132615239
0.08054665805134184
0.08167497238191723
0.08314394292271789
0.08487580944437778
0.08707973891115554
0.0901458255862405
0.09343556415049062
0.09653345174662424
0.0996051803467489
0.10244390635484592
0.10429918138570095
0.10445212141157804
0.1037246480926875
0.1041775667999008
0.10770521742628261
0.11374946940782213
0.11924297446874725
0.12160281675989995
0.12169028717386597
0.12100997874644996
0.12031022325865691
0.11985493492682352
0.11930394816488103
0.11812433651110499
0.11644856629784567
0.11500568422198255
0.11479743248341832
0.1152985552444394
0.11490724615866463
0.11286643673739373
0.10935047242062333
0.1053040752277235
0.10116491849978648
0.0969356438218742
0.09289623710706256
0.09060408696668085
0.09189580926546365
0.09579796420972392
0.09989307777108603
0.10208872947780556
0.10044044547257175
0.09458305236664644
0.08705570647619026
0.08098585988517476
0.07782894095771918
0.07812363676488518
0.08092560890002279
0.08364616237406083
0.0852180475404718
0.08557122455284559
0.08512218736089598
0.08428053423568385
0.08355105115602998
0.08390957596539139
0.08521067350786102
0.08633337629433516
0.08631590790558334
0.08530225960525062
0.08387256228456913
0.0828067439826707
0.0819628678025233
0.08106229082149907
0.07967264391442504
0.07832144974489869
0.07765055309600807
0.07700518489675627
0.0748744894728962
0.07047602397186839
0.06580797864206658
0.06357912996099128
0.06442465510647019
0.06759945136400052
0.07167358812070496
0.07490773091588651
0.07635817554044312
0.07674723036449631
0.07795922719877804
0.08068151981189522
0.08364175175542982
0.08545800951935756
0.08707721993875606
0.09102198397543376
0.09856992544863179
0.10732487395546297
0.11400179420312725
0.11754052750710109
0.11853171412009576
0.11669320029681293
0.11194098226771645
0.10568072294345542
0.10034438493929676
0.09660979223960521
0.09324193655600521
0.08991583877193558
0.08795673974783859
0.0883035339143694
0.08972494720073353
0.09080834421742526
0.09164245460897844
0.0925810881279354
0.09301006279647314
0.09230211063914028
0.09032202244637201
0.08870000607326627
0.08981210524184861
0.09477152451799134
0.10151904341428425
0.10615251497736843
0.10625557272572045
0.10396237713136601
0.10247409452060084
0.10315228960024532
0.10540086369813122
0.10754291843573817
0.10810129048321272
0.10744391367886855
0.10646480617790231
0.10591194724923578
0.10542360793417886
0.10448528622274786
0.10378775866703924
0.10445159904477279
0.10597991006230109
0.10612699954513449
0.10256713222619966
0.09565232162449576
0.08858129643159465
0.08416721144008989
0.0824823486629664
0.08265169793946636
0.08411471274135156
0.08586429165210414
0.0867590960743491
0.0867698991627249
0.08757290550902892
0.09079637233514282
0.09619915455732601
0.10298799124423232
0.11056181424346581
0.11799491282841029
0.1230104662970561
0.12470636168813257
0.12367308895696638
0.12106329901905358
0.11837244333966206
0.11670440506674004
0.11673552333862793
0.11851277958214308
0.12105172924103934
0.12452643169696752
0.12921400902411795
0.13279847183540874
0.13208555837410565
0.12573606851915275
0.1151044526969676
0.10316731786655034
0.09265642647449886
0.08510219921339507
0.08162088631167995
0.08148331404575473
0.08200365912293221
0.08209407281384304
0.08330933707975297
0.0858715212934067
0.09018192050101637
0.09589246027557864
0.10215662503062922
0.10812889965430764
0.11306267769174583
0.11565690184061873
0.11643563173207246
0.11685702901988038
0.11734398173450013
0.11696286736770055
0.11531736393844019
0.11189604659231568
0.10608325291050888
0.09847821635786685
0.09123590370373257
0.08555135357999541
0.08191704685476389
0.08100662780405507
0.08234667269581236
0.08536229952251266
0.08882201047469065
0.09140336981759277
0.09359407635359701
0.09612981507658791
0.0989469257512504
0.10121100454705247
0.10201085800891498
0.1012376090491936
0.1005900283031727
0.10195153092564242
0.10606349681376405
0.11258541830678576
0.12090182266000256
0.12856623197289585
0.133474578077719
0.13627002489911097
0.13918873591137193
0.14315631346087287
0.14733114535376773
0.1493919883878039
0.14828687371418958
0.14608697850427124
0.14587980182519972
0.14997299648571344
0.15920554359338182
0.17199130497956394
0.18395842835680584
0.1910709674496185
0.19261718368857156
0.1904815904549866
0.18708721199953843
0.18470876582042783
0.18494412572909427
0.1875046438082401
0.1907211105774204
0.1932110251224876
0.1940310954753685
0.1943944072925228
0.1952005141805441
0.195760079380521
0.19560057892311153
0.1937569843302502
0.19018282161131594
0.18611479713014234
0.18181339530043075
0.1770520877836737
0.17279460872753952
0.1699803009135145
0.16874099990614666
0.1697811771511012
0.1739901311716451
0.18066864289855863
0.18842462407998753
0.19573487095847586
0.20217036558353169
0.207500291740204
0.21215045392963536
0.21496659916299565
0.2141070907422313
0.2101332412084908
0.20601893648409225
0.2032876657107814
0.2032788305425479
0.2056255157326499
0.20955353120838904
0.2139624341192201
0.2172662877048127
0.21757131164077126
0.21430287739256304
0.20848382542518215
0.2017242375726782
0.1954868879038548
0.19074874174757955
0.1867338088233377
0.1829538724123154
0.17993191553140864
0.1779362930720454
0.1769522060897757
0.17671922468081477
0.17577607175462912
0.1740758888124445
0.17281350208838922
0.17216734148742294
0.17187705990517319
0.17260510224352602
0.17535952062139332
0.17790482555600026
0.17643012941607242
0.171079887992321
0.16419394107364751
0.1572203365950493
0.15133118303515267
0.14775184264794225
0.14605734713134294
0.14479197541648273
0.14390963036018126
0.14278188733086103
0.1409645418525974
0.13898322842893868
0.13824409433269527
0.13942017713105673
0.14135832235429
0.14262566497419546
