2.7522075358470097e-32
0.003970674863598646
0.014221944348789107
0.027027781355743952
0.039010037137787806
0.04897706157328189
0.057862982187568954
0.06761566646892897
0.0800375798756427
0.09577951798698268
0.11408312830553413
0.13297197499689045
0.15081232263894467
0.166875661258517
0.18158247770658031
0.1945208498448787
0.20468505708309528
0.21079262756733316
0.21246620998233545
0.20952571174422432
0.20171078127872483
0.18893356440603953
0.17242177835446493
0.15363393495876682
0.13375432052848057
0.11383890186600591
0.094993206338088
0.07875092482191295
0.06601950529535434
0.05670419765115301
0.05030770969667476
0.04674177858913085
0.04654674626185729
0.05018772966561981
0.05696844688482626
0.06525000293112135
0.07304954126912065
0.07973104571165766
0.0862796067905464
0.09398761281910566
0.10378197690965968
0.11587298850018525
0.12969264369625694
0.143440581155923
0.15412312884534923
0.15962916148361334
0.15930053306821038
0.15420811084560007
0.1456591431348697
0.13547668347437647
0.12541952507014137
0.11659109983903082
0.10928046289203765
0.1033538339302965
0.09917038403046932
0.09710399476638136
0.09695156976124977
0.09751205249171642
0.09713120721951492
0.09571800211830013
0.09423787786710623
0.09322038709175584
0.09221869090347784
0.09024723668014824
0.08652674981718474
0.08116131026082876
0.07522630768416085
0.07000829915445074
0.06635418124432978
0.0646101420117713
0.06484894311330441
0.0673116121393564
0.07201614272673579
0.07785639797834787
0.08327583054388434
0.08734619494572111
0.09029363355760302
0.09283329925690414
0.09550194044245472
0.09848324397114223
0.1017862722416627
0.10499640397162043
0.10762282334489123
0.10860250723872926
0.10679267521551365
0.10159938517071371
0.09401930659917386
0.08532817275352045
0.07677015584820096
0.06913043606479427
0.06322938859756153
0.0592949840366194
0.057850255735873726
0.0597126043502988
0.06492282092707709
0.0718792794173073
0.07842940037417391
0.08275821261140491
0.08442643717914965
0.08333953119146785
0.0796192400011453
0.0738808719527371
0.06754077498783623
0.06189965868744877
0.057807018000059995
0.055068788208871344
0.05331012973492377
0.05306445107177692
0.05550721603774442
0.06094314697810133
0.06830126825844708
0.07553888151809346
0.08049083041677907
0.08171469251440577
0.07940682360033456
0.07558338428845285
0.07265975507346295
0.07226221574930562
0.07422204147352528
0.07759739643009766
0.08157369285092504
0.08492268444778064
0.08651459132008936
0.08622266969212695
0.08463390810467075
0.08195646297195422
0.07815388925130454
0.07465139260202087
0.07290892644714446
0.07300827452451361
0.07373078410321043
0.07403732674728428
0.07326944591781923
0.07103436160255024
0.06708299676300432
0.06201065572156261
0.05726726846556334
0.054169497169665765
0.052845233420158864
0.052795745986353476
0.053353216601618285
0.05400793013416041
0.05541782081350932
0.059093046975320605
0.06509983398172513
0.07190162791328682
0.07786794874742733
0.08268430814227919
0.08649961164327731
0.08942455637703375
0.09099099418385252
0.09127654109231724
0.0908398806683182
0.09109416840755896
0.09211703619400814
0.09231948121420318
0.0907777060387456
0.08756804365957441
0.08327846119576472
0.07879115479444898
0.07443247858952835
0.06969570559593981
0.0639770353981107
0.057304164006152146
0.050216515566883974
0.043769977263159066
0.039521190626217687
0.03845488637625386
0.04033372848033321
0.0440952651854336
0.04915084278232243
0.05547470606061365
0.06268299037588061
0.07020623462509745
0.07727610244361384
0.08301590714346956
0.08716237318430556
0.08997787988080866
0.09193952349934785
0.09324895047463544
0.09355417115097386
0.09226651968085123
0.08934496395545262
0.08509464677705164
0.07994446531221411
0.07411547159348929
0.06817820350416963
0.06270802014370193
0.05785251411576287
0.05340217484634711
0.049500319552670514
0.04616526643070637
0.043579719017251536
0.042023681864821145
0.042136144920804634
0.044657300540657384
0.049670055886589216
0.05654501041052201
0.06375377329603343
0.06974884046069654
0.07341976098944675
0.07420095442649172
0.07188349858126832
0.06711863206035074
0.06138430535244077
0.05610633466139809
0.05297940620979906
0.053046710722673446
0.05577130489747223
0.059748677637434286
0.06378612469639294
0.06718681533835813
0.06952216953709955
0.07050843818151871
0.0700877180256291
0.06815138346831964
0.06427994473583405
0.0586415193024616
0.05222125058888921
0.04662306587483925
0.04308397593300884
0.04198457773638951
0.04276879734870056
0.044224900198598135
0.045545954267618434
0.047233902813031324
0.050182352035179456
0.054597533526652
0.06013477272129219
0.06610868673141902
0.07164504744708963
0.07566058581085561
0.07712832635741637
0.07656889244266409
0.0756050991647555
0.07525082425876851
0.07514533958507864
0.0742819599300489
0.07205168061408061
0.06882745034609435
0.06555514172021125
0.0631655559740664
0.06184205227867075
0.06085080565518576
0.05922870526330131
0.056687346443389415
0.05370159036493193
0.05105140307818768
0.04925790012172294
0.048155694091936284
0.04717486415329642
0.046450476930967016
0.04710462716622036
0.05015491811901889
0.055164981246809575
0.06083433285689271
0.06652102527446925
0.07190597650221378
0.0766932534706362
0.08054018869941885
0.08298644252229109
0.0840947107562888
0.08438143516561916
0.08436478093310622
0.08369392033158297
0.08133824622114914
0.07657789117343405
0.07005170395372737
0.06305782609362369
0.05642885736013993
0.051147080102183315
0.04826924628519426
0.047594525874496786
0.04770504433626322
0.04757062086082122
0.047412765213894884
0.04786954254586287
0.049573776592194765
0.05243424029255569
0.05526006068849019
0.05648216781788586
0.055886019611484226
0.05486948090897498
0.05480060283836884
0.056427877055452706
0.059556588507755436
0.06317879546639907
0.06625114836101624
0.06849661458397517
0.06983849588796087
0.07017229322997967
0.069905004411001
0.06933132777099459
0.0682619333661841
0.06664396884183788
0.06461503532212277
0.06227575876489541
0.05982845666832957
0.057457393142574704
0.055323455978699046
0.05369586407197858
0.052592145669555446
0.05175660710843057
0.0512358676873158
0.05109175170284758
0.051229719876027445
0.051173314318316725
0.0502357995755688
0.048371327058346514
0.04696663936730894
0.04775917208256953
0.05079676266856759
0.054833860402053056
0.05912964551835853
0.06322643308553991
0.06689230379767838
0.07025878679178794
0.07333383380636282
0.07661488778288104
0.08034467903105405
0.08359633012396087
0.08465385002002683
0.08270395774372054
0.07854496144181893
0.07351706655866339
0.06859260754059796
0.064069358002231
0.06044496997184273
0.058261258880090476
0.05736895772739527
0.05651602633394378
0.05536611495230247
0.054368242307878546
0.053678540667490254
0.05239379725888224
0.04992170078793363
0.047217389693545754
0.04630789238302179
0.048719323124227276
0.05479848839854262
0.06381379433888706
0.07413218569428416
0.08357680340055706
0.09004481940565863
0.09251081067918444
0.09094889408882516
0.0862160980985233
0.07929986411176862
0.07114871731499685
0.06349197378969602
0.05797566400267275
0.05475377974752762
0.05295461463366489
0.05202282490056644
0.05226151020798014
0.05374959926782796
0.05569859030081289
0.0571777100501664
0.0574496136279465
0.05634836883867622
0.054364188059023655
0.05283959929907305
0.053217545855579966
0.05581017553550071
0.05975214487736587
0.06426865908647857
0.06873815054994123
0.07263846808371582
0.0753401710592326
0.0764733993020126
0.07596697746285491
0.07377081985360236
0.07029251118620844
0.06637687784073372
0.06295726932702661
0.060558103434362326
0.05923103721047873
0.05858291945129249
0.058711519314496335
0.05940145418895003
0.06027414778591675
0.0608581723998273
0.060910647717488074
0.06033134363551204
0.05915569045570975
0.057442933802524826
0.05540329115999768
0.05320021135019799
0.05114728885534475
0.04967812271464671
0.049447750690732956
0.05084643913569249
0.05400147782327469
0.05854655690396681
0.06406755884807956
0.06977319806359421
0.07512963435629363
0.07979679840928906
0.08409114244822086
0.08790010151815562
0.0907931250471319
0.0924548220454682
0.0921203824666645
0.08996924699627125
0.08772772377871647
0.08732563890304779
0.08863637230185624
0.08929797044147422
0.08628540529169565
0.07844408164158007
0.0674885158909163
0.05619128524292079
0.04695119323082213
0.04099725228133865
0.038750590856460654
0.03998036828631679
0.04361910571407231
0.047812624667411055
0.050872668289195226
0.05259424938291438
0.05401085932857242
0.0559203287141305
0.05833510868066243
0.06147558269082071
0.06539832822236957
0.06908038478185041
0.07118673669324017
0.07149326744968937
0.07063539775616946
0.0686659159077128
0.06534901216336748
0.06109827480737117
0.057421460724035915
0.055094502721837905
0.053997788413124685
0.0533524697830143
0.0523678871704031
0.05079546685463568
0.04900553015898348
0.04777599907704851
0.04767076638554234
0.048479731455497506
0.049606892655508966
0.05033889786760703
0.05063596988396481
0.05091980423346739
0.050841926808993354
0.0503651858352438
0.050298199025907424
0.05102361961423924
0.051799673490873215
0.05204313869716944
0.051858011479192306
0.0518714560977996
0.05230556605209992
0.052743266069602515
0.053349898841762146
0.05420323003343505
0.05524461959535618
0.05653634264700333
0.05741796362679279
0.057358286180200176
0.056516116508198946
0.05621728495445738
0.056908312485047866
0.0577001426670013
0.05716716576782358
0.05527228114252174
0.053558922510828416
0.053671885241199896
0.05599835482550193
0.06031422114315688
0.0656757177740531
0.07013591744226562
0.07185551246917826
0.070730521030659
0.06748465548787971
0.06330752098933352
0.059741071013501484
0.05800782994260312
0.058154064404029746
0.05964740515564574
0.06158905511601865
0.06306416503211082
0.06393132015214462
0.065114019540231
0.06685798609372318
0.0684209071982798
0.06860326846318612
0.06675243233126013
0.06343963308567291
0.059907387296595116
0.05699204085926068
0.054689306311102685
0.05292565020080732
0.052047901134633104
0.05187250750774454
0.05204290460708292
0.05271778283724408
0.05382488830725434
0.055081969096057566
0.05587899426287855
0.055832009175134784
0.05545389676147018
0.05582158154410454
0.058030346066168116
0.062161141939980645
0.06726130352947288
0.07138776378026628
0.07281672764479037
0.07125011177448322
0.06792499813664427
0.06443943944065776
0.061376102841214704
0.058658438311173094
0.056495386660396815
0.055507153703485856
0.055851291080833254
0.05713847348884365
0.058950400157033296
0.06050118586085019
0.06078024737624561
0.05903586230913054
0.05558378473874148
0.051863475356432966
0.04911105294542387
0.04835761165324558
0.05011624442284453
0.053848168265586985
0.05791757235408175
0.060890214667580066
0.062018118687975354
0.06133538583144818
0.059214381493642
0.05646567155405424
0.054253822871219035
0.05334002010579304
0.05376939855002382
0.055060471120045355
0.05666896327219978
0.057660128386570614
0.056933187580357585
0.05369587488090431
0.04854720028352978
0.043162004001678196
0.03955442438343257
0.039157057684933355
0.041261413385104355
0.04375741139986649
0.04534000312270273
0.04611095770268921
0.0464561895632947
0.04642071014769674
0.045860248841054364
0.045251869968616146
0.04554347820906977
0.04759721364538219
0.052005550197588374
0.05951500677634129
0.06949204512077443
0.0794794570499468
0.08702252238191951
0.09197133638344099
0.09617161615772758
0.10120044699848962
0.10661483005151053
0.11068613063947305
0.11156603976963267
0.10822935444724795
0.10157658099757158
0.0934202090706484
0.08548581974173178
0.07831242830594058
0.07147612282498977
0.0649224591663669
0.05932223185185158
0.05513244896165393
0.0521154903436026
0.04973706546438047
0.04761507988550396
0.04587438067229431
0.04490978601308082
0.044951306641523726
0.04593991452923278
0.04845532965027004
0.05336564597279139
0.06037461890925287
0.06738903633810038
0.07214105586121092
0.07355573166500708
0.0721385225333574
0.0696309629260684
0.06788129337819666
0.0677149071608507
0.06921079774922681
0.07180590131078926
0.07422712349992637
0.07544424815925249
0.07557117528577956
0.07503465440625465
0.07423952693672771
0.07329875695786456
0.07190225273440899
0.06966753884044782
0.06654272586878474
0.0626603277171112
0.05838278699347817
0.05443305979985104
0.05177145580378186
0.05112980430806562
0.05256463595322513
0.054988956537819454
0.05689821607919301
0.05743842017982335
0.056803378682136973
0.05552480856308782
0.054376128366524244
0.05471530836619724
0.05796708766417899
0.06446811008973735
0.07246584971444543
0.07885378143361838
0.08111811616350494
0.07887023059765033
0.07344260006203324
0.06701891113808668
0.06183531905137275
0.05919404672766445
0.058534217176748296
0.05862983205200183
0.05872834942800078
0.058999247746848546
0.059995733482177085
0.06148374955898794
0.0626583285902969
0.06275104960155072
0.06108947078945819
0.0577183336075596
0.05326081846026381
0.049147750805912264
0.04676406550867852
0.04635654728170527
0.047343339331082784
0.04974590460552321
0.0541776993038076
0.0606130702960972
0.0675841953824148
0.07347447497451175
0.07779436256090926
0.0806839162723482
0.08227669836252931
0.08210391165215533
0.07970013012234715
0.07513069609929506
0.06914162580654995
0.06319488372275538
0.05940793808127968
0.059268722892939885
0.06211025435641571
0.06542413364029354
0.06692685909864692
0.06621976378451132
0.06399504932648492
0.060985597992809434
0.057874110158958166
0.05525377272036388
0.05348472619998552
0.05308268133410836
0.054302393531974906
0.056910897029191373
0.06022711380502884
0.06361550986673091
0.06678858409858024
0.06974482824405295
0.07235394709151655
0.07415776013078226
0.07441749302360226
0.07256487351981976
0.06942257462765919
0.06708150589984327
0.06764361020378912
0.0707317676266642
0.073379953587747
0.07401027389230254
0.07291954887898003
0.0707235958227925
0.06798805284284587
0.06516856049469198
0.062360090630048125
0.05955358809075989
0.05697973000409472
0.05519230869483547
0.05445774537118006
0.05420627092301259
0.05367958767674297
0.05282836560659118
0.05158724032249895
0.04938833604000242
0.0463841029737915
0.04383854184249232
0.043434597138719964
0.0460225309372998
0.05102420611924688
0.05659240075748141
0.0611798318817966
0.06471049482946839
0.06739143949156108
0.06858615652934677
0.06793715241649981
0.06560904915336045
0.06205876898625099
0.058742243793225984
0.057555829170347336
0.05973373251561595
0.06465386072080545
0.06989493242118623
0.07311262003636373
0.07363860000446211
0.07239799309505023
0.07055446795034188
0.06916869060275864
0.06864955242129783
0.06825856351323732
0.06714447955886273
0.06533743160308766
0.06329053867051333
0.06147867266939923
0.059515181797997814
0.05688558092549174
0.05432480803459293
0.05328146103188534
0.05460290740194683
0.058251405046791084
0.06297252540828724
0.06637055904464016
0.0670218447822852
0.0654803213406057
0.0631047420735763
0.060574539526803674
0.05858102628082754
0.05748634423128792
0.05706842462990926
0.05702450157307048
0.057446889462952365
0.058427142198857335
0.05962264453844396
0.06063401498612736
0.062015653123719434
0.06397943867236365
0.06563822250077349
0.06585218442447703
0.06423361916743711
0.06132768718752016
0.058458030325108906
0.05731648868021745
0.058522293151581105
0.0612680557847933
0.063848380681536
0.06531032014052071
0.06587620542790991
0.06608839783245832
0.066460734247267
0.06693154285249443
0.06682013347846985
0.06517469706461698
0.06147808722843858
0.05651078202171761
0.052461305141602806
0.051456321114935935
0.05403654514011254
0.05969701294860683
0.0669407202929861
0.07338418700704223
0.076988259144365
0.07738528556255742
0.07560431393985535
0.07284128242895312
0.07025974087380107
0.06849641210400528
0.0675155224021974
0.06682674412568461
0.06616644675668953
0.06523275562803937
0.06402266796619174
0.0622483735245991
0.06005740261362049
0.057670228261506876
0.05526942456410433
0.052991774615873746
0.05128733557345956
0.05037675032673855
0.05017154443387954
0.0501135096157509
0.04976006547625933
0.049432795485920354
0.05002507177768706
0.05226432986484816
0.05588558215770267
0.059773399240715376
0.06318726338151624
0.06570517538102413
0.06732314496741858
0.0676300733748135
0.06611191950863599
0.06287826666151777
0.05953713499067768
0.05798800179017151
0.058749498511930426
0.06044826812543236
0.061589284310742745
0.06144877550344994
0.06016067805452087
0.058433890171872005
0.05730153149059608
0.05705496377750992
0.057408007601845536
0.05773939324100333
0.05686237466785936
0.05413575904261243
0.05046015416179123
0.04748078826351891
0.04568260618341568
0.04487750239600917
0.045418501606787474
0.04729966755096788
0.05002905867621796
0.05309862542961348
0.056255393396731
0.05943657865227249
0.061916944041241734
0.06252896566145046
0.06057333475671612
0.05672057377346954
0.05299668581566778
0.050760689891355903
0.04990527869059787
0.05046092351313592
0.052287373406440185
0.0545858123994373
0.056130528006357636
0.05618782815042862
0.05477865004514821
0.05255994747633853
0.05085759931932023
0.05059641711241591
0.05101425625316727
0.050295591417301014
0.04768787492458514
0.043766065926939934
0.03933585739586009
0.03552355137514898
0.03351203646398822
0.034372502822001744
0.03799244015824928
0.04279498001501016
0.04644747661611291
0.047500993905551264
0.046413461323903046
0.04454529911069639
0.042746615888674615
0.04150691357153381
0.04142287551867344
0.04289463902744686
0.04586557795873989
0.0492957956094642
0.05191855744692881
0.05298409694634925
0.05242755248344454
0.0502622004488135
0.04710081209956679
0.044336494513010964
0.043360387332684554
0.044738736389360816
0.04818089985228199
0.052913268711395366
0.05814234755114065
0.06267731803598958
0.06482805856587846
0.0632783275641745
0.05810126451632733
0.050821619480094754
0.0438819505983902
0.03938270581477429
0.038411946126422215
0.04085081875903025
0.0449103431871148
0.04825711338091081
0.05011396691315609
0.05103704952627911
0.051564700425196515
0.05238050531850203
0.053299018860410954
0.05356464920513407
0.05261821939513645
0.05088369158854915
0.049574184623720555
0.04997318739393015
0.05284121574784096
0.057838303337693964
0.06325626328039917
0.06750326732993821
0.06983811336701594
0.07062692813247759
0.07031661947352937
0.06947131502930122
0.06929750997679665
0.07069212007389983
0.0737896610017884
0.07762320010284474
0.08060255491356111
0.0821219675344723
0.08222197564561057
0.08084630656704356
0.0785760966026194
0.07657354882238995
0.07563969887224042
0.07487677122575945
0.07308694728381873
0.07011223561088398
0.06627058849824641
0.06240440669076841
0.06012210218082751
0.06007843624377816
0.061815946552616276
0.0639410219239298
0.06550335986468016
0.06606423638037841
0.0659482312503987
0.06574501498636058
0.06567352347437613
0.06563212037705739
0.06615465471571294
0.06756834841520319
0.06948358780928163
0.07123283886178185
0.0720836953394183
0.07195222696961778
0.07138532093976947
0.0710113322239391
0.07049642654768976
0.06893874416784802
0.06570931734273058
0.06070374410025455
0.054867195849105065
0.049559521177059855
0.04630739071623196
0.04578465077520367
0.047642778912626506
0.05006437374897795
0.05150285581885063
0.052442610219333684
0.054258883023464016
0.05729607162
0.06067139399430339
0.06316951011378188
0.06441069536963734
0.06430019030391397
0.06274437894452978
0.060295543458919416
0.05869776920242473
0.06009460055671766
0.06554527721174144
0.07384330077171296
0.0822365712765228
0.08767515876961983
0.0891224745720686
0.08827437764097007
0.08749200516880079
0.08764841195734242
0.08845615875480797
0.08946070708251892
0.09033604600636885
0.09065078854014356
0.08942299171483954
0.08526671386042647
0.07764583061783616
0.06887357583080365
0.062180151194317454
0.05909041068966744
0.05902657000071684
0.06096081534075621
0.06431961192280944
0.06854114532988238
0.07224912513306393
0.07378704337709566
0.07236751215506157
0.06884466058465638
0.06493307628752186
0.062129420043453974
0.061038224994964446
0.06125357370142234
0.061899141609736225
0.06220930474892766
0.060929573019328824
0.056947462193815926
0.050878397231933915
0.04522963675909626
0.042772733225838015
0.04446046231055286
0.04913065798461231
0.054982739140988494
0.0606287807357507
0.06497949556096484
0.06700409623200572
0.06671794887122913
0.06517524646504302
0.06277570339549439
0.059599685231157225
0.056295107684170946
0.05435918406288425
0.05457622742423909
0.05664424391290935
0.05939546762328021
0.06174872160967894
0.06321809499988307
0.0636559288592435
0.06305248706737064
0.06182638060354413
0.06127041500847987
0.06305948764948552
0.06712016555679694
0.07133541738822251
0.07297253274372975
0.07098260981457327
0.06674191179556667
0.06270598847001234
0.06082068318934639
0.062037446285276625
0.06609881861406815
0.07137736242509019
0.0760584305546166
0.07928748595144965
0.08114951546811851
0.08209631846330458
0.08273057840995257
0.08327079692100257
0.08282813439147477
0.08016291051022097
0.07475760868431332
0.06725067825103193
0.059992993576890245
0.05520391176054033
0.05385472384356359
0.05557691953940624
0.059308106304685054
0.06356985550531648
0.06646380056856037
0.06655904190798471
0.06389065383555591
0.05995759340491609
0.0566729041173751
0.05554534073944688
0.05675607254771153
0.05934858728979546
0.06194513769572884
0.06388933715182304
0.06562937700547587
0.06824881772257961
0.07229832459088467
0.07671849351457612
0.07904782271649848
0.07785657293818508
0.07449327655391062
0.07095741115538577
0.06846204754066189
0.06766282900503591
0.06887028049753038
0.07132987577885051
0.0738288616564909
0.07521203862692215
0.07508301802134562
0.07369370124276325
0.07135506570445356
0.06835732480549572
0.06511478494863651
0.06200677967782533
0.05958939881015732
0.057824599687241796
0.055456971976710685
0.051786271766086425
0.048273017970747824
0.04717322701123331
0.04970620436277656
0.05542456223634828
0.06268266206926239
0.06906306930933542
0.07307850568985352
0.07429534612440038
0.07269382649991672
0.06828955123340091
0.06161027679034459
0.053967828387745866
0.046756139664859246
0.04127099253944412
0.03860342883291188
0.03906330848468648
0.04169081353253347
0.04444368038504187
0.04580905001588827
0.04550337275142785
0.04426055681160179
0.043238074236510105
0.04340592580944626
0.045270025694307534
0.049003609196927776
0.05426768217392324
0.060283049643674445
0.06601362323659292
0.07066394802264059
0.07369920804117128
0.07488931674309247
0.07407480937024677
0.07130421091834901
0.06751699378457424
0.06474859646178908
0.06377805253165933
0.06362959735532911
0.06291376071693862
0.061124410622378715
0.058666415157761345
0.05625831190846889
0.05455348116852323
0.05374061829893641
0.053106080213113124
0.05175856553653489
0.04963353519242469
0.04751948578356501
0.04632073480600863
0.04660929927236242
0.0484967858673104
0.052062496652773495
0.05714693114050588
0.06322636103026855
0.06902063128323685
0.0729671501194642
0.07451605363759921
0.07463133183685518
0.0741187907105453
0.07286243936951438
0.07102166965104602
0.06961465086340639
0.06894703434785875
0.0684898794512373
0.06777331536250714
0.06662284158838819
0.06485220103797745
0.0623788558489403
0.05945771145854741
0.056500888185449905
0.05399357977455002
0.052170643022018896
0.05124935839712662
0.05081586296753097
0.05032495468563186
0.04961444587792488
0.0490681098260552
0.04892005405165633
0.04923134642447378
0.050060649704225
0.05143448180952529
0.05345436531988509
0.05656403759984099
0.06074841019287
0.06556088095880386
0.06998482939775123
0.07333624564702784
0.07565295892947707
0.07780448040441701
0.0798396628852445
0.08037874729059502
0.07854473932471961
0.07495844621743991
0.07113709534304208
0.06783073561874234
0.06457767637649493
0.061007001916570984
0.057598572842756726
0.055817415028616826
0.05606484513181062
0.056824987788236116
0.056445635694892894
0.05493156002731358
0.05255626309458893
0.04971359465678091
0.04708947968417635
0.04537804286224465
0.045009668462335256
0.045605427482014675
0.046246003048214634
0.04678677362992732
0.04845370693910314
0.051535726073285625
0.05448423023453822
0.05558005298396565
0.05487036982884117
0.053532829341297036
0.052894155041979495
0.05322595398255132
0.05349168793689274
0.05250729742821658
0.050642260859686726
0.04894264697321755
0.048109574130620884
0.04840408570658816
0.05005637298329382
0.05284581715437378
0.05624403452423922
0.059374767849215346
0.06102615626687004
0.060671663120748266
0.059078710644545056
0.057764853034576125
0.05781111833532228
0.05940507385714679
0.061913700288205864
0.06442179586211202
0.06546348922019354
0.0642366060002063
0.060967341770920405
0.0567524828941538
0.053297617479158906
0.05180266817713503
0.052787737681915636
0.05623227320191902
0.06099101212929432
0.06485365634468115
0.06596829314276716
0.06424409733211774
0.06066221964206976
0.05689729306732922
0.054368166802376515
0.05324829271301347
0.05270643175665622
0.052027956993733374
0.05141332230543162
0.051791132208337066
0.05407740993598409
0.05829938842293935
0.06356124477927826
0.06842598827425007
0.07106592446075853
0.07064940078753468
0.06781495065019316
0.06331875328198372
0.05838267852753248
0.05494575545884665
0.05442709358377015
0.0567410868100573
0.060406272123029445
0.06377949828536396
0.06584122338673247
0.06667349450784964
0.06685219793952478
0.06655621665075716
0.06574367090050348
0.06464549464466193
0.06379761347174273
0.06310010773278417
0.06222358939251059
0.06153151910921018
0.06138253378563795
0.06168415372454649
0.06200234291849876
0.06197948862108623
0.061408856325203647
0.05963124944630113
0.056236475099186625
0.05244635840256888
0.04964889650220119
0.04827719868396705
0.048317983848301466
0.049083509808962186
0.05025050357987789
0.0525370851930255
0.056561267541417465
0.061857517824861055
0.0664628176913461
0.06833425753407366
0.067078208307597
0.06379935169711558
0.06039980975102809
0.05852728089926424
0.058154871235288064
0.05797934953846266
0.05720123871969276
0.05601340114578789
0.054603807828403045
0.05324656671618546
0.05243528552040378
0.05209377270210511
0.05163962187014723
0.05084850699430698
0.04975020024222423
0.048555602399375244
0.04782519964969428
0.04854128131456688
0.050798729715436274
0.05375406086763982
0.056682419872948975
0.05935714690313833
0.06151574065715187
0.06283805993997367
0.06377147368411076
0.06479073640573416
0.06542163428998447
0.06495070804220483
0.0634282961991773
0.061049698702128646
0.058053539363148124
0.05488489118471905
0.052821121923205205
0.05301949926161424
0.05594247252827733
0.06126089283905001
0.06815779664787927
0.07501356677606096
0.07960965712077193
0.08031562781414919
0.07701370118920446
0.07089643853955012
0.06386252143814239
0.057698533098578
0.053394376107692355
0.05087327155204055
0.04963417944700746
0.049769024680853646
0.05171818153449251
0.055352279602988136
0.059766740402322195
0.06385229867890697
0.06657316883757293
0.06747377446360307
0.06698601640320849
0.06575569036034506
0.06426254254808003
0.0628281636282041
0.06083137430344007
0.05800638383914145
0.05473585396737238
0.05204140371667046
0.05064305598441837
0.05055985055108625
0.05126974538750328
0.05189850870459023
0.05174108714795172
0.05079221285220185
0.049779853487309234
0.04895367093224179
0.04791647322214088
0.046698161461403195
0.046061267368538675
0.047122376385177314
0.05089397458459771
0.05703255961598443
0.06350407886547936
0.06814176710669166
0.07034672753779958
0.07106075077686579
0.0714040300709442
0.07146154433308138
0.07086296055716779
0.06899270549132515
0.06644428378648895
0.0643002132445288
0.06329211474415175
0.06303908968124407
0.0624344537105373
0.060949299526210615
0.05907977371986951
0.05733515131097904
0.05573049195412474
0.054096733419135144
0.052422844684493194
0.05084646145293117
0.04952522056880709
0.04887411104891143
0.049112619146323186
0.050293559400878846
0.05189232722199254
0.05270570619869059
0.05145484945551159
0.04820523991575454
0.04456292711793598
0.04225861074791174
0.042299138454374524
0.044590481909184805
0.04780728672248513
0.050608617391180916
0.053374093163333275
0.05738911720428228
0.06340678302994558
0.07103687605482352
0.07853643559814512
0.08379407598662447
0.08553799937517091
0.08379011507657753
0.07963158896918646
0.0739020683030552
0.06727178422162497
0.06090509904769341
0.05601020155533392
0.053115604076076676
0.05201257247208148
0.05233007347111144
0.05369498746697829
0.05535724119211322
0.05624165203354557
0.056478061146171266
0.05682267504246543
0.057350202430288724
0.05765388995303386
0.05739984593896194
0.056300560802780925
0.05432221022033326
0.05198601441914143
0.05018336136000692
0.04931075136529981
0.049733427099408936
0.05127915321659928
0.053296542960545645
0.0552312982465999
0.057008590406800536
0.05886523803356956
0.06083607455358886
0.06238018680507814
0.06261477458565333
0.06151591267496358
0.059805621023032496
0.05886390125328614
0.059432425148486956
0.06096564102960806
0.062004853335915565
0.06133541308330924
0.05857253216943714
0.054350761008803934
0.05016470714057395
0.04767311880081145
0.047609724189083574
0.04937470856825623
0.05150323663839263
0.05253474699125797
0.051691893194163514
0.04963925311902388
0.04778210994487551
0.04704844911573642
0.04783773830649856
0.050424101996746254
0.05433879694109472
0.05798235891559665
0.060167347921045916
0.06071664332788443
0.060042956071131165
0.05880577121293046
0.0578039532270126
0.05755935272918762
0.05827310966319632
0.05977706319883173
0.06170570863812338
0.06360531489603648
0.06519505523951218
0.06590124401561577
0.06451754314822732
0.060325235754937576
0.054265601283126665
0.04845108340737119
0.04441812449951107
0.042424677140600144
0.04228916121020664
0.044250613036444196
0.048071857052880466
0.052496959539420004
0.055902295776688586
0.057853858679899686
0.058808212633935
0.05916438324285461
0.05898720466517791
0.05857096216635085
0.058554327233977445
0.05944581178807272
0.06113162972617299
0.06306825291607639
0.06458059658639947
0.0653510122172357
0.06540158279457138
0.06477095956400154
0.06317292082129358
0.06065128671457429
0.05806400946347771
0.05662506313187992
0.05675952643604847
0.057893051592546776
0.05909793575236897
0.05960564679238194
0.058968664297226366
0.05652014801582028
0.05199762809002402
0.04669738054003708
0.042058996371282464
0.0391568427313405
0.03855591267307895
0.040103033274209554
0.043107090465092084
0.04639297496357688
0.049043217321782455
0.05128966619976928
0.05396414831771037
0.057394402629603616
0.06084648948247025
0.06346185112963791
0.06477502478651277
0.06537882836007768
0.06647103298208579
0.06937416804976906
0.07457321744306206
0.08130738809540675
0.08759439280347193
0.0912163274064019
0.09090852447254977
0.08664239104898235
0.07954220337759817
0.07184617570974074
0.06539296722808896
0.06096006542139083
0.05802165366368206
0.05568426179889041
0.05356689726377648
0.05177036309355079
0.05036505700133976
0.049338097270035325
0.049088065049282335
0.04980359473578695
0.051002620339381584
0.05191802646613718
0.05232738026438519
0.05244442019418036
0.052338038128758056
0.05194681414077581
0.05197487018367065
0.05350273567262142
0.056890017923221625
0.06119744426189733
0.06475479861707227
0.06654528596566482
0.06660473258090359
0.06537803294299217
0.06352858760853763
0.06156966461850444
0.05992801088330408
0.05901881132356962
0.05892636948247537
0.058942113802759634
0.05817627842096816
0.05611616608480162
0.05300617515278182
0.049899584071029505
0.0477571125106429
0.04676492381391707
0.04650624761717749
0.04653839467330254
0.04682387093816507
0.04754910761068962
0.04858341548641686
0.04952035177785147
0.04966776964274572
0.04876928468537613
0.047691672258750276
0.04771506602930316
0.04930045035420316
0.05242678179777226
0.056808226266867344
0.06180158068222152
0.06688828052938017
0.07178742208571211
0.07614089549573871
0.0794737616038915
0.0816835748965204
0.08291614396835527
0.08305694179368785
0.08198425812853473
0.07981778993601155
0.07698897852402294
0.07389928385338489
0.07048072805763435
0.06685598894900978
0.06336817731929006
0.06056992478547046
0.05900121204694688
0.059170008780699425
0.06088717494619923
0.06293207366258463
0.06426862302655056
0.06470862486571832
0.06449318875059266
0.06355724209297144
0.06187631129308089
0.060122590549664026
0.058698767896329655
0.05804208634876699
0.05805470385956055
0.05804439624216451
0.05704199172661807
0.05525211545003412
0.05414125834852581
0.05531808397740578
0.05893875344014412
0.06393860908591856
0.068644750725418
0.07237567629414565
0.07510835787117572
0.07633952525919267
0.075653463493529
0.07317752244664412
0.0696171925325073
0.06585923239140438
0.06266525160883513
0.060909175348133754
0.06145033430139884
0.06370844267676325
0.06556478137035204
0.06515129690788912
0.06172608561608536
0.05636609661238422
0.051365416607151056
0.04828312919708741
0.04698517729144538
0.04651981503902995
0.046906757469941725
0.049283466225524694
0.05366179509139388
0.05850211941721486
0.061891610545901386
0.06320833796267897
0.06325715618121283
0.06300149616700555
0.06265804803179394
0.06223593081831509
0.062240768641355936
0.06293069392279302
0.06394487006178116
0.06457915021141286
0.06516658942285246
0.06708793901720499
0.07165809424619188
0.07814754610331784
0.08424051065237512
0.08716179247994893
0.0847289898593512
0.07657098456643849
0.06480029116100432
0.053452375690357726
0.04564688881240883
0.042430950438523365
0.04225404187863645
0.04310306943497187
0.043886207888332
0.04434892199772607
0.04449855419284426
0.044405584277310846
0.04444908651684386
0.04484301478029811
0.04570502092060629
0.04715752413205443
0.049511903597173765
0.05291298003842926
0.05699770107664306
0.06123529485501186
0.06464278722776606
0.06610123332696347
0.06555353112138032
0.06420377942019513
0.06385305425023535
0.06530566545425565
0.0676837317776476
0.06918814382673838
0.06850559998971648
0.06592364873171433
0.06306951361048463
0.061113146121932985
0.06028622620551312
0.060221826323594095
0.06026409693713976
0.0596106513421264
0.05841456463777074
0.05785675131685908
0.05903058537302835
0.06197540835890001
0.06579269090439607
0.06921578625780495
0.07075316278195982
0.07027174267862875
0.06903490215053393
0.06758790570615011
0.06582983763850125
0.06420939691658051
0.06344048409299058
0.0637872936569222
0.06508496546687315
0.06647989378804693
0.06638290507655151
0.06373263077311685
0.05885104778232013
0.053338963987464995
0.04969007795113973
0.049285439972686605
0.051186472494300174
0.052960287802898125
0.052902430725608816
0.05123635992484228
0.04951899299892579
0.04869297695691024
0.04862916071329394
0.04908403254299979
0.04962534523069872
0.04971306580025427
0.04945103234016031
0.04965638595819433
0.051656233457134555
0.05610570322548347
0.062270343811763745
0.06815254817041391
0.07229335857315794
0.07432950853916308
0.07471175521201207
0.07416110755437111
0.07304362295798796
0.07085731282303745
0.06725424211286705
0.061953296746602306
0.055291947624983996
0.04883733586047146
0.044760032172120344
0.04376874271356425
0.045022976543782435
0.04701914128167604
0.049271795472932395
0.05214592279615199
0.0559673286278113
0.059995141021686245
0.06288758189756463
0.06358557269269843
0.062180313525768104
0.059476086229947475
0.05661391424468625
0.05437932488211281
0.05288280010414969
0.052044046868622754
0.05185645256775089
0.05249293605981738
0.05467710788597431
0.05911965867137244
0.06478913807411553
0.06922874842391158
0.07042627113930199
0.06797161958699915
0.0628668211412591
0.05681734926342186
0.051821543081517006
0.04915499416920115
0.04890518877793458
0.049985838991173606
0.05180087626087277
0.0544695285691099
0.05810370948327572
0.061840810023491656
0.06428448368501231
0.06420391576462499
0.06195437538657379
0.05881993115470994
0.0559127976190518
0.053933318298363606
0.052830661524240936
0.0520305149476483
0.05085553721399644
0.04917448391784044
0.047744834950577054
0.04745699468722035
0.04866767118583568
0.05165513819927789
0.056299408712621686
0.061784404075714526
0.06744919575236294
0.07314995019658523
0.07877371122398202
0.08300458837093216
0.08390069785938778
0.08105008313182831
0.07624307772201835
0.07160981536838366
0.06812902525262692
0.06589670773694159
0.06461245113611178
0.06344084809341549
0.06136771087720899
0.05835144016840218
0.0551976855723998
0.05314702196330584
0.05240766124983676
0.05239815791527274
0.05276590768986855
0.05345138446569765
0.05395218329646565
0.05370588554449138
0.052865435020515106
0.052671098776492835
0.05429033347634585
0.05752968934809089
0.06097355195280189
0.06366593037969712
0.0656242913165191
0.06765769760631404
0.07020447721716218
0.07296395961159606
0.07492533847319653
0.07496612632684649
0.07286766369509058
0.06978139318039672
0.06713820728865776
0.06528568389823564
0.06349393211326775
0.06111433836207539
0.058642619275198
0.057092131364475704
0.057179045983874924
0.05897982795738478
0.061261060868129484
0.06257911633474741
0.06270515997754812
0.06236650906511884
0.061703296153185185
0.06066399316242149
0.05947418973516818
0.05852937750529543
0.05735329326562737
0.05510860885384905
0.05177500478693567
0.04897775222873306
0.048350165516398605
0.05038227919983896
0.05484564691918196
0.061175081758655936
0.06823249266111271
0.07381236237794919
0.0760761132025354
0.0749892210277651
0.07207238103944952
0.06879700632601082
0.06615389171447553
0.06438229437328527
0.06330282424113931
0.06300418240677927
0.0634206754880844
0.06407258957909961
0.06450649348425352
0.06516054566183305
0.06638760809296075
0.06775847376562824
0.06814390482553377
0.06722181604520804
0.06625146445903318
0.06644936974263069
0.06846154018667386
0.07159641279648199
0.07469031751448638
0.07631947754747531
0.0758364234047398
0.07361509579451588
0.07076321098068848
0.06837974879270678
0.06680839027739362
0.06569203559152864
0.06448863536893955
0.06282767205608762
0.060455693438780995
0.057134443400617976
0.053018317433749816
0.04893045203713795
0.04558561179989112
0.04327439389873462
0.042162909951261596
0.04272614047452971
0.04476888519840093
0.047536533206398585
0.05013919569152587
0.051863278473397834
0.052174088430337266
0.05121307121193058
0.049852235135559524
0.049170974262422736
0.05006817503353161
0.05266507058846496
0.05670776976795983
0.0615490021643695
0.06622391905621097
0.06988923190864091
0.07239389487244119
0.07370791923192735
0.07405741071114522
0.07324152716158157
0.07092166736816777
0.06748609021539019
0.06395095567413679
0.061551963040255786
0.06138773122580047
0.06282129599413182
0.06356348464283731
0.06151271276314552
0.05643983115849258
0.050264116418474926
0.04527020496585337
0.04218896237009922
0.04021534824979107
0.03911180703997604
0.039600169394926
0.04227321870904098
0.04576194809537762
0.048286762543557016
0.049402005201516
0.05015071740273056
0.05117542269449882
0.05248520720068473
0.05351605688439077
0.05439958721679082
0.05557432942996483
0.0569615853447481
0.05803308418205623
0.05869707266616057
0.058950602941488385
0.05849631237522309
0.05665024239282588
0.053523121297818374
0.05081298397340656
0.050176564968244415
0.05157498094361723
0.05363799210361582
0.05512952690907627
0.05594690516561621
0.056800202017817075
0.057781076500734274
0.05848487506206591
0.058607450716921194
0.05811950434409625
0.05681994091150056
0.05430817883077282
0.05071972292996497
0.04698825819777313
0.04462173396804528
0.04489576993972575
0.047935197977748485
0.05266518727148074
0.057701836914333116
0.06241092081878994
0.06675753977201968
0.07073339931971145
0.07409674284853135
0.07592519677282557
0.07471492955519227
0.06975388401401703
0.06232277286731189
0.0551429019311404
0.04999472535468207
0.04764942285010794
0.04783087755014842
0.04886589371999556
0.04933992183309373
0.048882381182671415
0.04825282023408304
0.048159715971943455
0.048742385968712686
0.04980647033155681
0.051011395177195974
0.051945829310866526
0.05242392752929205
0.052387390268455174
0.05223916270246254
0.05269445066681416
0.05458713528345724
0.05762957022719545
0.06080995502150036
0.06331889440388308
0.06558356900631256
0.06877121460328901
0.07319915830663482
0.0772241143910037
0.07836050990885522
0.07571484628509179
0.07040670437347438
0.064731795196538
0.06078550474277465
0.05897187218155818
0.057358973942687595
0.05394280933294787
0.049081548393584015
0.04497421723606723
0.043559637541087486
0.04510271737133611
0.04882986868708776
0.05323831767169564
0.056394955075256215
0.056843249802127634
0.05430463006507533
0.049605347637424156
0.04456503156733157
0.04122710322235395
0.04081062593107409
0.042926538774170894
0.04648145684982152
0.05086056149750638
0.056111294207515074
0.06220644554286988
0.06841652142491958
0.07356342353801426
0.07689912447233932
0.07842764270459092
0.0785751003763831
0.07711272403969273
0.07409740352417643
0.07042207295661247
0.06750527083368744
0.06574591386377648
0.06465653828378588
0.06393305379599562
0.06328155030831085
0.062196352965633084
0.060011903942848485
0.05677979897525128
0.05335573468048005
0.05064444981604094
0.04924926129434989
0.049165191044863346
0.050335350396717486
0.05279194199111671
0.056524964117822846
0.06055729572761759
0.06288057344175563
0.062442206527329513
0.061055817044407615
0.061259889462763166
0.06405650347885795
0.06835153434274222
0.07237718008899346
0.07490350802094381
0.07599838307779139
0.07600897027832289
0.07480862488468835
0.07243215976802132
0.06958880306464227
0.06693049324102181
0.06438264216298631
0.06198220373148739
0.06077895978606986
0.06136283009102393
0.06287680804765358
0.0639552934467256
0.06391370116790057
0.06313194767227052
0.06199191363358493
0.060188727182823275
0.05765164605368548
0.055249289101297366
0.05364537909015408
0.05256864820484952
0.05162417575524806
0.05133385184863584
0.052509844749300316
0.05537663276314915
0.05897996714244014
0.06160915960348234
0.06251124257383457
0.06226173381319561
0.0617385331876694
0.06090125212527718
0.05941468914017547
0.057603244645421624
0.056732567386342546
0.057762012226054815
0.060496968580677636
0.06371962710827003
0.06679629218212361
0.0701051834132933
0.07361524340123968
0.07610514684067306
0.07637801729182128
0.07426575941865965
0.07000839322850128
0.06430946575582859
0.058166622269954664
0.05233819917708661
0.047995274827798896
0.04612245854988089
0.046581241175896806
0.04815024163750241
0.04991165774292937
0.05157552191137284
0.05351649570563466
0.05632246857758063
0.0596272589976284
0.06254223660995128
0.06438517507624879
0.06512248225005604
0.06484115416923414
0.0631560835049704
0.061535173540162684
0.06235558628808365
0.06653310619271646
0.07303207858409957
0.0796031439088668
0.0839525105563593
0.08473427182132022
0.08204578924226716
0.07720435130919376
0.07096245944231472
0.06388829600217537
0.05774648705141582
0.05435427454549632
0.05372766546422636
0.054446862307620206
0.05515985976653034
0.05523500869115206
0.05431608229167897
0.05246664450682236
0.05066452630354551
0.050261560291494506
0.052208391034991176
0.05633709157839865
0.06073369975312381
0.063458919301888
0.06372177673800994
0.061307514954350203
0.057480470365830275
0.054768947860902514
0.05456629261129991
0.056410988257775116
0.05912181839811405
0.061681178198770927
0.06339699438871
0.06411673762575239
0.06433148731736134
0.0645007523492689
0.0644215476672343
0.06394205675849378
0.06278942168836794
0.06119344492804712
0.059852142527401696
0.059915515828641484
0.06231821271578434
0.06653015253570571
0.07097059548997055
0.07401087525786608
0.07456135996288941
0.07254885936963067
0.06837129040841276
0.06309945536805342
0.05852793976297036
0.055669703873830245
0.0546720532995979
0.05501401679983317
0.05636017360291288
0.05839722838659419
0.06070322802451408
0.06323764958870953
0.06602226969570905
0.06866291081595523
0.07074703607046036
0.07219573591001212
0.07270589418026017
0.07211602128584169
0.07080473621177606
0.06965813527542629
0.06940471340235388
0.07065411941963942
0.07292046980643228
0.07501193861160685
0.07570201053786975
0.07475505338960649
0.0732174124161545
0.07240573400377504
0.07272998936702199
0.07342364723032141
0.07322538549153854
0.07157058347660233
0.06898787365328572
0.06632291546133096
0.0638234600726423
0.061079622026186366
0.057689402566333176
0.05397941276196143
0.051085973215360035
0.04977081247455399
0.049551093335651726
0.04947875929502697
0.049106163536796185
0.04906589604184363
0.05023979784029808
0.05262080491037996
0.055274895248507754
0.05732132079018069
0.058935085231174814
0.06081411216042997
0.06340001545774362
0.06645914726431004
0.06960220809926324
0.07165788757355
0.07128682373144955
0.06832203511409737
0.06442010253049667
0.06133534519750437
0.059084929773779514
0.0564804907346603
0.05311156908951648
0.0502199262212756
0.04909839326821826
0.04939551787277357
0.0496276541976143
0.04887091485500399
0.047699901725176734
0.047014468526806075
0.04743087563503816
0.04877260606428099
0.05009165409165486
0.05083552573050721
0.051933155677034624
0.05424795754927039
0.057224371798226925
0.05988036930333434
0.06130467800722732
0.061153195407115
0.06014758908801714
0.059843531033020265
0.061048872109087195
0.06333910079150942
0.06610979373406584
0.06925772078574925
0.0726172687779615
0.0754449041993548
0.07653329856587296
0.07512680272296438
0.07195897262517481
0.06884638987378769
0.0664807800995084
0.06443159410026036
0.06214797545791426
0.05964127599603953
0.05769890922326669
0.057147292164743776
0.05788275462775358
0.05892537045136735
0.059415874808550206
0.05883878872997228
0.05731624651902503
0.055551010058448466
0.0546553822389133
0.0553654311500459
0.05769148837671936
0.061125538524983376
0.06469069008020704
0.0672396710183448
0.06815202514514347
0.06787659685889086
0.06726404939650657
0.06682080467346103
0.0665242046621664
0.06595889815299437
0.06495952877476456
0.0635145234462878
0.061467842087362466
0.059013898477242734
0.05681982282578203
0.0555633238397342
0.055257587100244095
0.055390073219886954
0.05542275829732922
0.055249317229884826
0.05560442511425276
0.05684582759931653
0.05842657644967172
0.059570782936436674
0.06070587715813511
0.062266965735051645
0.06404294656147089
0.06512214557641206
0.06491591673418017
0.06289939621953898
0.059396140717912015
0.055200064703636795
0.05162058972807531
0.04920928081557852
0.04761583859182511
0.04686248406117247
0.04713518527446104
0.04810660853387803
0.0493439640429128
0.05074966423031842
0.05237784443103454
0.05404352931733051
0.05524672084920402
0.05602841033367435
0.05698514439665656
0.058792850182440716
0.06167430008237296
0.06506404198782273
0.06781881252095616
0.06953140217366682
0.07123493954633539
0.07436226246699089
0.07961887798872735
0.0869906309048673
0.09461047332098954
0.09937924031960106
0.09919483868298751
0.09449398625221075
0.08764928692548335
0.08090478649213263
0.07531934909324871
0.07107793604196534
0.06733555855282854
0.06297796129473734
0.057808966060336996
0.052286067106219865
0.047352710119951506
0.04398868373899816
0.042732187289709886
0.04360848730320324
0.04609765448480555
0.0496620776739123
0.053915752989227954
0.0585137986911247
0.06277883348229163
0.06673960049713698
0.07041916000076222
0.07330133666859474
0.07483277526267898
0.07548457932748126
0.07632602106400678
0.07863905552233087
0.0834806087346781
0.09036123150592056
0.09702300422179662
0.10065706730475474
0.09960797889976365
0.0941023402021099
0.08617946086221843
0.07852110630605337
0.07327814931693942
0.0708657971237197
0.06971300764576127
0.06757336642254398
0.06337724524325523
0.05798359433798723
0.05270123236619899
0.048618125287984065
0.04652007895328138
0.046715831649941836
0.04822957263188929
0.049824201121882135
0.05138797099115214
0.05379247959102707
0.05810755168646441
0.06419783341206774
0.07058812148322856
0.07505069408912604
0.07642113926380051
0.0755316873504285
0.07346652677794584
0.07062266290033897
0.06690827078912555
0.06297630457566862
0.060626045900348695
0.06135274219405347
0.06508553294638697
0.07043835801243802
0.07576703490592107
0.0801960514006783
0.08300508010940595
0.08406229635561221
0.08369329587200819
0.0819810776219228
0.07887892044375822
0.07486449369388948
0.0713681826350229
0.06959467206396222
0.06989046373599353
0.07100325507071355
0.0713465383371109
0.07039053346442245
0.06904251806401375
0.0683237275695125
0.06839778338383991
0.06873904338943983
0.0687962982265497
0.06849064781205261
0.06822230075215183
0.06823915037119939
0.06806502480350622
0.06704811034131762
0.0651142741008285
0.06363072551735983
0.06411512283304122
0.06660644729576702
0.06943438380267265
0.070708151709956
0.07009507225812539
0.06925877604480271
0.06955818214428289
0.07078675547914938
0.0723530674143376
0.0739924991381986
0.07550238817431593
0.07618886037842945
0.07559029595817475
0.07425870890018836
0.07282707345408114
0.07188230346625
0.0714528261550625
0.07126817420712608
0.0705031343148877
0.06895707386489208
0.06657170646973268
0.06380614260821083
0.06136962538720175
0.059369348239188054
0.05720138872592056
0.05462246790335933
0.05187803813720129
0.0495581660547753
0.04820487043493021
0.048144817400550294
0.04960206864275785
0.052318672176090375
0.05598759897484515
0.06046938288934986
0.0654636989493208
0.07057118904422849
0.07498945882791867
0.07763954948307761
0.07839628024782724
0.07823474719819877
0.07828442794170737
0.0791454200453114
0.08018058903402352
0.08016933557633249
0.07859992278911274
0.07544148981100725
0.07095192613315188
0.06594261120714878
0.061761132637754464
0.059315602540433665
0.05858853583314167
0.058841320648537976
0.05932873189317973
0.05896377578347237
0.05685626157613714
0.05309873245507045
0.04884144379852726
0.044760346260868736
0.04095210168237945
0.03755859429277201
0.034551098840384514
0.03233359858965065
0.03163568803047318
0.032777571930336494
0.036084958042790556
0.04180200195949523
0.049488964701380374
0.05790736489011618
0.06570407151142887
0.07169571384161948
0.07493243895403738
0.07552305898160305
0.0743680374081231
0.07257190022224339
0.07099436345989313
0.07027520477404801
0.07034586831926778
0.07050698923228697
0.07010279401585195
0.06882107500902397
0.06742773834539789
0.06622328086061002
0.06461947301656867
0.06215006923428055
0.05897550920284207
0.05568098137155316
0.05306276359821369
0.051491107321770736
0.049936990885618336
0.046996017468381474
0.04292811060022909
0.039853514464288
0.0398853469353637
0.04344164292375467
0.049392990642340845
0.0558869638033592
0.061268450121654994
0.06481117985560592
0.06716953905241639
0.06972394259354796
0.0727834361192566
0.07529926534635313
0.07593093574295257
0.0743341262862182
0.07140004404688545
0.06786703286841825
0.06439858683482101
0.061187957693497004
0.05836905934640743
0.05626515635836222
0.056061875456559204
0.0576330722263395
0.059578448688554865
0.06099550919937064
0.06130109021266052
0.05973935425055956
0.05602035486924415
0.05119348266867816
0.047146366939845016
0.044984634753450034
0.04455095744623031
0.04506153588182683
0.046422147625723116
0.04938562857316135
0.05441343305142634
0.06039867804005772
0.06562970818322258
0.06907618037225537
0.07071846649261644
0.07089706679518457
0.07020817640078629
0.06929981075321513
0.0690644336004193
0.06993561926449963
0.0713624195093153
0.07197414140614199
0.07081329154372384
0.06795120136957457
0.06399679899618281
0.05997217058311381
0.05720829066489485
0.056431519715248415
0.0572895955594826
0.05921495735240295
0.062204990996901736
0.06617745910407116
0.07000077179344921
0.07233310156566299
0.07316860506965824
0.07351863637197562
0.07395316188033083
0.07403849299991416
0.07292671028335648
0.07037532563618168
0.06717188428736559
0.06471861697104449
0.06422316843535758
0.06632412476257858
0.07097862986109427
0.07719248019320736
0.08295982599537945
0.08625696896643484
0.08621452669908132
0.0833667145305732
0.07931231831708623
0.07550860274085938
0.07250879903245461
0.06965865701221928
0.06611999866091232
0.06191560846966153
0.057871218630443984
0.05501967432050261
0.05406026458254914
0.05480789418949217
0.05643896340152484
0.05820489363239616
0.059840382058157476
0.061181400141225924
0.06123428769416941
0.05935107014829871
0.05583376139923193
0.05214500823082196
0.04955728330096494
0.04898824446224733
0.05084565758291229
0.055533851694327965
0.06300001512600946
0.07195434463626231
0.08002827206961821
0.084740034846384
0.0851413019643555
0.08243974441233888
0.07824319556154029
0.07349262286257999
0.06856845823029648
0.06354428392001288
0.05828933051211537
0.053228482641868656
0.04917027834508976
0.04705573888884444
0.04733228067657329
0.04970857703933339
0.052826591908319925
0.05569047583155936
0.05831459303765028
0.06089252999691439
0.06313247999383131
0.06470099045382355
0.06538994940057492
0.06480575677382028
0.06287563723286059
0.060432663264403594
0.059325498448630214
0.06099288214866504
0.06529478461611572
0.07009393193941489
0.07329416271812861
0.07456710231083326
0.07461712680528743
0.07370600772004483
0.07245208149538385
0.07173855208951237
0.07211042551506158
0.07299565475393391
0.07340258341064697
0.07246716635867156
0.06978637828939392
0.06555087899509364
0.061486712717572785
0.0598337126941194
0.06121860159277503
0.06428497312896359
0.06706107091529454
0.06822582786433012
0.06734248330510999
0.06510923165096706
0.063454201092904
0.06385121703781378
0.0657609980531111
0.067364869525756
0.06801668355664617
0.06841710772530957
0.06912889151244331
0.06970435724985329
0.06950379835143722
0.06849149132623832
0.06694233960846725
0.06491251952488283
0.06271638199101154
0.06125616645396996
0.061566347293023446
0.06399708675632233
0.06722212186822601
0.06864979119973473
0.06693204100753467
0.06318008828185977
0.06004258119743169
0.05900921797295701
0.059678814303848755
0.06044258725389729
0.060379302316402435
0.05939545290065096
0.057835198691138526
0.05630986308860083
0.0555428771353365
0.05582864489068352
0.05689001813627563
0.058185636690001014
0.059494683836878434
0.060886608997138755
0.06265258091245528
0.0651328392474595
0.06873651519478718
0.07322556265678595
0.07806019234321028
0.0824942251348205
0.08523198838617774
0.08554802200752888
0.08379789521488688
0.08060111275851356
0.0760076585523406
0.06991850130006327
0.06330703227339836
0.0581455177079114
0.05550912870632773
0.05502352849007725
0.055433003332568245
0.05570114476889161
0.05552061875193171
0.05523502522196363
0.0551371263579525
0.055111543610872886
0.055217851869973175
0.05585873618199097
0.05736245031165429
0.05910622750127168
0.059932925030195386
0.05890231486246857
0.05665524350858974
0.05430640056580536
0.05226708155718954
0.05074838976951189
0.05043350507502177
0.0518184803107613
0.05468225879495915
0.05799752074934085
0.059918503287167295
0.05933862303996398
0.05753137093100068
0.05639557816649643
0.05673073138854134
0.058382527462497044
0.060391327915617216
0.06158509036498504
0.061149109518997824
0.05870240953848575
0.05458674814553563
0.0498231966283698
0.04581663360910166
0.04405422177249155
0.045043510913293124
0.047728247175027855
0.04985841557387215
0.04955127957875864
0.046664398846666504
0.0427099264210334
0.03996810450185459
0.03974434980773366
0.04156378252441915
0.044030225573591694
0.046054614552585124
0.04753562121246003
0.04912718169029469
0.05154235921454684
0.05463594277325944
0.05764125667775445
0.059735208726521216
0.0604782367056264
0.060242392872369016
0.06022798395149359
0.061036537742784336
0.06185441008345332
0.06137860579483624
0.05873232615575753
0.05390934698841299
0.04795961618082592
0.04318106601258016
0.04170790655761147
0.04407969533418338
0.049211474304827446
0.055384782296925894
0.06116870719054109
0.06565566252050806
0.06800364841688125
0.06777811937878354
0.06552057685960488
0.062316536180810594
0.05908771319931747
0.056438798671887495
0.05504239408397251
0.055030299702458686
0.055880145358433206
0.056685178462727304
0.05626783387259249
0.0540579117069744
0.05090291153569447
0.04823538030434583
0.04654223324041822
0.04505809409630536
0.04325112796487655
0.04133853621870902
0.03977583167982514
0.03872977879667988
0.03812241284634488
0.0377439004530713
0.03753271513777379
0.03797484495341023
0.039782985737439054
0.04343643918119563
0.04863135566625476
0.05398787887111565
0.05788630340761712
0.059553162136131765
0.059626312431922325
0.059011144385480184
0.05845326797662907
0.05833431240350847
0.058804566167640994
0.05915077687855625
0.05859906329442139
0.05725684498645805
0.05581918124803802
0.05434547103804664
0.05249793494776487
0.0500651108046044
0.04704024508841607
0.043526028986911006
0.04035874618974282
0.03827066499834185
0.03722686233952338
0.03667265281070708
0.036226120972377936
0.03593626945517121
0.03620280345616838
0.037136169425641234
0.038355782836577854
0.03965951027346082
0.04125801293241916
0.043632316410787804
0.046640575864464476
0.04936827622471943
0.05208938876504686
0.05566348144083452
0.05976741072396528
0.0627271300193371
0.06315754286338414
0.060709407310583115
0.05625241063475034
0.051203848167651014
0.04668889595589926
0.04360947023584386
0.04218388162236899
0.04199959323779085
0.04228152786940125
0.04247758656209812
0.04227263424682321
0.042283784400840865
0.04268836544539447
0.043164652037939656
0.04374177614025296
0.044429728031611535
0.04527275656705726
0.04633100356459998
0.04757956145127927
0.04886529800236414
0.05036627568819821
0.05234883140389098
0.05455464256959363
0.05645650220827407
0.05757465571898868
0.057504457373617195
0.05608903170657443
0.053778498914623635
0.051325078434229135
0.04920855150844087
0.047487106286253696
0.045900623122367895
0.04438903479655052
0.04294138043471372
0.04133921479157085
0.039579484921413874
0.03815007308222181
0.037999533021733
0.04042096481319338
0.045312889911807035
0.05059129806106513
0.05390400298973533
0.05459988830265782
0.05364489354051902
0.05221839023450351
0.0512694120971988
0.051433372767104295
0.05298643138388224
0.05557655608389137
0.058198606125423484
0.05966312015109576
0.05979780286923137
0.059192328066210914
0.058371869499126816
0.057698020716540156
0.05761653962932333
0.057878578570496955
0.057899244067548025
0.057588705178133234
0.057263804761847184
0.05689719251379064
0.05656628440448472
0.05630204593243904
0.0557607291990708
0.054658406590727765
0.05341398026566844
0.05311661451539167
0.05416385797155887
0.055550809455349334
0.05570811406506068
0.05485548688243165
0.054603660839863816
0.05588119163178891
0.05866254867069806
0.062364104982143335
0.06651980383732402
0.0704627525043281
0.07313884782019348
0.07337566175643667
0.0707402005011266
0.06593321527576969
0.06059248557925123
0.05615207230734663
0.053040212236596176
0.05126168067753818
0.05085222847387483
0.05222172039749928
0.055094357526107085
0.058333364265017895
0.06017415973974931
0.059767599358068975
0.05764309504822153
0.05493342169825851
0.05239415680678068
0.05050484733480048
0.04969716627394628
0.05053703549516355
0.05309634954263897
0.056676203471441824
0.06001579156921441
0.06171880425041569
0.06096336969845883
0.058224466295888254
0.05526176836459358
0.05328925182012729
0.05241732740329149
0.051972546611844604
0.05153151731786717
0.050923856361604194
0.050273788826294026
0.04990955553540283
0.05059845516872593
0.05267998930420447
0.05571097397578523
0.058793138552898784
0.06073540810676341
0.060593381896663634
0.05843706798015573
0.05515337832041709
0.05157477958958779
0.048461904959879454
0.046307853756062674
0.04529257634235397
0.04550340015098258
0.04670874168526664
0.04859339074512063
0.050991568608886866
0.053695208358757504
0.05660044453109158
0.06006596243495187
0.06444979301937707
0.0694609972036171
0.07391307618937189
0.07680677948806112
0.07778522566614693
0.07697932232453336
0.07509774108359474
0.07333711572409214
0.07211670050494612
0.07146225498307969
0.07092678834682425
0.06991284661085614
0.0686150876664408
0.06781380553754311
0.06780227001804195
0.06731277943919389
0.06440364488645849
0.058859124632685736
0.052826495148001223
0.04879297496628358
0.047717468273492866
0.04851665611817489
0.05008846937080939
0.05236261801563699
0.055370479687929415
0.05796217824703
0.05843835988409554
0.05657186041077668
0.05377931353077112
0.05221879887031151
0.053067366680675854
0.055582565685241336
0.05776328392842438
0.058963729176285444
0.05989998910889117
0.061563346236233545
0.06418473327629437
0.06688585738702832
0.06851108429502056
0.06794696114932006
0.06462184016969634
0.05880568364311097
0.0520955396037658
0.046701040290062945
0.04420812735798899
0.0450306000884051
0.048559186563850165
0.05353608938218883
0.05804653351345592
0.060479709267741745
0.060973703440055836
0.06073051498336796
0.06126262456485317
0.06303666570077261
0.06486061333741369
0.06494139833812855
0.0627849731603532
0.05956490277273016
0.05715854241845628
