9.16497521978175e-32
0.003909740463467352
0.013850898506687559
0.025929510127990725
0.036828649521401365
0.04464564349783203
0.05130383939337585
0.05838197203602852
0.07235208539260879
0.09337976106505168
0.12426237845023744
0.15743755390754785
0.18679078772570182
0.20899815519726558
0.22357540147687874
0.23013579639190257
0.23031592180886432
0.22277675204920097
0.20984237257873967
0.19376854240434094
0.17563497048378607
0.1578838976481399
0.1415255318584788
0.12769858339954446
0.11573028293894037
0.10544613563855865
0.0961445463420777
0.08782131516493712
0.07876023234616027
0.07064505512539022
0.06337639900142537
0.05842543580950333
0.05569660416957498
0.05596423932588549
0.05857772186377297
0.06333389092811424
0.06933354982892757
0.07684983402600412
0.08645426903607623
0.09612110098473703
0.10522944183100193
0.11023264855220258
0.11317752659608288
0.11410661436617395
0.11526329965612969
0.11714726977715267
0.11908243044327108
0.12215267752455859
0.12451318614002517
0.12550541839744334
0.12457288492456084
0.12250551545636316
0.11923865276000599
0.11436286100508852
0.10757476590385068
0.10077941381718236
0.09436384569758985
0.0899153912327819
0.08669990035133769
0.08332760026371706
0.08115300959690254
0.07946407631867826
0.07884583081826906
0.07787334822523397
0.07661915219228785
0.07473359782769114
0.07253806948438568
0.07075157484313957
0.07016351022267381
0.07077826382839504
0.07128581973323714
0.07146135303822373
0.07025049928554622
0.06808351102794957
0.06692851088471384
0.06812340026272044
0.07184191593241798
0.07599203682814096
0.07926449603689542
0.07881898609989857
0.0781434202096547
0.07693418617131483
0.07838151274653715
0.08004682948900471
0.08088403247575064
0.07966635977742635
0.0765602003306629
0.072643119475282
0.06914284980429283
0.06803945284185103
0.0704193559499565
0.07424761993071148
0.07815573749689321
0.0797945496217595
0.08067198893896427
0.0789151747716974
0.07826737079118166
0.07887331269133506
0.0811864014534212
0.08218443401061272
0.08145092510800085
0.07911391751863382
0.07660156095377058
0.07381000853095522
0.07155172798914246
0.06947090465601824
0.06746866842543038
0.06446865603093303
0.06169684647817775
0.06050296118218104
0.06093428408007473
0.06254454552706688
0.06490163833260482
0.06850124796995719
0.07237230881201709
0.0769460127469564
0.08143828154956412
0.08469618806230578
0.08584449442039588
0.08526730237720195
0.0845254764779661
0.08461367745271685
0.0863141296953201
0.08964266254379336
0.0931601455948447
0.09681892059452339
0.0986304729340901
0.09940663710086249
0.09659235508698004
0.09092028178537494
0.08261735804897283
0.07350364174541453
0.0667225978294784
0.06294943576882987
0.0631927553482918
0.0645741848553557
0.06552406128963435
0.06536385762614294
0.06483069730894014
0.06541296253832413
0.06677529735525185
0.06859267631510442
0.06882398414586673
0.06841462037886327
0.06680187602751142
0.06607180635721191
0.0664114069650729
0.07065278682052885
0.07599167733848908
0.07970165601192868
0.07996679108753771
0.07755625542800208
0.07544983541925925
0.07584483655232896
0.07824402212557384
0.08162211152296528
0.0830841865276034
0.08233411036715949
0.07941161051353876
0.07672337498070463
0.0740739150243148
0.07159523102826991
0.06891659537446748
0.06564612616567639
0.06175013470355621
0.05765309434232822
0.05392611551731138
0.05142735577419833
0.05051595889903079
0.0513544768443789
0.05387469747135849
0.05718363727054488
0.06120717813982848
0.06591534040119901
0.07093492873823186
0.07644337918232884
0.08167861890675548
0.08537063115821693
0.08754138943496426
0.08645789803876815
0.08387767932836768
0.07956317856321934
0.07579596110458964
0.07258854662238383
0.070331464565507
0.0686092811491054
0.06729547644160398
0.06519175638154803
0.06166209082123624
0.05618677483214534
0.05202181728465678
0.04858134463061093
0.04769013836836606
0.04776989219746318
0.04781134482353456
0.048098046798212155
0.04815491627689041
0.04909049906551121
0.0502143964818945
0.052442969833103224
0.05521685098739852
0.06034514957815024
0.06576695805191754
0.07030607487161428
0.07417848195011982
0.07607195637059572
0.07742636494762334
0.07606229083407973
0.0734996409867985
0.06969754285868594
0.0676728308846456
0.06759843425847738
0.06809864934324494
0.06745920032841958
0.064825965957817
0.06149207994626941
0.05852617063205521
0.05558780675016984
0.05322741543997384
0.05138341268405734
0.05121312825848583
0.052136179637221544
0.05471720245395058
0.057573669981493915
0.0598957554051173
0.06156693711752057
0.06342928773310999
0.06453783395866532
0.06419325860902833
0.06234247016417918
0.06086685951098388
0.060236056949580834
0.06276844141974615
0.0669459327129569
0.07062038499568271
0.07293982227721324
0.0730665136988124
0.07183560273658501
0.06925951270100159
0.06631423218182744
0.06253134006854667
0.05851353041370403
0.054186996903207885
0.05118274806760883
0.04917661591761987
0.048379719961727956
0.04782522204441113
0.046070134679027895
0.04434637509261956
0.04316283951507989
0.04503400315698104
0.049168664261931186
0.05480222571759696
0.05999235344150512
0.06382637610839326
0.06696411979873398
0.06922407691345371
0.0709485861418918
0.07103048971834382
0.07052083963857508
0.06972604456659949
0.07046747520651464
0.07349482017880375
0.07760548060756928
0.08207870723362451
0.08385421399372049
0.08252844023229783
0.07893984729584883
0.0751572052098743
0.0716433869895858
0.06988136175461905
0.06930985541816044
0.06901406318133768
0.06795225884765745
0.06455193853576052
0.06009188246258178
0.05646066450286737
0.055028040098044
0.05588321107279461
0.058336596748171966
0.060626889882954435
0.06288044386919849
0.06336344018519761
0.06349336851774473
0.06388166603661115
0.06630508634777742
0.06990932489831306
0.07295580991357835
0.07426749717286948
0.07359953389902425
0.07148520031166294
0.0692464194439284
0.06844594944651841
0.06912353619020617
0.07053297525164501
0.07144525913334035
0.07131871559696806
0.06982613201259605
0.06700947801419145
0.0649012683609199
0.06382964450662097
0.06353995210099637
0.062158970266042224
0.05864545568734192
0.05437645924557479
0.050694922219609584
0.05008829452192451
0.0519370395114407
0.05536618123921271
0.05985134543271765
0.06468147061476971
0.06864300106834448
0.07139241325919678
0.07260940211506398
0.07209242163333994
0.07082328850479876
0.0701876382797595
0.07135565770165617
0.07227986815593128
0.0726469455026449
0.07083741945728296
0.068207993405525
0.06487483835773893
0.06191041948233547
0.06000353350208372
0.05957924041325214
0.05930662058898398
0.058688474384726845
0.0574675498171329
0.05739210690224242
0.057856824169809334
0.05899708838327789
0.06003849143496127
0.061136837122642236
0.06267188395066774
0.06440181545013866
0.06538757627839839
0.06620569685421558
0.06763861048114939
0.06905284986357807
0.07009003496114673
0.06898345719111157
0.06675932889445262
0.06411138373248011
0.06374175920256164
0.06586734608430707
0.07067860472827435
0.07645345442520118
0.0802873829934583
0.08029257977218923
0.07786259657016589
0.07265551715389545
0.06642193121344171
0.0599005387258883
0.05519148587214306
0.053001998432141574
0.05461848767192817
0.05891831326561398
0.06557837954325087
0.07167382355045357
0.07508522308243172
0.07431073208797448
0.07030060543184097
0.06482962393875273
0.060337975073577695
0.05860859350374564
0.06003982716811556
0.06334820700239899
0.0656266242751908
0.06753549120053805
0.06950165043762144
0.07228634377298473
0.07445802948207801
0.07534740726056822
0.07436680826520801
0.07069281521046426
0.06558939122603344
0.05963548202568282
0.05537243166555835
0.053801161324573736
0.05451697353635776
0.05791654058778509
0.06170087386357038
0.0646940907085582
0.06369901940426795
0.05962097554714889
0.05461493205222502
0.05186497507405452
0.05364943738250093
0.05853835325685038
0.06442194661303585
0.0680711583521122
0.06995667581767563
0.07027750542602271
0.0714039569600444
0.07402482772606608
0.07872066636148292
0.08402520948442667
0.0881715785682068
0.08864880392636487
0.08561366364077765
0.0810838925277059
0.07705615552738018
0.07351187213854457
0.07076267634762734
0.06826975908929225
0.06665876078813787
0.06562194571927038
0.06530997170521008
0.06406001628472083
0.06332426761362038
0.062418406521728094
0.06214958339214244
0.061459801659906
0.0594622500147599
0.05723724508068175
0.055107829472771805
0.05425304789424134
0.05460729800283938
0.0560132751114044
0.05839244812288272
0.06108029039359872
0.06195231926275971
0.061914863310307135
0.061309689642887626
0.06157324882497659
0.06334037426802239
0.06611435177720532
0.0700968098477187
0.0704819081175818
0.06899676544061595
0.06486086701752297
0.0626441151493578
0.06128123331100628
0.060759216304829465
0.06071148238746224
0.06245912733335244
0.06594136033043847
0.06942092590913221
0.07154593955826313
0.07155914323540752
0.07102308053604262
0.06961613746886063
0.06684843686990506
0.06346602910883524
0.06044069663087368
0.05935043566827888
0.05846251702433026
0.05774936502048499
0.056217553190122664
0.05531584695064588
0.05577125677721953
0.05705241249656083
0.058629224902485275
0.05902094591691603
0.057912462331410126
0.05457559680332809
0.04995170316336285
0.04600443332684809
0.04440459695279127
0.04409192115752671
0.0451425818725552
0.04605001890626107
0.04790915576286361
0.050831495182141785
0.054901399927689054
0.059080356539190394
0.06249623659546679
0.06423107426471673
0.0648842609185635
0.0645438785585864
0.06436249496922929
0.06522851244012037
0.06892484627206111
0.07324915057874512
0.07676476446677394
0.07841808322825783
0.07800294500355141
0.07694080557760856
0.07567908646715565
0.07424872670456838
0.07210156725392476
0.07005250874142425
0.06749754502093806
0.06449136451120611
0.06138497440840264
0.05865347019174618
0.05557241674234645
0.053766421628176755
0.0530416724558021
0.053344429294362776
0.05496159900415217
0.05759353309272587
0.0600734643152696
0.0625473300868523
0.06452936439945552
0.06613757741019313
0.0663353599495993
0.06641459341092128
0.06665368097364073
0.06743768531745599
0.06842763392510699
0.06845752864039394
0.06715141331050997
0.06458886306343176
0.06147679170979394
0.05964423080499586
0.06052022940992058
0.06257504320894894
0.06540877636370172
0.06710853622001921
0.06755276107621105
0.06729405127332383
0.06562102722018012
0.0634335305707716
0.060928695987752655
0.05927510502697321
0.05758497664832176
0.055693234033075564
0.05387544786673229
0.053018179165470344
0.054045629744798145
0.05631424393643381
0.058822723802035876
0.060738642751880755
0.06134136093312373
0.060629936410365605
0.05900471798477003
0.0580634825668081
0.05811504242296963
0.05898134066216215
0.06113037032283569
0.06370993882717665
0.06669464264280127
0.0687657879121548
0.0706884002556868
0.07118465311634398
0.0715494188552965
0.06893506143769684
0.06517858472824661
0.05969602559105882
0.05534884089474457
0.05172179552627519
0.04900493499517947
0.04685657378652709
0.04571328071044066
0.04586529808284037
0.04704005250473338
0.04773442932200748
0.04850474513473359
0.04928271912070615
0.05139551133931618
0.053507757574717
0.05515725281092875
0.05593240342690342
0.05667213463005308
0.05806183830625527
0.05975399491052331
0.06271541163513583
0.0663216101554883
0.07040309342763316
0.07206691261883298
0.07106096344735016
0.06911343836105806
0.06778372206141432
0.06873765091774287
0.07089702608619175
0.07224198527114492
0.07341852547203097
0.07516736454830548
0.07668028365995329
0.07734875641131789
0.07527449639789142
0.07067891667934363
0.06436241210657521
0.05877893039501481
0.0555871379359717
0.05402525846467879
0.05368329956818898
0.05335359768027009
0.05421939209137502
0.05648236025409433
0.06088018921422945
0.06620013440905954
0.07083819547610759
0.07317999108140479
0.07224939735571939
0.06914250881637755
0.06623562114065198
0.06474155614894786
0.06529143530789969
0.06690056784759882
0.07021489412809531
0.0737233302207619
0.07740202872297705
0.08043562431750871
0.08175915775161376
0.08156273747354435
0.08043710124581027
0.0779298329310806
0.07363628268121117
0.06940119823153766
0.06655761651541466
0.06563105101028456
0.06450219497179437
0.06305801705934966
0.06083279159513149
0.05919466400284142
0.057958121708926974
0.0583065488023409
0.05879008887343995
0.05965353982934244
0.06080287457575934
0.06205285200814229
0.06310782377561054
0.0636347945249488
0.06419807475422956
0.0639852194252704
0.06331930643211715
0.06161971072544344
0.059992565773568006
0.059466684147289006
0.06030529613415111
0.06224143372826273
0.06456620393942537
0.06763378032692975
0.07060936884709605
0.07505667203367912
0.0791457181088935
0.08226667391098577
0.08271322049943919
0.08126179729976057
0.07855907898943926
0.07611158323588248
0.07392509992531283
0.07252999714771893
0.07091960483200427
0.06890303573153748
0.06567165698386629
0.06315781387889055
0.06124675809103966
0.060950715446499715
0.06117281307101413
0.06257975396846
0.06440518712879627
0.06656966290701728
0.06771140601831831
0.06788231443437993
0.06695165641429002
0.06728278872261362
0.06802578610075306
0.06944906339364328
0.0687777066866504
0.06759217810677684
0.06687142661835598
0.06770120868252998
0.06950522470403227
0.07172594998563912
0.07302033053699765
0.07366480501067182
0.07397228383834194
0.07409768622454302
0.07373075800412004
0.07309749831959045
0.0721705357813107
0.07065580862826062
0.06930007385052293
0.06761342025686097
0.06511847415098627
0.06164387288041855
0.05711070120633379
0.05384515679035421
0.05156438837701064
0.051833549981645355
0.053993239272236856
0.059002983273077146
0.06477179265774934
0.07046724670628156
0.07429026002486054
0.0767687100839518
0.07754206488851575
0.07738429871735833
0.0752222613897755
0.07323896948785794
0.07099468120726957
0.06976892523475318
0.06837360523319096
0.06896469776318331
0.07103557001285186
0.07448606631334684
0.07707422051985123
0.07781717532539144
0.07584651277521406
0.07025386022779635
0.06264691956507448
0.05556718300674297
0.051635358514657746
0.05002529136610191
0.05025824424961641
0.05129089927257845
0.053755152052403096
0.056365204721311
0.059262484106171874
0.060488184006763444
0.06089945796597428
0.06021015780440804
0.05916737784279786
0.058937266326724067
0.06028128444183321
0.06325012018873431
0.06776420442924065
0.07074690305278959
0.0729671981945234
0.07232679130948834
0.07213633809334291
0.0707358005711752
0.07004791186859544
0.0694279036593475
0.07097789845394545
0.07379727257788589
0.07620132534699145
0.07699746329091249
0.07558980777546412
0.07248436558324117
0.06885839545857783
0.06552069250920126
0.0636995366162136
0.06296366155659168
0.0633208289068971
0.0635644790255979
0.06417078774926646
0.06297713857007646
0.060820818199511247
0.05762393193235669
0.05453489183902009
0.05203808176699163
0.05206405215019903
0.05493539950970323
0.06015240704608902
0.06647848486227363
0.07224233178391133
0.0755438485637582
0.07528301768717324
0.07379653196505628
0.07173805578232233
0.06994365461754193
0.06807017297556064
0.0668158038447356
0.06596968092312068
0.06438184286338472
0.06272092347401574
0.06080681412521736
0.06136188393495511
0.06205574144844743
0.0636928803228547
0.0636041078314653
0.0628669955333094
0.06057873476797543
0.05833696193035029
0.05779910250741651
0.057733623516617566
0.05872219940648549
0.05880594462439714
0.060062457200377
0.06030854909019707
0.061450085457299165
0.0633488256842598
0.06614780498342289
0.06895583177757031
0.06943889860996896
0.06762074610703375
0.06451254288511257
0.06227529203197518
0.06210990576584014
0.06301440847231204
0.06440493406605653
0.06482241628399556
0.0650374482596002
0.06458183717465514
0.06416286345452549
0.06348243610343082
0.06326020703926402
0.06250294821538889
0.06119450253453764
0.05827790896132738
0.054172412824890846
0.04998591799861132
0.04703589043123363
0.045816081073720254
0.046850393282250324
0.05084157717971532
0.056004013260246364
0.0617013229288633
0.06617622911817564
0.0691076448360127
0.0701740505325265
0.0695006975405036
0.06727357969346018
0.06411487809159959
0.06136311494472622
0.060244391189532294
0.06115218782037287
0.06373130976845395
0.06615550283247824
0.06761263465898143
0.06799446191397022
0.06919775192766078
0.07170738439094629
0.07258809370316673
0.07107158744522116
0.06827965176626068
0.06524092315981024
0.06304170982489447
0.06075512942163513
0.05836985845425615
0.05601333006778517
0.05357117762744752
0.051817892960738805
0.05065145173998199
0.0509687343748173
0.05216359915066207
0.0538725841117506
0.05400657374165609
0.053307468202472855
0.051374920450527
0.048757736819730994
0.047329291181045154
0.047282235681308155
0.04928838032408756
0.05331223771202664
0.05764259774847972
0.06163078862432111
0.06362202787186268
0.06514906109113551
0.06626801463654163
0.06601664183603119
0.06469104104040932
0.06045146996103243
0.05559779501992063
0.05148041070587115
0.0493854576786887
0.04888013790346807
0.04947136529703779
0.05038626741269752
0.05052321302002485
0.04962558779196554
0.048577082285901775
0.048588325955586174
0.049365654920097875
0.0508534549989173
0.05220649843058035
0.05229889744424565
0.05178274750599304
0.05101403098790506
0.05087292403302553
0.0518061116681866
0.054066992061840284
0.05626884575360883
0.058106755019739706
0.05943699966383887
0.060158918519254465
0.060379520942324405
0.06016053026693584
0.0598771373003718
0.05941733686749979
0.05833611544827583
0.05585807920995257
0.05254915245080085
0.05029767125162133
0.05065295515456907
0.05416428300281423
0.058491125795054506
0.06112233606257906
0.060247316521774535
0.05609302979407112
0.05115211980020432
0.04642519208122131
0.04446571879860621
0.045738371992489736
0.05005100769397836
0.05445069354621865
0.05809434783255959
0.05800487189290263
0.05593103296104519
0.051475722789728
0.04892910182346078
0.04716875075115446
0.04795211026957104
0.04954587508575191
0.0519034274253121
0.05405084297367882
0.05631104245558555
0.05852332560805098
0.059256297902638665
0.05942615959629723
0.05832296440434543
0.056625066919060676
0.054928335529724294
0.053142583873052096
0.05177891172855625
0.05198900900319617
0.054295533762370264
0.05862012941577962
0.06275235604235331
0.0660854298100602
0.0670619673892207
0.06784523035472226
0.06822237273261739
0.0685719881117554
0.06893282801543721
0.06865527865722496
0.06885185540404826
0.06918737848933376
0.07006821622160167
0.07201380994280865
0.07452693252997294
0.07704185938225452
0.07818439819355404
0.07708327031067502
0.07443724953080655
0.07033653201407174
0.06752347317854845
0.065542789285519
0.06651535746704612
0.06834120176076262
0.07105333259845607
0.07251664073897253
0.07235659677122262
0.071207670950069
0.06764637358422743
0.06321579246242783
0.05894672470473956
0.056790114657722233
0.058078721165799214
0.06172239214980475
0.06570511728152705
0.06681241833988202
0.0660821151181636
0.06407792890730434
0.06266949659553259
0.06122008502659035
0.06096996837984746
0.05992832239421521
0.05912268267414162
0.05768594565985292
0.058266395507867434
0.06061370991196497
0.06312357098979962
0.06438461924358309
0.06333716273386884
0.05972467155756781
0.055973241705047194
0.05138552734742227
0.04757051058521229
0.04530843452635607
0.04676209262134807
0.05102582812226292
0.057084798120896396
0.06143853425871684
0.06449086613960436
0.06615666445632325
0.06723131671796438
0.06819290237029388
0.06972441854877905
0.07177911017663864
0.07548110625518122
0.07871145382557548
0.08265391129959479
0.08538762141214024
0.08653610733416618
0.08539374098482266
0.08192950914245388
0.07764962205333152
0.07313807139701049
0.07096663182659853
0.070247180761495
0.07259962308638315
0.07560870201831721
0.0780561896974507
0.07773116918264375
0.07482602433081373
0.07023876477711595
0.06578923107933314
0.06206642512887921
0.059511365307627746
0.057483324283150686
0.05692842434956483
0.05610812885653999
0.05640159001190982
0.05567154060537374
0.05502809523744098
0.05410197504344414
0.05335572879842408
0.053592848153308247
0.05366935332795943
0.05416836000889342
0.05484684576859838
0.056565516444358616
0.058968690584355506
0.061289073883319146
0.06160345392918985
0.06000358152678341
0.05747307912639581
0.055521043739849396
0.054560555952761415
0.05611532215412153
0.058982000010175964
0.06267544185211198
0.065185017535965
0.0661423407566664
0.06474548246483679
0.06321546996878775
0.06251841810228265
0.06404827626075449
0.06627144171266264
0.06722075492372834
0.06692635045259836
0.06415161887553986
0.061373726529808215
0.059310056107437926
0.05945022569979898
0.060877957656863275
0.06224209338575103
0.06252113253475818
0.06199758235730804
0.06050238866465809
0.05885629721259789
0.05668483717227973
0.055384820494648525
0.05435743002672274
0.05521991982553739
0.05642502222482989
0.05827089136068155
0.06022765702029529
0.062353580628834886
0.06352883896205117
0.06240036850423299
0.05869459917982745
0.054338583257837414
0.051748560070369466
0.05260526050961239
0.05634746138655742
0.06032257990513128
0.06311770222864539
0.06476957344542177
0.06566794068513396
0.06639664179744624
0.06739015637627944
0.06746395225814253
0.0682300185688028
0.06782700688938838
0.06769352221592985
0.06715418664374548
0.06776182340574002
0.06882400399846487
0.0709357965296432
0.0722795361545272
0.07253326607161706
0.07166038467644605
0.07079704967566301
0.06885016246016332
0.0671951906272233
0.06721505105788048
0.0698687776186422
0.07354721766807344
0.07564232236560649
0.07505261959518701
0.07162593805802649
0.06708840320070546
0.0632513704070561
0.06047630034074591
0.05927734521077522
0.05871109050560416
0.059058243233254426
0.06023489694570032
0.06236804813191764
0.06363031703470849
0.06335383507395599
0.06215633539439219
0.0617953352264732
0.06188830532574487
0.062483600494961676
0.06214916750603902
0.059785413199342705
0.057006392524287665
0.05337654526083085
0.05179700158061128
0.05192156639437387
0.05498713641828383
0.05797534692622078
0.05999045346059875
0.06136992823154235
0.06289882894597897
0.06498987269097699
0.06654500551773637
0.06696001854946926
0.06592638374098961
0.0640551018463312
0.06311481597459774
0.06355375257535904
0.06536056591754122
0.06729209730861538
0.06832382842102132
0.06917498224094412
0.06975499796743533
0.06963105151677002
0.06892242298282351
0.0680584693265724
0.06694092613031873
0.06574847911810582
0.06506670051797368
0.06594681745470192
0.06759850079131337
0.0708799830259126
0.07401014004706029
0.0756028510505264
0.07450744615250798
0.07017281242010272
0.064180317176172
0.05847164064007198
0.054646468308879155
0.05331171718410274
0.05536486896406448
0.05943736619804794
0.06387433201928
0.06849471549873017
0.07139499253984147
0.07238259869301525
0.07084221767867996
0.06777812231539189
0.06348956327710174
0.058720908117307555
0.055242841582536575
0.054723660744938986
0.057204754232595544
0.0612540486547654
0.0656527140281885
0.06880821878858921
0.06974639101073815
0.06819257024714102
0.06570108539355816
0.06280837149370526
0.06173962764993996
0.061487770375418256
0.06311698667291242
0.06566167118181152
0.06782696364479796
0.06854064791730405
0.06607498830458024
0.061562244676683836
0.057253679818829416
0.05506300166954214
0.05621791078009561
0.05830491997815046
0.06041159513835634
0.06150297100697955
0.06219931505442568
0.06236367841195689
0.0622321679109084
0.06279725670198222
0.06182821571622399
0.05978749952519911
0.055874568390698875
0.05289374862322938
0.051242701625637155
0.05277478466138099
0.05642433232014493
0.061528885649868276
0.06671700865770493
0.07019339356222866
0.07212902127498635
0.07132925452236749
0.06852990871797592
0.06543988145198718
0.06271554086483193
0.061350580052620035
0.06013254209804511
0.05984381950574581
0.06055342518246581
0.06147558313369913
0.06187623800215116
0.06126538336846039
0.059368361858728055
0.056418516536032706
0.05288379003291303
0.050040115508538666
0.048703362125971254
0.04812267780758337
0.04801801964681163
0.048081837229705465
0.04928749293229051
0.05250160167096868
0.05608252208225711
0.05831833986792365
0.05947230290886305
0.05999806480156443
0.06226271623083189
0.06589377361723675
0.07044648197642506
0.07434317984045759
0.0766135371752817
0.07736491001627573
0.07622539116161045
0.07437107541043143
0.0723724603711651
0.06996746552212119
0.06783783835899065
0.06637705864999717
0.06424929674480395
0.06195162917095256
0.05958257774608237
0.05829503424976979
0.05776955766735008
0.05891210964445301
0.059459127253552194
0.06021276876868137
0.06056475076448106
0.06139839615150396
0.06191710064382162
0.06177609295784756
0.06170431670118154
0.06339355702262633
0.06578405848993794
0.06917165869392176
0.07203376226688342
0.07437866558928381
0.07453657317023893
0.07206365782400113
0.06839588712484128
0.06433351613546688
0.06227092262294001
0.0609265082809264
0.058354927579351526
0.05408975638365858
0.049390205423679986
0.04770085150290001
0.0502463575575199
0.055229504388895984
0.05956693227739048
0.0602999802251975
0.05825149690412183
0.055713167452075225
0.05504637019324617
0.05698949143537331
0.06038558264968619
0.06455277469113208
0.06729155530068005
0.06809624326295226
0.06673819576592295
0.06599814039214774
0.06575242307240507
0.06579226409886317
0.0649196145424254
0.06287144438708654
0.05994344703694484
0.05679478642447595
0.055186759052690756
0.05495361123304369
0.05538320085727281
0.05726745161390351
0.060289933780419726
0.062478301135958196
0.062078853502733566
0.05906402559417067
0.054996630059709915
0.05237149890952006
0.051780229062123755
0.05413496730672931
0.057891457801698305
0.061996062799473756
0.06485374420169407
0.06549805722799158
0.06589123448364222
0.064520735482933
0.06351117454900503
0.062132251406019794
0.06114880825382987
0.06013255859919759
0.05916193386781449
0.05726096412988835
0.05592101138522542
0.05599568926727155
0.05706303403329199
0.057347494304677504
0.057036047134124544
0.056781510972064984
0.05740438964102266
0.05847095557963978
0.058985358242279254
0.060858999563704115
0.06281897609595567
0.06432223943467824
0.06376577126802843
0.06238790786734632
0.060768505593110284
0.059186293885286186
0.058015342661619416
0.057408136983189924
0.05804022529188016
0.059939771309544435
0.06280209143318764
0.06548935064880702
0.06700403517101673
0.06712681676115369
0.06694510112998826
0.06586839480745915
0.0664874148167466
0.06651682544521842
0.0667281743949403
0.0657595068407341
0.06517195277577628
0.06406667103161237
0.06369484468530545
0.06256298517243802
0.0616266473232014
0.060975260637240625
0.06089854779980073
0.061434761565881124
0.06339801327639365
0.06677254671323778
0.07095941285829055
0.07305303839205374
0.07248088494495959
0.06993653170532282
0.06478717375157422
0.06053418949042593
0.05728126327076617
0.05651328580213305
0.05731828283140924
0.058482520084070753
0.059290091182125325
0.06031287306163696
0.06157902072155627
0.06276176233703461
0.06347608591868202
0.06353418518829976
0.06287806869035616
0.06302031160800266
0.06506276778072358
0.06813328308192979
0.07091470900523796
0.07211348609531704
0.07203019880874754
0.0718937669594089
0.07043773416653737
0.06815865911846908
0.06491076166706679
0.061665627143141576
0.05944722812839393
0.058713169009048646
0.059406695295525606
0.059387049926638166
0.058917776516958474
0.05855373728229384
0.05801867853641464
0.057928789753399636
0.056558117014532984
0.05584197178705263
0.0557262367401881
0.05744649226876784
0.06103025836807083
0.06506127605881942
0.06899820764161713
0.07069058744553988
0.07166758102057852
0.07083255275387787
0.06985860704940222
0.06849955573466972
0.06861546136003067
0.07080484793518783
0.07289398317044798
0.07290966871377398
0.06995930645959401
0.06597857076880954
0.061710379397361376
0.0597085583916999
0.058534621363095604
0.058071215858745216
0.05707170055844217
0.05527427751905366
0.0527776884878669
0.05010397937063016
0.048699309497027075
0.04937290060469421
0.050819250589781484
0.053684204657411375
0.05634735873813308
0.059189185863002175
0.062412690413935504
0.065914118058038
0.06841704141044827
0.0694198692525652
0.06967330492896423
0.07001646769608014
0.06998211141174134
0.06933476089185056
0.06886152715164501
0.06848417792890588
0.06922080363750402
0.06896368379218039
0.06714162656084632
0.0644044834662785
0.06083765367007119
0.0589376518758025
0.05765573840498862
0.05665024571743822
0.05546045969808093
0.05405860105712229
0.05355043239301675
0.05313180136984373
0.05284997793367551
0.05233276540861042
0.052818320882760034
0.05452643565780105
0.057483282401946764
0.06068389655953716
0.06318472470609741
0.0649358522079702
0.06604917051643133
0.06591991706044564
0.06486130978799236
0.06421190336222816
0.06488314945111262
0.06757219264374881
0.06985166764608193
0.0709839476012453
0.0698541641231056
0.06615983150005238
0.061793291776542816
0.057842590169536405
0.05412221025406183
0.05124251578463367
0.04963901582685
0.05033190422438539
0.053048676912246406
0.05564465085015882
0.05804552339576305
0.05938094352659189
0.059495130119244656
0.05767737870602749
0.05532107734329347
0.05284577388557302
0.05155756605926039
0.05255939120333759
0.05574892967212334
0.0597995898903683
0.0639663802332819
0.06674585890802852
0.06802231801179164
0.06771050901985105
0.06672739633344092
0.06484225926625138
0.06370133172362988
0.06252172874319216
0.06151535720967198
0.06138480348437164
0.06164171741523782
0.06136638191828427
0.059368370943422184
0.05599524017071199
0.05289914572293892
0.051453538105633884
0.05327831706549934
0.05794275287787173
0.06341684500330352
0.06731566670302488
0.06702656117171482
0.063734668644401
0.05909835180071476
0.05483737079137057
0.05198287764430325
0.050441980264248974
0.05008249930861574
0.05113241648166087
0.05420981647723527
0.05862266733508781
0.06255466329240093
0.06474651533554242
0.06424948196938729
0.06179584586250614
0.05853617337188453
0.05550127806639469
0.053529194551355484
0.05394337247408762
0.05659234138806151
0.06194010081217603
0.06748781757265042
0.07277149795493318
0.07545125435822071
0.07622026238992889
0.07383960602407338
0.06979640370790147
0.0658800410159425
0.06353478977490767
0.062291531907664725
0.06176976940206064
0.06084072358987734
0.05865450819253206
0.05598475248848295
0.05423371456872081
0.05451723489236596
0.055593763251915715
0.05788090547636853
0.05954441912629771
0.06111553121493182
0.06186936075656299
0.06153403898360309
0.05933405187064485
0.056267335104294776
0.053928900065626735
0.05493294663314836
0.058398146415061254
0.06472003506678566
0.07009235709589791
0.07504559082501641
0.07675369002635647
0.07541965180495373
0.07124489432731893
0.06646563647814802
0.06325279662668937
0.06187195238566114
0.06255767359483633
0.06299142145215919
0.06322479346568827
0.061983208585834636
0.060930190835863
0.0604783912526168
0.06092144002110457
0.06070951416635773
0.05960865164758652
0.058109650139832617
0.05660303610344646
0.05627854553384438
0.05684191463320752
0.057639545312892275
0.058937681369609037
0.058513200359768855
0.05692210373435357
0.05599410287714396
0.05800187089088044
0.06364326660120527
0.06939950456006928
0.07468863074631542
0.07646781136383832
0.07538465631184003
0.07204723625865767
0.06811764139973342
0.06555445226285345
0.06437752065713581
0.06450463476550719
0.06454840451996616
0.06466345106640262
0.06465124370051677
0.06477796937915352
0.06490516336843723
0.06425281239419009
0.06281504298909954
0.060405907619515586
0.05792710274125293
0.05577265839836268
0.055447687947942186
0.05471552549147013
0.0554357144265561
0.05576365961967059
0.05681199689536815
0.05788274588033117
0.05941538620549949
0.061076368409941025
0.061810714790018685
0.06193048591229807
0.06171327881552904
0.06204735081553154
0.06200061843182383
0.06250462591024294
0.06267227428021088
0.06387422098950297
0.06642834102256293
0.06871709465124162
0.07005641270948405
0.07028444601893602
0.06930587970143098
0.06905391642110513
0.0703561423434469
0.07145854707720749
0.07222499652776518
0.07124073173145135
0.06977845299499118
0.06778796382617991
0.0654032445758665
0.0636394113849448
0.06244857028466477
0.061880110917329915
0.062428268655674225
0.06324595087161597
0.062362806404947194
0.061008187194715326
0.058234530277788715
0.05598919153130309
0.054333321511186666
0.05438248678199937
0.05479647604663116
0.05696031486531628
0.05851429246498886
0.060801272607509706
0.06209603153711649
0.06330027402448743
0.06343322212590259
0.06308268318332726
0.06199889631872343
0.06152093129295279
0.06187029919007929
0.06376945826034439
0.06746948176858235
0.07199753580283628
0.07597401102093554
0.07666614910029312
0.07455063293895733
0.06982949514278439
0.06455169247216817
0.06033088897204658
0.05781266550147377
0.05671679272875671
0.05654868440499796
0.056678007481360766
0.056836801224987396
0.05587236588392987
0.054048303834674086
0.05331537664797177
0.0533897443526566
0.053520004823779804
0.05319980018852343
0.05268958827758848
0.053510049378736727
0.05503470987277971
0.056204732300127284
0.05694388986776303
0.05831955059087883
0.06036760998467738
0.06343171631228665
0.06578092248982113
0.06699994522164901
0.06741949714468111
0.06704468780822045
0.06632922507035105
0.06563251579875005
0.06481882072423946
0.06462317251864637
0.0642354873287157
0.06449030856161984
0.06448193292805893
0.06334494680380356
0.06116213491113895
0.056384864560482716
0.051592686578011325
0.04782991014058018
0.04670323810481817
0.04773606496378093
0.05005775653954395
0.05293963654513769
0.05627114003825616
0.060203406795383586
0.06341601434199726
0.06686484470429284
0.06919692475023866
0.07123084125892062
0.07155287681711268
0.06945774298090657
0.06643642703813313
0.06443102017309413
0.0635591177031927
0.06438945208058106
0.06649309593041348
0.06847673893645506
0.07040683872654291
0.07131700825196376
0.07179867289302834
0.07337620387053521
0.07529187208141151
0.0772981918441446
0.0774130190704386
0.07567056839677702
0.07265761221204511
0.06889898973563802
0.06499936727591277
0.061785558139105794
0.05965094890178478
0.05833788121005112
0.05755566331065573
0.056484201307630634
0.054894813646709305
0.05337952595534254
0.05264355471094067
0.05279003163118814
0.0536319624552559
0.055298759950235074
0.05729841784968218
0.05890774013947708
0.060875445331456376
0.061104210319113304
0.06129836185731544
0.061877482386401825
0.06170913598956784
0.06285369748494109
0.06388690117025583
0.06601601959557396
0.06654619241885325
0.06613366486895272
0.06382270000992692
0.06182188967253258
0.06057758437731473
0.06042033177116965
0.060536693854609525
0.060162669383739424
0.05961272738786992
0.05770125570066692
0.055870390619922654
0.05456858375224496
0.05546519737250992
0.057516621624634084
0.05992393368350303
0.06145138929514995
0.06216746195706254
0.06323066025541209
0.06363784201033561
0.06458080299470069
0.064319942694664
0.06435143934083411
0.06484432902417628
0.0654154728678654
0.06560801988475194
0.06390941323737782
0.06134127099227748
0.05944726702395103
0.05933429466215128
0.05899937165043362
0.058140581743970764
0.056432857769074175
0.0542922454504918
0.052651051602005484
0.05100484907955742
0.05057784900231449
0.05095741769941792
0.05227088120999519
0.0531415899998136
0.053354021553986955
0.05436106889406639
0.05558332542872023
0.057017571432411825
0.058037608113253085
0.05922807454387973
0.060239248334139295
0.06282941622611181
0.0675451720464244
0.07348953333139306
0.08016421192389094
0.08427470897875819
0.08526047620042992
0.08384181981062665
0.08095185635973784
0.07708510196481674
0.0726182486102148
0.06814000834992442
0.06489392371523597
0.06304917118942624
0.062250435130332835
0.06166683179128824
0.06050127551981808
0.05906144931715682
0.05746265258216631
0.05596463114843202
0.054800675791477536
0.05442414447361603
0.05452705854057147
0.054632223790229986
0.05519939001918892
0.055181202664686645
0.05402650731652705
0.05210406422346513
0.05279645782056451
0.05515790395510743
0.05974653402588591
0.0638586363030236
0.06599060299800226
0.06694428836958133
0.06591583645875135
0.06477711787059208
0.06254024004295654
0.060638422185041965
0.05896623353147144
0.05665185445870396
0.05420065975743746
0.05172334554276294
0.04951784856129098
0.04808309457327323
0.04799706987045911
0.049642959988913465
0.051913376727275015
0.05434623398039763
0.05600063389451881
0.057531705244539245
0.058592132409288636
0.05902302836620878
0.05843732311510601
0.05828956071515924
0.05877498496646381
0.05968800344002529
0.060038729061301636
0.060276408690462316
0.06148726061187543
0.06370761475900309
0.06639689309234492
0.06879853024260875
0.06936601429947487
0.06746757026993241
0.06449066593551091
0.06238893775775656
0.061468233012009287
0.06190073546759124
0.061210216039131064
0.06041485409258889
0.05821354207503038
0.05594237628602373
0.05433789706482104
0.05475046053441205
0.056055744087
0.05875727342016387
0.06023561173308119
0.060036141253343896
0.05741634498742144
0.05325908962095934
0.05094649469398165
0.052292635186271336
0.05694874328834854
0.06384252641273824
0.06962138229981012
0.07394073482037566
0.07509988779000727
0.07476139218196119
0.07344993439053249
0.07226700428680533
0.0705135211525177
0.0680349948786483
0.06511264853281565
0.06325019725745505
0.06218993689824743
0.06380406722722232
0.06588498555824579
0.06783164892008114
0.06851708635060297
0.06699321726644851
0.06393966135542245
0.05954371037720785
0.05505813968225126
0.051239953435401525
0.050118859346134095
0.05140013597105467
0.05455372821326522
0.05787136505758534
0.06023246516291403
0.062032246315817344
0.06326049676655288
0.06467490071552055
0.06445514005567159
0.0636748128220374
0.06150509230812622
0.061100162626096216
0.062286076903045225
0.06497815834352925
0.06553641237443988
0.06374171186432052
0.060245412525844456
0.05757671500532859
0.056090253459807074
0.05567546378049603
0.05687972177693701
0.058429682297402356
0.05980587194215875
0.059292550315093666
0.0565218164916888
0.05364048354916878
0.05127843768865703
0.051711704460346446
0.053246640315035024
0.05522758811537748
0.056324410365272325
0.055431926276847475
0.054109502386219276
0.05423805864520639
0.056244522215706035
0.05878051024261852
0.06070173568812794
0.061525423983476005
0.05985573030863132
0.057864346997927134
0.055903702451245485
0.055705898949235624
0.05714199801917598
0.06030907900336815
0.06311197500197142
0.06591919149062693
0.06764634296310805
0.06774291654317989
0.06597649570748651
0.06349692427512896
0.05884378932324817
0.05375363893877
0.049531366818365404
0.04821419782344163
0.04941679481044071
0.051834269297465575
0.053209182978772224
0.05162829551969898
0.049399875133251406
0.04787448953124624
0.047010135000968706
0.04662009026326597
0.045933787414376745
0.04627775453759613
0.04813807753157675
0.05125352868886463
0.05428548373852204
0.056730101014383
0.05904205780064778
0.0615523524756454
0.06310212756958818
0.06346971610969246
0.06197958383063442
0.060195192932714796
0.058566495263146015
0.05793920478506027
0.05857166153142416
0.05987152561720155
0.06144302593245703
0.06166649015453763
0.060251028088021526
0.05821917076463402
0.05704613126272169
0.05661069445045363
0.055451197396206256
0.054069753188038666
0.05270214435498994
0.0527621854531511
0.05519580843054088
0.05886785899335751
0.062039247350601484
0.06360607214532397
0.06363142463855148
0.06362725005933209
0.06434943343503176
0.06610664619355626
0.06802455282667957
0.0692725278837297
0.06840841494543234
0.06630623943041886
0.06327842916728546
0.06106819911830693
0.06053565627201088
0.061251097725688944
0.06251319598774015
0.06245372266718361
0.06102251651547021
0.059677738754621096
0.05827598646437582
0.057786820252857626
0.05636953033782852
0.05442598126391502
0.05120588383115115
0.04778852449004945
0.04517253379049198
0.04459636105648966
0.04667269795904569
0.05064968144208948
0.054960675016170225
0.058374685089680245
0.05982861559423788
0.05953162707277715
0.057891545061331734
0.055361984635731915
0.05289342682139103
0.05070809868598421
0.051597274064319014
0.05518259450542895
0.06013584637416387
0.06426495447280296
0.0656488629917363
0.06445959493034217
0.0614061206887485
0.05788073171139469
0.05485559718487055
0.05360763557170387
0.054377226200633115
0.057330116194030264
0.06069718976730718
0.06226441037384017
0.06176277708724129
0.059849840372908046
0.057008506696860584
0.05415006827287538
0.05218015157563785
0.05100289928442448
0.05012320326323619
0.04926005013028558
0.04882076564878947
0.049988339429983784
0.05306370989025343
0.05754387356556363
0.062167609379447576
0.0647130042656795
0.06513068554243426
0.06484416850802181
0.06547725086836884
0.06721900366227976
0.0683170952924924
0.06952859455040906
0.06950809638699598
0.0691983533673049
0.0693630053464048
0.07122526322234364
0.07347796507090677
0.07469507024952599
0.07356857462810944
0.07192812931134876
0.07006390324983715
0.06759240097338057
0.06489774605983228
0.06189049802038216
0.06117396128025538
0.060975369488788275
0.06106427755600037
0.06021893195536302
0.0587986833070732
0.05835145873720526
0.05895885764982831
0.05996223509774188
0.05985136875926375
0.05937821162975452
0.05901588235717572
0.05891065498036502
0.05928939611448309
0.060571440150899034
0.06188588190082307
0.06336355484240795
0.06572869083032151
0.06812624395114483
0.06977103053217126
0.07009866660735625
0.06854783557314799
0.06572413332820172
0.060775963707126124
0.05565524707774373
0.052132466919308965
0.05084396128980701
0.051232642623999416
0.05270258913624489
0.055059703070278465
0.05758959959075516
0.05893142999393428
0.05835032377465246
0.056116392040791975
0.05363137905034052
0.05097726873098171
0.048158087935992584
0.04699004427928527
0.04782746257826391
0.051412217041477894
0.054896674096805535
0.05753148748963326
0.058779571480677216
0.060920767022706684
0.06409961418561318
0.06656500743059822
0.06863203092427242
0.06848286494073674
0.06816618068511433
0.06780771848267385
0.06640997036614484
0.06500745193098162
0.06214002328443879
0.06017043654839573
0.05700322185084102
0.05487912213425153
0.05361095666082089
0.05461539312481574
0.05835011356075622
0.06283147737248729
0.06690211139696894
0.06941424368485653
0.06968994900266937
0.0683990054902595
0.06517560829620776
0.06298236926476287
0.06205939841593857
0.06416533483122469
0.06615259054493676
0.06739877200077687
0.06620074293377862
0.064196325961318
0.06212116813943179
0.06100297882502009
0.061383149744272086
0.06254317462499416
0.06455829568763087
0.06581127607147585
0.06626915130580856
0.06522654874170725
0.06419646780615025
0.06416255469470633
0.0652128622087925
0.06647327650326605
0.06762854180308141
0.06853870567168696
0.0681785162726002
0.06793270728506068
0.06698853449573113
0.06552967350818728
0.062393256433680544
0.058128232082522976
0.05379043168392404
0.05102146999414771
0.04920214326160164
0.04925730114206016
0.05101121073029442
0.05300496916541128
0.05449776913542017
0.053150952627046014
0.051081409288831155
0.049889756873033625
0.051127878313036314
0.05369310638416765
0.05787677419434173
0.06187885980508858
0.06453763896873096
0.06539964431141224
0.06445323697040255
0.06482245926879841
0.06605896028375065
0.06965674540950038
0.07189816215192285
0.07344529397589289
0.07168041188519012
0.0694724446752159
0.06598274878257174
0.06314358031859744
0.06104689642307319
0.05919868636356999
0.058191544408475945
0.058080854422688094
0.059544594837844946
0.0614811989191988
0.0646766911892009
0.06722689904355006
0.06841410841495411
0.06883408727040059
0.06737344016818869
0.06468073265353064
0.06127887285749816
0.058598895591600565
0.05855461090778825
0.06162190000366033
0.06699635305897825
0.07365588013762359
0.07986718591214301
0.08555334210997535
0.09027630743301848
0.09412583454738098
0.09490952032450524
0.09393145926209513
0.09017349517506693
0.08609731787601574
0.0809510786980419
0.07659232511236189
0.074487566317538
0.07403582007650572
0.07636537737267952
0.0793927079090637
0.08132597914676169
0.0812968762213013
0.07837115891890375
0.0750324036907721
0.07132197294971516
0.06887660947842406
0.06730169920466228
0.06761102930143409
0.06895409798675506
0.07129581269417895
0.07318248629163746
0.07427263462059895
0.07387247839143546
0.07112450789014066
0.06712126851166544
0.062110336924110915
0.057829189824907784
0.055249895136095975
0.05503461572701782
0.056102601169932105
0.057086684568316295
0.05838499611224333
0.05839214332669297
0.058119093712783294
0.0564487555878486
0.0550459155057394
0.05334329360470048
0.05279860684641083
0.05245561916585235
0.053786191125958845
0.055331089946090095
0.05738572592224958
0.05847852678424391
0.059764869327570934
0.06258601051402937
0.06710627243069313
0.07191644771373626
0.07362806306786424
0.07232250698771357
0.06869121076315955
0.06499858715648096
0.061669305938037274
0.05952483447710172
0.05747140332578695
0.05598115551244212
0.05495613375526573
0.05530539873556682
0.05552061960387956
0.05485663265283819
0.05505417955007717
0.05631571428278146
0.0595493186731507
0.06383947340098822
0.06714593795935596
0.07002109382390564
0.0700753165613328
0.06917075811774552
0.06632466676153713
0.06332386961657055
0.06202902244591969
0.06099953950808898
0.061468938520472007
0.06178317070058439
0.06292399194427341
0.06401719215046772
0.06397633116197629
0.06164055982892055
0.058407199873132074
0.05647196950769823
0.055619894259630334
0.05672907165929039
0.05919415443896206
0.06154882446253757
0.06423975698153069
0.06596849695063851
0.06800896390104254
0.06797427444374092
0.06634087899268568
0.06161739245421553
0.05697638635325285
0.053630043553639414
0.05382959382614069
0.05641877000837985
0.05997724088465024
0.062174863765803175
0.061559955025735184
0.05799690917194151
0.0539148346728144
0.05211571653450976
0.05353830713854278
0.05743789458250009
0.06043610917001619
0.061863124042475556
0.06208553028518851
0.06334076709674741
0.06554335037644556
0.06722804097324324
0.06868335159041593
0.06909215779735546
0.07035822844137453
0.0710138756080748
0.07095843535598313
0.0697701623408791
0.0677762508001539
0.06470975679855413
0.06070494375900453
0.05770120874170788
0.055825353839367355
0.055768905340695306
0.05638994472690292
0.05695582581100359
0.05752990657214621
0.058545137590076846
0.060331434161503425
0.06171230331038162
0.06085046170476566
0.05666296729404882
0.051419876021275776
0.047687218495592064
0.04786109847560642
0.050945359698158846
0.05560255694008105
0.05987333580399712
0.0636188615950596
0.06647795994832528
0.06873344867831782
0.07175527778439306
0.0747764557573001
0.07880397213906944
0.08011258567215522
0.08031039569679217
0.07837839566650892
0.07574338530927
0.07340535721095996
0.07038417939529737
0.06925337931250805
0.0674197362805469
0.06549694319780902
0.06321782203926218
0.06140315252221521
0.05961674455648751
0.058473551263240386
0.05730572101754233
0.05518632043626107
0.0533609774430947
0.05120255198671358
0.04927101436957046
0.04696783566129419
0.04598009561201685
0.04646800778680853
0.05007830619363089
0.05509693285349288
0.061026095895494424
0.06515486973517418
0.06812387621531349
0.06941824857439279
0.07066872827469299
0.07292592114302565
0.07505995863285538
0.07705318777227382
0.07781999360721474
0.0775174890619006
0.07593629125645553
0.07523293301940713
0.07506316258071849
0.07553689964969212
0.07602106829606714
0.07561837177805492
0.0756086130571936
0.07640477413589636
0.07784199271415447
0.07863401305569812
0.07834513526936267
0.07546867948214238
0.07099466755527693
0.06685027616250779
0.0642729755447846
0.0646957974939247
0.06624223191946431
0.06930660394874054
0.07073755325541557
0.07221589421506329
0.07266592720065394
0.07230173829669857
0.07014847335307987
0.0658967535869357
0.06067323013090126
0.05729146892110569
0.05505642764925913
0.0550652207997033
0.05569655391389097
0.05803377859781852
0.062108883420067894
0.0657697946335884
0.06796148410597261
0.06771887930329679
0.0666291532351375
0.06492936848887557
0.06318777977073031
0.0631801173636682
0.06406877216904253
0.06659618704850602
0.06884710295770047
0.0704384775702005
0.07009821407558883
0.06783481505556974
0.06396194260668117
0.061335665363796664
0.06119854917603011
0.06326974122247973
0.06510956295073592
0.06559781319699254
0.06581123812937319
0.0650433137290537
0.06471370554178975
0.06426260829850426
0.06487204815213697
0.0650947176579837
0.06662247089493895
0.06685787535683752
0.06772567495544404
0.06792275632039352
0.07014482518094337
0.07233360197745149
0.07381835843346778
0.07378049834443091
0.07334818821860001
0.0727914744027307
0.07347467255023085
0.0745047676650333
0.07647542766093883
0.07815140505483581
0.07858555433333654
0.0788204741239484
0.0792647218912164
0.07932610993923662
0.0778489584148485
0.07234951080964168
0.06622276900775409
0.05904879961887469
0.05553610335748807
0.05443334712360311
0.05684427939540312
0.05955178334147335
0.062441360113401824
0.06411228437023776
0.0646038470058863
0.0645425680844697
0.06432505365252368
0.06459810881192568
0.06485605162010312
0.0644085977774204
0.06257216822361693
0.061317302647607826
0.06220899684807903
0.06652396451058319
0.07245665182318785
0.07745952477536162
0.07944681442015104
0.07868215726728676
0.07605753681088273
0.07356348642183616
0.07171477792290515
0.06952203098033989
0.06822702496772204
0.06804102596362216
0.06885172766087758
0.07040509003779073
0.07097546726833992
0.07205281949209766
0.0718052880998601
0.07138391298819738
0.06945995945552272
0.06748774117731522
0.06523009373730515
0.0627344658471067
0.06103678755342679
0.05952259791049587
0.05894869600720864
0.0580530847688806
0.0575320734985854
0.05700199853491861
0.05569899745464532
0.05563407221022891
0.055200334796030495
0.05570704391781601
0.055934689821150435
0.05798575152739315
0.0608037012262939
0.06389978367001865
0.06693453462921485
0.06835982588323393
0.06987956112886848
0.07262836490798683
0.07642664274593343
0.07919210745588263
0.07914994603825959
0.07623884852460543
0.07117810946194614
0.06605039546964281
0.0617172719893142
0.059170755822681546
0.05810297386743353
0.05829614861253582
0.05822367200543058
0.05872169002498163
0.05847028162077927
0.05746071774220843
0.05573266402151211
0.05399989750468622
0.05259538946682207
0.053251088661414064
0.055296019615005264
0.05942147516138092
0.06305425354005242
0.0656024625887095
0.06564787095508313
0.06416868464086598
0.06253803545843589
0.06198291201629409
0.06385534660219952
0.0673698901439352
0.07097645811574055
0.07255825161657092
0.07125843113494268
0.0681469008573841
0.06305350124775072
0.05864524018452838
0.05590199057535152
0.05678810837835243
0.058899741347593564
0.0635881703599068
0.06654901467590116
0.06808471282215087
0.0662340072095434
0.0641174502547428
0.061666911206874925
0.06000840113747183
0.05874445313628109
0.058003646621287146
0.05766793171748903
0.05840917494097693
0.059086647720472125
0.060532438411777655
0.06126969146265829
0.06210895216974872
0.06189460023918194
0.06163647744579976
0.061514821590984495
0.06260658505701132
0.06363236353912756
0.06458416697742987
0.06414698493251651
0.06337230742586535
0.06176260368828737
0.059344633304009076
0.05670301136237016
0.056035492994475224
0.056183553550012345
0.058439842617830876
0.06006310939372978
0.06167107064465052
0.060766743713349024
0.058932377214692085
0.05725623201127177
0.05624853907178729
0.05719062154495118
0.05980777615291467
0.06247927360356517
0.06357130856050798
0.06391666925953982
0.06464723042035339
0.06775968794628297
0.07249957515114576
0.07744643437963153
0.07963011229285699
0.07989365605756375
0.07889517077497622
0.07874643383029
0.0780426216293371
0.07711922194109712
0.07242581205867224
0.0678143272806011
0.06279905362844829
0.06099489886732329
0.06000011048215233
0.059633316645545456
0.05901991466877374
0.05811946730646352
0.057964542845675565
0.05829395321063534
0.05953207825103536
0.06104511241828592
0.06169851774680128
0.06155342141316457
0.059571088818002924
0.05710720434224757
0.055204412310228275
0.05565207290084429
0.058678785282046335
0.0637523548746729
0.0692454661657378
0.07432040400448145
0.07730167261256894
0.07747190091187123
0.07535880650288555
0.07092809752702478
0.06596421833016541
0.06230503437556097
0.06007811659091756
0.06028085204279708
0.061742590656291306
0.06506821808207568
0.06796194086054201
0.06896070017388996
0.0671153268804639
0.06379280084394784
0.059761335541257746
0.05696585731120241
0.055901121384998656
0.05593767285524478
0.05681073541787114
0.057209385377849704
0.05710850953421348
0.05661599210703443
0.056917372666326314
0.05872897986105453
0.06110275017643492
0.06299528327673672
0.06424671617348802
0.06398962912388076
0.0641126215479812
0.06373186008323119
0.06269115340147763
0.06170129459117391
0.06125416881742794
0.060783949673817575
0.06157742402635476
0.0637921999754536
0.06822801557343114
0.07239993497130466
0.07545659498781034
0.07643269529518576
0.07587389421004533
0.073517668790213
0.07078240437356091
0.06840204225435362
0.06790320625446339
0.06903988029104302
0.07048348774341276
0.0714680248296446
0.07259125543714352
0.07381552224796938
0.07485833501724556
0.07513907424003953
0.07327995339161221
0.06890661768234063
0.06356498517125153
0.059143429036197806
0.05635118030241997
0.05633809191805574
0.05812158055843227
0.06362040233886167
0.0693856519205641
0.07420388200608992
0.07531328431376118
0.07368693410591425
0.07019427607798033
0.06650514301694084
0.06465926913192031
0.06543012038310336
0.06872695976335891
0.07173449892042894
0.07418890931417578
0.0736354139123577
0.06958822111913839
0.06353711750994108
0.05904602809226958
0.058589968046935385
0.061982335880052364
0.06728698366542994
0.07123659140354016
0.07160511689415928
0.06820932675195049
0.0631474322280018
0.0586148776525633
0.05826252402236155
0.06084991453744989
0.06435538441417137
0.0654285981436505
0.06373071413111261
0.060488821738048766
0.05725716439146264
0.056594034452125436
0.05836361572943487
0.060620462695029895
0.06261742265287194
0.0635541606305397
0.06583918009504142
0.0682657177621983
0.07163570638414493
0.0732853230888088
0.0744158289418223
0.07397206566786417
0.07272459657890903
0.07044441455394623
0.06618240622609113
0.06259324938625431
0.0613943756644458
0.06260833972912107
0.06666187743449885
0.06926015638318354
0.06872585817918074
0.06398420620977771
0.058075602014949206
0.05445128042398831
0.0537375806089872
0.054837343369236465
0.055024404119374884
0.054751591500422234
0.05494857677532112
0.055888826223651815
0.05789027354542284
0.06121467746249623
0.06345430832511167
0.06415335010463853
0.06219305352261636
0.05857014924513027
0.0558691955375635
0.055724602153021614
0.058409398926907184
0.06216337927258395
0.06542268370598518
0.06847969762553936
0.07146308021993213
0.07545411777076404
0.0792039781895666
0.08149769077858948
0.08119492385345677
0.07691295701965467
0.07132042261935896
0.06654053939242768
0.06505281257033234
0.06534175098482342
0.06611794502412535
0.0663678371011828
0.06583553978100001
0.06627901979199169
0.06729427963565184
0.06837541224779402
0.06801647386168094
0.06501589316863883
0.06007775861375332
0.05505700630520411
0.05209996362388873
0.05153832348129554
0.05256480487942807
0.05486878124331575
0.05664220406792437
0.05786436413745461
0.05888678520793782
0.05988602815063706
0.06166752358878464
0.0643740816273996
0.06725406072501083
0.06963046162852199
0.07010294592321156
0.06799020640298173
0.06506161149433246
0.06304138648365978
0.06292535014996681
0.0645140455052427
0.06556144513554218
0.06692641461931917
0.0669293057130533
0.06569718850321636
0.06379542974769474
0.0618037947906305
0.060192947837876404
0.057437135935321335
0.055205406373104324
0.05195272067359937
0.05042773361544611
0.05107931552922454
0.053297565661205214
0.05532196628588202
0.056085982063342636
0.05591031752094578
0.054690510784080076
0.05302584580925774
0.051781162776680746
0.05227568236032216
0.053642866016898806
0.055526396080437086
0.056483271714763764
0.05507919485866286
0.05287092725264783
0.050637868770048215
0.049543485471697166
0.05052836987658435
0.05246199225247694
0.05380344825783021
0.05413387823023207
0.05413231146648347
0.05587371907640313
0.05914882016495997
0.06342074501618093
0.06578098264106028
0.06491132150520813
0.060926050440040826
0.05555151672847087
0.05034420943216002
0.0472982027240319
0.04555225962976799
0.045094777074002564
0.04517509127630691
0.04520566674158408
0.04600610556217333
0.048095415063729066
0.0512045281337069
0.05301143821068657
0.05274723244856442
0.05058344022947168
0.04823746884327094
0.04750430747627352
0.04719378702579113
0.047445810406012215
0.047881460949581435
0.04927369546694959
0.05154110832424315
0.052338658210835005
0.05123634886765531
0.0486055808263316
0.04570329282792113
0.044409373253696365
0.04522977149629776
0.048519132201751164
0.05430282437789428
0.05906986782003726
0.06278852985580342
0.06354848892153021
0.06268580034807322
0.060792128912228086
0.05877488560940621
0.05754771436954934
0.05795266064294376
0.059401623855697576
0.06141712604640683
0.06270319747525736
0.06284125295773908
0.06287481317908104
0.06293369061777725
0.06364625973474308
0.06508865154438383
0.0660405203492545
0.06627199328024858
0.06332625682789053
0.05904815750172722
0.05400398738061776
0.05056262745266403
0.0490889983082673
0.05044026697170661
0.051932203093196204
0.05329659174922691
0.053872435687822684
0.05307753459334463
0.05166591312201727
0.0507531417034722
0.050718097208509
0.05137125585352669
0.052868609948110115
0.0541250917745697
0.05518123612359917
0.056193864348572306
0.05763473470345133
0.06033352330794293
0.0630673794484766
0.0643937492310372
0.06379455619609092
0.061357857401233715
0.057881498843635734
0.05531681814924005
0.056175965067706335
0.05938392166604647
0.06423252178846818
0.06633172763190079
0.06590266899044103
0.06308488681915425
0.05902958269044583
0.05576096074086171
0.053917778332907965
0.056079082750327414
0.06021393747494224
0.06436262827571522
0.06632641716446114
0.0661832158373006
0.0641171948030035
0.06074934593001744
0.05781781516105447
0.05725320076608417
0.05856214860073782
0.060901561099536906
0.06375759053391125
0.0660878535900093
0.06833046718552059
0.06892108696995557
0.06731687696653135
0.06442444770323555
0.061339920409591325
0.05874920464578858
0.055135498164555964
0.05260518592429293
0.05133935565869102
0.05258402602998051
0.05453869744023528
0.05668150107036379
0.058537113235542296
0.060428844754764476
0.062243906002038704
0.06419405014700227
0.06412486519240744
0.06268292844097581
0.05977063900578749
0.05854698278490864
0.05878012713865138
0.06158992346448087
0.0647104705368612
0.06771549527143436
0.06859727094955906
0.06702508434947677
0.063165348051463
0.05850692556241818
0.05423746148528337
0.05191766176983606
0.052038002454904135
0.05490767922309729
0.057638710705576544
0.05804494692448085
0.055401544736124866
0.050956193035258536
0.047641670215699136
0.04731451905353797
0.049307516717827425
0.05418688690043251
0.05924189826314929
0.06378767293780564
0.06536161415620449
0.06444407792184204
0.0615576518730199
0.05786728730719721
0.05511423379410771
0.0544584605816438
0.055709147091068036
0.057914774518189924
0.06075096533522217
0.06365351937154656
0.0655705235189122
0.06555441835983618
0.06370045413069197
0.060915675707771434
0.058821342002412735
0.05882485142946686
0.060729241664035954
0.06455387109653535
0.06777659662952523
0.06866482316097362
0.06766641662594164
0.06553748755546059
0.06309623650539739
0.06167824755115368
0.06082209563113271
0.0602105523905152
0.06003991821902092
0.06094021919782035
0.06261150149712998
0.06409296774999497
0.0650910759151838
0.06413298794076482
0.06093217241003916
0.05634656098276322
0.05236019639267022
0.05016277832032439
0.050261672169856164
0.05130431011982796
0.05252758084257273
0.05292636469181077
0.05357966433389626
0.05370437039494867
0.05408026400549399
0.05392564110262999
0.05511892123595665
0.055597997268693605
0.055954789603429964
0.054935625611794305
0.054510213777889685
0.055033069541858354
0.05668431186446637
0.05736358217508143
0.05712386092078562
0.05618638862246176
0.05639327706457795
0.0568324987570561
0.05849358664270192
0.060002109086660725
0.06145752670221901
0.061831941929836355
0.06058332299512493
0.05855114719849925
0.056809350813475844
0.05625721134129206
0.05640992424224983
0.05610909260706601
0.05441224386602132
0.052709474940809
0.05248256707572573
0.05374289859580081
0.05511581150895508
0.0563958949621708
0.05809261812507421
0.06014945058536868
0.06193779387592783
0.06303146938917846
0.06376560290938531
0.06526031532524854
0.06629877292130473
