0.0
0.03920774541861525
0.041510539211493266
0.03307545654444885
0.06759735593613256
0.07284848783482445
0.09772395427143758
0.09665392258146173
0.12135769246075243
0.1832234445569014
0.20937076193777993
0.2247872912557514
0.22573925519415175
0.21574872132653877
0.22428474941646687
0.22641636245757732
0.1807080197495828
0.1678781549050782
0.1398927369652365
0.12175788128214025
0.10108974371110817
0.08858346100490704
0.08144223675087403
0.06892337187540176
0.06501133572526092
0.06670210086270147
0.060811134208096494
0.065168327072723
0.06364476796314479
0.08056882675412659
0.10497062545074323
0.12028515464889934
0.13644657502002266
0.1382116392529263
0.14157362124752426
0.1496313890930194
0.1497917141982337
0.16695715473517092
0.17736442524613535
0.16858247463170978
0.16012329830427777
0.1604065327228761
0.15831045896947538
0.19406986290561046
0.21185514574143854
0.1646471911139724
0.13945414667597383
0.14433876454329386
0.1502699772963783
0.16927962530873955
0.17188720454594356
0.1566828842564672
0.14438255927813265
0.12826231690518985
0.13696110094792158
0.1493193970374955
0.12484080671883332
0.11545136364156099
0.1172097484990117
0.11234325220169077
0.11204065648608853
0.10450865294369166
0.12770915312053138
0.12778642777038235
0.11255113815776983
0.10530384942759564
0.1023801665370231
0.13548400712058037
0.15230087811510712
0.1541864337784965
0.17932790998676648
0.1817422948324187
0.15531658015556724
0.1599024856897303
0.1694601958115519
0.15880884398146913
0.175924365162327
0.18941120028963163
0.2013557631465804
0.21422272368021295
0.21276270105082354
0.17873799999385745
0.14143308330637203
0.12631157496043402
0.1428910132793311
0.13555431262657297
0.11747487388013746
0.0986390022986731
0.08998476521189779
0.08580889866876013
0.08722983019131214
0.0953498323229908
0.10036214700507627
0.09780024262224969
0.11061727753796828
0.11736023593307277
0.11216768040454664
0.11641858796256362
0.12685372177845936
0.15077364091398038
0.15342324252968467
0.15294497932220916
0.19494666527178
0.21245453271642087
0.2281712793360422
0.2409445579873456
0.22161525640943072
0.2459959215139335
0.2324289884377123
0.22866269961664418
0.20319420630089433
0.1743728071495867
0.15119881716269587
0.15942956399014516
0.13538992941089992
0.12227144451489722
0.11722790388301484
0.11475227908696328
0.1131536561103704
0.1088879816623487
0.11794012072104347
0.11077220936667362
0.10134196096160096
0.11949128276176262
0.13106534169921114
0.13415619784930713
0.12005698899938554
0.11902100507813294
0.12619440582425645
0.14970031800839836
0.1735311626638378
0.17850931780347218
0.19292218794057
0.19333662998262988
0.2192082178956856
0.22198682556776778
0.215207135615721
0.197966018669687
0.18347691369109778
0.1887134595393594
0.16590798249650618
0.1491858358686223
0.14965149537108866
0.1649045700235297
0.1649952462011671
0.15338435340783824
0.13221302158597298
0.10791007465860958
0.11482329049552333
0.12491299961455593
0.1277138272434009
0.13161741207708127
0.13723711615677964
0.13152533927845522
0.11454464679978558
0.12001705195136114
0.14536154222122014
0.15899644319320064
0.15082383126057852
0.14214982300165505
0.158889752410566
0.16727517201150402
0.1681462182878132
0.19168192783571505
0.20542845280925276
0.19120292425372773
0.18399121179955874
0.16380627174598011
0.16322106140932885
0.16649786785456436
0.15922798121123283
0.15587976606957937
0.1566020363252649
0.14657950346091717
0.1545278161727088
0.15253955991835916
0.14814701089584617
0.13773558527493374
0.12539534011397227
0.13587840088314448
0.15033950267762228
0.17653356598467862
0.18267440764345141
0.1520816699940965
0.12491562407106623
0.1330507237918435
0.13223178227179164
0.11554494204394394
0.12844211057727278
0.13336378297833004
0.11546149847905474
0.12393647970444749
0.12229977920479132
0.11926741200148372
0.11597455927748944
0.12519667919169988
0.15037830572906116
0.14638187194562222
0.14323651417037483
0.15773115804401372
0.18571368778507044
0.1715349229180974
0.17117408437178966
0.18393646046598763
0.1945886489068059
0.20636161658668414
0.18856877755667095
0.16297149756180085
0.15962803688422858
0.15567135276515143
0.14392658385782867
0.13260030967119232
0.1375922707319078
0.14377993768058997
0.12213699928289483
0.11209629896952142
0.127422704216259
0.14215163815883308
0.1332706904684513
0.12050198820216637
0.12646343467184912
0.1291970269827303
0.12964056062545168
0.1398691286537403
0.15232979703466562
0.1759154052767814
0.18193518672429557
0.1912798672676186
0.1928660335909978
0.1989848581380534
0.22794461758608472
0.2111132511047631
0.1915304806316635
0.16927444713751388
0.15739388131151805
0.14398181031480176
0.13059148128297607
0.14203838565808316
0.10774571559292485
0.1272303763798642
0.11438781982224408
0.11392010590744188
0.1082039770237017
0.10046798568398776
0.12008842894296229
0.13624130533994433
0.1199625645081502
0.1301335996092956
0.14196066232907276
0.1456270150699861
0.12836798391083337
0.13517384814720593
0.15208752359922942
0.17508842060165056
0.17743121304341514
0.16972524500780678
0.1437667363003989
0.1487433037383302
0.1502452283747812
0.1455037997285213
0.15551812032086118
0.13944973138810932
0.16090798039872342
0.1535153784663577
0.14746888558748084
0.1370404160840456
0.14426957674881744
0.14898953413802293
0.15004739673742193
0.14911806645339235
0.146722627375768
0.14306451290366154
0.138681084490678
0.12703223299781788
0.1304961955882333
0.13974275309398881
0.16464835077790738
0.14576483815336996
0.15250294638853767
0.1554125366650994
0.15191867838930834
0.15490775642360372
0.16818566308557084
0.1672122966327426
0.1474800801030659
0.1314266795844827
0.11940498941346717
0.12914685800406284
0.1411053167716899
0.13156654158842557
0.14059996584417564
0.14419472844892828
0.1487141568870726
0.1714374009527073
0.17485905936231078
0.1668508603416991
0.14947338409844016
0.14296501105170834
0.13590980449263457
0.14954902466694506
0.16199022149424447
0.16124459363988786
0.14030966628802974
0.1198135459011015
0.09994176166265441
0.08335501873666494
0.08700125826732727
0.09601269145610695
0.10102991211253778
0.10638496169700609
0.09770266231812201
0.105024543923408
0.12114309966961387
0.11675617140963632
0.12221748120527869
0.12407559023244122
0.14008714112369258
0.12110342712972132
0.10158292906240188
0.12517564122104982
0.16091573546661028
0.1686392018714652
0.1704915090105309
0.14527633684691998
0.12774221008347236
0.14081516637280314
0.15106346161643913
0.14785283353769485
0.1346842558937367
0.13547111072971338
0.12010044293594443
0.11171737936945851
0.09913590450021512
0.11426560500707231
0.12144811590656159
0.12057990961886625
0.11357948714790594
0.10341494693675994
0.11740229467163024
0.13103613316661816
0.12038883746269716
0.12292385639602234
0.12320866933454461
0.12817195778083607
0.11838613644887801
0.11848922590340079
0.1250274587982872
0.1490412078143043
0.15822108793364134
0.13220965634977674
0.12850652477630142
0.13707456100661242
0.14193055487102432
0.1307467252632014
0.12404836370675495
0.12912605917656345
0.11832010897168962
0.10239629806525322
0.11283852176298804
0.12678518157289323
0.13814034887499865
0.13430375345936438
0.11686159090165792
0.10568139570804544
0.09771256178125258
0.09582309595476717
0.09732735963916798
0.10900450471915481
0.13464580046889701
0.12605387332347848
0.10047514788711968
0.09952070914750465
0.1216054842468368
0.12032249122720812
0.12305041816042367
0.10649005808119648
0.12168300370294459
0.12607034019625543
0.11566334358743917
0.1075603215659408
0.1260029259157678
0.13545227459001316
0.12850848666649925
0.1115716273411836
0.09707716057401275
0.1005233672559615
0.10505813348326218
0.11184189587281082
0.10042506747343108
0.10167908951001857
0.09944203245281047
0.1233107754619877
0.15259212589189314
0.14554808111991993
0.15044561170637064
0.13828954942490496
0.1282296028132163
0.13940285031701666
0.12734091631768113
0.13390533920383899
0.12568483389739277
0.13377022953683232
0.1308812911480709
0.12054306862989679
0.11051157478192539
0.10744888498095613
0.10826882044698802
0.12893570580649982
0.1299758707709134
0.13031385434246717
0.1293711710354984
0.12068044129050297
0.12025588445132969
0.11925572259496274
0.11240855302552946
0.11149165648225491
0.10528583786817718
0.11409499294118904
0.11890294153097405
0.12241107845216953
0.1286720674793509
0.1341408198842215
0.14041929694531932
0.15284946490254658
0.13138186322624515
0.10400800070714905
0.1033248254080296
0.11069613263130534
0.10096828909435183
0.0884302260981285
0.09408245670633335
0.12137213065383912
0.1113511613911452
0.10108015025084804
0.11780479107766176
0.12402460449193077
0.12908767656080442
0.12282275614366324
0.10428680230167842
0.10608080102447767
0.11547342738950846
0.11139451157642585
0.11809846146001066
0.1391104106943789
0.13519745945152334
0.12822029456579945
0.13261925336735528
0.13894150979949757
0.14251924315253253
0.1333047218648226
0.12332482414688208
0.13400254078290388
0.12106386277920776
0.10337616464451486
0.097338774860614
0.09202515446351635
0.10108259914020229
0.09951481050439212
0.09861445382675364
0.09959602756117221
0.09860106682161647
0.10647221732246362
0.11450661278481969
0.10628232575037255
0.12327725637701135
0.1508781479879751
0.14456157082732224
0.14772192430353548
0.14817202472226085
0.15946177932387254
0.1683561315940825
0.15362122101756095
0.1431778069865708
0.1419020881757903
0.10831747662331219
0.11955972286020854
0.12487666250506982
0.12797442568451114
0.13768369081575282
0.12410333051844324
0.13921849935562308
0.15900063658301988
0.15959700504741714
0.1596054675499167
0.13858367919029888
0.1415018357455665
0.1528900122012586
0.1636103065915734
0.1739791096698254
0.15545534199424504
0.14979966335478115
0.15918563956025578
0.16658179803185647
0.17368424911068392
0.16789979986321277
0.1588349792912198
0.12321786172448679
0.1208554137968888
0.1347737906013485
0.13230509651703945
0.141794525460857
0.1379581140097622
0.13729863625845937
0.13164975809426313
0.12199983563640801
0.14753159590605383
0.15629921217171938
0.14856536842547235
0.13025440725843002
0.12756716636443394
0.13733193750337705
0.15115713454645258
0.1577160227034972
0.14529451695001463
0.13788237066411355
0.160771786833919
0.1533717248153797
0.1559445904304505
0.16252865390355517
0.16438386744772945
0.15898720910962869
0.146760860674826
0.16293390446680261
0.15758266016487402
0.1563141476981399
0.17909553527918257
0.1746632721018549
0.1736495925324148
0.16801318862231976
0.1570405357356886
0.13353010321565206
0.12812478572511762
0.14469486331688075
0.1553074700628777
0.14602185555527486
0.167882754430879
0.18131103880400526
0.16372296431086908
0.1662577276565981
0.1948210373966578
0.18879675557789863
0.1776611491382423
0.15020685968511396
0.17077270458898286
0.17240725797629933
0.15724826396415148
0.15902122270895316
0.13501660900819717
0.14259787736480697
0.14833278838182892
0.13321620716371807
0.14552583144641382
0.15994786998062108
0.15474554906161092
0.15075944782043413
0.15789647858928083
0.18465868368548602
0.18761058621011117
0.16368001668228943
0.17071570276292886
0.1748531275341902
0.16437863966493138
0.16100886385138044
0.1605740331111358
0.17647613126536915
0.17309570335971974
0.14337479413983253
0.15597406573869727
0.1707216980738438
0.17717265784863095
0.15861741441669083
0.13908277755800835
0.13891475693824323
0.1376437035236319
0.14247889024180488
0.1333995879990119
0.13134602747573398
0.15393552027980584
0.1697274745643184
0.20820632954597001
0.21051536332455226
0.2163028882560787
0.221091554191353
0.22125898900198848
0.2133096905888466
0.22499002367700133
0.22025861429562435
0.2176350307306548
0.2409437216932155
0.2137905180389418
0.19171541952019724
0.2008433429338697
0.20614478791901125
0.20854124960703377
0.17878227930359575
0.18565780554210953
0.1921400706784551
0.20955242045478167
0.18672588098308052
0.1769635679891934
0.17164492935985237
0.1863812240096467
0.17556890258467878
0.15977878135666992
0.16693960959098472
0.19199151095263836
0.18954414824357563
0.18650990385345387
0.1947972230765773
0.18645385542448822
0.182941866619322
0.16838899326405501
0.14576538962734864
0.1499179468432797
0.15666644185998704
0.17930034772832765
0.17794530210486523
0.18101738141543727
0.16272667781107886
0.13976620486156624
0.1651067559293064
0.18110110070551874
0.1545752504865721
0.1541420183842112
0.15643801409994004
0.1718918215907961
0.16522426745263472
0.17191380310555124
0.1630626657065974
0.1634191663297193
0.18225638162770594
0.17368007307585612
0.16426234972571405
0.17297107109311374
0.1771064678060995
0.1428962815950578
0.14982758064810067
0.16455227108152046
0.1537467869086342
0.1432706053558149
0.15764286348474785
0.16528872241992726
0.15448290655878358
0.15455971490150083
0.1478072401482801
0.15483066863923062
0.17557711040809354
0.14724648181366282
0.14167241371826225
0.15054980061600207
0.1534415871379859
0.18194798321942643
0.17154795577961152
0.1563105126297661
0.15143476955110907
0.17443295441287476
0.16986912480511532
0.16065152993674128
0.16154864606046423
0.15814519746980987
0.14285496842737774
0.14415197771105756
0.15798326354616946
0.17128368216275552
0.1764597822424367
0.1634953878282048
0.1629069213552863
0.16590160786802927
0.15324358469827687
0.16376431518944026
0.15302796353226628
0.1331980646837031
0.14294378431852522
0.16289625819286233
0.17760022199200182
0.17715339140399947
0.17503191416494393
0.20886107728176326
0.20175092998389474
0.1860080435099976
0.17305493349369994
0.17301703032595947
0.15284445005749803
0.14847159435241328
0.1538191303311026
0.15787841412967651
0.15755033768862148
0.14414881703023227
0.12445367933252803
0.13782874219175054
0.15891433643515232
0.13834068466697555
0.13452353066893458
0.1363620608431592
0.16827765468409026
0.18983546079957214
0.19251884396115646
0.18853652086087885
0.1770717050125806
0.18152120618196244
0.17846904869018657
0.18977656156293554
0.20279660905922486
0.19415031375290887
0.19467838496077033
0.1683618004725461
0.18079238561752908
0.19312855970354398
0.16487201715680658
0.1540779139451359
0.15701393572546313
0.15097886450219852
0.15514050769699073
0.1538065043450509
0.1617245159819203
0.1670245190244943
0.14978743446827675
0.14926983357851298
0.15008571569722126
0.14849374101840349
0.16560279726944313
0.17089537988099057
0.1633076703057616
0.13871627330078484
0.13072075374568448
0.13812053739212837
0.11354457234563715
0.11883244426680752
0.12808824525964083
0.11735900212565538
0.1119606966765062
0.13250914572039318
0.1524871313921794
0.14355852796677016
0.14516279910543653
0.14873452210902732
0.13405148865849328
0.12870221885995511
0.14303615781260715
0.14300466334427173
0.14370761464279208
0.14848025113755994
0.13195105648223432
0.1340612172273375
0.1457731610621578
0.1434654727110367
0.1444876154095627
0.1311209451463604
0.12158073763212826
0.13752600485723582
0.15481785441582216
0.13811696735359927
0.12196247435430949
0.11499958590479184
0.12998404966007085
0.13066191779427155
0.12039987252841859
0.11273379888872069
0.1136854115470997
0.12148372438095913
0.12013657014470883
0.11759108051330627
0.14058746612606537
0.1595809023021645
0.14081239814414928
0.14354025686473423
0.1605669335035122
0.16656123903826092
0.1546141487536723
0.16463401414697154
0.15768960708321064
0.15022570625690848
0.15894815819832878
0.1484390069883839
0.15367571207408537
0.146671006312994
0.15059199113607624
0.15263615323285376
0.14981621284261545
0.14543416262862952
0.1403871994107022
0.14509759753533175
0.14441354738365664
0.14593262012343108
0.12934010625972642
0.12483866759901273
0.12917179117316244
0.13658100119224123
0.1369553043591357
0.16180117009192185
0.14003910413899115
0.1374133658618679
0.13452204916845048
0.13589522367884757
0.13541453180396837
0.15016311996158418
0.1372092556315274
0.13042279147559505
0.13608581331073633
0.13062898807378856
0.12207488216769476
0.13392578804730523
0.12602626435741843
0.14623061721890795
0.11394628628275072
0.13168497467342932
0.15417088440818036
0.14763335000735717
0.1300424325796271
0.11959844712886446
0.12587907307338356
0.13769269590967215
0.12893482785880067
0.11161974058167659
0.11441095636622356
0.1349218971112984
0.1442505138691161
0.14894198961248484
0.1297750682307432
0.1344750389124287
0.13992662422661722
0.13374019670308587
0.1498405506471823
0.14873048400032718
0.15543432107830277
0.1477358012126882
0.137020528663365
0.1334234779430665
0.12486768828798898
0.13656105862012588
0.12251365395015056
0.11022609894920748
0.11406688791999146
0.13300168785344837
0.13976772454657097
0.14076333090042556
0.11125528914314076
0.11039137154337476
0.12218787492324013
0.14150370353721678
0.15558160055269363
0.13854306964122187
0.1367466730449451
0.1314103699567525
0.12937189732401166
0.14102653054329933
0.1239367586758375
0.12079566496218294
0.1304325370882031
0.13736440805116532
0.11890168485743366
0.09043133195636423
0.10089680082776262
0.10802456342505184
0.10839146356144365
0.11181763625550649
0.11081068994604919
0.1289403773956788
0.14514242113537099
0.12898815712475142
0.11798517115247366
0.1437717381919638
0.1434985889666049
0.14225375830844833
0.1477694846993537
0.13263253894827365
0.12583368848319035
0.13971814663151202
0.1316922590017538
0.12487478220346768
0.13678365131389714
0.13558924440241854
0.14115108198203166
0.12801149795243286
0.12683912608097156
0.14390720560604206
0.1271549553082292
0.11439781561237324
0.12715527712082503
0.12112004359598032
0.12216547653458623
0.11999400229527231
0.12295172607034532
0.1135856227315736
0.11961588957429785
0.12141559058094378
0.12928881298163053
0.14041811980866756
0.13779509106609472
0.15163415261495208
0.17157186857282797
0.16923922602221703
0.14766382173788029
0.15014844863739435
0.15242859613549037
0.163804558506271
0.16547699186081324
0.13590740325944284
0.12760846813540233
0.1405382340014686
0.13488250974521984
0.12822418133914004
0.11963691449760297
0.10853750482238214
0.1285738522565654
0.12395037901614248
0.11502213643886681
0.12145608328742133
0.12511396009364906
0.1246986041744338
0.12939357195240478
0.1396916094140954
0.14803594105039905
0.14924402390019903
0.12820348185178215
0.13541728123131602
0.15178078385727556
0.1501113958889819
0.15359702133147862
0.1431210268068991
0.1438470185083713
0.1523127454048999
0.15216666091832393
0.144977064663988
0.13890846199850626
0.12799511077000283
0.10887142935266578
0.11407332558759053
0.12218824745542996
0.1209591721393826
0.13262159368585238
0.12862120351083112
0.12950248030690287
0.1312114467705454
0.13345193577623457
0.15574132786542827
0.14675764607757874
0.15103937746990054
0.1656518536121248
0.1755508613032989
0.16693659211086667
0.15854009963662605
0.1577896538274727
0.15682651373064888
0.15959487945420708
0.14628397134451263
0.14500598064933642
0.13149511785290208
0.11410843052150302
0.11014512998714678
0.12969548859857494
0.12733549805690636
0.11088476658480247
0.11612951872536847
0.11490901409474842
0.10862863455614806
0.13744077306888092
0.15950283180463987
0.16215540174155427
0.14998260965693078
0.14632155716450626
0.13825382399458322
0.1454738944337068
0.148954221834867
0.14647002928111774
0.15230358188590007
0.16647661763143326
0.16082896671190375
0.15183222583217537
0.1460773848198299
0.12404819625444187
0.11616325339377344
0.11830094297549514
0.12855390043827858
0.13764846091532779
0.12591565080778166
0.11850600666635422
0.11952281133937194
0.11365897310572044
0.12126095427059477
0.13729015489927351
0.14415752512959545
0.12964665085547591
0.12881477345293757
0.13031405112069386
0.13090131010622286
0.15083029838625156
0.15706682764878183
0.15637432202589072
0.16309595957507358
0.15466502889879402
0.1585861041317292
0.13480007287131182
0.11959630073497733
0.1258210600646697
0.14325791845198838
0.11726404100403302
0.11213534045268962
0.13476193795584784
0.14424632719184963
0.13681391435194218
0.12466484191203382
0.11894734659284154
0.12639916297767262
0.12433203779444965
0.10819845578143727
0.12320757192006272
0.13410262354540722
0.12874523711187913
0.1341352826851605
0.14602402241615453
0.15676934183797084
0.16330646303724722
0.16406319382555992
0.15704395291697254
0.13822591292179578
0.13314657551274198
0.15623358902582327
0.14457595484785335
0.14730297035018114
0.15831249963672675
0.15313506716028022
0.14202603133972003
0.1434927746150979
0.15264064092765517
0.1516426697778234
0.13622340648921827
0.12377237329326518
0.1150774322122803
0.1418917933695305
0.15587472085305543
0.14832646691651521
0.13883745556643015
0.1639593389682035
0.18043826540339664
0.17336953627242374
0.1607047541903495
0.16396217939151003
0.15999861612337385
0.14672379638298952
0.14026612992731022
0.14379501180081922
0.16678267802381472
0.17698762893710784
0.1604963495221147
0.1342987433664352
0.1300713191663955
0.1198555219681387
0.12042370059456721
0.13075657890111458
0.1390042564854465
0.14537957819919023
0.14857516585881597
0.137727582340375
0.13424803466359642
0.14813916883941927
0.17099530592880433
0.17571647600924514
0.15445982693258556
0.14290637282853136
0.1481129763142959
0.15740134084857788
0.14820749162262944
0.1686777077037459
0.20480328458072491
0.20460419424346463
0.17572647444730696
0.14476950432027555
0.15542959767722453
0.16625466425704843
0.15839021243762494
0.15895541526109683
0.13467406745584046
0.12166547102660145
0.12360721482357681
0.13477932101571477
0.13304011352338582
0.13483742464970727
0.13410046818733135
0.16190183634975588
0.1666882057205492
0.15595839852907267
0.1527088106726607
0.159175293821166
0.14858190552711908
0.17367774363732727
0.17838469414359026
0.18317765971838473
0.1798531999869071
0.18317829798856206
0.1953401692237659
0.19778723320658215
0.16180545703024285
0.13372803023951177
0.11640088685586661
0.12077573681242675
0.1279064170033221
0.11216728767048274
0.12160603474364014
0.11677832251141329
0.11685800366827903
0.1500125459209803
0.14991888662787076
0.1423316080075668
0.14335730953543324
0.1286949654061691
0.11918950381166664
0.12549993027229134
0.14221692888287565
0.14893172402030438
0.15671883897949135
0.16603625253790763
0.16476021010438666
0.17151788091042758
0.16250718477160192
0.16707720515806865
0.1581878661895902
0.16546174173796774
0.17226554886894005
0.18512394130817703
0.17264440077578946
0.15928442270782692
0.18207157970817398
0.1647764547245531
0.17906976737806968
0.19382272600080822
0.18197311433716157
0.18275300917480236
0.20700421621404125
0.19470128268194042
0.18053055389710343
0.17212513794964537
0.16175026239811116
0.17134192425075506
0.18563585543835223
0.17606766155139933
0.1814611585713561
0.18341508771303242
0.17935313662897673
0.18612143307775483
0.17720300741130776
0.1598893807408196
0.15495708258892527
0.1627359774779955
0.16577932567486253
0.15522744414558315
0.13193449742261926
0.12040964583822591
0.15187335980738995
0.16802494171107807
0.15900871075563616
0.1669066418914279
0.1547254313813472
0.17544427927549033
0.16701632677995548
0.1525503850500293
0.16014570504877476
0.15216706048942952
0.1232702944846715
0.1088914103005822
0.10227079622692137
0.12952116691562518
0.1251304957591359
0.12962219219016644
0.14337298644934593
0.12002856394405677
0.12076121037916984
0.12894349823967477
0.14106530053248884
0.13740206510542624
0.1375368481735842
0.14094466269525804
0.15198864604982704
0.14180846267261077
0.1516903722021037
0.16507392932838655
0.14322130475899256
0.12471639888319278
0.12780084550579623
0.14482368555869835
0.1727735583680433
0.1524932345340747
0.13359472826885954
0.15553772095531931
0.16390714068918036
0.14151217345306896
0.13545432186304945
0.14344970879017116
0.14181640601931791
0.1416500103198078
0.14753825803951004
0.1451838722550169
0.14688595491206288
0.1149751396257078
0.12026709210844432
0.13167176203208053
0.14761877379527974
0.15581158132577783
0.1251577238340945
0.12525997448691942
0.1494457170935224
0.14390760436758354
0.13185673499878137
0.13510710295387726
0.1263176514906221
0.1304467752386112
0.12783484489456387
0.12671634775259627
0.12488448278772418
0.13250563362529644
0.13747667369519878
0.15208510802098435
0.15992958311360944
0.14591692954635768
0.13804656913477892
0.1373515951429351
0.14826621835567677
0.1335096644879432
0.11592374341503485
0.12529277398821248
0.1306351207664888
0.11746229697809715
0.13453565849019128
0.12709137032278903
0.14729699829818918
0.14194899347555381
0.13089210725361336
0.12831469827637312
0.13931366789572314
0.1467509562424043
0.13705566614622122
0.15195226993454666
0.14604036523040614
0.13065512314895772
0.13073158337578453
0.12381892596805393
0.1211088950018427
0.1388730274412387
0.13896462417383687
0.14911665536742832
0.16211947844852853
0.16911243597624018
0.17003482359267583
0.15948272201014183
0.15010900325766616
0.1198090485050708
0.12351344691303415
0.12614334823530512
0.11477839703168706
0.10779543693320266
0.1028726905749154
0.11542592431772729
0.11989945362982883
0.1335516683334165
0.137620076719496
0.13613826048971892
0.14901962439573732
0.14072907789824676
0.14728514798417247
0.1366325587557952
0.14782255766279925
0.14937467508064844
0.12951259937560444
0.1188495714232926
0.12112722054366945
0.11405495727282466
0.12157974418911431
0.13074903430045004
0.14264129230327155
0.15213111678656616
0.1371240224172719
0.14307042377183113
0.14027502449661483
0.13070161950020467
0.13259940408802254
0.14401018252989922
0.14086973721928744
0.13251311166573299
0.13243612882277728
0.13136591355100719
0.13060712230820856
0.1314080837830034
0.12293882846988174
0.12838827362234215
0.13386138574420148
0.11985644607491905
0.12847420129807152
0.14456241017649646
0.15857320312108836
0.16300170153973614
0.13976634552751566
0.14040785907414607
0.1454509396242535
0.14674786072308044
0.14400965186696082
0.13211763898950613
0.13056503588269935
0.1326522238208888
0.13432552951402177
0.12582340717036766
0.13309405628250656
0.14336766747310833
0.1344396414707718
0.13590528781492242
0.1355395710090953
0.1349439733280716
0.1433843152206037
0.1519222488830369
0.13605291792241342
0.13249297199438792
0.12190109552505766
0.12236318049340207
0.12933221354776447
0.12431431241847588
0.12069473523067424
0.11708583127002123
0.12090030964891788
0.13003268296848444
0.1272551340291978
0.14788061567143987
0.13545768343057182
0.11963942058872434
0.13272355411034664
0.14313783337274824
0.14234475648178907
0.1523218026482718
0.13741769699644316
0.1296306534406786
0.13112860499174764
0.13026732769968632
0.1458280431457846
0.14445284096076905
0.14171140477601485
0.12825390419825516
0.13524656160809229
0.14000320035335598
0.13986912211175434
0.1429906605414798
0.13891229281609782
0.1246286460954489
0.1216988358853663
0.11753344188273672
0.14687923801151104
0.1398810780221718
0.12306246865476653
0.1270811752579297
0.1270969455186664
0.12202693574814265
0.13540550511331614
0.12074826704304384
0.1435225220823715
0.15469878066348378
0.13659963018798454
0.145364374601212
0.13607079014538132
0.12634787810322815
0.1360944964786211
0.1350932088564037
0.12901465446578164
0.1539035969536455
0.16667733631506662
0.14170746522871813
0.13394165817321715
0.1586590594134995
0.15387542154393
0.140857244970582
0.13276753102705294
0.1253078694051256
0.12864715860054604
0.14388056739600785
0.1421840876381098
0.13387852649452
0.11703533211745168
0.115966994197415
0.13953343011749106
0.12774757656147537
0.10831458057245444
0.12084820733702391
0.1323574241758812
0.1318680745334191
0.14170919739165255
0.15173765513181348
0.15164967293684414
0.14628049215871097
0.16826836002366663
0.1719482686025793
0.15541365078026906
0.176301753985277
0.19050740032268962
0.16295730608990544
0.15534550539769132
0.14496921717048175
0.16769411378384097
0.15987885372891772
0.1448598816152079
0.13669456850800987
0.12596089234106234
0.12829904438957343
0.14234840861958906
0.1329669648693789
0.11569758392129537
0.13284835231104636
0.15464213916337677
0.16420820741288358
0.16701262281494555
0.17764747923955798
0.19478747728821233
0.19309199322481158
0.16213666413620215
0.16465752122279423
0.15195417887383322
0.13860539224387114
0.13538313478960423
0.13234804940264427
0.1403362276912278
0.13254720614228618
0.1221294315001523
0.12239440032334664
0.13291908008839687
0.15384446503163787
0.15092538487139123
0.13393628951752065
0.13736442938363927
0.13673619588875122
0.12846911754287496
0.1066188760809001
0.11197152954801795
0.11627366689468518
0.12340133505545635
0.13186506555876049
0.13744251767734433
0.14904938845044946
0.1512710281927144
0.1540254378929627
0.17369194990992637
0.16744090195681494
0.17444582120100594
0.16345347043456077
0.16535888742984298
0.1604215238861745
0.14293299768655324
0.15359459909328357
0.15203259864647442
0.1493139510046747
0.1450500875859154
0.14123849577981124
0.1489867936923588
0.1667564632424975
0.17312548457418248
0.18455508134040943
0.2041032442938258
0.21071177401676325
0.19312454233896106
0.19236085579750245
0.18670195052651267
0.19689541645739309
0.1941807476539809
0.1990374170256009
0.16945063222474321
0.17070208473068588
0.17379116594857758
0.18367651443040844
0.20089009768134458
0.21755091811339455
0.19674572377647634
0.19937784573552858
0.1978250250577534
0.2007120989969299
0.23060531365314624
0.24266440669079478
0.20552638085462768
0.2132699225959141
0.20922978706360246
0.1862012224502176
0.18846565752280625
0.20811059184777086
0.20938440103612663
0.17624281379644768
0.1616104134203422
0.18544720080042573
0.19223683867726937
0.19986439356510793
0.20679315646367713
0.1968474074726002
0.21805711736062888
0.22574695842263123
0.2207225918241611
0.20338751080902703
0.19652292140985744
0.18343235412935277
0.19711661988979043
0.18518699768700983
0.1884107956963916
0.20437319800048842
0.2121882654814893
0.19593428009028582
0.21089844997974758
0.22698666122555122
0.24706906290134506
0.24460845509913592
0.23091559024697922
0.20682220156189188
0.2042218956729535
0.20893265095442165
0.2044028296981217
0.1892826059312618
0.1873301735200177
0.20326880855724455
0.21240084963587869
0.20103841090081337
0.21037436884793584
0.2142925848490676
0.21795832415738517
0.24387878150999243
0.23937892177414624
0.2567035510482784
0.22579436722842766
0.2194301369772596
0.20164056747300801
0.1733649355421764
0.16631717166419244
0.17198037808996136
0.17528715040159687
0.18861380929277147
0.19356932855747258
0.1945961772523078
0.21861267977958546
0.23358513895312155
0.23203162035770092
0.24144867018799593
0.24501924130957514
0.24299724610477086
0.2278344128654321
0.23594424920688095
0.22806544793907435
0.22133418684496664
0.21018395574136256
0.20705255495074737
0.2013435487942424
0.24095065087229428
0.2575543333723144
0.25464097149980264
0.23117474801252214
0.22004807591912146
0.21448781449895957
0.21230613777472848
0.20311578080499446
0.20447888391235952
0.201274347266975
0.1828118405868859
0.20318042673136572
0.20779718710445566
0.20624481902481956
0.21328364142754752
0.20388687219738633
0.20773057261359504
0.21476127265342257
0.2409065021538133
0.27402696842794827
0.2563505943800775
0.25541244453267353
0.23843892444193185
0.22843158564842472
0.22947519298696287
0.23795289443062664
0.24902391567055734
0.2030583007540139
0.19058581312843836
0.19031041093008358
0.21810173312507358
0.22551390402126653
0.2331019907950505
0.24700953934510453
0.2619460671572137
0.2630911407489566
0.25248064130046477
0.2400447522180801
0.2309495182160739
0.23789621771200845
0.23867870333040273
0.24131300258991398
0.22463356698817552
0.2179869372681635
0.22869877290565963
0.2520089702598681
0.24918615812373163
0.25690922844170533
0.2659739933090262
0.2394022943865396
0.2548148799829448
0.24737371642352257
0.2400929452507901
0.22295972882906467
0.2192218217090114
0.21181238386095672
0.19675364101016496
0.19501726694806065
0.1883694449498593
0.1847367807204022
0.18441248892669837
0.1922500992173998
0.18061417809272726
0.18180841266172088
0.21115541253074055
0.20474837217666492
0.2175111614267101
0.20777116148794786
0.18873833303722526
0.19033860107797945
0.18685803369447757
0.16660212531208365
0.16733523353609403
0.16851452288320454
0.1755159879449667
0.1635300553027447
0.15971431258221983
0.14629342184194405
0.14985910772777672
0.16268053476277894
0.16615735147039887
0.15242788589123527
0.16616029271168703
0.16630033563319846
0.1679321833571717
0.1688489186655539
0.1500720700737063
0.1419572724042956
0.15107288082812811
0.17228873223240582
0.1713038843494325
0.16419451901313356
0.17640672680826233
0.18590162971635082
0.1730383975064816
0.18213016646694227
0.19731661889776395
0.18450936480763827
0.17564079927607704
0.1868056878829336
0.17095793820337937
0.16315034506695114
0.17325708262311823
0.1717781304928384
0.16873455607574928
0.17256782868901352
0.16316456025003642
0.18891224681806212
0.1938092823173755
0.2037673428853709
0.20395533088781978
0.18204441155247483
0.19391289062364256
0.2125454997850715
0.22033466486099984
0.202526319533502
0.1972649494821179
0.19320871482223664
0.18234342460946024
0.21139544343265879
0.23401777148165212
0.23932700725909395
0.22411025433324935
0.22668127751468686
0.2395223155172371
0.24332664894795905
0.23451201463343097
0.23665457320303118
0.22587599065453554
0.17931291304564453
0.16131336051926587
0.16188271863452117
0.1628237266145916
0.15384238888911195
0.15644754689038973
0.18024661713638696
0.16828690878400943
0.17840241268837922
0.18777368180559387
0.2065624787293827
0.21370771156566096
0.20056944522725845
0.19325538588768224
0.20110086382739653
0.19626366140707766
0.19041314227449385
0.20020425954735901
0.21738995996274563
0.21755534840391455
0.2205960676155991
0.23389686985768357
0.23900930174185617
0.2301200224164865
0.22126272305187422
0.2080409520984306
0.21204309619858638
0.24139096870833224
0.24181462677252788
0.21285101451274874
0.22336355796238688
0.2111875513350186
0.21446722485618833
0.1849704814230474
0.1938091821837987
0.22668069003157176
0.24097798647751584
0.22489022608298162
0.24782255671243084
0.2610214352004279
0.2916679276331911
0.3023784033439783
0.30432104492840717
0.3071836469955639
0.29704242095361844
0.2976846217734599
0.27855128161262466
0.2641882956934315
0.2514127216878211
0.21123109956326613
0.2345219820731755
0.24677233289760445
0.2221926576761888
0.21401106631542302
0.22947171972409047
0.21977497853228906
0.23654283525909983
0.24133400812205702
0.24687187669360378
0.24476241977222973
0.23483911149791237
0.25591856371724053
0.24450312552170492
0.23313290683127638
0.23781611982292397
0.24925547731139075
0.2612084284402309
0.23321614848050579
0.21349953757248546
0.20450321205885583
0.2084641533545858
0.20641203225025137
0.2044311064186007
0.19725837327322307
0.1886708604680533
0.1976909973814886
0.18647911339292578
0.17831498106539928
0.17375875930791881
0.20041912148941546
0.20472815572821174
0.20861327008295164
0.21567367773534593
0.20333358085392772
0.19463042038990275
0.19225913515344817
0.2157797158412882
0.2205157214304365
0.229170102088501
0.20842234932601572
0.2257804021664193
0.23342565046309754
0.23479392270730814
0.23971139571924635
0.24635060277419824
0.24014167513615425
0.22251598023744187
0.20692758399330058
0.21524332677410454
0.21018564014478572
0.2261193398015738
0.22439170893241375
0.2006861182567995
0.20511756542427895
0.21564421970675504
0.20247090404005152
0.19383378941092946
0.2159279633637516
0.21768763204351993
0.19564695668685145
0.19764987438831275
0.1988809724916661
0.21780576051755443
0.2321688528423854
0.2422598142669369
0.25059137530450837
0.23148257467102334
0.24440040914190955
0.2409049628800078
0.22834286464080353
0.24612164633637598
0.2512454853950469
0.22810618207306582
0.22857436381760268
0.23180350003934705
0.24676689780641883
0.2434327296750502
0.23457690327583355
0.23804179058068703
0.2355085756888326
0.22627480611000886
0.24381013234674262
0.2509742702030026
0.24922028150437103
0.23858726478081224
0.22280198307429966
0.24821006661502862
0.26283939799153244
0.265561150505275
0.26354381746362243
0.2555556404960683
0.23172562365230104
0.23813200342748092
0.24832466761521255
0.2371970053673038
0.23296906756028263
0.23009086151424518
0.24616414092950548
0.260937210013988
0.25523023243653975
0.22865083685708312
0.24004071329854162
0.269264170437709
0.23923391956067525
0.24573992592329538
0.2494782900070449
0.2599830988781652
0.2410820049970725
0.23160969967382325
0.2486966986666763
0.2615388030391179
0.28515942542715356
0.28191956653984396
0.2613782246354755
0.2846376175944835
0.2916814732010013
0.2884305319124053
0.27203590778583947
0.2833210304341362
0.27935895058512084
0.27746951510393997
0.29561275290340583
0.28700620157111106
0.3039876511485396
0.31446213692668284
0.29545338253737413
0.30111018349569363
0.2947318760106018
0.29543556322289005
0.3007720748751433
0.3003216683639415
0.30585119362719326
0.30604726012677963
0.3020669236265624
0.29215951321597516
0.26866570610565005
0.2768754447863276
0.2894652792735954
0.29347644484072344
0.2822080651791695
0.30439186146674585
0.30680708583978733
0.2763372166049498
0.3036581170928782
0.30182119662489
0.2893053739996466
0.2758290384179165
0.2740471931323572
0.2677620103449307
0.2950466413683181
0.311668375701034
0.3087132804069519
0.3072841599822205
0.29200563678739777
0.2911050648264581
0.3513039602364552
0.3023525718780559
0.3271849705253081
0.35829468892744937
0.35687210157998245
0.34991318992835946
0.3509121673209977
0.33387989974193744
0.3135648096423789
0.31090199087331044
0.310982983640249
0.3221863840892013
0.32885859872658674
0.3219954739499341
0.3312645004955664
0.32543589293252956
0.34184681927411653
0.3369851701384342
0.3488860105714334
0.3431101417602615
0.38323957148351173
0.34640894015705703
0.33597065561173833
0.355531135095939
0.3318668745443511
0.28182107259456424
0.28698149029439896
0.31817288178273107
0.30518823382364085
0.32365480094631066
0.32866476706435716
0.2818693096387993
0.2941378528720732
0.29960305580211105
0.28776612672850654
0.30562596994108454
0.32338258763897737
0.30548473876914006
0.29316516049200786
0.29092748139505065
0.275410289120154
0.2971938986456918
0.32475658516477707
0.3188321463541706
0.2860676152730845
0.305992738125165
0.31628998721431706
0.3017893380185047
0.31791512296985025
0.3160259575619312
0.31183195773569206
0.333843894628934
0.3350853184046038
0.2886598678047707
0.2791381802614767
0.28195158928276537
0.2931162265903698
0.2945603537042767
0.2784119256550762
0.3112574202637611
0.31989384334025345
0.3249132787740665
0.3149859062745212
0.3240503765031885
0.3292760665717776
0.3412025616886669
0.3452088177734798
0.3422605657976525
0.34306344346838985
0.3172688774977451
0.31418184881002265
0.3241965873205656
0.33030507409385407
0.30298366653016956
0.31277687563455164
0.30552187553947463
0.3131172343859145
0.32147262002086713
0.3355340136129586
0.3291626089294519
0.3170107698226703
0.3119947401921231
0.3264223239704578
0.3263289900866012
0.33848588008267183
0.3462620042391723
0.31610837999978825
0.3235834621703817
0.3367530099764307
0.35147246139979266
0.3510696748231462
0.35548872757941835
0.3603091006481607
0.3807286375096933
0.3745593231826729
0.3609484871424126
0.3628266955869113
0.3564686417987359
0.3620057763058528
0.3273736683714611
0.30486472906618495
0.3350580520000188
0.3866182278223523
0.38666156327371454
0.36869748781454054
0.33931311136129827
0.3465261401091285
0.36274090099024275
0.35800540976037554
0.3217408851563061
0.3176318073759066
0.34507831631339514
0.35562358789969284
0.3584646451141867
0.4055623771585638
0.3800697925291454
0.37957251538557163
0.3769893457632368
0.3820371981046263
0.43192556498785
0.4185254422988873
0.4029075433987248
0.38599427685308785
0.40422923769259994
0.4183806797178178
0.40763274083729456
0.4002856489648031
0.3946423346165547
0.3830374319516183
0.3691317483074207
0.36085241553620057
0.38009382924669277
0.3736352868491039
0.37780506199463937
0.40425855940682526
0.38710460938204455
0.40564726676004126
0.4301271685835841
0.46714750156426216
0.4458783632510641
0.4548997634742324
0.46110540237185665
0.4399869751780043
0.4383792409639975
0.43751017278268395
0.4289812732380752
0.4361578394645172
0.44452104733245923
0.4414864829092034
0.44336005558451624
0.43868946229461925
0.4293034793773744
0.4056579168518786
0.4185684098674265
0.43095046480195853
0.3928616487554951
0.3965099319542072
0.38004491554106024
0.3771058892722167
0.3794253691348806
0.412456045836484
0.3948094461733325
0.40289826482025637
0.4341310934084369
0.4434839543534706
0.46376233115568255
0.4529347212760458
0.4290710116309166
0.43513344482808
0.4345695946430327
0.44293378621482493
0.4281154529949231
0.41783695021564576
0.3785597002510803
0.38505977223538623
0.38640846364937625
0.37091825817976753
0.37045549761887003
0.3754366412251064
0.4062502501720088
0.410388171620077
0.3994846467370591
0.37233635344119154
0.4127551673560496
0.3890028444101514
0.3709205349636034
0.3419881552321008
0.3313898252311872
0.34160648619302003
0.3664313057260617
0.3589105629144652
0.3398923902985005
0.3507755937218101
0.34092133808830005
0.339696639980994
0.35995807991379364
0.37422326408123224
0.3926079603017972
0.424419413176649
0.4237673887122547
0.42051266025169587
0.4415329427097278
0.4029126095346592
0.40793625102581277
0.40671277244163406
0.38695382105979226
0.3925748077421719
0.3706891761679558
0.4166413368025945
0.4322255629703121
0.40046068195457046
0.39318038925069315
0.3974923858750611
0.40838781783603173
0.4247506439943925
0.4296473756517685
0.47003776035807365
0.45523009496874495
0.4526834396631789
0.44857938678562725
0.4000607933982634
0.43001425779472474
0.45102814896464005
0.4034089033155325
0.4214504203770266
0.4555244873685961
0.4226106543334084
0.41438621916756135
0.4032780044390064
0.40587017692708405
0.46311883577476404
0.4778927263597371
0.44151299327534554
0.4504443767272467
0.43828352940503795
0.42828889788233604
0.39104122565583566
0.37208277542828455
0.4119267324570185
0.38546657695376557
0.35867430989496035
0.3712862140430667
0.38914346947971085
0.43134954493298366
0.39856776472495
0.40622432525235574
0.41438810813327487
0.44217476923546256
0.4872968235822508
0.4583054917275288
0.4569940538630097
0.43410150539861886
0.44110400201321465
0.39639809289019934
0.38221647631424666
0.40812828806051293
0.4165833480772971
0.4233475573634784
0.4032275846081289
0.41276934573868346
0.40444202965240866
0.4121822886877692
0.40694835028839477
0.38229221475682706
0.3859643762126688
0.4148133731208268
0.39773701329475497
0.34492336228847637
0.3607373753233506
0.3637139218499773
0.36273959214963564
0.36986029937629716
0.34880039590935946
0.35375516136480606
0.39774221777708535
0.3766509377501074
0.3673244185635698
0.3689681596640656
0.4047464717033438
0.39375959071288624
0.3969398034671442
0.39849912180012736
0.3856889383914176
0.4099422385460168
0.4104534339570416
0.41389844220448413
0.38692760399274867
0.3998161900223769
0.41023544360426795
0.3930159804609326
0.3906080964631698
0.38644652755113496
0.35824621748552643
0.37422331775301504
0.37894237529006314
0.39158215133991114
0.4101382513822921
0.39703104823709123
0.38364317555067895
0.4166659382840767
0.39873282931863274
0.3613737629947847
0.37200150070019633
0.3981481392140184
0.39716562939085903
0.4004319867495142
0.399478797507084
0.41103954730319114
0.37689467351361583
0.4029759227701846
0.3932514331805262
0.41446703044964334
0.42962802236167846
0.4082109035651999
0.39763554434279935
0.43987139385569407
0.4433488010752961
0.41344955651498233
0.4545863690930089
0.4669431935783876
0.44020666441573625
0.44476856349789046
0.42636998956350874
0.43513525013223675
0.4094910964009683
0.4214679937724755
0.43282509853569573
0.4031526274396533
0.3922847768190338
0.3918798298064446
0.38791008934541604
0.41870733216523753
0.44547487482157144
0.41046328410843214
0.42996994901173935
0.41072831922771924
0.38955493645728917
0.3671727853729957
0.3700237876943713
0.3876145145294811
0.38674008401323684
0.3879558708704381
0.36315808007595296
0.36305749546785643
0.3838767413658239
0.3598558847227544
0.36958166992843944
0.3978986142941407
0.41785284439074355
0.3859290003422601
0.3830356030209045
0.3548639821847797
0.31027205140922504
0.3283420794213312
0.34913281871713286
0.35629184339532566
0.37967089448284275
0.3578260063783778
0.3459833286220116
0.34573995027650095
0.3459623388879844
0.3564865237558988
0.3553206067481025
0.3458407942160288
0.3527416046277808
0.33481171143944716
0.3797774908991884
0.3612475437336508
0.32893136709732984
0.33698729849815323
0.3397189622717108
0.3448742303204288
0.3441340707600303
0.36429027542709097
0.3947802246289048
0.3782523101601288
0.3732013393162756
0.367031980921724
0.3430690290189622
0.3528831031647677
0.3507645357580576
0.3293940867740539
0.32248464337877014
0.29723918735220456
0.2957099873496319
0.32421799121805805
0.2967258430775072
0.28505035802314665
0.3016822159990901
0.3273377883341774
0.3359440983209293
0.34798470196800646
0.34604689580052816
0.3399656801925354
0.3660175441459613
0.37123965910718487
0.36482441734205245
0.33091543589588207
0.32151596931651255
0.37154879286828096
0.32441490007103996
0.3391451979715987
0.34973022917659274
0.3565570277639249
0.3587139986909385
0.3692977019534182
0.3970747907340122
0.36763368968679555
0.36992956717992503
0.3484706795536473
0.36950869413501714
0.36492638955702644
0.3497334422414817
0.3323460653130029
0.3008121210763023
0.3162648342796516
0.3048620220512839
0.31170856796297297
0.3353667855564076
0.3386009958141838
0.3305967843825358
0.35777232243806745
0.369697602906137
0.37282362384209167
0.3586321914547369
0.35707645548284844
0.3736962133106249
0.3386459402461653
0.318141315312426
0.31037262981488284
0.2879561214359384
0.28970641008904335
0.29125925650236584
0.28632321695174073
0.29174501662460883
0.32519089876294105
0.32922979460396773
0.33542450806786456
0.3365798486130386
0.34443522252145525
0.31463311634369684
0.30519098205749884
0.321431069620924
0.33322332403426325
0.3432881316336816
0.336036982383178
0.3204553127016153
0.341194591969221
0.3490327517023287
0.3351491986974299
0.3909490283460562
0.4048059862238273
0.3889172677820073
0.3803799200447805
0.3616465844058096
0.35290327114872855
0.3545622269928551
0.33544895463803504
0.28602669348079507
0.2935914531704714
0.3142275299964191
0.3125608904321031
0.3098783566969217
0.3044958352097587
0.3287474307600172
0.3441481411421189
0.3438825401293845
0.3509081029949126
0.3578551926899535
0.34098631128998347
0.33994162649671766
0.32720769567253183
0.31663401798290436
0.3400751982747686
0.3398812794955218
0.32784445198868206
0.32059805350246806
0.31096789212355613
0.31249029369452364
0.3040674382779053
0.31395184656676817
0.3043648689280693
0.292811083971971
0.3347466320236965
0.3535447966169953
0.31807377599951575
0.3253498650302991
0.32496595033612125
0.3453331609316567
0.3422757385772938
0.30880826636321146
0.30518503746204856
0.28547907983631104
0.28453124689853254
0.3174205558370921
0.32845263928881924
0.31964505696464235
0.27937644270166107
0.2892875433934072
0.30314381666593315
0.30295889649277236
0.30242375489888595
0.2852604776088108
0.2978785070014862
0.30177281912853543
0.27519395660118273
0.27250945100237406
0.26904447326394765
0.284364058740605
0.29864030066539154
0.32062440571917067
0.3180797230758835
0.30705417616105407
0.31156637681524724
0.33280218356313995
0.34331055445528874
0.3246039845783246
0.337386555080682
0.3569409655314726
0.35445217799450845
0.329285098932374
0.27713567295551406
0.2699134618002629
0.2799804423965652
0.308910016927703
0.3026182100343944
0.2955637168378021
0.3454441982479223
0.33631840394945334
0.35076532889042994
0.31864486698930305
0.33507530285505444
0.3191778128432714
0.3070719630503271
0.3154193955865511
0.2963675305877369
0.3041665868464278
0.29260000775273
0.2747342853613919
0.2773649748181911
0.2916716954984623
0.3199074160864637
0.3256785075649289
0.331701092359084
0.3573762729689402
0.36619253472215735
0.36624801934470497
0.3768263345617745
0.3595154557261965
0.3403406574553621
0.3307513328700892
0.3100458501924178
0.31008383079444435
0.3361211706034899
0.3433859059495577
0.32979282957796396
0.32392441679211575
0.31642452541745875
0.34739481327893607
0.359340709309072
0.3777054847741911
0.38685986304899533
0.3757679346564971
0.3825319884839118
0.3696890787924442
0.3603942070576298
0.3747828470805656
0.33849288948544665
0.3376692446559799
0.3390495625196747
0.34898042739065405
0.3281467805865991
0.33399247490117284
0.3447501133766397
0.3566859788365995
0.355367714256832
0.3446114492733966
0.3225343478754568
0.3241668047952724
0.3161887525412659
0.3110083505237431
0.3435081571732705
0.34434153718274424
0.35432209874213344
0.35746860967779753
0.3749940127809684
0.39589605421755986
0.360581105371739
0.37109620171726215
0.412703758183221
0.43272780005719225
0.40943983009775453
0.37313235953111346
0.36118494617056773
0.38524109328120315
0.3804652746406504
0.35824799392056206
0.36111453942229116
0.3752472384500696
0.356584115992754
0.36544420211787354
0.3474757002114062
0.32294662499290266
0.36305093786328313
0.3288895617136729
0.3299181490684057
0.3649244132136825
0.3703720477713124
0.39019681820586144
0.3847057066794636
0.4041657572318729
0.37650358439867215
0.38070174036739185
0.3804403068050933
0.38941015600409484
0.3893719000226761
0.3658969157647329
0.399743282130692
0.385106916511308
0.34519646585940844
0.34351606791715295
0.3777894713117677
0.4106818136076542
0.37614179378791757
0.3435364704239457
0.3465606097563835
0.38902403288492066
0.38005840247264205
0.3785262889969864
0.35919298855583753
0.3358380050598109
0.3565261525970763
0.38452488648091404
0.4025868620010902
0.39711160930424255
0.3920720594874364
0.36903531611358564
0.3703212421613629
0.38011542368808204
0.3933091272378791
0.364597213079076
0.3595231261036578
0.386102179137755
0.3741673287873266
0.35674674736471434
0.37462588902896743
0.37496979940829883
0.36111779058709487
0.3513015090485948
0.3614953076948148
0.37889529032809843
0.3621286878061775
0.372727734435687
0.3781949458407797
0.38709915475566675
0.39319511417344755
0.38959327351335743
0.4041296394053179
0.4747979171796479
0.4672108494747816
0.45580384251305617
0.44623752926423166
0.4572785824000168
0.46597825007218624
0.4251744583527382
0.42412314975674664
0.41938947612025584
0.3973268666060876
0.36918520765641394
0.40270395309275775
0.39657246272100555
0.3747947604645645
0.3848825701073145
0.36677152650508
0.3904552478660467
0.3720476284852435
0.38081673236846897
0.37538907087576173
0.38751301462627885
0.36675433851805417
0.38837113815297647
0.38382011690650714
0.3757097195783726
0.37334669489761635
0.3774799141854073
0.396992186132267
0.38466546426214876
0.3891949659842774
0.42074822555467833
0.3879996771340169
0.4009596476472405
0.38551566713168883
0.3738853542725974
0.3600614017178763
0.39486802543419003
0.364289011589518
0.3454524449918247
0.34170380269961903
0.35269699522227804
0.34166453503682476
0.3337048151740165
0.38233557508273824
0.4036095116937238
0.3963587991114008
0.39396761137964437
0.38917705529063473
0.42317321648442763
0.44080634749331266
0.44367876727468064
0.4629958516328133
0.4738221252211981
0.46101507269685527
0.4436011219694301
0.42888823654538877
0.39266737664822704
0.36094470022384606
0.37169677122897254
0.3948524279451245
0.38395900574646885
0.36351817664981906
0.3111322484650651
0.3037655290946586
0.3323989450073439
0.3459549389616381
0.33403753875511766
0.35018392428555195
0.35214267465200116
0.35091158882656387
0.3251904417090793
0.3185296068796206
0.33940132867083744
0.359398265218314
0.3359281768484816
0.3217866230818725
0.3510802770717586
0.3751764819004112
0.37221326698547613
0.36531077219642605
0.36202562949187367
0.3820572402117601
0.35738755969332375
0.39301185237730946
0.3845709533748408
0.38781899164890266
0.404570451410945
0.37594741864078085
0.3490189022989934
0.34107516455507875
0.32524684128982456
0.356096726238466
0.35495218279606655
0.3697487510247967
0.39082592148499323
0.39325809634344155
0.34676757362629834
0.34586333223288745
0.36224515231233523
0.37569436504152337
0.40054490376693075
0.382206816806212
0.3777457992510671
0.39857922223116904
0.4510290127731364
0.4267588449019918
0.4108812774521087
0.39857173778623123
0.3793181429139666
0.389600542379907
0.38750582934547234
0.3609727914141349
0.3330709051597158
0.3430944420376437
0.3112700084569622
0.28749779035582324
0.29188419581053987
0.33823587841802216
0.3471600993698057
0.35075971077466805
0.3430691686550654
0.35222628348105156
0.3965393677263305
0.3745588553035951
0.36646870958219563
0.36558134719165936
0.3869895250970796
0.42455216958319464
0.41490170836964635
0.37213842986062473
0.3665437979392163
0.3673904136697826
0.3707563397874108
0.3835833545630504
0.3317017123409967
0.3337548803153044
0.38332977945712887
0.3836908371568244
0.3653367743500384
0.3794773402011353
0.4159255295677432
0.4234673990298608
0.4222691676808231
0.41327162827696606
0.43564293672844373
0.43390443506341875
0.4299264221774876
0.4257165565501823
0.4484466392884332
0.4649036255128757
0.4448883162515562
0.45777059994306735
0.4275985461242717
0.42557768323927103
0.431816579139704
0.506641994012756
0.4563184497569233
0.4043905591306435
0.4207313365756488
0.4194995728974996
0.39345796591155574
0.3792772630443291
0.36680279569053925
0.3824752397046459
0.38335769024497457
0.3957812469258568
0.40774380839369795
0.39575477250881674
0.4130437797394752
0.4681785729321904
0.47030954343044135
0.4160044903418619
0.43017532239790973
0.45071418077205344
0.44743062579516346
0.42151713193766954
0.4078267337447561
0.4365373289419159
0.4283701525410519
0.4139686670528597
0.41003722742067816
0.4238825151363476
0.4280350235518369
0.42676816185574146
0.41954638165467134
0.3918252827130274
0.4043354759798343
0.43214703871025323
0.4095098894318938
0.36063977564803007
0.36186778201704767
0.38469451619395656
0.35883920040088874
0.36924364972534623
0.38490719735461193
0.3851365944698932
0.40706151079286496
0.3678928605858742
0.37749326953409135
0.39828983528544065
0.4180838787744606
0.4194398086546768
0.40378546619901035
0.43043811616116445
0.4641172709875388
0.4462472916703776
0.43367096783537146
0.43964539078114134
0.44314671663620436
0.4426241065511171
0.4776027410129993
0.439105369241945
0.44032849188706324
0.4549583431995107
0.4377750370957676
0.40231625791127085
0.4347667581824343
0.3980810754482561
0.3697343097063882
0.3683628096883697
0.38464292750082435
0.3625865858275301
0.3891916234225084
0.39058795752309183
0.4073128622241502
0.4409240158170359
0.40886709415071787
0.40779183431394544
0.4554637861626195
0.47455935672751703
0.4884938095218103
0.4881455518606985
0.4794037059643847
0.44535460676504596
0.4629895377464126
0.4652118428311284
0.4346175361237637
0.4440734547118315
0.43270217928772375
0.3896073630258949
0.39194384334494853
0.3869730041568643
0.3778555450710001
0.365354474358154
0.37959575671850043
0.38963779039344554
0.368321796178116
0.4011035450994263
0.41648568476756753
0.4090418657513741
0.39877887060212835
0.42867131076535864
0.4245245490589748
0.4198299111533967
0.4385471178363254
0.41880782182469023
0.40743303161743727
0.4139499384420637
0.44227447304001516
0.44595971686236874
0.42135378923138994
0.4079271559623819
0.4416236241166415
0.4593338247782755
0.4658943001659621
0.42278910460349994
0.4413215245641653
0.4427117059419968
0.4300609435845713
0.4042233768474111
0.38187378210837747
0.39645934827656143
0.3976243125667427
0.36680758832901234
0.3389931210417366
0.35851117448821024
0.3434733421625971
0.32528810242321177
0.3433284154443623
0.3669079903959505
0.391875941244748
0.4150407848914482
0.40949209911366213
0.4193070557896269
0.4034067426863971
0.413744398154283
0.4309459563811187
0.4413202231670249
0.42573857681376354
0.402144069125415
0.419912393332459
0.4183792342551815
0.40282134418707644
0.37366329986606583
0.3542146179380456
0.3750395873214575
0.3711242934815469
0.3811708910778868
0.36617641676961654
0.37607947836258276
0.38656526213356773
0.4241021192472695
0.4011837887393294
0.38033760501830727
0.39785664705703516
0.41739298332207336
0.4310530757468275
0.41055905807464166
0.44441378203038534
0.4451542904035033
0.40739633053405544
0.4108219238082734
0.42441230172473177
0.4427323821372721
0.4301784042408618
0.42783650310497906
0.4036593741634262
0.4051530263839809
0.3914728162098275
0.3887362987659953
0.3584379812278812
0.3472364597753646
0.3444097605490626
0.3492354901308317
0.3532591938557523
0.3379742502460139
0.3421458284517867
0.3878364943462295
0.3773355273878641
0.36627559397793064
0.3868935074152472
0.41487026710025915
0.4077386720401924
0.4145165886485695
0.43584189248283206
0.42064495600482804
0.42245950454598646
0.4287438254448636
0.412584507140504
0.4088346925503421
0.40509883881072406
0.38995002914989124
0.34820191513247134
0.34614355113418005
0.3465885550241533
0.34564416567663014
0.33529696849120305
0.334562650197603
0.31173475313495747
0.30655851097237763
0.3273958770105279
0.3205291192893359
0.34923151733679675
0.4005299100596179
0.4221769329701567
0.40315203817840595
0.42400150149040844
0.44849613981853026
0.4792809452865189
0.4778287934714148
0.4467996493448865
0.43280121422641427
0.4079729969533333
0.38440425443598103
0.421838331633536
0.4100079189842429
0.380261082963004
0.38478181382741655
0.3914060924874029
0.3681701548708361
0.3637944130940973
0.37255674126848065
0.3837530663183532
0.3888901474128115
0.3952800152998756
0.3936043689940381
0.3912031569385421
0.3613662927200713
0.3451965830568079
0.3734204831727774
0.39290385247600934
0.3927655986708333
0.4015385605985782
0.42245131274030023
0.45273542380989684
0.4264575847034193
0.3933122122079165
0.41452643895568525
0.4349150738065861
0.3997607464864314
0.4171355888212749
0.39537768672198526
0.37235700285054774
0.3638054888559241
0.39071733486703014
0.36248799860214337
0.36453902531935833
0.3872688738013948
0.391867311144197
0.3764482307240168
0.3812195856879865
0.37915725188121546
0.4017826871777064
0.40509740588331317
0.4087534676138585
0.40455429748840693
0.41624211881280465
0.4320869495141815
0.4507900114493386
0.47422516205880494
0.4432500540570912
0.43955157865386607
0.42993015168983006
0.4145100780207593
0.3865854871954772
0.4330334306927436
0.3974210376268553
0.4013479135549426
0.4242965290345372
0.43405253356005197
0.3990480067882029
0.38654242958361
0.38463211495591904
0.3891515634745076
0.4214673585179326
0.4031012850019609
0.37682654832107365
0.40298065708851416
0.39579679671242923
0.3997466636083996
0.41434912987572337
0.38655946378669614
0.42918819887979154
0.4305371935410433
0.4083795491249856
0.4127074458018928
0.4380201425111174
0.4199147699934637
0.3888909705709283
0.4060898127242507
0.37865312884816005
0.36804858567805543
0.3650902403497579
0.3561436363035898
0.3660758682408942
0.36167490226257065
0.4055497386203938
0.41650387810976724
0.38676910940863707
0.34997456685527584
0.3759524687268655
0.3675463049619992
0.38075735360299784
0.38141662765867607
0.41775691352273026
0.39892545310482064
0.39234189124430097
0.40284224019148485
0.4170338440611908
0.4044861786070612
0.37772513092090565
0.3678223710987479
0.3637239776071904
0.3504812190062637
0.3593610950422971
0.3591930185975968
0.34355778745168847
0.3228754345964165
0.3655073473724716
