0.0
0.004427314889812984
0.015475717921393314
0.029124706640775384
0.044141727225295045
0.06349600890250269
0.09100442749862397
0.1272048720598379
0.16999336109089133
0.21496156720281528
0.25598755525961864
0.2889161649133064
0.3122642682343648
0.3259736453266906
0.3308035758114538
0.3265496916999742
0.31392743687173186
0.2957086625493972
0.2751712711814572
0.2544211980833461
0.233700653448249
0.21206939396804247
0.18986040493781325
0.1691065431787451
0.15273323069041986
0.14284302799598153
0.13990577677250454
0.14298442970293243
0.14901435676869473
0.15408075369120222
0.1561381725635025
0.1557467581105847
0.15368053085061897
0.15108403573410678
0.14912696063021624
0.14797116527879076
0.14640930901699595
0.14370311273843264
0.14072749488553052
0.13885935222807283
0.138959246662161
0.14320657091349842
0.15223046391956482
0.1634060246453423
0.17268638198623215
0.17708357785469803
0.1764902398438549
0.17443789601899434
0.17380737548304823
0.17530808622855276
0.17817714800020404
0.18186557592741406
0.1869636171367833
0.19331517034589654
0.19981399318144483
0.20397208668920966
0.2026510961811805
0.19589947133313532
0.18487751790929402
0.17120321900409963
0.15693846361184544
0.1447727374405439
0.13543359981573874
0.12845764078211172
0.12320766692345266
0.11963020253961772
0.11799120821821846
0.1165337845871984
0.11268035806292974
0.10619507253142059
0.09837937183924353
0.09075795220954143
0.08583823757837336
0.085566823836951
0.09004865015657952
0.09862208071319234
0.11010608056782611
0.12247220256885678
0.13403738679002014
0.14310695799727916
0.14942059441883943
0.15347038809417465
0.1577145492298976
0.16360945898627222
0.1696065314323895
0.17183403326033891
0.1680260301987425
0.15867147080352773
0.14596115103536106
0.13407388937260875
0.12544172995051844
0.11846580398854621
0.11016824857915823
0.09945059571481757
0.08863717664669189
0.08097500422355454
0.07716848440849336
0.07444903103701014
0.07058478820334513
0.06603046850112233
0.06244136659945455
0.060398304047883634
0.061129451487680043
0.06637011203274863
0.07743471345303074
0.09420504454381422
0.11338795074060015
0.1302711337315741
0.14232577021548537
0.14917916315422353
0.15249015916669914
0.15421583106876638
0.15727460533066423
0.16270311887501354
0.1680402589250383
0.17024943928278127
0.1678049732204208
0.16149858528234387
0.1542172001543094
0.14696546812639255
0.13808832046295888
0.1262018827519564
0.11249865788725018
0.10055389971406012
0.09415181767373056
0.09473057603798182
0.09941545249739864
0.10366631786350682
0.10463639428477
0.1009131183931157
0.09352709569977974
0.0856896936153342
0.08003575246431927
0.07787389168441193
0.07915595690498534
0.08273455966994393
0.08683788099394604
0.09195114718359827
0.09890090279026252
0.10677462810357498
0.11414097516590407
0.11928665412200572
0.12135150962265201
0.12195071358824035
0.12252365116798702
0.12467851299168707
0.1304216761227891
0.1395825217231364
0.15042233300700267
0.16134318971078532
0.16930232202029
0.17086111146707658
0.16606701208341754
0.15847637157945973
0.1526314287109102
0.15091864412646314
0.1516106847324558
0.15085800211298075
0.14505551628898092
0.1336382284894337
0.12071200425272663
0.10898386362802007
0.0975269412392235
0.08569154883798906
0.0754451291049763
0.06880832333768347
0.06397010725207097
0.058479723268156265
0.053109608621537796
0.05032220925512167
0.053166809747423674
0.06282328333014728
0.07701689371035964
0.09080813722984095
0.10033972453716744
0.1066316265204882
0.11342936976799597
0.12322291341536606
0.1352411612379298
0.14556826372758153
0.1513418008216531
0.15190358469548856
0.1486101174818373
0.14368672724402257
0.13840762624498354
0.13244973474294042
0.12630875922422857
0.12114835051135975
0.11609735464485221
0.10938174055501933
0.09949258830003521
0.08735901369798277
0.0767815200018503
0.07066770699700521
0.06969100198718325
0.07287028349647695
0.0782400084673178
0.08289377024593496
0.08456519203975163
0.08363053621326684
0.0812394815956727
0.07996440973220824
0.08027011220938436
0.08194738074249477
0.08571302815183646
0.09095098537752522
0.09666043830889755
0.1010212289982772
0.10325119248222339
0.10347310304034163
0.10084192414846489
0.09614887856717813
0.0916945514645132
0.08943982089064227
0.0902444642848981
0.09514273821347903
0.1039247168195467
0.11431627922150256
0.12228615157034473
0.12457921920854673
0.12117456976716437
0.11492730675007119
0.10877753044646361
0.10421362780325577
0.10077257909702583
0.09671899691558791
0.09183004223679268
0.08812105369819151
0.08546203071203395
0.0816256928440496
0.07598086739625952
0.06926049824233152
0.06254609882054724
0.057796000702597675
0.05660957058090512
0.05762852064477133
0.058524184318310156
0.05828145200358548
0.0585918124988192
0.06381766219547562
0.07640980891529064
0.09462637673525279
0.11386077793885498
0.12870112712256718
0.13721976836537841
0.14187704348403232
0.1441126881606392
0.1442382693755399
0.14292358331914007
0.1410914613439728
0.13844738891021907
0.13323756742530943
0.12560532284121115
0.11716160036978074
0.10862455378757777
0.09879056905101168
0.08962186018043208
0.08433147624656856
0.08319583480648604
0.08448790941764651
0.08510503379227169
0.0834406981434669
0.08011151806204665
0.07615890004817254
0.07258221708143137
0.0695893823259924
0.06662888422597266
0.0647768360167983
0.0666516025766414
0.07258580318497602
0.0811058269691067
0.0909128368556116
0.10122261635993413
0.11039493705473133
0.11655839799785077
0.11873665899746189
0.11718621756688592
0.11453181490325169
0.11420880575217457
0.11606698060989154
0.11763002108092414
0.11738618230970495
0.11559041671567523
0.11274306483970167
0.10895375874925667
0.10363238619556199
0.09773048170402862
0.09336328840109494
0.09139657684788506
0.09165570426343927
0.0938076640330875
0.09712103144068308
0.10107562070352243
0.1052432713541526
0.10949882666597191
0.11328922961647461
0.11474350558352317
0.11237182395186306
0.10609968034867051
0.09715861954195643
0.08791356365515665
0.08080593682062998
0.07905610825748474
0.08298623736267186
0.09111384753501053
0.10019581457895523
0.10591912716496668
0.10644921809554443
0.1041127568696538
0.10136713198695642
0.10160173578997159
0.10765759864625934
0.1187461096610832
0.13008715034261797
0.13653293623317192
0.13473676206544993
0.12638005555944165
0.11730869962325605
0.11213510211941959
0.10978169970912195
0.10658824613143168
0.10148509337056379
0.09705898376504596
0.09571787676107729
0.09738254538714833
0.09981086897885932
0.10070914625399599
0.09922901535848605
0.09495846655643737
0.08935965984843083
0.08516145256475284
0.08358984127844372
0.08433950346076073
0.08555333854717563
0.08643911272555636
0.08865407514631705
0.09329857577132332
0.09924030988546562
0.10546701302592797
0.11048335045043758
0.11386071674259536
0.1166716345655067
0.12006146062047116
0.12379684467101984
0.12674949158289184
0.12613985842542552
0.12109140052944999
0.11487647551879696
0.11029199085026334
0.10611909169309564
0.1005527871453766
0.09313674118520693
0.08646464122382382
0.08223550143614608
0.08071903299025854
0.0816798085463653
0.08463061971549068
0.08925743800164138
0.09405770863032024
0.09723903072321408
0.09770405549131347
0.0948844440281754
0.08929554115643175
0.08424877905632323
0.08219471085495104
0.08268860866268235
0.0846136665146853
0.08672953158125807
0.08819813950501076
0.08907015798909758
0.08938260523965802
0.08923028602357473
0.08916253650811129
0.08917363149344412
0.08931845410568091
0.09032938503439308
0.09175631195981988
0.09277861458158292
0.09399977222124227
0.0967677827833518
0.09986291040422154
0.10139888940091377
0.10186312758998761
0.10264963678380619
0.10491811246676208
0.10866632128655325
0.11239919489092559
0.1146627329101003
0.11593101446892827
0.11655913874422669
0.11757824671083118
0.11860554343858636
0.11859096652553666
0.11663167565697172
0.11101541424145005
0.10189924452041073
0.09154618996250624
0.08330584102411051
0.0796766808638801
0.08073633292749359
0.08503069947479383
0.08938932634299994
0.09146216126793416
0.09151321641858391
0.09007387730205078
0.08683109589375103
0.0834609663827893
0.08288063573809978
0.08559355762954725
0.08988288793844623
0.0941534419120955
0.09664014536306709
0.09650891938922163
0.0953785706492131
0.09492410059031686
0.09509615359928786
0.09583175015107398
0.09604669943714424
0.0947560767010846
0.09305353011227958
0.0933823478686841
0.09659204830123748
0.10160198472441728
0.10700404262692889
0.11116417895848683
0.11303753471260293
0.11240637249994269
0.11029246041351305
0.10828589943062422
0.10783584677735343
0.10954828815667032
0.1127600258895799
0.11639188436741013
0.11913862175263827
0.11930479518545827
0.11648180036609074
0.11057457499396009
0.10309022329776384
0.09814861157955307
0.09881415730782647
0.10413154491642342
0.10943924206070416
0.11084645835870557
0.1082859212842079
0.1050535701116252
0.10384096998566675
0.10392427004888707
0.10199089608979105
0.09601648347455918
0.08939613947867288
0.08619400405818368
0.08829797468014315
0.09447782186154277
0.10185918322264009
0.10691075704067482
0.10846616712048046
0.10746056597049508
0.1054243440391243
0.1032472139597305
0.10184606705253971
0.10226725699004911
0.10433013720464461
0.10691610463912013
0.1096426168765486
0.11357407375293535
0.11905003017073101
0.12582848782696787
0.13247931124076534
0.1363649701261814
0.13614685528028023
0.13231400090780385
0.12590756985397422
0.11766370839326867
0.10877368322463803
0.10183053749630734
0.09785228134562837
0.09603428861077945
0.0944811660872967
0.09188829052576827
0.08711755657375138
0.07989631454650058
0.07191607087006674
0.06669047070177261
0.06630206431753152
0.06971434908914836
0.07451762894714334
0.07863985209570803
0.08170359616691883
0.08327468300153222
0.08346929900723175
0.08374149878992619
0.0850566652477518
0.08768102596132535
0.09110839470994875
0.0931310885202077
0.09267535093002306
0.09158302847225748
0.09264122323134658
0.09631270719023446
0.10120444525843826
0.10514220788638226
0.10754173347328637
0.10992810100935864
0.11292695665264926
0.11681028507501547
0.12064995484646535
0.12334970836831816
0.1257760140008322
0.12788750892378117
0.12793674432819788
0.1251770699992524
0.12207797614994141
0.12139966237761532
0.12207840944848336
0.12214935244663205
0.12031441816145405
0.11511435271310315
0.10647032189007755
0.0971461387793624
0.08975501031660493
0.08555525226873574
0.08366388711439149
0.08291854531345079
0.0838632439536498
0.0867548879316187
0.08872736392402382
0.08746523618111102
0.08340234087653266
0.07778815985182322
0.0729139110423865
0.07189514850545675
0.0762164314065062
0.08358965051761079
0.08946857351411021
0.09128173154978635
0.08919891493834649
0.08527253365249832
0.08145700161924485
0.07812144627599375
0.07576782468990885
0.07551104631621736
0.07765520414741846
0.080294598976217
0.08189128403579223
0.08181528403620297
0.08128355415280783
0.08102323605416373
0.08113149771070359
0.0819012585401906
0.0826373835227202
0.08316553755068909
0.08374547768391463
0.08452794068874556
0.0855149007335004
0.08573318740546756
0.08378823635233604
0.07997484091617289
0.07686187849114702
0.07658909231339354
0.07824272895078874
0.08080021682602707
0.08357276641674208
0.08499366574193999
0.08400610776201986
0.0817880677093543
0.08007518345712948
0.07965539748780799
0.08052197752102762
0.08298087495840131
0.08645201607952316
0.0891158491915954
0.0899773182865083
0.08894152293845757
0.0861155452664991
0.08136578173808924
0.07674863511539563
0.07596808169119934
0.07951159858768092
0.08420844087524205
0.08725559987643616
0.0875600656583328
0.08697940151507229
0.08804266996262602
0.0901325457990006
0.09131518135982197
0.09098442190256133
0.08985894232669288
0.08906819756504863
0.0899464873240642
0.09167089000098316
0.09336332883557631
0.09602818894192404
0.10066854328473003
0.10662956068279139
0.11286216035959244
0.11768623595377507
0.12028047771726356
0.1210516075216441
0.12012301231309432
0.1170478440300258
0.11277439744451175
0.10791295883335406
0.10340850850346904
0.10089858122505373
0.10000643537386987
0.09972897032459238
0.09926862904829152
0.0980215871386293
0.09559762448838699
0.09337189591997778
0.09361607616364977
0.0960621127922448
0.09684037480542507
0.09372862715591533
0.08768227667559922
0.08172784177194418
0.078941381009362
0.07911574714189236
0.07958078625124654
0.07916745016503522
0.077844705512851
0.07517083075983065
0.07116574851054243
0.06826885267635348
0.07004204610772835
0.07756863271867964
0.08897163512137533
0.10183971552863134
0.11356905643998623
0.12111467649467458
0.12301704872452701
0.12142156004459417
0.12022134368801632
0.12168229001112377
0.12674782483978647
0.13260116186137927
0.13533166560092313
0.13278476666154615
0.1255146620092634
0.11633369401484352
0.10894159805191679
0.10582308655537814
0.10516102984540257
0.10449705616645594
0.10345186940797022
0.1026876379668395
0.10325987578809397
0.10584458172926875
0.10952763557203682
0.1128480796591551
0.11366843516632402
0.11059878647516296
0.10509804639776946
0.10023822311748908
0.09949848349408516
0.10351542360601797
0.11039393952045291
0.11700928534079812
0.11979099924567962
0.11792176299572046
0.11300171424519534
0.10644421211807631
0.09991135092010153
0.09584756227531456
0.09503191522031788
0.09663123994843364
0.09904446023036602
0.0997740518473917
0.09703464803657799
0.09192534421264509
0.08733659382455747
0.08443586607741826
0.08318804875482877
0.08603435309596585
0.09460903613074191
0.10636526352883455
0.1166660326560257
0.12234599998050831
0.12445720279435399
0.12572132209527181
0.12646648687820167
0.12658444643855699
0.12798201848402874
0.13038765423427046
0.13154843949208725
0.13045307125569583
0.12722566445832725
0.1235142294980556
0.12051992236512665
0.11793638835007945
0.11379499756777883
0.10708968167628377
0.09884362994197521
0.09177410609230956
0.08759768877815179
0.08622450937128777
0.08659564932962184
0.08826934377576295
0.09119007747479915
0.09510600924419099
0.09877101554894357
0.09938213150671484
0.0962998655287615
0.09113217381231482
0.08586891777811487
0.08151198768591855
0.07816931962025567
0.07618723999186656
0.07643940346065178
0.07998916967125849
0.08661617750929511
0.09390353669313369
0.09864447996336885
0.10040675291424139
0.10095671495780364
0.10182954636214259
0.1044548401274649
0.11043224762863561
0.11958269162393285
0.1282863706666403
0.13294605898527403
0.13327732904380377
0.13229785843821168
0.1330409544598842
0.13576698192108544
0.13946122466084712
0.14287065193067047
0.1455073747678
0.1474913761200294
0.1488830145734961
0.14875720097438414
0.1441264411975214
0.13488765148452392
0.12370130744581373
0.11483761043273283
0.11041105277431365
0.10952244618771653
0.1105157369170907
0.11283361537014926
0.11653084989069223
0.11950942855803384
0.11920257524704286
0.114738722070284
0.10761469440952069
0.1008245894263996
0.0964064961310481
0.09458181037773992
0.09504456992426812
0.09766947996227095
0.10076193987467101
0.10156049757470936
0.10009970829226339
0.09845140752706509
0.09846147449710049
0.10089536630787552
0.10483702196869432
0.10916582058645113
0.11321252688104212
0.11574074493360459
0.11680501316638993
0.11692973565056003
0.11667730576739051
0.1178161620908288
0.12153876284291099
0.12788991967324348
0.13580208507367836
0.14626749404603306
0.1607468698475783
0.17683835883188562
0.18781454510268022
0.18878725143155847
0.18055948095804567
0.16769854636000486
0.1559027377467622
0.14757126844079596
0.14128525844297354
0.1377723872188209
0.13619303980703668
0.13445573154239937
0.1323767559208156
0.13150025078880614
0.13018491470610263
0.12662155900513417
0.11944553803862032
0.10993020990539555
0.10173249350853372
0.09602337702759534
0.09311388601355554
0.09393815939208973
0.09694901768758013
0.09933520657948718
0.10002768021628791
0.1005166313650149
0.1032027487307674
0.10819800998651787
0.11340995584563263
0.11672945011449537
0.11728222115394833
0.11587824749604778
0.11463868832206885
0.11407681420842672
0.1118703401724361
0.1069749614763718
0.10158265924712587
0.09849610338269285
0.09832405465037503
0.10082848970896716
0.1044582748889495
0.10710416308017019
0.10715007302132323
0.10473799540400837
0.1017500461180498
0.09878741124829002
0.09709448322567155
0.09871356684370607
0.10487992720157062
0.11345520844133522
0.12096012745043885
0.1239963362439724
0.12135546415705022
0.11511351404624279
0.1087768747786534
0.10364826349106368
0.0988973830519027
0.09404008353561313
0.08964744420450593
0.08653671597274919
0.08627710065213372
0.09084707115172108
0.09947931881882892
0.10743824717100105
0.109887235256205
0.10578193417343879
0.09873832423432431
0.09451813358308353
0.09560484711055735
0.10099554717196935
0.10730523279347084
0.11075403990260381
0.10959038967426846
0.10643914745653281
0.10508242264899535
0.10643705606742568
0.10840161561278965
0.10816306999444968
0.10505040624429017
0.10035216107128778
0.09496709229395837
0.08959988256204181
0.08564509400533725
0.08315260200157006
0.08164250456842129
0.08134917456995325
0.08442393376060302
0.09007953130966301
0.0954805524039544
0.09828213643447962
0.09766905250846039
0.09531595603432785
0.09370070222291937
0.09418124426139293
0.09627010386454445
0.09877937691834247
0.10091667305564582
0.10351382227213184
0.10683206320117183
0.10984695835510275
0.11200618040312636
0.11524366185691066
0.11920746364628802
0.11987320983913823
0.11388073233606903
0.10274642112430764
0.09145658058511924
0.08566147579601127
0.0864322547380329
0.08811865798152854
0.08505329737871453
0.07688410285321733
0.06684195569749703
0.05853665644839601
0.05541134661311947
0.0589335682926072
0.06685540270873068
0.07620539904794785
0.0849924698761246
0.09138344870943185
0.09385540521404757
0.09289987394155481
0.0913656322874472
0.09153059788576556
0.09446539212829586
0.09945394811942103
0.10468472562546999
0.10957846311171243
0.113622723806982
0.1160905529878173
0.11770471100354017
0.11833600566371112
0.11773395858884854
0.11529274536729567
0.11154054422539118
0.10785535399463692
0.10514067061929858
0.10410325524262888
0.10390680083350333
0.10312865283616011
0.10203337549142293
0.10096268384556047
0.10050039588094098
0.10107968658843254
0.10082161779117157
0.09803637229650254
0.09454229197805819
0.09186908303077918
0.09054283985761583
0.09099692072161931
0.09232227246915088
0.09340971115856725
0.09388593498528136
0.0933953252436187
0.09076552402710898
0.08640573283285452
0.0820311842609355
0.07959094221622681
0.08082116675615499
0.08574464309116413
0.09278555071977962
0.0994878662616707
0.10306076567854058
0.10181211437391952
0.09732413983802256
0.09256604360656881
0.09002352199714682
0.08938611489606692
0.088584839932504
0.08682735228320496
0.08497162046448473
0.08355560641530368
0.0818066424284174
0.07924280531637198
0.07680172216313774
0.07395038132683718
0.070620927278538
0.06894682132529019
0.07080337892678829
0.07720861943166805
0.08747376532807599
0.0980079665473958
0.10579004437893394
0.11041786022853499
0.11221520262744701
0.11132596869160666
0.10875726620963551
0.1063855834209349
0.10510885583533806
0.10509445420530947
0.10690004755950135
0.11165402400045453
0.11827996985393141
0.12297543408426537
0.12293914875919193
0.1193830730109424
0.11518397056881854
0.11293774695013457
0.11228711813909222
0.1118271587621063
0.10997923757457054
0.10709179962204646
0.10395269314842323
0.10215044280370583
0.10318053198841014
0.10610874109171309
0.10807214501803279
0.10744702563972246
0.10359810469828958
0.09717345679837215
0.08943733076291001
0.08178382767676874
0.07640578595995585
0.07522323791453513
0.0789892167419722
0.08599873363447703
0.09360822695266921
0.09943919422482562
0.10284705413899521
0.10375480274100193
0.1021022349413989
0.09910206793577397
0.09604808922358306
0.09229487198460104
0.0878729635366137
0.08594212876279955
0.08748794577576013
0.09000369421732748
0.09172133965893746
0.09263613236314341
0.0928914320636527
0.09209647125439742
0.09020136792150167
0.08831092383980374
0.0886232404304876
0.09224874011915603
0.09883601632956138
0.10465236944800003
0.1064808850735835
0.10544361797788197
0.10369021917548697
0.10156117155174568
0.0980324986212379
0.09427073429028245
0.09243555951804723
0.0943882090636245
0.10071426185723616
0.10868543749556603
0.11311978208935969
0.11145030373954395
0.10444840378514927
0.09400535201831188
0.082822288384227
0.07385977522912529
0.06990040417620111
0.07170838883709915
0.07746937534080092
0.08412884979804319
0.08906199876813368
0.09144253425299914
0.09122333072171103
0.08896201196878305
0.08609066579048921
0.08317081180299706
0.08095671130279503
0.08028152044867885
0.08320887757498008
0.0886718933355029
0.09282402193896093
0.09412237376467678
0.09155061460525979
0.08444833494788084
0.07583200581140291
0.06932453279384726
0.06559093089397788
0.06384699269694236
0.06345145234990678
0.06398156245025038
0.06539679671752713
0.06785202292012947
0.07175824915542012
0.07742404745109979
0.08336613678451976
0.08815195882362152
0.0917734736291839
0.09402954590528706
0.09491974773007919
0.09476648629300187
0.0943460710652126
0.09475160995518671
0.0954319589709692
0.09460276926344723
0.09154064541840709
0.08680520971544425
0.08080116781674908
0.07335595927198553
0.06508682702607882
0.05791946429174367
0.0539213851024989
0.052143935387480106
0.0505510775737583
0.050760936751204834
0.054987295762004534
0.06293485710462685
0.07116162104965375
0.07638171989101956
0.07714373367153037
0.07574106824340837
0.0762405454664142
0.08026741353386403
0.08610618857097466
0.09118153736639781
0.0937941522232019
0.09338969518242875
0.09060430879876522
0.0865075137120551
0.08258553314080308
0.08021935901482283
0.07986714232959072
0.08177156391618265
0.08490346644656939
0.08689464384818166
0.08662568459912598
0.08542116586534355
0.08445303225524851
0.08308237777883726
0.08089744840934644
0.07939308962140972
0.07992315385700755
0.08144412814929736
0.0828014203495699
0.08501281091636362
0.08828183077450077
0.09200445509493496
0.09598214762100007
0.09954722425030914
0.10039651986639364
0.09717424323328945
0.09208874342952199
0.08773083004136203
0.08342401418183658
0.07727347038992934
0.06949891660161794
0.06261453688402321
0.05847511274509543
0.05630577350063048
0.055524676345511406
0.05583231450720786
0.05654933136489388
0.05623627034785263
0.05455727887574052
0.052271022897876405
0.05187376870375887
0.05695693022535767
0.06891548243273171
0.08473895125131177
0.09923465450642263
0.10801922387615287
0.10991284987868692
0.10679271019726214
0.1022743803040472
0.09996802316516226
0.10074800184755665
0.10207217592318231
0.10234112128419383
0.10084424127114239
0.09707784235300224
0.09059027382610038
0.08265308322610797
0.0748669448297719
0.06880430906245484
0.06636836590336796
0.068531156789775
0.0724686559196158
0.07501320506953973
0.07525075078285492
0.07314660511613988
0.06945022514060979
0.06605853922098323
0.0655526600037326
0.07029831231570878
0.0794205486201756
0.08803163614113996
0.09214460935473003
0.09162471103837945
0.08892830918413672
0.08794653323214392
0.0908066247469575
0.09640363231419748
0.10188016568222506
0.10474635174689038
0.10590363717945762
0.1062012800398967
0.10658618424579093
0.10810440552523716
0.10985130605065624
0.10930121555618202
0.1054764041803762
0.09906529688932043
0.09213094552205463
0.08770825068485472
0.08616729294691834
0.0852038160807223
0.0823594989461223
0.07804069561408865
0.0746797258742171
0.07408562960170273
0.07733611700232298
0.08463585612297764
0.09326183566273298
0.09913506184860145
0.10225543733198672
0.10526586090036577
0.10925878629156259
0.11256944042813419
0.11218612768938649
0.1075899276088381
0.10152815096390318
0.09494945223673584
0.08769405379211222
0.0802686484061156
0.07349319995217322
0.06804913445808781
0.06302252501681227
0.05783231507492225
0.053760231624633205
0.05219604029254781
0.05314990517035793
0.0560576115920994
0.060674265252348814
0.06685002738847674
0.0746091277411091
0.08410401016301917
0.0944429370575621
0.10393817201759686
0.11082716371026352
0.11480968911691729
0.11645033280798914
0.11757016066851693
0.11873676454903245
0.1197060955590148
0.12016267139164288
0.12017887081935189
0.1191893754470448
0.11581746971783116
0.10976362430192252
0.10214933555742897
0.09484142328879205
0.0886262464266644
0.08460825228551849
0.08228782298693527
0.08154879698652631
0.08243482882748386
0.08348930669966972
0.08343530778191471
0.08354838278274952
0.085906347097271
0.08982371142517559
0.09477134681019707
0.10170066443439743
0.10953683163701518
0.11630568798685205
0.12152691734593533
0.12497825103593621
0.1266749395764392
0.12680798516911818
0.12540094049453263
0.12270188635237071
0.1189344723372912
0.11490018342527268
0.1101767290187096
0.10447361399141537
0.09870296484130049
0.09330668916069827
0.08799046458804471
0.08470562969544314
0.08596478133118401
0.0913926364283122
0.09781536830705458
0.10466635829175042
0.11296624232678204
0.12079188295747342
0.12661013074653607
0.12923893926051286
0.1294336296806365
0.1277913435082769
0.12596866999815973
0.12659239130876665
0.13010627889044352
0.1334203848652168
0.13511095635060788
0.1333867184855378
0.128886605763644
0.12246157119307614
0.11368633566165849
0.10304546441611272
0.09227747893490319
0.0825566527963602
0.07538849464554989
0.07248378502959764
0.07349837455739651
0.07601604302577224
0.07779598439016928
0.07792113260439977
0.07701097710289453
0.07645627142262641
0.07625362199611885
0.07599856287693872
0.07676278362303245
0.07924942243211777
0.08240569691007675
0.0855114902096695
0.08829743658512709
0.0912643262731714
0.09516428224843525
0.09872097370943617
0.10092514234436581
0.10101904276828408
0.09916681567669845
0.09733397493504531
0.09641414740612214
0.09585432120727143
0.09595647613586793
0.09792696481094065
0.10050092751384233
0.10074676471995915
0.09854630809124318
0.09592120327799546
0.09431896092378485
0.09565560652192084
0.10024872780909569
0.10528590786764595
0.10920236346546397
0.11387417695366635
0.12000483619845899
0.12567022756261043
0.12956175710473766
0.1317847547811251
0.13180794248316302
0.12844806962931482
0.1218598290377496
0.11456996328890984
0.11103242475724918
0.11232435726131895
0.11477224701825442
0.11354158477828102
0.10694527507058035
0.09667656721774252
0.08558353939600373
0.07622828929702474
0.0702366734704009
0.068394906951776
0.070543064164802
0.07589833611251355
0.08277208774231218
0.08732621405312488
0.0871917085657901
0.08382262479145386
0.07965260514943037
0.07600070228550514
0.07495338742836093
0.07848446379638536
0.0864378214619157
0.09610473129514047
0.10567944286531601
0.11434496633464719
0.12076609024036752
0.1228484992983126
0.12160585570766258
0.11993852385364619
0.11962443930641163
0.12078743121425824
0.12181435003692127
0.12173055050272882
0.12016444849150922
0.11843285430096563
0.11891054436024358
0.12218747952143508
0.12621375593211867
0.12883374827240382
0.13027886322486462
0.13046941590578778
0.12876345029697067
0.12498750765183728
0.11930251846547808
0.11306958414131381
0.10872390610731418
0.10754938742398586
0.10819964681999758
0.1084161720494857
0.10767214855393505
0.10809946409260929
0.10979577946859766
0.1099552191752542
0.10661521085283254
0.09999306837816346
0.09106777724497693
0.08327043133919163
0.07942374635606002
0.07722395037326556
0.07333384528999014
0.06816959254711244
0.06339346626062402
0.05989223888190148
0.05848937353319231
0.059625077187544666
0.06285804312615871
0.06642329911897944
0.06863948900586284
0.06846745420049094
0.06739889141684081
0.06824505116865569
0.07342346189044781
0.0817139980691325
0.08973006512957402
0.09419459633780436
0.09531089578245294
0.095331462678799
0.09583751856786217
0.09831120022906348
0.10337424524544717
0.10899912699911252
0.11252428623785901
0.11280811214686597
0.11214967594786575
0.11345385486950992
0.11650802622064646
0.11930225320586427
0.12098882463347052
0.12163057278285552
0.12248824414295309
0.124964184696435
0.1299619184336132
0.1351406071272393
0.13681432606513155
0.13270439663453193
0.12432995128542278
0.11550365320269676
0.10972194294154915
0.10584663119154498
0.10132214828634409
0.09464369539434618
0.0866263400219171
0.07837895832380502
0.07071384933067626
0.0647863742210563
0.06175336793148432
0.06155750105437951
0.06371571114535926
0.0669993921255629
0.0698559758481118
0.07176060168565829
0.07264762801608331
0.07240442272325393
0.0717434845107381
0.07153230677671545
0.07149192214919613
0.07252696903053019
0.0770386246073425
0.0837771927433592
0.08979314947575165
0.09455924380326412
0.09792618699800677
0.1006011352590456
0.10272956516300677
0.10388008966935997
0.10442161910358246
0.10652388395394267
0.11202325641014661
0.12105074625589334
0.13135571031671986
0.14021137568037342
0.14543368305811522
0.1455200729133911
0.14148202391328188
0.1348393278139765
0.12674119989691054
0.11785614996125904
0.11062054619186441
0.1077856032460692
0.10865486302121971
0.11028679135406833
0.10883933043411305
0.1025062687085903
0.0928828066533342
0.08332505239896565
0.0777877098983819
0.07775365970642213
0.08021778797403467
0.08096450287985617
0.07895722739165954
0.07582566645036942
0.07320206231922494
0.07303856481426067
0.07622685415663412
0.0817119438134313
0.08628491379296283
0.08693858743191919
0.0840126622947424
0.07921884363937448
0.0762383866146688
0.07665632939322906
0.07867031894756109
0.08159073940667658
0.08537230638500319
0.08898346955560683
0.0925813301324206
0.09692527491998189
0.10137191833039057
0.10483905276793858
0.10687916530535868
0.10722551817788673
0.10365687431749347
0.0963812064772804
0.08856054125601384
0.08284117352641064
0.07911724068562576
0.07800928049110162
0.07953976044806255
0.08167436929246821
0.0830949009306557
0.08363729336974854
0.08149687572544344
0.07656566955551697
0.07161209874643854
0.06885285535076108
0.0675299353468395
0.06729151795114348
0.06829935954343082
0.07034036800141344
0.0719154894407393
0.07239224581009347
0.07160438019313725
0.07074240941536188
0.06961682068386117
0.0678613197293456
0.06602045093348333
0.06470601370030983
0.06376598806792402
0.06442027967306073
0.06765159869863951
0.07231612173100625
0.07627925225711711
0.07958960532078735
0.08234703707387107
0.08392341702819621
0.08411205098146553
0.08475992395243145
0.08827319124223344
0.09478181212579338
0.10120264041231396
0.10504726191388726
0.10494242371180985
0.10009732112098034
0.09176406201167996
0.0839919960350089
0.07893663953226002
0.07769732606749147
0.07980750109041795
0.08309945804619293
0.08482427865983223
0.083427115524788
0.08046267038681712
0.07772333166264149
0.07601731648364958
0.07609389379172891
0.07728795984674078
0.0769084835782936
0.07439661634107601
0.07192935513181464
0.06998076424849548
0.06837596730024582
0.06802524136354086
0.0700138916819889
0.0736045817430528
0.0759987440493894
0.07535346868991709
0.07388544149811786
0.07319066608465309
0.07350949836211919
0.07511200899177542
0.07741336720859185
0.07926866072508626
0.0801176320886165
0.07983841701999421
0.07895604506398193
0.07795500755059759
0.07652417479868825
0.07350421701000186
0.06872586130345162
0.06386847077541498
0.06178232301310696
0.06328135756651583
0.06595710966659273
0.06731333058613284
0.06609943807445845
0.06358546981482031
0.06309951937117698
0.06622841797673318
0.07139114493633052
0.07678958515050856
0.08135868147457259
0.08516952270150951
0.08807949816466414
0.0885385490377659
0.08510392645255754
0.07942885818472747
0.07485453012051506
0.0723652653042755
0.07146411802457671
0.071340889606196
0.07098072748929389
0.06956803955257944
0.06715311787469695
0.06530699656384857
0.0657369173175426
0.0678427865326072
0.07003977132630756
0.07169423914378928
0.07278533279292208
0.07313348246555085
0.07238548669549115
0.0708507258483115
0.06848959826987663
0.06614035934465735
0.0644499185731185
0.0629711955975693
0.06110911072136839
0.05898420557538667
0.05801329944334518
0.0590412051703273
0.061965573199764125
0.0666515945185682
0.07256949170870636
0.0779231615052808
0.08236148377796114
0.08661936437160918
0.08955889989714581
0.08813319793495815
0.08328556024987385
0.07988233133524006
0.07993592730400133
0.08268860680642712
0.08758840691211227
0.09361956434416699
0.09826219689342089
0.10062102266622222
0.1019174949238522
0.10174740043445461
0.09924374740596058
0.09574154378457674
0.09327558296160549
0.09294320184797722
0.09416282898189329
0.09511244802160983
0.09494445992156238
0.09442813685153884
0.09407122257623457
0.09460363447648545
0.09536352555421632
0.0947365272772374
0.09340575027105137
0.09344541691224464
0.09468739685720028
0.0949028785295575
0.09284723812040153
0.08863820979275759
0.08227665534947752
0.07568636977894967
0.07104689454312679
0.06830249631454016
0.06703635281264315
0.06625460744372476
0.06547519744498227
0.06407925395950659
0.061805888826647275
0.06053352106998537
0.06240520425013869
0.0677290629564815
0.07477907220201853
0.08156089085360953
0.08655334594120775
0.08934036356443231
0.09009902478590502
0.08916574823011364
0.0876998657807718
0.08587986975606363
0.08276213635151564
0.07838612526362033
0.07440336590777835
0.07210614265916378
0.07125133756351547
0.07117229471448384
0.07168579955446276
0.07165493061341602
0.06922868454032072
0.06463289923018202
0.059382907910734646
0.0559605137104429
0.05643218863369569
0.06155102154082336
0.06982296667058455
0.07834213286750236
0.08513379845412218
0.09005517005248323
0.09306988803119752
0.09413644232180417
0.09330407755712317
0.09041757254987766
0.0847704465354895
0.07739899361037456
0.07121830109938958
0.06760528295321754
0.06555562728887267
0.06457721762711457
0.06558670939532796
0.06876507388816332
0.07245498150346745
0.07398312782375774
0.0728962718318214
0.07086324802436125
0.06941560679718997
0.07045008624151552
0.07373099991534351
0.07880864717587086
0.08512441153738202
0.09033779956086006
0.09166803381336058
0.09000353780052313
0.08760136584060835
0.086363935043295
0.08598999525830812
0.08536408317629633
0.08410603748033166
0.0823824289165797
0.08085358312066433
0.08050319918147314
0.08069405277722277
0.08094387756575788
0.08070689984485849
0.07878782977065613
0.07677193977153624
0.07787958541452841
0.08075840594630695
0.0820820541549115
0.0813404444813724
0.07927202972263817
0.07657450778541332
0.07392567111103822
0.07293205708252916
0.07416942361576237
0.0766821961732998
0.07885061596139409
0.08085933801022399
0.0837980183024673
0.0873515429144424
0.09076760218243202
0.09297127585735505
0.09263041376171394
0.09030742462659071
0.08792774379361301
0.08643725221505318
0.08622031049570217
0.08833052914855746
0.09205337466434768
0.09526475089214298
0.0981717942707329
0.10064614683174851
0.10140687354155262
0.1008244641873532
0.10130414889895512
0.10449705272516659
0.1093803938319791
0.1139954491159716
0.11675496503091401
0.11774683364026983
0.11828842443289829
0.11888301519841663
0.11884204505803098
0.11743270239741035
0.1155771634986663
0.11480675019029632
0.11491496636229034
0.11422604595498947
0.1115422621871045
0.10751421215424324
0.10383722760602569
0.10178071939197879
0.10167649416890485
0.10237956833760273
0.10272928002647072
0.10195905356068463
0.10020796205199789
0.09827042089284133
0.09835474568139319
0.09999520507601016
0.10062341323552516
0.09695637999787125
0.09020243601598374
0.08485141782597468
0.08402925804135104
0.08737621093384311
0.0919102038763191
0.09399209342685082
0.09116698606874782
0.08340385719939036
0.07363202305453503
0.06668082632932384
0.06570532314143461
0.06975172508854112
0.07619788220285652
0.08257429398229514
0.08716834223684673
0.08872810090837885
0.08727972255958408
0.08488959194414904
0.08444307062453696
0.08755073445189009
0.09314319847821653
0.09955641326874981
0.10619314880473953
0.11198950233352514
0.11578694365476132
0.11674718180034113
0.11599352009217662
0.11548248896728061
0.1149114486467145
0.11260729112991646
0.10835502545860838
0.10436069723636235
0.10285397406580656
0.10267674174618822
0.10280911275593416
0.10335612478701019
0.10426574977086843
0.10361134070347007
0.09864750158137334
0.0893961884103037
0.07926085618017362
0.0723418378526809
0.06921741363725777
0.06896145102832592
0.07035421265727462
0.07094888894116734
0.06913742938953736
0.06500660644488443
0.06043665112862398
0.0575999886520556
0.0574719298383726
0.060752878451607116
0.066893080257737
0.07386826428463063
0.08058897230939824
0.0874694664984876
0.09513539076972453
0.10249100845912834
0.10703747748775273
0.10748941090621486
0.10458166344660749
0.10165319828003197
0.10322357221946465
0.1085394695808542
0.11303138464973789
0.11448871217075253
0.11281968674931454
0.10935900755195407
0.10678405462943769
0.10774060962938727
0.11157043679234145
0.11529457837310096
0.11684221863020743
0.11601366353989702
0.1139178623408498
0.110912407525054
0.10775796500824157
0.10457521462857966
0.10254378966744927
0.1032830820778588
0.1057967776226074
0.10708074889524885
0.10510040078308797
0.10124672427248427
0.09769165351883244
0.09570434466682834
0.09561735652179346
0.09674249688902485
0.09872183781907483
0.09971859127957058
0.09885200505520071
0.09704565137443781
0.0950875377904058
0.09363675199902367
0.0919677571982394
0.08898061830883248
0.08478733191285975
0.08069878375692638
0.07881867140892013
0.08045822532026556
0.08554992522263999
0.09192459254710555
0.09389243436367205
0.08951247611632543
0.08255964098916393
0.07665436363944961
0.07156905500913047
0.06762103052898089
0.06620228164655652
0.0658670158524365
0.06432203353844068
0.06064863257668699
0.054922215723228654
0.048273361772492016
0.04443487677134194
0.04671633695198523
0.05458067292785737
0.06497747523532432
0.07474576558222647
0.08221848675640779
0.0872376269029598
0.08915695542681756
0.08717748823255539
0.08210539028544128
0.07677191287849625
0.07254519315686243
0.0704924462562369
0.07050201832472275
0.07138587242204202
0.07165457299869667
0.07048757738303214
0.0670269604975534
0.06168584977766245
0.056782340337251734
0.054763022177292155
0.05533143363266173
0.0574222905191431
0.06044966627678543
0.06411135958515553
0.06843462617038694
0.07298276797785695
0.07452102569098709
0.07203623394225696
0.07007152445407878
0.07243598279051663
0.07949228081620674
0.08767117526371972
0.09294935653894296
0.09299612741738567
0.08771066619202735
0.08023035061174844
0.07474359882097086
0.07324550450870848
0.074739506713893
0.07788545779456035
0.08133203833708051
0.083810665398494
0.08572250014208423
0.08719164813753323
0.08822629305625936
0.08956920048186638
0.09122874963486625
0.09102414419549452
0.08697389366582634
0.08007593121648954
0.07256718248191887
0.06772227442504823
0.06852985094221443
0.07403987092839728
0.08002185558835692
0.08361195158485123
0.08431985030588807
0.08233480164168099
0.07797020080782194
0.07287501646654004
0.06938244746811167
0.06896573102109817
0.07232377052344433
0.08024499670888965
0.09089289269843029
0.10051410397779396
0.10500560766466314
0.10271023037613039
0.09578492837515275
0.08749279991362896
0.07990803336401518
0.07433533163078639
0.07159614983349717
0.07062261655541864
0.07122383283201647
0.07457786016447689
0.07923058138824318
0.08247120666737323
0.08174529646568651
0.07745686065644153
0.0726531172550809
0.07100779952894483
0.07332998179128308
0.07720848059965345
0.07906927130420266
0.07802040264067604
0.0749930167452694
0.07122790282231783
0.06894614101525146
0.06952365997135232
0.07255476014694663
0.07589709442242872
0.0772922321709725
0.07570445619911755
0.0729732793384386
0.07081841071365702
0.06949549947715015
0.06977500477101359
0.07191247334772628
0.07583196829241873
0.08062764753369818
0.0848504301894822
0.0874528225982379
0.08903105924557587
0.0917332164697838
0.09588345366822312
0.10150215545202504
0.10916780025136934
0.11891684228542519
0.1301185686444463
0.1415603493786612
0.15064067354566862
0.15620306102332424
0.15908522185402654
0.16089311205402887
0.16069292443944155
0.1558327401782597
0.14496336646301078
0.12943893251016525
0.11420082331271401
0.10423854458774755
0.10134871990982318
0.10323013586958313
0.10540136200880759
0.10571990836643945
0.10459666867224869
0.10227994984351652
0.0994731942268085
0.09674649019178141
0.09424167592317176
0.09226683244065202
0.09089741513070797
0.09038692088455538
0.09146612705583894
0.09529216184164728
0.10116328818138519
0.10516608961126335
0.10562943752039826
0.10386251582801793
0.10026571617035171
0.094505079420377
0.08823806992017959
0.084272442561099
0.0841723009440102
0.0872142402053822
0.09088527273922166
0.09282238583847288
0.0919432557271372
0.08833944430622447
0.08245686831289918
0.07624258383311676
0.07179117412953304
0.06966836268194793
0.06907024650295741
0.0693087746115499
0.07101951874756336
0.07324246052734572
0.07515323958122848
0.07585843456467935
0.07577415610394665
0.07582062859001656
0.07669672088438513
0.0774181031600087
0.07690967438531585
0.07511243147878052
0.0720697389451058
0.06911363276336362
0.0680090448989338
0.06836440914644189
0.06884586133768648
0.07036074558082313
0.0726900748105824
0.07447797104171604
0.07480014067408661
0.0730443893725475
0.07056815794004845
0.06951525223551117
0.07028170799448
0.07224904475622507
0.0738548955594122
0.07297095316649962
0.06933545654418558
0.06473209807587513
0.060532694230133716
0.057670650580390254
0.05749903463621765
0.05904864865209067
0.0608537054300664
0.0627501701175629
0.06487494190585218
0.06740356561273426
0.0710268877319701
0.07467540162916006
0.07679899073414716
0.07864638303442892
0.08205371392372722
0.08722142481100204
0.09427057191855046
0.10135953837687686
0.10536234102075558
0.10556931429280218
0.10337094266860249
0.10167153133016427
0.10163878438285531
0.10118511211717449
0.09813933103424748
0.0911021836432415
0.08094145280039916
0.07062681990823012
0.06216962050183943
0.05598671835429141
0.05383727932337544
0.056219007327962894
0.06099658117564758
0.06605624067992164
0.07014984736308486
0.07187604321000089
0.07067430059351174
0.06802925779847002
0.06500033586639378
0.06273699242305393
0.06158598783064335
0.06117992706778424
0.06169023075796671
0.06350096089450391
0.06650598508094081
0.07114072837555616
0.076394829603259
0.07932805694288202
0.07884106940614541
0.07650466471529169
0.07451970844515854
0.07486781367596754
0.07713811436160703
0.07892040234965526
0.07870848679157605
0.07667878912793774
0.07475057552867671
0.07537027157193364
0.08059036510990523
0.09043248628107046
0.10241691735814494
0.11264949154125561
0.11683718403010088
0.11336900853325337
0.10503654255070453
0.0956748715456358
0.08881453371202154
0.08634184532565818
0.08863869122434358
0.09366944354816319
0.09812633526004856
0.09800843051192043
0.09227547696253889
0.08455478483012441
0.07911510976223216
0.07608938921767798
0.0737025875650717
0.07002664534957084
0.0644932469222973
0.05883311282811393
0.05532175708053746
0.055479900532907474
0.06005038322245146
0.06833676914019729
0.07712698882792726
0.08370073217016667
0.08781756315317171
0.09021603273411509
0.09235649495848691
0.0934796275653829
0.09292321350717582
0.09131284070679688
0.09182882747981137
0.09596184757497496
0.10045836449589805
0.10330704006222029
0.10558225801208393
0.10761622509797804
0.10857197327667428
0.10827935792671513
0.10664782641053061
0.1027454933723365
0.09567590842857249
0.08692923802898302
0.08076201372159798
0.07972641189359202
0.0821565580796476
0.08537948118696113
0.0887533560590951
0.09167852385944318
0.09159355069786032
0.08685485526809844
0.07882376045879416
0.07095879022221949
0.06531111829093354
0.06143343274223505
0.05923838626409803
0.058859757344989994
0.057771109411121714
0.054955863534495095
0.05264236157043266
0.053522801067582886
0.05858500008774408
0.0669951387727312
0.07672686263278274
0.08494430038450972
0.09018246853752819
0.09226482928605464
0.09253966135948204
0.09284504790075819
0.09514470740933087
0.09920304341204098
0.10364329753173579
0.10702513036819744
0.1082811256162959
0.10778262155671098
0.10771442298546924
0.10813026750745183
0.10646221746021631
0.10119734837039887
0.09414180762128317
0.08802197405550057
0.0838342359443969
0.08083416516690888
0.07743631399968899
0.07375301002013479
0.07118432419076912
0.0711579381411043
0.0742707112265584
0.07907921225071131
0.08338267255829669
0.08584398163629837
0.08787383013765376
0.09004043132041341
0.09052262115788293
0.0889751140688099
0.08605364786515146
0.0826971874216942
0.08063045889417103
0.07947701726235908
0.07798064408035903
0.07500784341201902
0.0711378836559895
0.06935499837943114
0.07145480157269139
0.07622360311099156
0.08097006571063978
0.08521205416174174
0.08910303336095463
0.09285455390966431
0.09692266361588944
0.1003942189047787
0.10372615180801363
0.10828126615345467
0.1140655193486155
0.11953774077702768
0.12321669205144109
0.12326141613151091
0.11901218923350515
0.11124667173485306
0.10359398014755108
0.09911379515482685
0.0980606516583287
0.09905334489870181
0.099922535920612
0.09734904080445615
0.08996094006600865
0.08152885791460925
0.07679675720234563
0.07640809160047814
0.07840699919609122
0.08002873232235479
0.08000239863562288
0.07944191262985417
0.07861504671836769
0.07733690035325465
0.07551217323341604
0.07397891284816255
0.07392869766632143
0.07505326333568182
0.07608641975970251
0.0765711133504395
0.07718179318399078
0.07881470221201925
0.08270628927703214
0.08932152102368368
0.09640531886964987
0.10137260049638812
0.1038098751725131
0.10569611094381934
0.1081761188823636
0.11069973892604076
0.11261103642036716
0.11367402447871473
0.11558688685114263
0.12068089765086439
0.1279056413701277
0.13397332328571465
0.1380503743211429
0.14057706836302042
0.14184746148891628
0.1432221126714095
0.14563829891164853
0.14719833616160774
0.14547845951699645
0.14124831100790786
0.13593076589999764
0.1298904357146395
0.12277101682258823
0.11344695249858236
0.10318645774162608
0.09508789918437682
0.09102599674864113
0.09030239350380107
0.09117964636412237
0.09259033843209095
0.09397587562239766
0.09438158911169675
0.09259671988332818
0.09110843998027571
0.09256692749330118
0.09627702959222052
0.09827360644742562
0.09686554970210834
0.09264881983327018
0.08763894405635199
0.08381303768359966
0.08323163875620562
0.08542609845559078
0.08773448536705145
0.08824880513581464
0.08817624755926962
0.08908490705094128
0.09177626858082216
0.09433311387926764
0.09578821914705929
0.09764805724002486
0.10111153285003732
0.1063293150579411
0.11289440093001708
0.11996225782283709
0.1273326271709497
0.13467038623906602
0.1397066461941684
0.1412418985188008
0.13988585646280127
0.13672846155773488
0.1325519358067718
0.12823322406647814
0.12285889405843879
0.11490651567657334
0.10514676423285965
0.0953804068327668
0.08745948363156444
0.08361726793771329
0.08376131855351879
0.08451507978026869
0.08227013059400168
0.07680775409185839
0.07084814069828135
0.06685790193080776
0.06542758625948213
0.06685806355365388
0.06965468848051552
0.0719568427524682
0.0734404164400978
0.07614130855226024
0.08029197064423
0.08270743499838766
0.08077125258542474
0.07596865801450818
0.07148854215944066
0.07046344419359274
0.07463791641913797
0.08143217313442103
0.08728564092825754
0.09029770103329236
0.09028601545093273
0.08896244305417587
0.0884386138986463
0.08974944721522966
0.09224173675100888
0.0930842901692893
0.09050801341750422
0.08633285108258645
0.08329895706860616
0.08345846488202996
0.08835823291672155
0.09702660829669736
0.10648376852868639
0.1133040855503041
0.11625197307801459
0.11595232597737046
0.11207317476946316
0.10398147976620838
0.09284636942201425
0.08072428989072981
0.0695370675038962
0.06145517415922809
0.05749640288011455
0.05710247129174966
0.05972984386015448
0.06531495788971525
0.07247948850954816
0.0788016215793085
0.08328862394168748
0.08549326663456554
0.08584421561581634
0.08423773007702463
0.08162334728303362
0.07939272167378177
0.07797542153273752
0.07622201707746667
0.07478327741436863
0.07538396924177684
0.07896059494246592
0.08492004165526922
0.09173129631760794
0.09595671793368743
0.09463081025652173
0.09021066703203985
0.08652130939897368
0.08541404141259827
0.08744567697384456
0.0913357989209472
0.0952988779640071
0.0955852296305309
0.08996579359440338
0.08190415425556874
0.07634510320551553
0.07416541856009988
0.0745054540278188
0.0759623110794729
0.07834417480275194
0.08262258445687683
0.08761373135959877
0.09182382081842538
0.09411396969652915
0.09278019932118539
0.0871311698851107
0.07922575571765962
0.07222521746615715
0.06873309046553654
0.0696899134948386
0.07398660044263256
0.0793505297806725
0.08422751329485664
0.08720714745834954
0.08792536254373544
0.0881549944390295
0.08960806840989696
0.09067549931635142
0.0895277221267028
0.08575762980345526
0.08078551569863458
0.07658294180227476
0.07407949092844093
0.07361696871020663
0.07462102727303957
0.07596049804111175
0.07588868268825412
0.07433096503724518
0.07303195514231633
0.07260232954419486
0.07149537137936363
0.06916758130851765
0.06702898830367443
0.06659663109273736
0.06842541469003909
0.07265707373035453
0.07881283415353522
0.08499882313522833
0.08935508756611144
0.09162796433856654
0.09091459688535095
0.08739373059571787
0.08250607905431245
0.07759834861807462
0.07433943806460923
0.07384980210837423
0.07523089467484105
0.07640886687485962
0.07707590622576521
0.07776616776417768
0.0785923058747583
0.08000011187062206
0.08184845743516443
0.08438400777171028
0.08954484922097744
0.09774286091713247
0.1047883375489843
0.10644657176759674
0.10179954806543033
0.09443356857948167
0.08958296112131911
0.0867161709723153
0.08372489139823802
0.07931550765643866
0.07278314719628072
0.06496370054465624
0.05747379893804734
0.05286070213580025
0.05284210361739765
0.05732698131313367
0.06455178447314226
0.07107463243131766
0.07536453110427713
0.07856695128576635
0.08312698855253979
0.08844295278234748
0.0941523192876014
0.10157561814208863
0.1125836471904001
0.1269894495146364
0.14096649897394725
0.14895157024331654
0.14943684044744196
0.1458908936425631
0.14144331240901503
0.137403628372562
0.13456556095479918
0.1329259361896896
0.1316955765269849
0.12899269111149936
0.12414237171891486
0.1180452760439081
0.11210254791100638
0.10524123877381636
0.09745781873126075
0.08932507802666145
0.08122027873263415
0.07481128706991498
0.0725715597747302
0.07538771632987344
0.08082467786745583
0.08613304549403698
0.08995833215039059
0.09210012863866378
0.09218133536639685
0.089274250296641
0.0838788117589378
0.07726902673926693
0.07178268810761686
0.0700919704695102
0.07184624505216136
0.07597857031068954
0.08205103453796744
0.0887445179145812
0.09467748558685193
0.09927416201208875
0.1030613653310868
0.10609548391911792
0.10796649739073752
0.10908981862193948
0.11080064481995415
0.11313410324556351
0.11544796294629159
0.11595804390878615
0.11442053259667638
0.1120123106000373
0.1097009099201249
0.10858398665119555
0.10986616581285842
0.11264086589953348
0.11407440145177639
0.1119054030605497
0.10559574226634252
0.09664576886703607
0.08814438200374526
0.08204796494150138
0.07815548163491136
0.07454608273413327
0.07026379268663942
0.06731768883859313
0.0671161284659409
0.06876282247704443
0.07150577886000924
0.07541698995286364
0.08011295618080773
0.08426348069072974
0.08660812609617154
0.08650136711080271
0.08426120714042373
0.08258983163873666
0.08455136778559097
0.09146672740866733
0.1021885456851953
0.11256741240045039
0.11812290184086649
0.11934847853412708
0.11810966839025926
0.11400499826484334
0.1082249455059428
0.1032785094241463
0.09970399499325887
0.09649165562201795
0.09352978674492718
0.09154190280058795
0.09008712783369875
0.08999122419576797
0.09237270391629701
0.09657508421601393
0.10155247012186175
0.10595451857746996
0.10881588772006622
0.10969315264935976
0.10930839015396276
0.10861918017465481
0.10697365099176669
0.10339328227499649
0.09825820390903361
0.09218862150992711
0.0857823376844109
0.08138581779470243
0.08143565273921602
0.0849958682445179
0.08849466444365355
0.08821912678702207
0.08391780727017079
0.07930684333972922
0.07827279846571743
0.0810154210802362
0.08471394413706122
0.08834649067186204
0.09276199596582808
0.09762086151769778
0.10168974382581944
0.10409273401033223
0.10578867794769185
0.10746931970754013
0.10999805845807432
0.11423542065629974
0.11974771768582462
0.12545408354957888
0.12899844090842275
0.12880074524786148
0.12586414318769418
0.12216825586800581
0.11848903233765344
0.11578674450156465
0.11399561894507404
0.11331400494793285
0.11455356923711162
0.1181229802854696
0.1225256217327357
0.12639160445670833
0.12876861568825454
0.12918668794068158
0.1269085795354605
0.12178247429607184
0.11394718926766344
0.1057628280667893
0.10122968985835099
0.10126456113158394
0.10326221353189188
0.1043441017776194
0.10166229328614534
0.09383524906101307
0.08321860338054642
0.07243168398515513
0.06444495984067843
0.06142825704750375
0.06185069396558895
0.061762963066662
0.05933611486505041
0.05625747254655456
0.05446038229018404
0.05479648613338696
0.057224180539253766
0.06193424158353493
0.0689026425007842
0.07628686871754031
0.08235982633010323
0.08839909961319488
0.09639266487167487
0.10487734381349653
0.11169136849550398
0.11611611401459948
0.11930652182199404
0.12214514932706855
0.12289282643986692
0.12008688260397442
0.11355788352682479
0.10494875313497952
0.09744051200482667
0.09291975682143559
0.09149711664517063
0.09132576840673996
0.09052935092504868
0.08867155515012348
0.08505457424867123
0.07888627309582774
0.07189422356953816
0.06711288655431112
0.06616601929751581
0.06837404510400492
0.07194470647437387
0.07591090287395624
0.0801305914579782
0.08484858889596888
0.08917025951866897
0.0911721580590408
0.08983796082848165
0.08712792208079492
0.08599960821489396
0.08792727018962328
0.09146413040840916
0.093273553667419
0.0932528977616006
0.09181860931627282
0.08902735482312835
0.08385496557297216
0.07793647761577302
0.07417483640944783
0.07316600154576096
0.07327234879226893
0.073214274365318
0.07382519044017931
0.07573379476311
0.07821183331622829
0.08020547180110069
0.08049837252930576
0.07875690828619598
0.07625234833555265
0.07454107733817247
0.07474973649029479
0.07661856161005375
0.07804964676981224
0.07931948150447592
0.0819923529746862
0.08600071161834032
0.09096482228521076
0.09510357572084654
0.09667125267681506
0.09488916449554931
0.08901496835164277
0.0801618372383046
0.07302443346473675
0.0716938553182998
0.07508641588715274
0.08034235903149695
0.08477440924766812
0.08589989749759802
0.08275171748709667
0.07741720710110105
0.07221723881664244
0.06982797922018096
0.07180609633002354
0.07839958375511767
0.08622766427288728
0.08946911269246102
0.08642197176555613
0.07977152064258629
0.07342212335463295
0.06980357848181971
0.06851140476918936
0.06730874316666444
0.06454066490893323
0.061637683182603216
0.06008606751017259
0.060534676007278194
0.06234268712210872
0.06445373603653644
0.06577636578103004
0.06574416322582574
0.06556339283708112
0.0675656683188899
0.07239759755221782
0.0791742712745509
0.08714822808723093
0.09478467401314518
0.10119006487558083
0.10445028861232133
0.10497743924729226
0.10481105429157467
0.10319136955178854
0.09885739866407349
0.09259840495626603
0.08707366665388351
0.08433758460160233
0.08349932574007239
0.08333417998234156
0.0833108708418176
0.08362195813688175
0.08411576142190905
0.08449094141202684
0.08326252813099158
0.07971432358142165
0.07510992946551703
0.07125990003403283
0.06914980311062799
0.068876865719742
0.0710705169118107
0.07455112252135104
0.07706687036802777
0.07718274740505528
0.07678985588676264
0.07790256226002387
0.08042705324322573
0.08252771963549059
0.0825719262917981
0.08005188998101602
0.07526292914291814
0.0697936402020355
0.06578396609215133
0.06496540569138501
0.06534496836993132
0.06399543960666013
0.060821203073206154
0.058642040513249415
0.06008429462815445
0.06468742695973471
0.0702533136064333
0.0758780068000641
0.08280761043224036
0.09118863833401325
0.09924630613495411
0.10420950925883202
0.10524476617929802
0.10423126723062141
0.10415231754045148
0.10524957557326774
0.10547117722512242
0.10348100019149219
0.09873020135970748
0.09233020673177084
0.08633405895398719
0.08349080086443247
0.08571751204906657
0.09178474955164546
0.09863697541554463
0.10417099824331288
0.10739482860728568
0.10815526396663128
0.10782046806802627
0.10762772250640792
0.10789359365447504
0.10950647215291709
0.11368028481033489
0.11906217280471225
0.12254587119392706
0.12195872653714378
0.11798685788746481
0.11292376378343152
0.10937814508417067
0.1069303093155892
0.1038079716332402
0.09864411100361425
0.09259151364625197
0.08642233078505406
0.07965339370542839
0.07202841472722257
0.06442050772121145
0.05785935641672011
0.05285945417754819
0.05038509045619453
0.051486634061296895
0.05673365267655632
0.06479011078093926
0.07232216452015548
0.07738465290279885
0.08205558160920637
0.08929329979045555
0.10071420295806402
0.11524158331267442
0.12982483126407435
0.14162574863754276
0.15050559817639783
0.15600232823524632
0.1580078351099332
0.15756339535340816
0.15562740529541802
0.1526605389036602
0.14776254061159522
0.13940478201016512
0.12907520117194424
0.11943353200572206
0.11181589948839547
0.10548619833455926
0.09907888873556575
0.0913081030891743
0.08167694424707922
0.07179828602261633
0.06548362591768758
0.06505568196992355
0.0695410815361227
0.07568722386981883
0.08083152560886164
0.08377639411459127
0.0853427617793551
0.08805065518945487
0.09212748934418286
0.0976890707697662
0.10434336945442176
0.10919618065562835
0.10926255069437524
0.10351755568321742
0.09548145419277451
0.08996873410049919
0.08765521981782551
0.0874820082216493
0.08997704890661708
0.09430658048173958
0.09798956492698865
0.09985062905621407
0.09902376496044357
0.09464941424037893
0.08854088660023651
0.08272887825119316
0.07801580213013291
0.0744661876557564
0.07344558651871654
0.07600977794633376
0.08052528358714431
0.08426224766544724
0.0863805674056784
0.08844811178610434
0.09167892161427724
0.09468353561514502
0.09493333091665734
0.09222252045961425
0.08831064720981355
0.08465313742675037
0.08093844275188415
0.0766736813199407
0.07325664256336474
0.0722380185204771
0.07338888374701465
0.07584061556314213
0.07760010714062571
0.07634686219881379
0.07227412455493498
0.06704334551356901
0.06323624823123798
0.06374183308327575
0.06721169951908951
0.06935365499373983
0.06904458300571553
0.06778800164108714
0.0668978985311853
0.06679112308320452
0.06850751755647705
0.07226620659380627
0.07552718026159522
0.07539248485027819
0.07292426065202
0.07064353322288207
0.07082212257994452
0.07367531083488509
0.07767193459036764
0.08204036378873028
0.08643145311577795
0.09001361076516406
0.0919124074014261
0.0912827784578607
0.0888256865265193
0.08644670621645549
0.08601461164624914
0.0878684089040096
0.0916205667061443
0.09588923203707825
0.09856079991861973
0.09857836374134522
0.09658532314642367
0.09304232034817331
0.08874411093703714
0.08498952979503974
0.08255974840643972
0.08201050530670356
0.08263729819385734
0.08304263212540275
0.08296592796168774
0.082689237171592
0.08215894265902644
0.08202896450765806
0.08221316382602879
0.08317454055661277
0.08493814352690945
0.08641620943442917
0.08689377441892981
0.08643377177482009
0.08470747369279802
0.08228317878216924
0.08005241766295121
0.07808307415958468
0.07630985330476332
0.0760393691201132
0.07670823533205126
0.0763454892022821
0.07322190236786444
0.0679004155201678
0.06257026278157939
0.05962146232204322
0.06003298851585787
0.06264090531657385
0.06548509921116431
0.06812573008911908
0.07154023732125148
0.07624947423329283
0.0812674555996307
0.08589754780470636
0.08900832408096332
0.09004563561261711
0.0891002879317624
0.08808771905660154
0.08750982591243751
0.08516369411546434
0.08041227222676828
0.07627575039287261
0.07477625623057663
0.07321819337051978
0.06853972778033979
0.0607254998544426
0.053695003833114506
0.050378081463568855
0.05074671508659126
0.05222446804781302
0.0532681479387855
0.0541302104517709
