0.0
0.06684256272342634
0.08962288853668461
0.08445401599886651
0.1161636496553025
0.15348789105558355
0.26407430722423403
0.3145429011764809
0.4040951771235834
0.5385769110262005
0.6124851870039809
0.7084634418044035
0.7620838434350803
0.7707987692488008
0.7359597573333871
0.7066362748732031
0.6322315093370064
0.6081604475735661
0.5714674560503535
0.5312403371829615
0.5215288597609076
0.4956019978537405
0.5222413033700005
0.5297072800196089
0.5161474589575148
0.5148984831102291
0.5461537665430668
0.6132713178649316
0.6391088001510146
0.644420722431848
0.6753894386505391
0.6864956827738222
0.6975267956573041
0.6905495378489555
0.7303421105955167
0.7534347515838399
0.7014372637660966
0.6293190875096172
0.6029622231862287
0.581709235431395
0.6222138583831078
0.5957467072073083
0.5878264397021069
0.5786339124395692
0.5609366187473326
0.6022949910388219
0.6291682508602644
0.6565902188719603
0.7124183211486677
0.7516678205628724
0.7682955241025571
0.8342662835578623
0.9179781008076727
0.948262756023782
0.9360810053699855
0.9549643196567374
0.932716010423547
0.9553210157627338
0.9677066667114863
0.9835095625674237
0.9209808015982562
0.8630414346034008
0.784231967238485
0.7736232180186624
0.7237571844288532
0.7016588373806583
0.7243068871492704
0.7380569701365148
0.7006458287971412
0.6992259189139421
0.6695461035622169
0.6786088084939473
0.6870955030923206
0.7051122993682818
0.7285047506745905
0.798123872354704
0.804688444863625
0.7579150957857052
0.761593897938762
0.8080213280132437
0.854655261884518
0.8996136572252332
0.8719077245446166
0.9077300951538858
0.981183463840477
0.9687429723504587
0.9240838185907214
0.9027673252065631
0.9113364782744074
0.9140303172389284
0.8397705344357675
0.7866378892901049
0.7308032917472699
0.7370601472965483
0.72039028463282
0.6759584962158737
0.6409924626127065
0.6464125817172118
0.7430530512093753
0.8538403321157941
0.8924614386661361
0.8792451673687758
0.8195792335381203
0.8332591898194247
0.9476566634911784
1.0125608013625271
1.0102751338315388
1.084325634447319
1.0562997614741385
1.0013907085573965
0.9791997411384199
0.9530692510447833
0.9445689229254548
0.9759443302612619
1.0141953689721914
1.0725128929619228
0.9693091269298751
0.9258199697074788
0.8785844628398738
0.8393906735543029
0.8624649701562612
0.8678206065654485
0.8944182573160493
0.9111253614260453
0.9580625099952668
0.9515462059087997
0.9684051282048904
0.937549225249099
0.9134739843113533
0.9120418250441432
0.9435259114628167
0.9526991340654835
0.9463911030786442
0.9591190373726244
1.008568733649589
1.0599896012286156
1.0928303272066102
1.110237119530727
1.069547319950244
1.0239407577415736
1.0008377827017367
0.9425834980809594
0.9540787218868478
0.9536223892674869
0.9904608007705243
1.0108963081482223
1.042337304391323
1.0147581778739265
1.0266987918859656
0.9595771034874677
0.9267823345510163
0.895384539504008
0.9681701765250638
1.0070795685611615
0.963317109427368
0.9099047749126772
0.9629301979622503
1.0215082471210761
0.9690136374493769
0.927990014163984
0.9297937194617597
0.8829864532890915
0.9170464575446151
0.9632716564612547
0.985767009431183
1.00229077166992
0.9448258732596285
0.9097989255797545
0.8916456790322006
0.9112828829174625
0.8910110326282397
0.8933616002098602
0.9602629722097147
1.0210658123378973
0.9892109807979255
0.9646437334465757
1.016978192012919
1.01957716869285
1.096036056235992
1.066526426012803
1.107416762642251
1.126911521519927
1.1630756866093332
1.212352593814899
1.2863440545985636
1.2761349557433577
1.2370817875517022
1.2010853417758942
1.1481904283622917
1.0748710540700395
1.0856849988833897
1.1217148900610372
1.0746371082719626
1.079606237072102
1.0796050911759156
1.0461450765296807
1.013660894458641
1.0603118379689163
0.9927178297763476
0.8938373240076191
0.8809751433603763
0.9273414488843151
0.9416612786008908
0.9269059629692233
0.9507752406851155
0.9459757809096159
0.9769541083388582
0.9700826331765272
0.9513657155531118
1.0110613025160444
1.0108586896989675
0.9513682848038576
0.9428610334017727
1.0240296451904247
1.060724828653594
1.0669709039595576
1.0506498102780624
1.05279818814282
0.9668575968319487
0.9729232253824043
1.008877570629349
0.984854418549455
0.9953909761153512
1.0030246266390543
0.9851931883795587
1.0212274696207524
0.9644188530130123
0.9082797633250689
0.956449554522019
0.9440491741300201
0.9952272856201831
0.9719970008899285
0.9313513371110236
0.9502952269460092
0.9573608049997888
0.9475076046394425
0.938898836755091
0.9979966549830853
0.9865438278704772
1.0412058563161788
1.0869777197194308
1.120064841310881
1.1116855332337652
1.1320974186491728
1.1479136697291745
1.0377742368066671
0.9155566320837731
0.89518234384951
0.9197836254615167
0.9177066446993718
0.8984316140227547
0.9095289467120422
0.8168323680797991
0.7465190000316174
0.7197407002166013
0.7670291363060338
0.779619975454579
0.820908375676515
0.8160595318450221
0.74234553110155
0.7018641182181479
0.6682404010971867
0.6866725827350031
0.7130935737512996
0.8017321985057768
0.842743231353359
0.8267798059802426
0.8239113604469458
0.8029905939894725
0.7695737472937999
0.7249111500643685
0.7359990104462794
0.7572027883276592
0.7433901920037798
0.7033976882277452
0.6942653105768358
0.7146004539457327
0.7717420101027141
0.8153776451315321
0.8748485172738558
0.876929714956436
0.8452139336189278
0.912511157150401
0.8981377142157236
0.9397959925871782
0.972099907779437
1.0179280893006635
1.048393358537894
0.967271274252896
1.0098670580190772
1.0532252376569078
1.1059930323846159
1.054004370073524
1.0093085416143992
0.9382681140141655
0.9149916129867773
0.9054928774830546
0.9027286130505481
0.8877778438348948
0.9576051189531976
1.0044327752720124
1.0528325997989565
1.1028354132983447
1.1317663601151813
1.1364067340445496
1.1788672722673077
1.1909943870745274
1.179654474227866
1.1625496146063317
1.1458423501756172
1.0810816894153694
1.1135766981515172
1.124708846345971
1.155325615570961
1.1026544362468693
1.0449164362784558
1.0766967606372588
1.1470457846586355
1.1682536706982847
1.083083559705719
1.0925272435002922
1.0846973452700353
1.0770662843693801
1.060695560241238
1.0863381293260388
1.041088598445621
1.0394510519820568
0.9775221338700257
0.9480282052994112
0.9697405720273533
1.0563642458005227
1.0099605842346409
0.970194505048006
0.9899575727368736
1.1089994044069431
1.1674489512288022
1.1692635064948067
1.2083810695585282
1.2289457913801243
1.2498789940399395
1.2188178280382307
1.1848261266356357
1.1975157632926732
1.1962262357478946
1.1779423627769439
1.126153173209302
1.1753453163249796
1.2540486516866016
1.3229045735682285
1.3634853335990602
1.3371400270022678
1.3445632956332814
1.3147576913465355
1.2383820382495436
1.1863495070722134
1.2582555228484908
1.3004434427117473
1.2614681866316004
1.2701731727540053
1.2888271242461635
1.3763406917608207
1.3752994114203498
1.4814271164819819
1.488962490237085
1.3991144965233504
1.4472353951815131
1.4794414257791435
1.432895800459605
1.4079066996444909
1.3886639824175535
1.3450134537000962
1.3744228061959995
1.3086947970101142
1.2145900852508311
1.1913263373734972
1.2071437214659106
1.2258719744871476
1.251992791583094
1.2560166253335445
1.2618919586155388
1.2537544281276454
1.1695294379194636
1.1458299304216146
1.1662843376689012
1.1976611783193205
1.2346795677533362
1.201516382971958
1.1818026904059007
1.21578553928037
1.183782877483052
1.126413021243474
1.0950228404263629
1.0985814735027077
1.0867597340259243
1.0977915393592106
1.0874689403408697
1.0639456675249208
1.0490203342134032
1.0174575949916853
0.996598829209335
0.9715110028411454
1.0063539747296713
1.0265963996688214
1.047459469165985
1.0305745777360347
0.9931821655788684
0.9625324138831927
0.9144076831078927
0.9386329592905472
1.0003163084538602
1.0678241058571354
1.0370338424500247
1.043312311879052
1.0101884165916897
1.0083252635846705
1.0028752010507853
0.9468060665655874
0.9265313393980231
0.8928496296856198
0.8782092349174305
0.8769759038311573
0.8900002988256928
0.8741647498205792
0.8355730700333397
0.8579807976493697
0.872676617814373
0.8429445448009301
0.855999505374997
0.8850180222647672
0.8958637089374047
0.9171271137845813
0.9494397888167131
0.9886898172767
1.0052457586912078
1.0592211454297051
1.0908680439373528
1.0716174788797725
1.0440609867648243
1.0594629628373589
1.0141607832928659
1.0776295111185716
1.0783298637327683
1.0581094092279757
1.0351722747897285
0.9822860296389179
0.9707205500117616
0.9651199442435918
0.9352337195178605
0.9384626333003534
0.9467055130026335
1.0115708604420555
1.0214285111157066
0.9632599650781818
0.9460969084641238
1.0030962350644672
1.0522869593487176
1.057212510559175
1.0834234750945333
1.057981290715029
1.032049685113806
1.005310049627414
1.0130770448599966
1.026200930095673
1.0759776909186682
1.1135625897537083
1.0893899860438374
1.098064372694314
1.101517668710618
1.108669299124738
1.1120423838265951
1.143093157228924
1.1809601008478579
1.1673703702157836
1.1512629516760335
1.0766771286277688
1.037051689073676
1.0060548762459147
1.0117916649613816
1.009329503840324
1.0409168130915518
1.0530036702819379
1.0774615129349738
1.0658394359126502
0.9871111842180869
0.9306796221306113
0.9694529134837605
1.0264216053720348
1.075408005529615
1.1056021651931178
1.1906684217856778
1.1517333112831114
1.185693995201416
1.1699084921676741
1.1574254990437076
1.1291069696759717
1.0421438826320395
1.1197060336191833
1.1575657837086868
1.2249258228591438
1.2441747344113672
1.2018031825381348
1.1364131483533635
1.0838529163067212
0.9920340941412368
0.9542360758916291
0.941010289252808
0.9690372148166114
1.0123654951269383
1.0110862190880285
1.0163985468385979
1.0362236568814556
1.0669062362254416
1.0367956051301623
1.1081374909709503
1.145354410884596
1.1845964146686283
1.2128815062391978
1.1919047881453384
1.1294453767415893
1.1177096671141364
1.1351657980532979
1.1620378879399127
1.1825880259942234
1.1601497993882608
1.1757230090246436
1.2763529060216567
1.3348380859596403
1.299886084108981
1.2838449702593737
1.2964458517720616
1.3140742261247529
1.3574127884569065
1.2992855443003934
1.2314982026888408
1.2191044634766954
1.192954553444605
1.1975918094516833
1.1983783309748772
1.2268925857506294
1.2487068156067251
1.355225179384892
1.381264097299149
1.2665612791427252
1.2810489144579216
1.3422862639935094
1.353927214003725
1.3332021890559183
1.3552062097725632
1.442463189409928
1.4152387478756465
1.3854464326177602
1.334945959594853
1.3281680043293755
1.3336840155500462
1.3276037742904165
1.3454208760728832
1.3911487889083491
1.3699076788086044
1.2389891764787464
1.1996833574510097
1.2353120654725274
1.217561702042765
1.1669110555145876
1.1441629401776603
1.1722226384771215
1.2088310419260315
1.270322154285506
1.1684320824252454
1.136094713880597
1.1500215484015952
1.2352915676867688
1.2680079488569047
1.3324581997528433
1.3728781071007858
1.4322392631675993
1.458290087583109
1.4511979786724243
1.4161991086610919
1.410641150272191
1.413794031123572
1.4409214735306242
1.388155362908431
1.264601009331171
1.1495821562606514
1.1965399681747715
1.2561296469381664
1.2960953018411923
1.3291696288572725
1.364598518953832
1.3898938994653698
1.3494072641933332
1.3149860469476184
1.2978894305711977
1.3178944376046846
1.2880718100577873
1.324653115414697
1.3402086039927508
1.458578960669617
1.5241943193386862
1.5710402687239822
1.4830168667180703
1.3409334488916183
1.2981905448533841
1.371397221359782
1.3916362448213286
1.4605187964355373
1.5017726715010968
1.5147935380014936
1.4702450303473713
1.4278930224354205
1.4023900238365654
1.4390195031794764
1.5001545581284057
1.5270913247741866
1.5953616252454537
1.5822617946921795
1.6466634758186518
1.6047006478388834
1.6499811697965066
1.6391409728227349
1.6459037400498229
1.58407776205344
1.5901129429978709
1.636300559044112
1.6290074794775042
1.5706186860811129
1.5418823983092202
1.5890369522675485
1.5821384377609666
1.5969302310801545
1.5812292253976525
1.5884403465232044
1.5967147612760462
1.6348483553778714
1.721047336983673
1.6879668786895823
1.6171446325992533
1.6370664483982151
1.597583635647586
1.6015919637284055
1.5642052089538059
1.4786139542149739
1.4362869543573689
1.4295635449545134
1.4057749322143624
1.3380711546050204
1.3992730256117754
1.4136551862361018
1.4461313858849765
1.4121054161504543
1.4105945555384565
1.3104427702449901
1.4176293211367286
1.5847473927048372
1.5721838278913016
1.4975177580311916
1.503043450719129
1.4503037335079105
1.4808087440987536
1.471691998035807
1.5704979570030713
1.5554712412045018
1.5269228352227826
1.4591674729940274
1.4613268892157714
1.5095731299946915
1.4963685735925685
1.533707367295162
1.552433688998997
1.6008695300422169
1.6311126210485825
1.626405366658726
1.5675824462591395
1.5986445295719023
1.6676175868016274
1.6803893912822492
1.687083891835214
1.6893435441944333
1.6245907380768638
1.666226382107009
1.7541221334044015
1.7576628777061967
1.7466078620212204
1.688891609932967
1.658885989775949
1.6978507387033486
1.7959890123753681
1.9808141856094825
2.010775011450911
2.060088044453135
2.028858882149829
2.1099714050515486
2.107819317318581
2.1668922888166864
2.1805034683664997
2.2197392219181875
2.201745424950264
2.20275273846124
2.1909104073264647
2.0315080133384793
1.8774947417476646
1.864725961884753
1.8841672669277756
1.7994417977320096
1.7461847863198938
1.6860697294333835
1.7696737873589974
1.820110344011196
1.7877036498028578
1.837749831909936
1.813359078970585
1.7967946527797751
1.8338798763090953
1.8046052321574702
1.8330005354857941
1.8349549888590204
1.9248368386511259
1.9510856095988751
2.0121171845483645
2.0056321071836014
1.978008820896303
2.0638836685502264
2.0265038123706454
2.0268358564845474
1.9655974717426976
1.9911437192507684
1.9343200558484044
1.9559787822852988
1.8909568212075694
1.913635737495344
1.9454149643009162
1.944777382128295
1.944654767051775
1.9585526593723048
1.9333071774090127
2.011359893660012
2.009341299653695
1.9189487274106714
1.9223663647382905
1.9353742537128993
1.9903001484897187
1.9663973132477
1.9588725674104486
1.9251058648658463
2.0221364189918143
2.0349595620188166
1.9874595356740636
1.8570110120613699
1.7876932051214014
1.801335970006394
1.8474120655062876
1.8895392665889195
1.8941118720957206
1.8635583451965199
1.8242975515303486
1.8376968452765474
1.8908563634506357
1.8583575045399452
1.8036301401466421
1.825581513733075
1.8672253324268298
1.9011735561814616
1.9408850743875445
1.9117591987093019
1.8798705223733518
1.868411526097146
1.9670090824618802
1.9521052240066368
1.9014861620740426
1.9109939172990054
1.8762415314199412
1.9494885938888216
2.0004769347524665
1.963965644848842
1.9296211970580885
1.9624719051189665
1.849279344343578
1.8208375745584982
1.90746967293255
1.967032831997208
2.0156800282869947
2.1042229527446006
2.0032156556215663
2.0012041338582263
2.024852287577497
2.0395708675619812
1.9847530261186013
1.9959040284220304
2.0154667745904975
2.023109024696916
1.9378986581208533
2.001984949203982
2.1705136793745186
2.2009816611297026
2.110265188722807
1.9645350373356074
1.957976906333513
1.9891658272768666
2.0784221093227906
2.132333057420028
2.1738604168148163
2.104162629675817
2.1405209270526147
2.1332026748310633
2.04953747935215
2.038201801647492
1.966426630629906
1.947056304822403
1.9662872526259043
2.021001392688702
2.033992099039462
2.0080226296757613
1.9915556369097027
1.9887127546420205
1.936112128923217
1.9297993235219146
2.013314751525947
2.0552998865890797
2.0813837494670855
2.080813405400698
2.0226828091091233
1.9570684312173692
1.9515920195599494
1.9038794935211039
1.9379387838170923
1.8972812100992962
1.947750548092691
2.0010948852741084
2.040587646412554
1.9805085002940714
1.9420983854965357
1.8601922812802216
1.8518232481829449
1.7993545433350682
1.792492078517988
1.894926216354777
1.953533769577782
2.0042467212743933
2.0549640525073967
2.197025346389321
2.278077765329936
2.282263878063016
2.212995810891006
2.1400319871889444
2.1805147637772344
2.264603428191207
2.252504274128508
2.295917053666867
2.305709326846532
2.2752576634542927
2.137356307594506
2.162986679325383
2.081797580672359
2.0479768951097426
2.078627664935376
2.1509616985965256
2.20268242577442
2.2799336812449615
2.241040606385333
2.2753230593270377
2.1593471350740248
2.108771513038661
2.0534139491231818
2.1143426462912718
2.105166069855384
2.1883455923890187
2.178251805972204
2.256487636187898
2.24306253273178
2.1162128479425086
2.0395497753346694
2.126179290252164
2.149950607261239
2.0124964345953464
1.9368029799835265
1.920886259293681
1.8473601454737534
1.835968783828279
1.8554564353633678
1.8485756142039758
1.893824997922715
1.9548994964033155
1.9784928158091843
1.959114270600975
1.8872065756588574
1.8535965506789855
1.9039133202306289
1.9455385193483397
1.9985372001352981
2.074158785248378
2.107697115506952
2.068500465125056
2.0487661163654876
2.090090645920215
2.0537664259534347
2.0629925638210516
2.0960894789654994
2.089504162856405
2.0467369469917363
1.9914372686445942
2.0239112368791305
2.0977938884997056
2.2138909224404166
2.200146304114953
2.0896468005279583
2.0660411689311946
1.9871158716355055
1.980722443875679
2.0175312455797307
2.0755509422220495
2.1031019019911885
2.060804709700838
2.0088803427274318
2.0000592739116048
2.1629922036340763
2.1133211954790863
2.1704227017847546
2.162627133702392
2.1526892764257903
2.2225327416037373
2.280863975799252
2.3270836700205
2.2692036254785544
2.261507354748101
2.3084314910103316
2.4270284400849915
2.471987832065583
2.476746591268274
2.415406221574602
2.296337679051337
2.2858857079215387
2.3347658847093697
2.326619969480087
2.3176832985718967
2.296124782451133
2.2537318767353396
2.2576404932251077
2.2278123574040714
2.226251873721951
2.17061012209862
2.1843121768603977
2.229927691973638
2.2645647099659736
2.224989525384616
2.220335574692941
2.165618310363845
2.2071491318333845
2.1408952349990713
2.0961298644319215
2.1150891860727774
2.0579473038246943
1.9447821707391815
1.9103147328369834
1.8796479718897556
1.9433676734377894
2.0220949507765225
2.0321830612683565
1.942718540229691
1.9172517569787753
1.9944408917547944
2.017922393803102
1.985689621825258
2.047845118210198
2.096165741110829
2.108537571274223
2.103492283657955
2.048639488796228
1.9589000197703843
1.951848260353237
1.9238261162897818
1.8949614616920334
1.871647325286915
1.8846442252579176
1.8603790610397446
1.9388508833631974
1.9522421069968063
1.9736566204973212
2.0498351629408664
2.0799175628504103
2.102228173427938
2.1017565772374307
2.0691476788595278
2.0932398533557133
2.069820348100532
2.0989432772598176
2.1805237870196463
2.2017579751936958
2.152116555062669
2.0842232184915206
2.0113648190791062
1.978187364789543
1.9551606537184447
1.9331597253159396
1.863027959757293
1.877453323175285
1.8930379479044996
1.9035883182151563
1.9967119497374954
1.9752075810938983
1.9395991174830034
2.0231881473488107
2.1314512169011453
2.1197686324567533
2.0913708319839777
2.0812481520180652
2.1076230671719216
2.1129851554885795
2.1024279237023005
2.086992115618666
1.9797802668689841
1.9807673908732157
2.025528465785364
2.140224602986392
2.1192303811237583
2.090287449445838
1.9808492925791268
1.900944806725593
1.910149870008764
1.8515224254561569
1.866133105277113
1.9265917770078078
2.0709259561785283
2.0619760884867344
1.982549173859561
1.9881215758913127
2.0415933536979645
2.131336867284851
2.178648293148788
2.1997152916572027
2.2745046466280647
2.2609030008606483
2.3320020062827838
2.435423881679576
2.4060966370686145
2.2991543837266954
2.2517109588509965
2.2212805974575387
2.2818357393512305
2.2868967279542165
2.2929026360213385
2.230824834907807
2.2249095781498767
2.17599637010118
2.087657907363931
2.032728841055948
2.110585503196467
2.1772405216050177
2.2520642041485632
2.2615138724773702
2.209649623804763
2.2000646104554056
2.150721233394834
2.075947626086195
2.1047139163532074
2.2019481539091323
2.292127815669253
2.233753413602084
2.3218142912774233
2.296977886588322
2.3184829866882586
2.3848249407151
2.4459891247589614
2.4035358313876287
2.3561766530073562
2.24232483396093
2.2218118897703274
2.218743421583381
2.3523132955265633
2.4224014858972134
2.582591758821487
2.620712006504375
2.6580849786213645
2.6315523759920043
2.618161303007028
2.6657872106694445
2.68014308249052
2.695598458058587
2.7609168926175243
2.762986627651406
2.887179969961668
2.977960637822575
2.810216673011622
2.735866925604356
2.686087990605213
2.7860553316005103
2.8309836628367795
2.7883773813827557
2.7422427508927014
2.7970482584538052
2.840781365665763
2.797925044372185
2.8368553880342104
2.8592167706569027
2.787401893839845
2.830845372053651
2.8406600207760166
2.789125410621651
2.7485431921891434
2.7188361687390863
2.6244646122651307
2.607258943468566
2.6670694284584044
2.7905794684014174
2.8264144668844655
2.7963063922444844
2.7140194168468232
2.6327156693747398
2.6155861844460193
2.603488213908248
2.766838276634059
2.8774278369489714
2.9203723126796217
2.8856047357667376
2.8114152864660302
2.688527863787325
2.6271765814230057
2.603526213317504
2.6629175612569678
2.673133876931018
2.7061085760591004
2.740805898811712
2.757115203120675
2.8425144397954565
2.8030672065466513
2.782573688069922
2.7449107835601327
2.7398024575121678
2.7812517222979998
2.8495371549965993
2.8663065156038576
2.972644139166524
2.936179978989914
2.919971516012615
2.8213425057089148
2.7618996272727983
2.8100824118852423
2.803434193987663
2.8633426709414387
2.892350939913636
2.9407104107675943
2.734710856726181
2.7607994027551954
2.70961674448421
2.645464315398602
2.475904885210973
2.577712937171066
2.6672675447600516
2.6997831249634174
2.605892369501952
2.5875881529727893
2.513578349903559
2.4661869070214957
2.4711692372906415
2.5529524812725093
2.6373381878125555
2.6090076351575666
2.565282817766977
2.592186136100182
2.7198792730849366
2.8143442485046344
2.7665021449096585
2.714112339095355
2.741577338630781
2.7718747794685843
2.829647462609148
2.907025497673226
2.9661406300443858
3.051335450932321
2.99698369047661
2.979467063722463
2.950611964763743
2.860145339816852
2.8442749950727912
2.8108454846272637
2.865182347509824
2.8293584700959187
2.7623847018980694
2.766037217942958
2.804519028227979
2.8045159874627905
2.7345252262642763
2.738605125986916
2.714122741531661
2.7543227706761693
2.8777042703790734
2.935217477226578
3.0130297943402087
3.0719828377773033
2.9844084424587107
2.8189350963243767
2.7610137584886103
2.727028214247756
2.7699963731858497
2.854871647566449
2.9619742729431833
2.9724664188192835
2.885170318473998
2.8211394497780735
2.689636488583068
2.673538606217301
2.643996099559727
2.6111930008937767
2.5785445998542307
2.613204341731
2.6560921200631507
2.741601729703507
2.7451764951454574
2.7100076740814156
2.641022846823507
2.6452243382258
2.7281429431491975
2.7773982463637323
2.833184446527537
2.8450426562581623
2.876182268946643
2.8218664520659273
2.868221150623653
2.8304160861392686
2.874020299195881
2.924789231897933
2.981409832701537
2.9379385006528587
2.758595206471926
2.605559911679047
2.5537550924678634
2.654214977366811
2.743947897858473
2.89965817141295
2.893319398963413
2.7825658077359554
2.8592064039453278
2.7912452242833843
2.7743342447927124
2.682600149242011
2.610696232531148
2.5817136528196705
2.7083352940032737
2.838744851299409
2.929998219736174
2.9771988258067026
2.933119658655688
2.813108195595332
2.821154659865945
2.774240121234592
2.7749816830289618
2.860325844743121
2.8512234992783902
2.8257522302884266
2.906503788620643
2.8787311201150865
2.766303338938369
2.696771186646157
2.6718587432413643
2.7609853973983958
2.7951315792778453
2.901013671758895
2.98531582459531
2.9920797866868005
3.1136542749429044
3.036192378193294
2.9870383092910378
2.8252801299283576
2.7278465568030947
2.6469774851719956
2.687309268415766
2.7661847784244467
2.855323122292429
2.919102314803658
2.9294695612322355
2.840584837586015
2.8446807018996334
2.8419669602577624
2.781810830050503
2.7779568511246198
2.7248425089286266
2.782130297909203
2.8177777007256095
2.784995610816968
2.9002164400119677
2.887382574268735
2.92033142405899
2.9719481786190247
3.0332108884787776
2.9882558029609974
2.96608794028396
2.995036492145575
3.017347217852092
3.023345783415788
3.012767443264731
2.9435015960699076
2.902670705003989
2.795103759188655
2.8370192685071323
2.8300757093791473
2.94197739964492
2.9747756464028883
2.9644988458026953
2.9261775567777333
2.8821148016515745
2.828097379037245
2.7609425390339766
2.756539237421634
2.759446987423433
2.9892673257094287
2.9247596279091916
2.971425202728016
2.9259728231573816
3.088284229374696
3.0787000719365376
3.1150173716008998
3.1100981622555994
3.0664113380280673
3.0450391568568858
3.037937813921638
3.159020003113376
3.2091066869715634
3.15101849997198
3.1854448077788833
3.2916391779136385
3.298911220227499
3.293917467692023
3.2473210725031065
3.2588825478754786
3.3519426903446408
3.353104255727348
3.401712638201526
3.247784604634961
3.1166996070180057
3.0790830461282654
3.0693480978733128
3.0429130685884354
2.977445578795161
3.0166321648596903
3.0670807588233067
3.062767009253969
3.077908422551341
3.051631665771285
3.038854545715074
3.156950101929929
3.2463271077465223
3.290316821922711
3.393770000168935
3.3842856734177635
3.3072883860393136
3.249308901936719
3.1923861899016712
3.2810019762398177
3.2385952613597473
3.334866205733162
3.33447806243204
3.2436022691463458
3.1091062730457297
2.9939094138896736
2.9447522835771407
3.02568287586271
3.1519720384156353
3.1992818707118684
3.274663592936374
3.255179169090712
3.246881977823286
3.0625964470172025
3.0270294437583525
3.078020738254762
3.255152339264817
3.3608784165140655
3.424278317243972
3.4607295837672565
3.4154136639777906
3.4650671094043126
3.3900812835167207
3.306574911167339
3.230280092982044
3.222282145942465
3.203940700298058
3.270363279123919
3.3615411896972103
3.350029101300109
3.252514490156787
3.159694891956294
3.2208423328094633
3.265141743801086
3.1580963322660422
3.1868966088138695
3.205821002505167
3.29441490404958
3.420179139131333
3.3714521668653554
3.295584166383086
3.23485334037741
3.234127261361151
3.2650338456692043
3.2506121423820797
3.267944764156474
3.1889336876982464
3.1383962885735617
3.0978039159963515
3.210357106663105
3.252284563342459
3.3723536115583816
3.4161889008353654
3.5389175775295714
3.538543623981388
3.453530138163975
3.376074337325687
3.3439501648321697
3.392044239435535
3.4139794183713694
3.5470105650262562
3.5524641245949944
3.447283241641556
3.352222178729132
3.3840103425801025
3.4195500288188163
3.4008533668226644
3.467954973328452
3.365375345495582
3.339598423682826
3.1725688331034023
3.280751799915487
3.3417523101194995
3.3888333028721083
3.349381645343516
3.320798235982135
3.14627733149698
3.177114897033387
3.1847618776835436
3.170637009855751
3.1406285494895934
3.264426997996858
3.33186801311579
3.398719238916705
3.3603424699527493
3.3417818446638043
3.2369267693367907
3.3161635350278265
3.25003970604177
3.303798728362196
3.321009938096693
3.358084799685577
3.3514377943335147
3.367189110794137
3.3894850196963127
3.4429946441714887
3.5099227754324476
3.4901001680827504
3.3522448580059803
3.190989166028886
3.1100224083538905
3.162392451699265
3.333417798730234
3.3773113543942257
3.415218569838441
3.4580264360290855
3.4071677181785653
3.357707249240257
3.423145720376485
3.378288914435079
3.368275538131026
3.393040752452341
3.4161552761147007
3.376673052013918
3.444672292888829
3.3359821114584896
3.3319858430926126
3.2832345212249994
3.2980465532615444
3.2961879473177693
3.2597419353472246
3.255849910251814
3.2644243419989607
3.2286705542334113
3.3047108661021727
3.1857721435267465
3.144973695882115
3.109355515846264
3.1803765042024534
3.1642324288552586
3.1847719838846857
3.2308868292021797
3.0977481063032184
3.2243499899557984
3.214168049608738
3.3234704195741176
3.3050037140973494
3.1897577765378915
3.1332633188144987
3.0279343495539672
3.106417699124764
3.1375027132682196
3.168018383346364
3.284058524255199
3.3496297906653227
3.311688350014972
3.3174248670434223
3.2591734197916367
3.174639235403045
3.0809100653754613
3.150491196272872
3.2448830606976506
3.4158531343706957
3.5973067482974166
3.539762879622856
3.4745335811921034
3.409454918054452
3.3143821512159906
3.2021058422011213
3.0998296588226855
3.0738310749864444
3.030892717758779
3.125707550777344
3.101355134645206
3.239010900859551
3.3664101183478983
3.324561829131647
3.3886760824908873
3.3982688433371004
3.4700244002836547
3.468818509496778
3.4230221070261657
3.366006446388921
3.4795010119922196
3.551021726905322
3.526054499044618
3.5108108443633217
3.628736719629669
3.590687213821348
3.602282069036765
3.535058765649307
3.5085837272249494
3.5399252944440747
3.551418684616459
3.363669793007106
3.2521099871827164
3.236634525232411
3.345857465936996
3.3151518692069133
3.3822527938672833
3.3264014396485924
3.384754245293687
3.4165190273611685
3.3429414680358756
3.2683812461112423
3.205783818465288
3.1617495646171414
3.097864605915721
2.996029056831251
3.1305800493784375
3.309197863499687
3.390677567612553
3.584956570051273
3.5425185339304943
3.432042473176654
3.308773087890847
3.222350160719232
3.1380237912822078
3.229093542046111
3.386760874372015
3.3603502212215166
3.368376440386712
3.361797892960155
3.3242696973451147
3.237539042917432
3.260854428066919
3.263950131168304
3.377759268858017
3.2939430144320325
3.1805133782203314
3.111072353275069
3.0968960315242953
3.082416765064998
3.146796160035086
3.276101561385706
3.4345515811028933
3.3802801868195425
3.2832344450461943
3.209148720644394
3.2208819818737817
3.38014970131396
3.5034252284633536
3.563716841272588
3.6712271886574714
3.622189982017362
3.5244384298536913
3.4747394222030024
3.3118762245523654
3.197558782041333
3.125386706485386
3.1458463490232855
3.1831072870966093
3.2697082026194884
3.3947646040958146
3.4884017019266604
3.3776845275084386
3.293544217060307
3.315192954313646
3.2846296384650904
3.350713158658782
3.50147884401438
3.6246953205745576
3.441726043019261
3.335296836669703
3.3825546236663504
3.303457407665746
3.2155932767844133
3.1744888044159323
3.232714027767998
3.1988604030139927
3.167099244501609
3.143680421479904
3.0242088259611695
3.083719236960477
3.1151970986465614
3.0778804191038405
2.9741584570558715
2.9559988761714266
3.0100543100680848
3.1054466948888555
3.270457474499998
3.2815231253571016
3.2243428823152844
3.1267840850955877
3.196937073121988
3.244508576362724
3.330870482528244
3.4358941827373806
3.5059967343916227
3.451062583410445
3.453185413836484
3.3142315418732524
3.264633559583174
3.234666685306256
3.100318340252581
3.038646147243936
3.0495225718393693
3.126719772024736
3.14875180776046
3.1061496750549678
3.0436260542964106
3.1014773177435853
3.18226605503689
3.2487558992026595
3.359397904325459
3.2391207926702843
3.2642011743437944
3.2651146684004453
3.249199789437612
3.252632594340338
3.3501829045165463
3.375328575484841
3.277725428638243
3.2656945303236973
3.327216374265237
3.2122994521320125
3.2838881693622795
3.241532609552661
3.321997073146299
3.2474143213437583
3.289201473052512
3.2624241571520587
3.1596457661452884
3.1613297591571556
3.251339628342186
3.2854753375084043
3.3725715269748733
3.345052233028282
3.332072637855719
3.2104358112349205
3.1568147839099594
3.115390049892107
2.960578885182735
2.987699649816946
3.1588685477915774
3.3613802560872266
3.474758294215832
3.3929383224431966
3.3674028209039633
3.3467773666516445
3.2928180052959153
3.1837171518164435
3.1952398765886714
3.2778195964753287
3.3280134916330604
3.4524225240545423
3.455056099681573
3.49559951911598
3.5503510413106034
3.55825005157402
3.390379372018329
3.302713100576342
3.3755615353063
3.5684739667252683
3.6454259164366096
3.663812401692762
3.5695465987256716
3.461344142328597
3.369085469461508
3.478321968696544
3.4777352595333406
3.461749593947844
3.4966349651812823
3.628840053296895
3.7126099886195956
3.78348977199653
3.628702772336678
3.548968281361609
3.482423625500681
3.554830334846291
3.6178127786154737
3.543066264460874
3.6296650368134293
3.6122947824376386
3.6395461161969718
3.63800405773241
3.689390475825164
3.6716459127622545
3.5300668030113243
3.6314773763314636
3.677340455442259
3.81094144316585
3.746617184789844
3.7034683577432412
3.526873700679215
3.4593563116646946
3.450167657570572
3.436583353113079
3.5667816381323334
3.644709096085829
3.6132146050180056
3.507190461714114
3.4722436480035332
3.3826287936633044
3.3695740381984907
3.37849954470217
3.5020935587050372
3.6389750539820667
3.6325168305010953
3.6755003112469153
3.556259196544221
3.408487026908285
3.3357456994855945
3.308555256371202
3.2379013611822383
3.354727078138908
3.4422833990739603
3.4517281645858753
3.3936804813995503
3.3385605031464642
3.2985144425560122
3.39500488508665
3.4683227306491813
3.443817978965344
3.404371674800885
3.3459117686641253
3.3889218608009912
3.3797155446174862
3.508198569088995
3.4336745398267494
3.4021762246703613
3.4403699977474873
3.5905973008200713
3.65958594011462
3.577488540635561
3.5434010707550323
3.5202381048393567
3.5126344122586204
3.6583432470116977
3.7543170710675633
3.823491395280276
3.645588868487961
3.620524492252922
3.574454519086168
3.6461361242198214
3.5602050478622878
3.5035410857749305
3.550121562733185
3.5175540681014392
3.5058423524224036
3.5287035205208572
3.5681847145787224
3.491144397928877
3.4176921911715823
3.378387138581617
3.3456416929084933
3.389541314440847
3.3742526474911694
3.308097024185915
3.3837453409409046
3.452329337992222
3.4591788649750383
3.5709238059136013
3.6016710008500317
3.6553677186658184
3.5705957557088825
3.5494653519503436
3.5448445829493322
3.5841089985508217
3.436996865037792
3.349708951554708
3.3645656915356077
3.476980406050481
3.5952713516675083
3.5916038948824265
3.3776697701518064
3.3663952743046597
3.500180593395679
3.670382215772386
3.7778940279889124
3.8582003032288763
3.9410940788396918
3.8673631195415274
3.7468140840926196
3.752095213296531
3.8045646142559235
3.945163399713851
3.997511572135853
3.9882596890938644
3.8376144408815898
3.754611119992844
3.703487813642188
3.621565484031868
3.637713082506714
3.7520990273426373
3.802806698649724
3.7907497127383354
3.7601682434983514
3.7537522409770068
3.731581532094592
3.817154840870545
3.7347655775061677
3.63669684500416
3.6125400286992444
3.710641565502974
3.8954933307885597
4.068196116669276
4.108003781749238
4.05803310813694
4.139140388060938
4.086362060461994
4.022624286379053
4.014228370031624
3.9817945882511685
3.9924502324675064
4.107370122369157
4.157607812721112
4.016547349659272
3.9561702576543407
3.9566299081735132
3.928943399059378
3.914307541917791
3.916097629933677
3.7571495801443464
3.677274734799354
3.6386175133573726
3.5819850059242446
3.6608119433875537
3.857013141178219
3.931288648745851
3.964195066356399
4.045375922907326
4.190905762599759
4.153219460304008
4.169899587949317
4.109306966891267
4.203145299112396
4.25651920526514
4.3054055385308
4.251431111745894
4.229847817316874
4.159864069825986
4.206816043744775
4.219642163937777
4.107664665321193
4.02419398929493
4.044680895667434
4.037869012785921
4.141828884861553
4.1881813689611045
4.260674898331828
4.278016778222812
4.209850693643194
4.199251332645616
4.252757580629248
4.384030637307217
4.502251990013637
4.593591847144185
4.696260484171482
4.671082002386198
4.66033401192383
4.720628900349027
4.778956669528086
4.671396844614475
4.6455219599661515
4.782732955623998
4.791883028604907
4.6091202213073945
4.554481887179436
4.505230809376257
4.523421528223363
4.510829202535969
4.391576821552098
4.251556077111328
4.135509841080472
4.151814091232676
4.302532485635586
4.47617111754407
4.453345105303126
4.37133213635591
4.514605328016585
4.593719031397397
4.666271669805644
4.710971471673667
4.685126486067097
4.657492287155088
4.565394558651133
4.42897601086489
4.536038602939784
4.721826179730164
4.735790517271184
4.734089607023385
4.7234694199621625
4.632994728792273
4.7359637908063235
4.80842568444534
4.640146592291728
4.534474495815605
4.466311863139128
4.409535502264714
4.437586972315347
4.369131571287574
4.449527056480185
4.496321215363019
4.523920439307959
4.436457781581589
4.457750934519045
4.45067335666422
4.338204484282272
4.299688582534501
4.327151479107458
4.329887568653172
4.490655326925841
4.61864703101479
4.708235085167831
4.5746273615048825
4.5213678317153
4.7837562075542746
4.978775859794996
5.077935938129861
5.115976768907724
5.202682568876498
5.1823551975029645
5.04219609145809
4.963818318485561
4.911949093614489
4.835877485506355
4.815557735312444
4.725259730345685
4.771129434107938
4.700173409845993
4.856512268431108
4.853096201659739
4.862018916481888
4.853854251053732
4.898926806860082
4.930113140385846
4.954050950123824
5.0864852806236245
5.075866115667715
5.119797930540927
5.151309409239625
5.156751110721518
5.003035375614299
4.941946712027425
5.023170816876086
5.159476814927745
5.2204972147054685
5.162469560371484
5.009449562496104
5.002462819250152
4.984857904319257
5.014358777248732
5.020563052636603
5.020189450996459
4.891588900328686
4.827991938854702
4.718558689707134
4.683262840704098
4.972856316367068
5.129181583365478
5.1629729458957545
5.280348664901794
5.475696121133005
5.517880201234857
5.5374900424358
5.551385292365586
5.321095739793151
5.280067041823498
5.334042757030274
5.4447980437226
5.587562398328401
5.670892486588417
5.663981112188026
5.526178820152075
5.359015157837039
5.264746070012237
5.2654809060753465
5.256077872844899
5.312269983076226
5.3548811164467045
5.426372985332834
5.40685135729532
5.221593837947449
5.314590102943728
5.280576821568514
5.369765714693918
5.480924850876761
5.485830394247804
5.478200797682681
5.470153050839394
5.453895731545227
5.51936711652245
5.458762599773735
5.3753852627560486
5.4365216287864255
5.5694894621958
5.615283202706382
5.497299212117835
5.492406163769148
5.362703045024601
5.398982142638812
5.523291515006572
5.494254317763459
5.3910121025788635
5.277006451670482
5.251699786645882
5.20737653205011
5.14850840108904
5.1457818409459195
5.216644475612048
5.117723913427258
5.072363621736178
5.081754868770216
5.043158968110681
5.153104894555006
5.242527044224755
5.28383962140617
5.3307174653943745
5.440714624767648
5.350811934024117
5.327644864425496
5.500539693709844
5.553198975713163
5.601888900968157
5.575188425364329
5.410268137295452
5.481651857237784
5.436404315500495
5.483785186368516
5.441481758685424
5.557998618907735
5.541559667376986
5.3975731212273
5.2202098219322774
5.148187155293268
5.152613197243219
5.169028758377697
5.272891421003162
5.429383048016155
5.5606457591161
5.448847610517342
5.279273142135958
5.188683228766146
5.150792867412585
5.214585593911932
5.320539039169917
5.480562407673711
5.472836481698235
5.629722815783309
5.747650014563701
5.736927682366348
5.5859362540442765
5.5095357234770255
5.468201038355061
5.337427105251937
5.328407995528453
5.283148366563143
5.282057838269491
5.188531348731656
5.210169849259848
5.3108196026608585
5.469481149003177
5.417927317552806
5.407043991165825
5.335686533328892
5.235338718938392
5.177730665399366
5.257055873682778
5.28155814891223
5.390177583552498
5.361872932428485
5.3893276451921315
5.284233002641203
5.250824590608365
5.3281006110246345
5.466532001904577
5.482083452100271
5.496994162566375
5.413124214217595
5.330541028563429
5.281747614346387
5.292844056831468
5.192793598720527
5.238241087360811
5.136009326618856
5.083769549518512
5.054765323511876
5.164194232289547
5.196368870926981
5.456139212638536
5.501908127700628
5.252718836288775
5.167438244167789
5.149961971444867
5.274064502241965
5.347619924441871
5.379279939941891
5.388763763234684
5.528006756214085
5.663174051414771
5.6650321176219425
5.6537280369801755
5.637813549727736
5.694329099662724
5.624074697935737
5.613877814174395
5.613510392594522
5.715706217825135
5.6538399381186135
5.633028063179414
5.597464515104434
5.5311072485444495
5.344569428977061
5.425408803827621
5.7012201203672
5.8353030023300905
5.896002740091876
5.828243131762866
5.844839763025033
5.780709617062621
5.797861351597966
5.868170582879199
5.931479536800605
5.998320557851029
6.014826150432194
6.045550142255874
6.0546253020530365
5.908824862330777
5.811271810140661
5.474278906820893
5.388097154263671
5.494584243773646
5.367446675320685
5.3050371941339005
5.336017292386421
5.479865799838527
5.754369512845473
5.596545186999839
5.373580902064752
5.292058291308697
5.353477852315001
5.568265223990941
5.606775118855966
5.663112216776453
5.729544024448811
5.700495910553763
5.564756731533044
5.471813388673329
5.492324869352699
5.380268746535106
5.293058768565567
5.112593682165486
5.076283985278003
5.200795777410631
5.277870938994741
5.306442346245955
5.4712710974328385
5.487371574182511
5.350157185176293
5.379584713051085
5.404815618269224
5.412525297092233
5.482729121511646
5.36210550109598
5.406066771933914
5.272365108283049
5.272644726187742
5.2729277620198305
5.420563114761385
5.544819260742075
5.636012626898289
5.625581978613132
5.679023467888617
5.550968886103982
5.521109244252797
5.29354406318838
5.309059063913354
5.332836101789284
5.462390656160477
5.554388804931557
5.850353120310532
5.870566675623556
5.639156452900095
5.647963267294238
5.549919698600691
5.583691703741213
5.576877861805477
5.458427864718841
5.290369811849494
5.419227557067191
5.421937421167228
5.455725113799986
5.482624307152437
5.373525563217827
5.370579814803794
5.266805767846873
5.166919513370679
5.264878680765604
5.347941942866562
5.49542589286398
5.496936256113651
5.560898458204458
5.508870712138308
5.420802534755092
5.559472261365491
5.4667353896404265
5.456498939791861
5.430060914451038
5.396707046887636
5.343942268970599
5.38095791638122
5.350508709209255
5.344978510715761
5.3407514361852035
5.350468101460625
5.278339842426445
5.327316251984285
5.2332708010527735
5.181635185373269
5.162593399168977
5.1914621167291
5.158129654561335
5.262402502158223
5.363094680796096
5.3719218004549605
5.37561635624776
5.473079915232576
5.531335172241946
5.426673452065352
5.381061737345102
5.528818840433707
5.457491959105679
5.399442349049015
5.3513981839810745
5.298637845940325
5.337270698170672
5.356376881470911
5.38946822289325
5.2992707652772575
5.277125638663178
5.262514371405291
5.256839406808065
5.281569075398964
5.405311564841236
5.470606340835018
5.4479146037786546
5.401555388472141
5.295011831939312
5.36848110842297
5.482081241503798
5.703733678891587
5.81039416548004
5.809269468953425
5.740930278134157
5.646271316058719
5.6336483355808555
5.727986584532887
5.789138697618555
5.603754487460908
5.606355789569502
5.5808986311058515
5.565297660966408
5.565224907478099
5.639698613718609
5.607476470831803
5.4942280619744235
5.345665245955097
5.287093560973188
5.218683858894184
5.30712841398011
5.355198756532725
5.422424784685568
5.5109136971176085
5.570644390414009
5.581195859838237
5.691720796715216
5.710991022251424
5.749955510809223
5.7048043302562075
5.786170809988123
5.6996649598941
5.630799319734451
5.764546015443234
5.767654985935209
5.738886881485179
5.632728248361882
5.55941544928198
5.562857564081051
5.579310822588604
5.479811378184198
5.499741403018771
5.500150458804746
5.51096316557161
5.573215155464949
5.711181236631851
5.674773707645106
5.441095320976472
5.3088022881633545
5.342779556474059
5.36560185473312
5.390534555786089
5.463796209474489
5.488445673486819
5.505763404915339
5.551061724240643
5.510066198269339
5.340973032629227
5.249541357252701
5.241717132162046
5.220149418463781
5.278119019270144
5.317101069234311
5.3258348359638426
5.44845627669085
5.401027866631551
5.434570925015597
5.39905762843731
5.381765832941776
5.323023120743488
5.241288081095248
5.185474633699704
5.27355830613194
5.406655001017634
5.55007208616531
5.635947867485927
5.610712931205844
5.564168342962232
5.454611264075271
5.409478942020955
5.360250330463971
5.389355521145021
5.401115050895126
5.377605860443081
5.416097144180997
5.322804233636462
5.336478085896246
5.418739925748661
5.626618919982087
5.539618516604886
5.505108307665902
5.453365503872821
5.469653044754784
5.645386715315873
5.648226201458839
5.757897949705386
5.741579073553607
5.765177541225542
5.701143276426319
5.6131327852993325
5.454446008094323
5.448398516024335
5.338830290828703
5.3969829446901585
5.4012057064253485
5.486382254392876
5.4968489100695255
5.446981830303462
5.418250095009124
5.294278900044299
5.2585651118052334
5.364062646126154
5.48164848059123
5.45295484256132
5.423362224756323
5.47960063213033
5.5086547280066975
5.47951711562577
5.438986020994483
5.526044724168859
5.564335600450455
5.554445184240086
5.676834798124362
5.8053895153902975
5.669025335751109
5.50245605898089
5.397150248218512
5.314557138257392
5.314400105942152
5.225602296272165
5.201450069328092
5.273306649781447
5.3997275293675795
5.528503043251187
5.539874188694653
5.463192415725635
5.512213394449739
5.564329644226127
5.51446013926257
5.487453310014352
5.453224162810287
5.5394548241788835
5.6783886167552
5.621538894281099
5.664532788978502
5.59756724187802
5.486183526935644
5.590052423451038
5.6561055522637895
5.661473661454699
5.625035521699486
5.588829785570019
5.582301717333653
5.542912891629405
5.447872331514311
5.3794312914706275
5.38555568750678
5.590350399231603
5.707539220923606
5.794699395297346
6.015554272249377
6.033045336817333
5.9270043965371615
5.8771935377236355
5.939316448596295
5.888462345179124
5.918490682418196
6.029115916847753
5.946063514212678
6.019025747485562
5.933958965076955
5.8967716504077305
5.918335381412894
5.938833158178004
5.825262038788606
5.950974232788053
6.016129793470707
6.075726512445484
6.000266124095075
5.901181660153258
5.786875759265814
5.746662757910124
5.79905687099148
5.95695118833054
6.132959494483308
6.154882080923117
6.111404800602532
6.099380865911564
6.258167943497547
6.404272955529378
6.495611430962505
6.259911026277686
6.138676742593493
5.977162501478277
6.013922712352914
6.2225012630822665
6.226234553669876
6.24014149148842
6.342110065726947
6.365025359284055
6.1888079728261545
6.068575023365838
6.090168534600113
6.034245013323488
5.970095399995785
5.981408983322671
6.064157781219162
6.117803428508537
6.104391516531713
6.051396233930511
6.088528853736718
6.1691376501206685
6.250947553984834
6.321307147862571
6.218391504557477
6.146882967458471
6.163740873839599
6.060858652435753
6.002905965919122
6.087414278895017
5.947100851539157
5.897820503418409
5.95950784200506
5.874326975081839
5.854388880663337
5.873909259655314
5.8720784997231945
5.894157408554574
6.044215858176721
6.101275704566724
6.241945283396059
6.145168189985366
6.194360703738993
6.03273421588086
6.034369484015701
6.188760038058164
6.474688430887376
6.722796620918785
6.799836756059392
6.79167981416167
6.718379256824952
6.67302956876047
6.526374779019354
6.317122459553828
6.238731649748114
6.191999579592686
6.082301049299749
6.147989072749611
6.150805946455399
6.075934578816421
5.996578406640114
5.884066458548859
6.049569722512576
5.968447923607997
6.0686407138927505
6.125790433565097
6.269750462745241
6.330670338907992
6.330165732592861
6.21090145927336
6.143140704438113
6.1725923209040445
6.377521993188665
6.547350116586073
6.677713998225998
6.651520267510673
6.627067706688523
6.676225973444769
6.490266061533255
6.105215455354123
5.981368388502526
6.044953527859968
6.260413783185755
6.310891273651904
6.2163482165528725
6.0562793559549135
6.0407952548845145
6.132543617639828
6.235536649164289
6.24389998656265
6.009384463313717
5.766388981669267
5.828627865588891
5.982852021595349
5.934428323931146
5.96997541828666
6.028471030834572
6.250820806959103
6.462706319205268
6.5274957404104725
6.463970828595761
6.273659299739645
6.076996126724414
6.147350377745172
6.217440517518723
6.35938728501728
6.42891372635044
6.3458203857177145
6.372598459198667
6.238728562918312
6.121355532513576
5.9951616512084716
6.014011110983436
5.926581329600509
5.7645582307944805
5.8379228923698685
5.990948352530713
6.295452346070268
6.393494808419609
6.371255742541261
6.210828307077511
6.172984994154552
6.187778622082071
6.379844477257728
6.354901464702742
6.261255652764062
6.253011800890464
6.309906070636339
6.446540717324079
6.541012263335147
6.625926699104828
6.555550403965046
6.500797351813443
6.428945149071255
6.293410438126058
6.310414341500791
6.310914460297234
6.2834306989986395
6.310639070399454
6.275876179809113
6.162563548902585
6.373277908469889
6.367860164781878
6.2549444599233635
6.261926229704682
6.23475324610042
6.288791148213493
6.536735564154206
6.496311969592202
6.5886983780280595
6.5981530676384645
6.556642786606013
6.504434773512405
6.334145545306848
6.1476815559648434
6.0493408752992845
6.113947501220627
5.985361128318904
5.972636584377366
6.031761343057769
6.1079979846897
6.131565540346752
6.125291287207753
6.0245881873970575
5.997162133863195
6.05845367235407
6.062448060449692
6.1087177710043346
6.073886855975999
6.212362601851698
6.145755037032295
6.272589849592336
6.185114181212747
6.163218890914695
6.222960476142991
6.1943805448652896
6.318771390411516
6.162933858439271
6.115687414886786
6.099651050062268
6.174377928373689
6.147197604776985
6.214075603069033
6.223643338827615
6.263729047766154
6.269136376060455
6.355070461892026
6.4352621299948
6.477993851972453
6.374712417135231
6.289099683700667
6.234555441582134
6.342325276603875
6.275489958591937
6.430153987406844
6.473759153110269
6.376672493110532
6.469069564194653
6.524077526436098
6.517195799042764
6.3881260141399565
6.19510947640052
6.1101648545500105
6.022361558319593
6.0942334486163885
6.18208565244552
6.2941331055842635
6.2948984203663345
6.342052150654801
6.442657000736165
6.480090025589725
6.296762796925722
6.269628283503206
6.126605707838206
6.114542460495272
6.332147009585866
6.329179354766975
6.491063883280604
6.465603317558111
6.550146778655047
6.521375625786865
6.315201707679989
6.087435489971788
6.217040765840987
6.445380246385785
6.501914150751363
6.55625396301045
6.631699065360266
6.565865967192098
6.420267554004156
6.415961671070671
6.339012270248479
6.205290879104074
6.193563947755986
6.23954831778554
6.174080118362567
6.099133538792938
6.136887337978758
6.256903629919947
6.329198136027149
6.373290588526625
6.43324023954114
6.370158558490463
6.328104963947254
6.201842026862946
6.210245806096153
6.417559368204295
6.52975316573107
6.52992156796079
6.563839588437428
6.719162813485075
6.8099615014364545
6.767188470362586
6.6298767449754985
6.390101997508707
6.424815805052012
6.474785749888605
6.456613578362255
6.37548939424848
6.450445526204217
6.428681985589447
6.466515548581663
6.3671204695212165
6.330840699860879
6.3265068484440405
6.155472370899109
6.033613570886928
6.179757111787991
6.458253924011764
6.603025523646288
6.572168232913103
6.400590675125033
6.2519110798873125
6.336199704336487
6.285700368572173
6.397952884777515
6.395084478611622
6.324950546193572
6.392432371561733
6.504050547512397
6.38907023875224
6.302282170567927
6.275413788795464
6.219158221824279
6.107532118581265
5.942610871613803
5.814858566215228
5.761928684028773
5.821200021604964
6.0576868570854385
6.195583961312217
6.120008067523681
5.932703761217265
5.819795824839323
5.793168548474004
5.906016362963075
5.975966960600586
6.213924309602511
6.380018371484478
6.465122767260168
6.546698303487914
6.553325515568623
6.607578853499498
6.323221264016512
6.194895091409428
6.4076685725183165
6.449435077662804
6.496559797150207
6.439203689733416
6.382905305037387
6.2514843663006765
6.217006208818246
6.2860049781782195
6.26097116257031
6.131214300966905
5.963550679609514
5.860009264153792
5.74522579351811
5.838510500154118
5.735152913634359
6.008171699309404
6.148944183305881
6.333241322188155
6.408433208801848
6.2310420578808365
6.180801120210643
6.166950877552249
6.272668270084114
6.2131973243788465
6.246529743009926
6.3537665827954175
6.32847622243551
6.352116383057406
6.19681396192881
6.000943366968567
5.915533613804805
5.851588282354079
5.906953818026118
6.015981836633324
5.948840202041591
6.016441853343788
6.079930623169899
6.310498438648393
6.255935824482401
6.284277874647812
6.195258236233197
6.166586534417607
6.150079959522639
6.250251950614601
6.215939813144408
6.326037507324637
6.37172340175293
6.455632014475762
6.52381235149148
6.407669941632253
6.304396999114815
6.282216046926204
6.335881461889843
6.361441126229319
6.36765897764548
6.349400223750869
6.308019149167568
6.430565227183749
6.555141511513246
6.6009981914311116
6.409356144965047
6.3266749033484375
6.170000500915474
6.201528005311347
6.107144526978654
6.159117042462524
6.340157788934827
6.570119573591104
6.720323283539475
6.660452332308053
6.769925032303904
6.8179566790576835
6.849538175650268
6.967160267542592
7.0369441482374055
6.989095005181128
6.981268306233478
7.025067205000101
7.023490243039788
7.126261940712721
7.174618960078646
7.395064454601061
7.440135706856492
7.450903933502736
7.517959612408704
7.527218684718533
7.821095113097645
7.8325026996275176
7.863843756356822
7.7865473647534875
7.810888836634785
7.802700270148476
7.827800756021948
7.726757567236075
7.578385953600769
7.545702562723146
7.315062801454811
7.2836644572889515
7.450864062928659
7.48519881280458
7.390745458500038
7.336117692234673
7.4585526625855705
7.578326649559165
7.522356606960165
7.422162411258113
7.431969946285047
7.365257327320231
7.376563770836547
7.414871931079434
7.474861070135634
7.518076281655752
7.59791715322302
7.668449666676975
7.780696383520349
7.726737022379639
7.763553573528513
7.908472706463215
7.89118201390769
7.918619399239725
7.781584995767454
7.777240385841885
7.690090055365493
7.8009776613737944
7.813465802229113
7.726532444590172
7.598863815871802
7.698449065846041
7.717778270083167
7.467961292866475
7.355059478045512
7.415951480696754
7.379956828912463
7.384688493618805
7.562464854371577
7.553576046877743
7.550136869023304
7.796542045175393
7.940240490838317
8.052744977361568
8.131422029305158
8.04353837985667
8.153998833892986
8.280042659872695
8.217386615109941
8.02976240393108
8.117824343329605
8.233043975753828
8.157195740588037
7.975993807592674
7.998787392192318
8.058758501699131
7.943923718170311
7.770179943524542
7.712243764889641
7.680690296315987
7.5595738796467
7.551921146991981
7.579429668567523
7.5680520345622115
7.696596412767271
7.878432951221541
8.112662689889131
8.217540719858297
8.087233822253529
7.97450115891567
7.99326611344255
7.87210834057397
7.9764383011291144
8.094903994460125
8.162062061295215
8.074753011089955
8.189640012610552
8.111322226868277
8.071569959994477
7.841643741205443
7.6702258632216775
7.764566547503879
8.126255376538523
8.009988581943137
7.972337465727615
7.865620614036187
7.814549218317668
7.619681972762571
7.45386252075219
7.616182082693518
7.753359602387507
7.784598384454524
7.697945213923957
7.647381358300187
7.62507537796943
7.69594975879947
7.751242087391106
7.696702674200516
7.8722559059611665
7.827786527214924
7.742792546762052
7.724321553984896
7.722654066607191
7.932230528131603
7.8385511295643
7.860475890469299
7.885004012790329
7.865039253952959
8.123025577947423
8.011015460293091
7.824069496055704
7.775380780003401
7.756654435293672
7.525415936127492
7.47015715589867
7.623283846063948
7.613287083326986
7.5841274234899325
7.62756964360715
7.622547260601357
7.674942530687443
7.74534087045079
7.713331396498856
7.6563067345785285
7.749176456913745
7.743233918753981
7.676033573749716
7.616719154574583
7.69259658083765
7.910730016758069
7.85608968318601
7.729033037053112
