5.056128044027397e-32
0.0028046841451950786
0.009320954023110825
0.015828192093765465
0.019883729139017006
0.02192298609872891
0.02324940725349975
0.025298345895268255
0.027422602871087817
0.03072403689669209
0.03489964830395212
0.03898638387418272
0.04443155661476156
0.05235624279938572
0.05951830915570766
0.06260033179126903
0.06064035435630985
0.05521282964655226
0.0478887503072192
0.03978646772371486
0.03212155246938888
0.026117624695669275
0.021705124518852627
0.018412529092804327
0.016204086973753883
0.015149265487009978
0.015029775157624794
0.015315283840813031
0.015324578584723114
0.014870938851993185
0.01514412753358282
0.016650293612753567
0.019683770641283398
0.024302718208226964
0.03004028441160805
0.03563169738338866
0.04107001339419497
0.04641962457181981
0.05179130100586619
0.05623706456000376
0.05901598019125585
0.05907945411171457
0.057723882951358725
0.05447997395134759
0.05006524713712406
0.04587812682346279
0.041819515946564856
0.03741825700437213
0.032295573779381616
0.026817257326790248
0.022221656301081583
0.019634854749492937
0.018638566048731497
0.01834445903934888
0.01787772298228663
0.017737366096173785
0.01825750172167647
0.019436874517298103
0.021309622437194968
0.023462814810830207
0.026317817886573544
0.03052913441453996
0.03609321955908535
0.04147744252475159
0.044312123239621734
0.044688369954899394
0.04428047549792338
0.04600633301739046
0.04914378960899255
0.05131592736114848
0.051938223999690454
0.05029878736554195
0.04613074671622897
0.040608250399227254
0.034959923131481656
0.030790243969753966
0.027604939911304027
0.024374421790496006
0.02119732133725315
0.018570238957445098
0.017151360980841766
0.016669565375470617
0.01697736926463051
0.018300409856299434
0.02014457449735561
0.02295069117765446
0.02657436446993063
0.030425076790543893
0.03320295204868091
0.03445297903197858
0.03527146047516228
0.037234023415993175
0.04022034672525149
0.04296413516050285
0.04435520793924797
0.04403428209467324
0.04214431296298175
0.04050764628822067
0.039191521258682714
0.03824857066279743
0.03637967523805642
0.03329310556105316
0.03026054648527442
0.02659418790499836
0.023774440511445203
0.02210121888794715
0.022189016751792863
0.023000998971020245
0.023662503973724127
0.023996343981615566
0.023509710744819137
0.022690366172975648
0.02218297737261986
0.023102690030147664
0.02603392699575318
0.029758201967494426
0.03255302287784681
0.03356133776171441
0.033726495497651734
0.03390360722577642
0.03607827680677082
0.04037959109690873
0.04491442141785107
0.04668603709953987
0.04580097917412886
0.04217113937932594
0.03722995453725589
0.03179883677707497
0.027270845483414952
0.025082129126859264
0.0249430432560136
0.02545179381543638
0.025692855411177995
0.024705891073532098
0.0231022311395804
0.02146093981291405
0.020402302864140093
0.019636810238529576
0.019527865859380673
0.020745163015400126
0.02330099273106627
0.026828081704924775
0.03033377152308503
0.033750200551684435
0.03679297957559508
0.03917787326903224
0.040441847942326
0.042306017635780575
0.04344162215846329
0.04386999239672397
0.04341431885796439
0.040832999935014325
0.03712387023781139
0.032961697082747675
0.029052335572898796
0.025952130864458217
0.024191467486615784
0.02400098888110336
0.02384457331514607
0.022940526268737455
0.02087134720741498
0.01904627882951378
0.017927387786582722
0.018266906951994517
0.02033646478794895
0.023080422151678076
0.02486182554395649
0.025356269376668638
0.02540603258272444
0.026313497443745518
0.028545814604152255
0.03223937024595623
0.035609602938548056
0.03716918758816557
0.03643439832057312
0.03469573295299873
0.032659973300888934
0.030838949945064673
0.029463797207511234
0.02859546079159856
0.028471444812508455
0.027067007754506753
0.025099906669063712
0.023301404344877128
0.02304838125361884
0.02343512191342125
0.02372545217967453
0.023013799233865182
0.02140673030603447
0.01952664699333532
0.018485400651579227
0.018757659802659664
0.020579452419901244
0.023829066291843077
0.02720539834478678
0.030165719526256487
0.03248935417836066
0.03497575173944155
0.03660645386769444
0.03661201605771141
0.035598199629836444
0.03663194883559041
0.03959876996714776
0.042813164276748576
0.042975371743144655
0.040160036580000114
0.0363937581010331
0.03333938346310101
0.030199185699234004
0.02661252015022301
0.023013346500235767
0.020767149876960215
0.020003292340560683
0.02050679051243986
0.021321537807433656
0.021169586351620254
0.020365684681844288
0.019329754338001316
0.019571992312699432
0.022126150967636572
0.025585514703419146
0.028433013952274485
0.030349609455525457
0.031157811687838856
0.03190465518271959
0.031761016307423603
0.031378534018335125
0.03160481181360431
0.032639437452113944
0.033817878145233946
0.03391613634970322
0.0329943830612851
0.031095219481629268
0.029357536579513514
0.027164198013150235
0.02553941409792433
0.02451603854380546
0.023939594608834214
0.023778331374676265
0.023644882998411165
0.024038038247820373
0.024651208666474567
0.025542902786340315
0.025757804830607762
0.025623771710185084
0.025560255517005224
0.025578277772630515
0.02498967995617781
0.024160148762630625
0.024042913538549086
0.026313829801552745
0.03030023490507249
0.034840128717861546
0.03743914678118443
0.038111192053632635
0.03735063226354484
0.03582374378195964
0.03345792573611258
0.03225634766907798
0.032243631743153284
0.03225400510562162
0.03118337059354754
0.02978468478474253
0.02804730849457889
0.026050339511744385
0.023909275195445386
0.02249152496186107
0.02233803965100951
0.02312769141890289
0.024189462086119346
0.025561011426959806
0.026155893088017714
0.02583383620590153
0.025020332588166126
0.023663936567453043
0.023172891719967583
0.02443276592127629
0.027673494666815287
0.03221114092784658
0.03730261866104535
0.04241495129321861
0.045602471004954265
0.046772488428403335
0.044484598714523205
0.040266725074497765
0.03495485334507046
0.031173909852399994
0.02973947791493948
0.02941964255197272
0.028783241229155293
0.027135682613065492
0.02456545917312211
0.02277776121138881
0.02227736479990622
0.023443123084435767
0.02472158942021338
0.026586216836581245
0.027346456489470886
0.027199076302915334
0.025912782897251397
0.025142793840023176
0.025667007663226455
0.027742480534111238
0.03135892117841578
0.03534626695980336
0.03858724409138024
0.039976973837840685
0.03961838818005022
0.037452601306268124
0.03490132820673447
0.03195096795756383
0.030262775986721342
0.029740165538934563
0.030195479984325764
0.02999265301006709
0.029189748614417244
0.028084576669526115
0.027143927626553172
0.026320927465966048
0.02573609886837263
0.025502084927443693
0.02601113252398766
0.026644366313534364
0.026267338041096867
0.024921678043306944
0.024429692448941855
0.025113668907755012
0.02692861412425624
0.028643391158230436
0.029410032373626188
0.030192770138551824
0.031029831681321677
0.032304983399985776
0.03389427639162886
0.03599858748113507
0.03779569153995532
0.03926727904252144
0.03997976383217371
0.0395408457165251
0.038357314434480504
0.03740953272105734
0.036538052579527074
0.03456676511614928
0.031814517734365395
0.029424738881578122
0.028083604460832665
0.02728763176840736
0.026240817279249793
0.024652332551791008
0.023468915684064083
0.02331151372521431
0.02463368050323874
0.02735372838608835
0.03077147238103917
0.03353640136668681
0.03518335507375974
0.03646220910589071
0.03645640629660804
0.03601008545517788
0.03485593056205222
0.03380586194596362
0.03345448801995127
0.03430616764630956
0.03482132585543555
0.03409093412474373
0.03277290484456764
0.03156643575466417
0.0312673686122127
0.03110367345757814
0.031555228972465134
0.03263052480068006
0.03396093430003869
0.0339053982876438
0.0316890800952189
0.02890223053420928
0.026314837182341625
0.02467297690641329
0.023416272594675765
0.021923449822944887
0.020253294912838234
0.02000989881519711
0.022043881897089834
0.02550344335901303
0.028023810926003766
0.0294277767438152
0.029596230394109947
0.029095818566595703
0.028976704799397728
0.030464837502639074
0.03320926967388205
0.03625343154788281
0.03753351068930473
0.037664998830852836
0.037514343992440045
0.03808200966577228
0.03778225306499966
0.03663472392695481
0.03513801763929305
0.03398905740760223
0.032559061001608054
0.031043029551431425
0.029237575560883425
0.02710608294756311
0.02557679497826169
0.02516406326294755
0.025267415431303814
0.025392445816306532
0.025872711615344195
0.026661447910913724
0.028678123716004804
0.03132871672192726
0.03397282217788034
0.034848529697366015
0.03454825246364518
0.0346533179742354
0.0358530779876041
0.037539725910366174
0.03865561611475124
0.038905745861978085
0.038417001640395805
0.03774110892667206
0.036733344330495764
0.034727237348997485
0.03198194922749274
0.029801578043956715
0.029132202300713547
0.030395680131959188
0.0323814953583161
0.03393724774552738
0.034464262087311535
0.03443855384381561
0.03409734117245681
0.03232511649620924
0.029510666753401638
0.02613904936425668
0.023773549399664702
0.024101278836786953
0.026866985038844892
0.030368719431142614
0.03334405849878699
0.0343576893026718
0.03398010480400423
0.03355143608844125
0.03398672619201421
0.034365973412109375
0.035123212913457574
0.03562457804129179
0.03549395866109993
0.03416863011543092
0.03263830103083002
0.031836215722098965
0.030674347833040596
0.029372851034222106
0.02842346348139269
0.028819593983049646
0.029571825737458025
0.02928081048378218
0.028144203829059806
0.026053871094232083
0.024137022358013197
0.02264970776343453
0.022572128290110346
0.02367651944647724
0.025951528100595693
0.028045526193358063
0.029269978535859227
0.030108145356517173
0.03158036243520564
0.0323872741665246
0.03317747592216466
0.032614832236028846
0.031970756700314025
0.031192947398381042
0.0320304383743278
0.033882023493543835
0.03583572666653066
0.03683603251454855
0.03605163707473327
0.03364388466838553
0.03038227969901045
0.026918661644130384
0.02444324945076656
0.023731322956319387
0.025014821071266936
0.026591294738919895
0.027172899847110125
0.026987043541547885
0.02634100996924376
0.025931070724026558
0.025538763515740307
0.025880089605707556
0.026325318986612698
0.027123175657433683
0.02815233880925589
0.029583716633994613
0.03083237269521452
0.032290637479729524
0.03365434248872498
0.03421686502269358
0.03370988489564952
0.032865915793527656
0.032441739381336966
0.032509989824650566
0.03284973979711825
0.03297786802689668
0.032589605383277154
0.03211308036562357
0.031322781500418166
0.03031868087685823
0.028840733724438548
0.027208201045973844
0.026553453346127673
0.027085136771798718
0.028782267752438476
0.030312233269794396
0.030427404410416133
0.029271347552769764
0.027847498934982538
0.026994250784407318
0.02714498057488471
0.02811472291793607
0.029205705042205238
0.03163569200427588
0.03531401216944999
0.03841784203266652
0.040119256863384176
0.03895423584357091
0.036933028306911975
0.03509334242978192
0.03444800993647913
0.034242721758738846
0.033544282609142835
0.03252103719397001
0.031188349599291353
0.030754352690678253
0.030504156804785913
0.03013074867162806
0.029692837281937886
0.02894989331439739
0.02790774018677627
0.027352245955571914
0.027679262476117544
0.028580010499156296
0.02965823718421238
0.029677837744427293
0.02922710132416142
0.02832736384106622
0.02742710857439124
0.026934088848739428
0.026147139431197126
0.026658403953704026
0.028034318197581034
0.030090836956389495
0.032576042593358966
0.034414691664961056
0.03523470637614784
0.0344019961542128
0.03297048554669415
0.031916395133166325
0.032114118401583555
0.033873794907005816
0.03670606910666347
0.039544245651236286
0.040527339171855956
0.03900124424118643
0.03571574397862972
0.03280954129328946
0.03084053508979771
0.030064751791421106
0.02989649507008124
0.03060960750982661
0.03145066744697335
0.03130954149604937
0.030622977960905188
0.02879352724311575
0.02690391319078176
0.025816955572497795
0.026329050943851157
0.028784404183916153
0.032369232648539296
0.03628499362356341
0.03859576075448354
0.03876468322280162
0.03755770141075224
0.03530598804817122
0.03360329316793579
0.03245348278238965
0.03093406459194115
0.029598186830856764
0.02832551789683709
0.02744882953802656
0.027699016247800773
0.029482125377438134
0.032209614490912024
0.03520896471305695
0.03643573309040713
0.0364408732717315
0.03621291877402704
0.03631432194314305
0.035522019460735806
0.03355079163389495
0.03129285629573142
0.029846717480813575
0.029538930472784494
0.029472270040033794
0.02969772294632511
0.03003068599719352
0.030549229333471994
0.031176397215275407
0.03144303648909556
0.03169411183387856
0.03149923428370633
0.03172760990327294
0.03284576815709282
0.03450483271769779
0.036600428766523675
0.03718364242842272
0.036740676168456866
0.03535518877177114
0.03367217044724672
0.032131813171631614
0.03101956238244284
0.030639267720685016
0.02954992635982356
0.027814533207700613
0.02672967005363927
0.027888434232660297
0.030042827928279624
0.03140501626660156
0.030862206942703134
0.02955758560273097
0.029085441763510446
0.030973997801165627
0.03364936479092431
0.03521735224910357
0.034762903564096705
0.0324628273029303
0.030334629400215415
0.028951085122211808
0.02798288107961113
0.027681330413973866
0.029108833156984714
0.03101627867789851
0.032807979952279416
0.03332900714693308
0.032946542888998495
0.03163760904905108
0.030139398518889502
0.029388411128565255
0.029338380659334338
0.030009403896337303
0.030496180715126695
0.030185279810405037
0.02961051027151943
0.029149182161601374
0.028176929913032406
0.02805612682764758
0.02946193026361746
0.03214343493377309
0.034035973706320714
0.03357840927850927
0.03149320269497756
0.029115796530598422
0.027745977913793757
0.02829190039103643
0.030387915747315915
0.033099173650180676
0.034528473575381274
0.03397556450461945
0.03172020986024168
0.02955762373315686
0.02831347449731225
0.02910051319923545
0.030612185794500188
0.031653873848773564
0.030599300931687105
0.02887797793394588
0.028301049965396598
0.03056580005506129
0.03452147869635968
0.0378522297085083
0.03863875270183292
0.03682731545711377
0.03397202081837809
0.031219838351285296
0.02951175209787443
0.028614675625363024
0.028784317959868768
0.02950550730458439
0.030113698744862874
0.029634362471348322
0.029008930464915605
0.028602835061331846
0.028687684051624526
0.028890103839340844
0.029541334387172012
0.030656199227632526
0.03195436338383716
0.032548617339502824
0.03159405082238438
0.029386513813628334
0.026707595377717355
0.02464587536713516
0.024268173744850272
0.024888473357603077
0.026244803937578658
0.027934052008530504
0.029439048999874727
0.029930995631808566
0.029845185853599618
0.028895679901807764
0.02853589577706496
0.029153312162175787
0.03076330316587768
0.03170178603193514
0.03191781797889761
0.031885225520229855
0.032158579058635985
0.03202547184385386
0.030611858655226958
0.028311749017789635
0.027685421841769663
0.028892551184622937
0.031011674948494473
0.032217856117420396
0.03269889514571061
0.03250556473793326
0.03241267081304421
0.032654866779368824
0.032454222035603955
0.030928208868274205
0.028669475024177854
0.0275971424536043
0.02873437142533319
0.031194864457115373
0.03226353708447579
0.03133945806826994
0.0293613326872879
0.02685410331823883
0.024751843135790416
0.023510888546102095
0.023652909447695436
0.024841552153631503
0.027170428465802428
0.030256111908606526
0.03240646353867318
0.03310915799794864
0.03178128577501065
0.03051650718848268
0.03085570661230737
0.03327986440282179
0.03621723894072969
0.038098699757923134
0.03827650851871712
0.03747753265618133
0.0363054850501503
0.03424024728190464
0.031585834996355436
0.02858370915011299
0.026549288661168662
0.025452698710898274
0.025354617239886478
0.025556779418988793
0.0255634059931229
0.026014754365282815
0.02643301574519298
0.02616910577175117
0.025269288599608905
0.024819547403146826
0.025816525484999988
0.026905624811617294
0.02774403043946582
0.02855182273443196
0.029204560733225072
0.02988022632081458
0.029186388904945727
0.02883913447715822
0.02898117369406004
0.029646081150321316
0.029944318356207974
0.030056867434953047
0.030403155951629287
0.030142117152883275
0.028960636626215727
0.026587512484327745
0.024761964615989337
0.024332487497204926
0.025362638251124964
0.026204339655082863
0.02696730837369156
0.026315195375022516
0.025223566135796984
0.024959815807242904
0.026275961523514878
0.02797281564483451
0.02870058856687164
0.028354634563551893
0.02724193593778492
0.027325534516437034
0.029711473894429616
0.03306339108698727
0.03575858889619388
0.036071918343993266
0.03378486711600385
0.03134877700023996
0.030098638759808956
0.029734653524290784
0.029484962106661003
0.028902050506055748
0.0290704399060818
0.02919242691242726
0.028784099016073435
0.028214047723577794
0.028632761519079532
0.029850397870850875
0.030712892899101184
0.03078811491100569
0.03054882967713123
0.02991708283912916
0.029589840030675232
0.030080970807734295
0.03201671091072884
0.03447177164699011
0.03574632477273169
0.034373067614054224
0.03133841029460961
0.029065425312931503
0.029000554310134458
0.031083369746803705
0.033333064225773854
0.03456542132214186
0.034119455177338914
0.032219702676052515
0.030052902548891213
0.028944521268002153
0.028702617102333905
0.02952990401709371
0.030698725923288664
0.03143334932315221
0.0327470693871724
0.03240589026400053
0.03114694612797097
0.02945726438772606
0.028374071412456212
0.028307685560795978
0.029876668827231296
0.03234940315583111
0.03456828504727326
0.03486736279578538
0.032371167927508854
0.028783022188875323
0.025725043461218094
0.025455975666718585
0.027865339146690375
0.03076992894087586
0.03285544588034317
0.033063897308927226
0.03224732488314506
0.031520684002414714
0.030861861002441718
0.030155848858891124
0.029279927113015976
0.02802707565474907
0.02748446245000464
0.02831014694839274
0.03013811283058306
0.03135941814044371
0.03041444748005429
0.02810365363583665
0.026098370965105307
0.026293919612320315
0.02787346052563668
0.030147261566937807
0.031990958259359055
0.033130742711640314
0.03354098206269868
0.03283896021624706
0.030625387163724024
0.027844458260357887
0.02561191721581851
0.025028296713165837
0.026492217361940667
0.029242546368634048
0.03148274313038302
0.032388300051545395
0.032315369521809745
0.03126901901598525
0.029888192269906213
0.02829472036362816
0.027628666293542024
0.02747291391042342
0.028181246876408158
0.028567482136438158
0.02900233068485712
0.03006441736025645
0.03165528626355807
0.03298704919006463
0.03323581048672097
0.03175731457849628
0.02937982562946393
0.028212596883513755
0.02822609382689936
0.02973080116996449
0.03205908477720671
0.035337838916847414
0.03903869476000944
0.041521139510219
0.041493018005278846
0.03881243349985931
0.03633571553230407
0.034926256878906624
0.034497194734745544
0.03421306125174309
0.03362122546975208
0.033228977279085296
0.03262196261119671
0.032266281309759434
0.0318122469309791
0.02965876994496995
0.027084700524716555
0.02508238948874523
0.02411703675633622
0.024120357883392333
0.02477841953945877
0.025570167643445035
0.02675246831351146
0.0269926011528671
0.026954657244546102
0.026857892496978255
0.028074351937016215
0.029899683748777772
0.03294727837428462
0.035925882326490084
0.03745631841732445
0.0371195802933229
0.034422946324511136
0.03133327348683584
0.029217791320081652
0.02864351874596547
0.028696029518958017
0.027966153848428106
0.026118809301063774
0.025098898383021692
0.025369301082930694
0.027498373611464545
0.02945941613580418
0.030564671286520267
0.0300478929095556
0.028306973254507806
0.026233165629550033
0.02499510792882812
0.025318478918551053
0.02699557814745334
0.028655304586714746
0.02951003344378163
0.02984584676321464
0.030157317218100353
0.030477244516532227
0.030378439772831556
0.029675960443798225
0.02981396488537743
0.031124494730241137
0.033905967584061364
0.037277067064271564
0.039998894339460196
0.04083149858002972
0.03952784062373302
0.03663662845602501
0.03240280021849861
0.028745896579449114
0.02633149768817612
0.025973635815199847
0.026764912373751924
0.027428987714552912
0.027413035798624072
0.02704995264558931
0.026963699392175845
0.026640859430247674
0.026377968518282325
0.02771397473218302
0.030327299697147276
0.033800241815953036
0.03635549187119952
0.03621278790937007
0.03417002003305687
0.03180509779004032
0.029046840188689294
0.027812510476045205
0.028163646996715124
0.030412122908443584
0.03287211299106133
0.03416064563858372
0.033885851231512824
0.03184644795172157
0.029743285335908726
0.02792461514884264
0.02654232745979592
0.025531733405888712
0.0256569500355685
0.02729936881699665
0.02967847642585207
0.031850463250518234
0.033184604845486285
0.03302485727484436
0.031765657681404776
0.030040204736211704
0.027960335024704356
0.02644763578262633
0.025448193012492116
0.02589296829162351
0.02752108815435664
0.03049287926522097
0.0327942315729534
0.033610468323936854
0.03195903847413302
0.029191165677767594
0.027207190152782692
0.02648911597680655
0.0275126374606929
0.029393377545260176
0.031001709606457952
0.03160771866225635
0.030103436758196433
0.028261491726818123
0.02696596265929485
0.026992372666398753
0.02691020618867003
0.026699313270949855
0.027600781857996498
0.029610636919153124
0.0320202189469822
0.032587158268710684
0.03066625703249357
0.02743064449610205
0.02483123801404611
0.02364613508346226
0.024417366500384775
0.026286400605674446
0.028501948682216217
0.030284942440673746
0.030716718340720654
0.030071665351545616
0.027791451455859865
0.025602785648391718
0.024966376908114287
0.026160891450843906
0.029305811287803987
0.03157021180416494
0.03363115226481009
0.033849844024433993
0.03244588285696006
0.02937340556449011
0.02666463119649
0.025464134005335363
0.026434689055919922
0.02915477134245437
0.03211728419428816
0.03327366475389103
0.03289395436500526
0.03103769337918473
0.03015945530948952
0.030337193646622528
0.030557540935487463
0.030018832362990622
0.028207511121776715
0.02732936612932282
0.02789636369333025
0.029377070268759655
0.03000166221818446
0.029479491598000323
0.028145803833801393
0.026851191984901945
0.026183101097228306
0.025257375358885458
0.024315315354718006
0.02387100575784979
0.024833180581680648
0.027182977237698785
0.030002272744777462
0.031052156395336365
0.02986612914474352
0.027560907249080127
0.024448272842047602
0.02300413946994055
0.022908496130789956
0.024059349125793585
0.024849168534741874
0.025924444898556862
0.027557683516276875
0.02942152394773946
0.031044854463941195
0.03169157246313441
0.03177277994952558
0.0303279688228433
0.02860853196750362
0.02750992796311431
0.026592511123952403
0.02613207656877529
0.025761455163644947
0.02627455357549143
0.027167657035213483
0.0278038919717431
0.027743257133986517
0.02666684820114361
0.025603825812356866
0.02535835809617623
0.027024357738911393
0.02929294946942968
0.03103621711547823
0.03164670896986055
0.031610091269912086
0.03161268362904256
0.031616949623993876
0.03124799857138678
0.030068629799188208
0.02912802662929896
0.028837127302348945
0.028157849229748545
0.026158039974621364
0.023324320885146285
0.020482837264783664
0.020104716711258346
0.022687990557593185
0.027354404804170625
0.031772837788400975
0.03428785636762583
0.03420937339723121
0.03216351807465192
0.029783674376377144
0.02860015381625838
0.029024827321289127
0.03050837984167067
0.03243008188635396
0.03373731081521766
0.033357270496707794
0.03176337274870761
0.030108779220387242
0.02842331911019408
0.027812420031008804
0.02733160507158742
0.026804845823244088
0.02729092286695884
0.02847718152956966
0.031099429586011616
0.03278094925824348
0.03361967605457219
0.0326737899936758
0.031235876915547734
0.029122560815805425
0.026481446058590364
0.024447866959933163
0.024040313033711954
0.02558290620510827
0.027365647340096895
0.02843904425561943
0.02875854417507976
0.029313421190980963
0.030688481533056994
0.03163586475989192
0.03135204496489322
0.029969262011053092
0.028751383092527345
0.029416081963793764
0.031179931557031516
0.03309706122100179
0.03354501395974374
0.033151759147068395
0.032156160637061816
0.03211050502443586
0.03216645237340844
0.03168084855280507
0.029852738241191102
0.02719376312864351
0.025522674187350596
0.025523850525246482
0.026099638753452177
0.02685641173223289
0.02662565703615447
0.026390284898163897
0.026455262237105842
0.026641367203033187
0.02617884041328484
0.025846997449424213
0.026924430273697248
0.02947273484873257
0.0319695738403094
0.032448537293184386
0.03170630379876041
0.030616211224923216
0.03142976583667511
0.03288854338061942
0.0343322260145012
0.034511871398800756
0.0341014246887671
0.034009499445966346
0.03303250930610201
0.03173447938809769
0.029782760090078762
0.02815723195518212
0.027842026833283767
0.028637691134040983
0.029417276407603173
0.028245181845930445
0.026546143456804394
0.025569559231072514
0.02670618764510735
0.028956451165520283
0.030575460040037514
0.030357301198453226
0.029606023183669613
0.029532909167806428
0.031225186497593458
0.0332937973268102
0.034851813949226804
0.03509341339593851
0.03382439194108638
0.03228145994305551
0.03150715979072263
0.03268384867043013
0.034891095219094136
0.037080505331609004
0.03817226360658665
0.037251352303269494
0.03469622330059638
0.03223805764365224
0.029771800946006448
0.02734901726103813
0.024683342844750215
0.022520384746280837
0.021927597512352376
0.02285311280082427
0.024759213517166336
0.026118157668575576
0.0267249233941836
0.026449624699590325
0.026195969282449973
0.026594981611848117
0.028511880079975103
0.03137921861416752
0.034172489452246914
0.034595169207612825
0.03361541751831346
0.03126566427053183
0.028824030956672058
0.028023975514340174
0.02866776028728312
0.030660976810835582
0.033068593541675406
0.034473049315890056
0.03367673536140045
0.031848544714719505
0.0295826011922025
0.027832953718395816
0.026831755013426842
0.026731701985714253
0.026420434866251025
0.02647361440610343
0.0263823850804133
0.02763090782430436
0.02838522774263632
0.028688017532174318
0.028539079390685927
0.028691414512926706
0.028822617397968008
0.029466082984853023
0.030565210610477525
0.03161470625441763
0.03144936655563641
0.03041744236400514
0.029806478489792232
0.029806651173430853
0.030366578557103143
0.0302277525276297
0.029995929377374657
0.029532564234971706
0.0286907101002198
0.027790180500333456
0.027411559635475237
0.027510075110386445
0.02841256551616695
0.029049481326031138
0.02917838123609955
0.02904577612060647
0.02866270852200444
0.02845734356689483
0.027749007578912934
0.02707208827483202
0.026062788181539835
0.025023444481298923
0.024820646242208182
0.026033635854363146
0.0289972852739409
0.03233474738128669
0.03443187510005338
0.03422504344226008
0.03310055259354679
0.031352477955973304
0.02936935565616477
0.028278708203750287
0.028242084924546433
0.028905415911102846
0.02959102994969949
0.028859270311086642
0.027985301618469762
0.026969372736306785
0.02686995681907456
0.026927478365975165
0.027245199086022756
0.02763479364042651
0.027042712831119232
0.026056533296756723
0.02513606583018211
0.02490524080738383
0.025623038952598542
0.02743842792331546
0.030026322857452825
0.032262136117389616
0.03312356146127487
0.03209669744416943
0.02982202788554202
0.027730573733329836
0.027588581392698264
0.029186913007407257
0.030593791393578734
0.03099862843006209
0.031574058540286866
0.03264869052302024
0.034443541699625733
0.03525219561023378
0.03411072674050583
0.03126171684049556
0.028610619960398466
0.02733961009353876
0.027679867222806142
0.028805603643112257
0.0296857739961697
0.030018383948428692
0.029462716017186967
0.029074779315410037
0.029395468748368465
0.030143439715068342
0.03089143822715964
0.031018025030202307
0.030644646201781436
0.029964028679313342
0.03095782500435714
0.032871413559279666
0.0346626440522128
0.036444636152930816
0.037534108072939325
0.03731746111427131
0.03641181692491484
0.03475300074616248
0.033471983933721715
0.0332945282815126
0.03416615856153706
0.035394348580743924
0.03552902699545538
0.03338341857231208
0.029927570056149287
0.02713195177198144
0.026611127741387963
0.028197251071369285
0.030727203696061363
0.033905385566210366
0.03598014713422172
0.035776131573604875
0.033423743363704954
0.03031310489663411
0.028579850394588824
0.028901466375836946
0.029941253578752627
0.030870042231339316
0.03201432303356713
0.03410002958353736
0.035104689125495595
0.034826608249844994
0.032183922389774945
0.029528728096359275
0.026905258838316674
0.026265810185197195
0.02816489146682138
0.031554909394620356
0.03524966283646678
0.03749100226841958
0.0380124149536998
0.03641518903064697
0.03460901647246424
0.033237111439112975
0.032817499851501855
0.03319076202166478
0.033857697002170214
0.03429549872859468
0.033335285597716466
0.031560436226586885
0.029467241305991793
0.02760613388494921
0.02690619204414068
0.028553459437980103
0.03208824407878312
0.03551091701009353
0.03680902899974603
0.035900941707439495
0.03285453011326794
0.030280375008722406
0.02997200042749964
0.031685409185300585
0.03407251083825263
0.03597091443182889
0.035714015336258564
0.03423596003019694
0.03263547544970385
0.03183983926814394
0.03134142658481921
0.03160476375263222
0.03183182603917318
0.031677694007654834
0.031086587509668064
0.03131552002700394
0.031850652552308796
0.03316938654105999
0.03422242218833457
0.03445720018460567
0.03440442981599585
0.034409553126134834
0.03534347219251153
0.035808559962775155
0.03522749849943111
0.03354117270997156
0.031206543978287277
0.029894917776348767
0.030809541278003824
0.03393391707957474
0.03673427237041782
0.03756087182711996
0.03610636122780896
0.03351917810963112
0.031884011012109734
0.030777942098202553
0.030124262672572868
0.0292945228062985
0.028985990052646432
0.02989579968336269
0.031169673585837068
0.03217186382544468
0.032847332293445636
0.033365759604841075
0.033764100486637014
0.033656107994488635
0.03305800954753774
0.032504312768249756
0.03194733699358537
0.03076523959481661
0.02939580604169574
0.029289365461127974
0.031099602477163014
0.03374313778356742
0.036077057055457676
0.036969524606826
0.036996450141164844
0.036382331852783716
0.03594748020193183
0.03508938032859989
0.03298730241319665
0.030300242222176397
0.027605900736680483
0.026713730627309758
0.027983607535589875
0.030313273101315784
0.03149731246856387
0.0314158143229233
0.030476451216203734
0.03067942952889085
0.031992463852326604
0.03336230224213276
0.03268917209975765
0.0309085354378033
0.02930388106561553
0.02920058758811838
0.029965006156413464
0.030665933327339613
0.030897512665870125
0.030937572651902872
0.030688277749349662
0.031030220418882034
0.03101935183293429
0.030714215201095123
0.02966487457572959
0.028068380777903534
0.027314512387149752
0.027943254624601458
0.029336144342114276
0.030485506766467736
0.03096674542385735
0.03145105079278617
0.03230873561311443
0.033078086339460466
0.03299843341595624
0.030667997772731263
0.026863792385219406
0.023840115496296655
0.023237779735905358
0.025559197223556936
0.029470794858120982
0.03261845870578237
0.0332795007261826
0.031202033425810922
0.0282440318984709
0.0269300550537179
0.027183620996565936
0.02928257698122702
0.03169149561926915
0.03375666682002767
0.03550398860431998
0.03701259644502779
0.03778562563237412
0.03774005157627679
0.03663680527191394
0.03430733080556502
0.031178001855309365
0.028766215260395658
0.027872245942896643
0.027448059287511255
0.027482715433357615
0.0271003703362699
0.02645924675112637
0.026185303529397828
0.026497136772257096
0.02738608828635369
0.028444995334023945
0.028651043167730872
0.02867384109912757
0.02984836371848975
0.031075027371610824
0.03146408008735801
0.029754307261648842
0.026987292799103144
0.02506644898409252
0.024942620328489696
0.02688124417101598
0.029681843125979296
0.032143424117527956
0.033326179599678714
0.03288431093884498
0.031023124418643626
0.028378527859839974
0.026569951356316648
0.02589975332686462
0.02568017506530564
0.0265427334797569
0.02763999636192592
0.02917794709516159
0.03098464204974407
0.03268512839368838
0.03326095418959447
0.032975691286577014
0.03163985005647162
0.029551894981517477
0.026421275773475788
0.023762703645773632
0.02324278487699847
0.024350064206463604
0.027521990098494375
0.03171237322148352
0.03497699268625053
0.03655938571413847
0.0364352084644212
0.03475547192535942
0.03238675383439179
0.03046826693927654
0.03022884583616487
0.031550931782395306
0.03318803984947197
0.03427082604058393
0.03428590151852123
0.03250789538911846
0.029770380019858992
0.026655884830884505
0.02357611937781955
0.0214751817317175
0.02143719386483194
0.0230325402225718
0.026045258816057033
0.028803765622068142
0.030488147043994593
0.03063561057607391
0.03156290644161026
0.03335456685297471
0.03606403736527346
0.0377012573624381
0.037887969153986234
0.03628234777255668
0.03362216764933699
0.03150702811888205
0.031091153589703106
0.031819106504603754
0.03265525021075992
0.0331751721406802
0.0327933481774042
0.032173937701393304
0.03127450376016512
0.029759507558456664
0.027567903921663833
0.025971613429864843
0.025057253839826276
0.0248018492287041
0.02534921400421219
0.026106300652919617
0.026834933379259178
0.027055091363665292
0.02770141083389356
0.028789661527964354
0.031125521541258905
0.033466404164928555
0.03496863107264634
0.03463093999862601
0.03219104685856592
0.028654532065517237
0.025545819676671636
0.024266160112688187
0.02626056606442823
0.031043949161501015
0.036232048777353344
0.03884193012136277
0.03865642523726446
0.03661003439189719
0.03284684415129767
0.029787978702439374
0.027955333014957444
0.027710865738671007
0.02750777307716899
0.027247855604522104
0.025993514822902214
0.025110243206063754
0.024781861249394698
0.025072656823186233
0.026204142525681023
0.028072870409149853
0.02975781552038023
0.03081123295819579
0.03201291506214628
0.033102687090288074
0.03448344815092784
0.03648259683707952
0.03876271886046423
0.040913002635490844
0.04223293623104177
0.04240297781837546
0.04095733742355031
0.03784825150239357
0.034185252430978405
0.030950213522431026
0.028577643256713855
0.027551367619161903
0.028105479219593915
0.028975644040624877
0.029021153009130607
0.0294902162058081
0.029789012303627408
0.030290197247465032
0.030773784320449908
0.03149929742611751
0.03288456342415728
0.03417903321067728
0.035147368487745655
0.03556158666247406
0.03562709654466581
0.03545462485829338
0.0358766905388011
0.03563416664186057
0.03464928208819579
0.03357678938363931
0.03304224538144995
0.03310868165951883
0.03299887007230954
0.03205766309156827
0.030843863375289625
0.029089824655575816
0.028510136593370417
0.02867063548217184
0.02912526474158284
0.02990140047118893
0.031179207613156783
0.03402979732987146
0.036833833318389506
0.03802623290491012
0.0368117642744974
0.03364184075486001
0.03012163351485316
0.027916303542199934
0.02720118890013816
0.027336622797624756
0.027764660232792285
0.028828564084788018
0.030201759762170443
0.031324889880553104
0.031083738722858967
0.030632171363333065
0.03144532829981599
0.03287601199911302
0.03401523910926908
0.0350577160019337
0.03576004650829731
0.034771127200361476
0.032652289104161014
0.029982544395796083
0.028707474841178682
0.029043685961593683
0.029954967000472437
0.03050385777808094
0.031127406436174336
0.031237571129889716
0.030645260086790013
0.02973272172472585
0.028842746210174394
0.02889835315791715
0.029906278933696517
0.031505080994187334
0.03328083859869327
0.03476011782713197
0.03622117803588828
0.037555166733729946
0.038899357283967345
0.03916121961187968
0.03865313117165714
0.037105032048917436
0.03469210600601831
0.032190087550885024
0.030512733295638444
0.030363451616217087
0.03064579567875637
0.031010247547350708
0.031377509755435476
0.032531244382922736
0.03354459996424533
0.03350066609417788
0.032545671864090124
0.031177194664742766
0.029458728020853298
0.027942233251339495
0.027308062361642887
0.02767238075929987
0.02826897843579277
0.0282990075922955
0.02789786112536828
0.026995305731990608
0.026202181201849854
0.02585052444206342
0.02752281069568153
0.030898081394240544
0.034954155471069275
0.03780711361056168
0.03754615207312636
0.03437422060497327
0.030783436204557476
0.02905756011970172
0.029142399573880724
0.029636872198533015
0.029107545439932336
0.027383169640206505
0.025955656399858022
0.025720228099385872
0.026485225033797577
0.02802675241310617
0.030609479821039697
0.0323419357504053
0.033220506612463716
0.03187122452648354
0.029624027791735213
0.027838346279888536
0.02711721613024051
0.02727862393094749
0.0277172001768682
0.029197520388092927
0.03098462016620045
0.03382118772047694
0.03544933023855674
0.03503916664661944
0.032400592598197726
0.02957593373278422
0.02839048476786322
0.0285140576959806
0.029955883449892494
0.03145653410314847
0.032339119160199346
0.0320819970890391
0.03123469512207604
0.029757569259053648
0.028940773559721657
0.028887283341529967
0.029668451900838694
0.0299882881557579
0.029414526856046567
0.028174288308806285
0.02733847162204327
0.027395873698027786
0.0279035731057366
0.027848296497156796
0.027295795021755123
0.026166924074661486
0.02553164635279232
0.026193916117910273
0.028243867796694473
0.030585621546997406
0.031629192105989495
0.03140812045266866
0.03133156524554391
0.03262576968709637
0.03439338762922855
0.035082459247425944
0.03435938062129583
0.03387538839120658
0.034367974573460525
0.03523858456055153
0.036628042497991876
0.037328214832180504
0.03594223736712572
0.032106076506489806
0.02916170501786607
0.027725490774836017
0.028852604129618663
0.030194785902488145
0.030657489547899413
0.030420798650564095
0.029541281425461995
0.028624520030146046
0.028720330750714337
0.03028950684435088
0.03298498586520496
0.03556190888478318
0.03719809494593921
0.03726372433145312
0.03652209032137358
0.035442419219119774
0.03379255815027448
0.031772476219238975
0.029611566989640768
0.02896043492468913
0.02909625172756647
0.029352360912664556
0.029058089932539794
0.029302714380939794
0.030278713758970968
0.030972221176551542
0.03036090100833452
0.02892340274381213
0.028900364818306438
0.0299809118939088
0.03206444836860339
0.0343191236954799
0.03531645786647419
0.035673357763414994
0.03581116833516549
0.03525846204387255
0.034708267879832985
0.03365737398041682
0.03229064753871562
0.030485750278275783
0.028825241395502913
0.027727553493821878
0.028413324017143683
0.030533777707554728
0.03304978068364843
0.03454000869515503
0.03435430949592927
0.03304715922228598
0.031049137111924956
0.030133918865241728
0.029885631927989778
0.030287254007387073
0.03021868896750916
0.03020995554301014
0.029778745894885453
0.0302955607262258
0.03078346909462099
0.031078440214794226
0.0308232985331994
0.031110985817886447
0.031981171762349374
0.033488583521076434
0.03446164130755469
0.03452390314307629
0.03284720738410494
0.029679083098861275
0.027027123820527868
0.02675464264915229
0.02938720960336613
0.03316444016840548
0.03506389078022111
0.03392552774889223
0.031079201955063984
0.028606644264871476
0.028174216739145483
0.029291607302405077
0.031248761806441806
0.03207692244392607
0.03196776293094928
0.03069680993367882
0.028609448685353936
0.027232264100597314
0.027025946151262855
0.028184990080821024
0.02916243402855304
0.028236313481964686
0.02616386419786805
0.024272083947748668
0.024181633933536034
0.026298765674594396
0.02901170029890921
0.030355401896412972
0.0297443868298379
0.02818050283446286
0.026725940933798653
0.02656014571184676
0.02753027227603655
0.029241165511292636
0.0292295028204215
0.028657106831326513
0.028233036895913968
0.028489492087392654
0.028867463308710505
0.02843634426800226
0.02779784810909824
0.026995720541175813
0.026821125779766673
0.027311998957450817
0.029245668241275852
0.03156208485278266
0.03347138242946523
0.033494052212686566
0.03194896368669136
0.02976403657110173
0.028904566250206924
0.029229295368023454
0.029811455537690084
0.029774838428710048
0.029407502504024054
0.028531239686357027
0.02713632523696069
0.02546844993883507
0.024486698478662982
0.023946514937233012
0.024407584860527767
0.025311147702171195
0.02670346612804334
0.027304236631034314
0.02753371506806647
0.02760292295933784
0.027639571775642528
0.028341062892398194
0.029616753764933484
0.03111779676014024
0.031526321434250035
0.029974375397575432
0.028212304647982574
0.027197698919568587
0.027489493008211678
0.02837660983112249
0.028919292543910256
0.029004790865945457
0.02849907762799041
0.028573438526687037
0.02938986803778016
0.030802581122134194
0.03224232932876812
0.031416034351580316
0.029141702217453706
0.026585086432274203
0.0258455773173427
0.026800669071790635
0.02798758217419134
0.028922417411642337
0.029126654567138196
0.028472865733885876
0.02769607868418914
0.028110367659288718
0.03012793280323413
0.03186790951662457
0.03247129577532762
0.03180253517124476
0.03151782986770455
0.03177673721326065
0.03259309821691446
0.033283650013768006
0.0336707411730235
0.032882550835897445
0.031946899021861305
0.030862853982894855
0.02999174298867821
0.029035437334635733
0.028010821293984182
0.027562482726568378
0.0276027487521532
0.027446548002829863
0.0276390387560192
0.02735842398943775
0.02687098862027057
0.026338106434530866
0.02615056042457787
0.02676906565948284
0.027505109158952903
0.027870735624990754
0.028059940594123988
0.028081795884828422
0.028244430969045085
0.02921891073105749
0.03120665968208525
0.03333505189750309
0.0343868728175518
0.03399456209284493
0.032065578368857296
0.029774752490383943
0.028114503609962566
0.02717441518530023
0.026599131293581116
0.025731348064302446
0.025553773652985848
0.026771344635841084
0.027981543828473534
0.029160732934820358
0.029378379457608867
0.029941639350190858
0.03087920050311439
0.031986050015858795
0.03300029459786993
0.031583667973011244
0.029497417439912195
0.027088061805002252
0.027054512805153804
0.028536125232293763
0.03084855221175185
0.03181887738404542
0.03219414295519444
0.03186056728189889
0.0315124402097962
0.03138047106795009
0.031718163533863315
0.0315019836656243
0.031410034684368864
0.03303811435498261
0.03643659659965135
0.040161385047718004
0.04184651787836677
0.039867000586101556
0.03520055172257367
0.03041668367591205
0.02818007586594848
0.027264596147206444
0.027120978035932698
0.026340650086001238
0.025270556497515334
0.02502378374420503
0.02542850963047847
0.027424959212722387
0.030131372875586378
0.032880816926893534
0.03410478963595614
0.03389120849548912
0.03472948522983065
0.03562776848046429
0.03651340375863207
0.03664266419286259
0.03593540852200649
0.034404158214799155
0.033297036635433784
0.03304949484570082
0.032713758869634735
0.032061939394151175
0.030835192650793077
0.029951018636374564
0.029325732490225173
0.028791656277466396
0.028753763766120956
0.02835584887107716
0.028410243104288746
0.029446476967512573
0.03053588972975258
0.031051886473983388
0.030280817571912023
0.028543677984143215
0.027358042177104924
0.026539725577401353
0.02646240843140692
0.027367794295541318
0.029846131449952365
0.03239567477278409
0.03468590143998138
0.03448945253080526
0.03267284623927083
0.03164550768237176
0.03231197906114593
0.03425984030138073
0.036141435964518215
0.036728484193343194
0.035834117874020376
0.03327147207351944
0.030534268258004992
0.028960822829054208
0.028775748005725344
0.029282496161628493
0.030005519732738857
0.030022475521495128
0.028894193645938093
0.027713026229266375
0.027456156496942236
0.02764615003730507
0.0274986939809116
0.02762663027612918
0.02823538298409393
0.030350031021740533
0.0327403117312438
0.03489180961422953
0.03590367539776465
0.03623093500488854
0.036499848085881845
0.037022001584244575
0.038536262771129766
0.03910315525296543
0.03806867806295891
0.03559771215335234
0.03298920895046784
0.031523424740757505
0.03171958615485352
0.03268547733730633
0.03367536633338526
0.03434851242129935
0.03403699911904316
0.03316431590444211
0.03202625699219237
0.0310250277131537
0.030799870316782038
0.03077887582180638
0.031203589104550195
0.03189513228596931
0.032430945253975364
0.03329199246934516
0.034346032765147166
0.03592441739701852
0.03644208557474036
0.035768327655254305
0.034092907590199784
0.03238366612697582
0.03123190229836966
0.030512029776441973
0.030954317918110805
0.032121776762464575
0.03315281364533414
0.03477269798385203
0.035129117214366526
0.03460465277229805
0.03307985356443629
0.0317332021227742
0.03157139023957637
0.031071867554518014
0.02986914114479327
0.028122523820948975
0.02659829206295626
0.02641971392338222
0.027253321884299752
0.028500734492727463
0.02926800251383463
0.0288190967080416
0.028273360238084546
0.02851227930147721
0.030289297336620512
0.03160381774389913
0.032189094970726265
0.03161275903806157
0.03218777484985024
0.03385276948281529
0.036313778722318384
0.03850163640356606
0.039314504568016787
0.03825316919531989
0.035551417623581855
0.03345525134752379
0.033178268587432065
0.034275085666898276
0.03475971812600271
0.03378517063292695
0.031053569728648707
0.028381137684679446
0.026990461021769205
0.027993219662732948
0.029796299464831314
0.030554286323061362
0.029953079093751705
0.029604363675377502
0.030506584346647037
0.032239789945883314
0.033015623995611955
0.031693369694583924
0.029477972680228427
0.028923878480929553
0.030814473887139926
0.03381100348676645
0.03625327688535454
0.0362955272712642
0.034907342031327844
0.033079322920837144
0.03200183304626433
0.03157020617216037
0.032076800945897224
0.03268750354543642
0.032556754367996855
0.03180959382140124
0.030967763938978852
0.030804362460703803
0.030576118818155737
0.03046496686164866
0.03014000113463563
0.02974286254449097
0.029046672446782943
0.02764988284516884
0.02712584777195117
0.027747999842302272
0.028802258162212283
0.030050278285039943
0.03110312636237452
0.03309616841511439
0.0345095689639506
0.03403447078566061
0.03224760258648613
0.031117586319890027
0.02983478248518045
0.02901440078706519
0.027390923823650264
0.025682354025195888
0.024364946639217077
0.023584544295834207
0.023403933014888793
0.023361946510374054
0.02345299855576547
0.0239692401162257
0.02498029828473867
0.02605185093002376
0.027814449077103343
0.029904987675705222
0.030064046755511744
0.028659363333491696
0.026704159148732417
0.02505854444575422
0.024264069111911733
0.02452262674815437
0.026746044701780842
0.029951532102941044
0.031878702262757054
0.03229523749373871
0.031094136792475503
0.02979802792997451
0.029550002314349202
0.03030083853931131
0.030686375763150416
0.03065336485332905
0.029314286194245833
0.027924021904539745
0.026575587157982295
0.02595918851024272
0.026401436359514984
0.02734836637849698
0.02772010038713766
0.027127302045605258
0.025939627621070164
0.0252811597964102
0.025208007713900433
0.025770895442778288
0.026613476843775165
0.026891586809364963
0.02734936872019944
0.027436708214621533
0.028133015457884405
0.028270415812613185
0.027658069595048414
0.027146222178746328
0.027048102713215488
0.0279900972921883
0.028947884011260142
0.030280635404200028
0.031056351360768505
0.03152641128558998
0.031818933294178585
0.03150513806965587
0.03160735377289593
0.031169272662882035
0.029800814523791404
0.027431951772879347
0.02607992427827011
0.02678659838166489
0.028377824639940104
0.029498447096844065
0.028455422881403087
0.026579783376851074
0.02477680069506352
0.02541459818210101
0.027406472106223455
0.029883948957413108
0.030947693006319648
0.030898973080248103
0.030655654233641663
0.029809119963445853
0.02836275255637437
0.02621079620816378
0.024933274276160832
0.025529042774133197
0.02702412261302615
0.02880666808457642
0.03006205539378525
0.030963197227388755
0.03158244668945522
0.031504540227924684
0.030773325795115544
0.029863250802461275
0.029532551332841453
0.02883533472587685
0.028379344390424773
0.02814054897376625
0.02876440068348246
0.029320587431974028
0.030109582211477054
0.030453398931034464
0.030404550724225363
0.029815241059858225
0.029441103581150915
0.02975063230776683
0.030801307712329088
0.0320843747618043
0.033599137451268676
0.03454711131082711
0.034360051480085946
0.0331847191139536
0.03141912449314087
0.031008784050463045
0.03129068290683934
0.032501721548122454
0.03267716273924589
0.03112859397503798
0.02864615367664064
0.026862631305534554
0.02658009614283362
0.0282148897687672
0.03067562933308228
0.03288232015506747
0.03347972062286014
0.03145209951000851
0.027940733833372876
0.02463372744925375
0.02291422322589732
0.023478017244609833
0.025472690148350845
0.02797501079632593
0.03049397801484115
0.03085038716704515
0.029749413170953646
0.027252764240377553
0.025917538957017653
0.02687844027250497
0.029730206137869926
0.03236001474025478
0.033891232878105006
0.03365368566393646
0.031175173117748364
0.027450712155122212
0.023966099707284423
0.0227844538392774
0.02418835408753305
0.02635837980689088
0.028288781051949194
0.02798505502259128
0.026939357566233085
0.026653765460475348
0.027638174799006234
0.02996489568656471
0.031163604409580912
0.031134172382778415
0.03052387005721985
0.03012406482984823
0.030087121740850428
0.029077257692648302
0.027621424242475896
0.02629787371525224
0.026497838299738608
0.02706628996990952
0.027521605964282558
0.027607033820659037
0.028468079174587164
0.030520734886097387
0.0332846029673494
0.035428146586776316
0.03519315264810354
0.03277076390623083
0.028886756635440512
0.02478052796525531
0.022760125582961133
0.023214623098986798
0.025709244484382478
0.0276771450216078
0.027582729763780324
0.025536601633022522
0.02287305219123009
0.02102458974164481
0.020909315785467793
0.02222699114467473
0.024614800314629922
0.027164671243947093
0.028936264893157062
0.030065736050883054
0.03041189971850048
0.03049999440428162
0.031245896056007683
0.03306132385267157
0.03597212411462601
0.03794121201208319
0.03703948276694589
0.0337227620811528
0.029275079133634745
0.026086698961121476
0.0250545634381413
0.025949612391939485
0.025757610494902758
0.02485737510302947
0.024088711411581847
0.02450838798348448
0.024811655244197317
0.02497562581519229
0.025576866059157818
0.02682739703251461
0.028337453815035683
0.029144259367692212
0.02883641691653055
0.027713725257219206
0.02643907344647622
0.02631950163037283
0.028137147999422282
0.031411293337858213
0.03489236198806217
0.03608778093922834
0.03602954734634148
0.03369004686561453
0.03169846804759755
0.03059836710866183
0.030841102461671606
0.03116343485939746
0.030822734901279188
0.030121527290806503
0.029685602544806174
0.029619587646029788
0.02868220852073521
0.02709408529043861
0.02478670654944046
0.02250730486944199
0.021787757962032327
0.022891338743741566
0.02518947178817545
0.026621952126762202
0.026611092546314507
0.025857698122814656
0.0262430841195033
0.027606584490431567
0.02885710143196954
0.028888746453012547
0.029029087856906437
0.029858647693401692
0.031975970726572246
0.03351460757762503
0.03418941600161768
0.033154212647803445
0.03189111310063533
0.030048959855024742
0.028583945727436742
0.027643591559249128
0.027019874183370332
0.02691307571863715
0.026561850435941142
0.02608763422457892
0.025670844882932538
0.02574346797508915
0.026333632484406483
0.027268145781729834
0.028689628243671047
0.030686120538098206
0.032974410816135
0.03392077035891533
0.034232641894814675
0.03404413515623723
0.03345323474725807
0.03244709296177728
0.02991884607518718
0.02684861835304779
0.024546321252631485
0.0247173300917746
0.026782220812065615
0.029694599839059973
0.031732230420630926
0.032058287613308
0.030622651372537012
0.028784804315268142
0.028081165055093775
0.028454999742912438
0.030097335167862654
0.03192646058469942
0.03292009334360195
0.03274558585194305
0.031385789176544464
0.030003732600094576
0.028523056995201357
0.027261149158392436
0.027093627680384414
0.027906687409657977
0.029706751528311988
0.03191614044208482
0.03354235167376879
0.033401823610241674
0.031154118656268767
0.028309041465035177
0.026624069147561855
0.027453838734455147
0.030297271350398454
0.033646994182590644
0.03582501031346259
0.036301541286181724
0.034282127575571066
0.032586750796303264
0.03084460422001223
0.02973683541833892
0.02826861778257152
0.027989537533551545
0.028318240142990482
0.028184508430405375
0.02748814337925377
0.026620525042885538
0.026342238881421346
0.026430068930696587
0.027037378086427855
0.027850760926352087
0.02928860163938219
0.031561613488498695
0.033676263184309406
0.03453065432002335
0.033752514474087204
0.03137836791689381
0.028107528307562187
0.02611287873661173
0.026081202861883382
0.028382520918349446
0.031746337424909905
0.033723216887114424
0.03345732833066427
0.031580438126527305
0.02992497487967077
0.029208634946960313
0.029597356955946605
0.030636784762525286
0.03160075706736753
0.03284619375414202
0.033787208838924415
0.03380223296609766
0.03220027935470266
0.02981805564453469
0.02863846893773544
0.0290541771347284
0.03015876993624852
0.03095421819189143
0.031129882947191056
0.031034983544808287
0.030551734051732726
0.029464062653226663
0.0280564513535857
0.026413489146970514
0.026006334997247693
0.02708288112935957
0.02927604364928148
0.031177031220131754
0.032430002822944684
0.0320592677546119
0.03132226235491917
0.03087312062638592
0.031213113390896875
0.03210367275116435
0.03236392140671525
0.03132344449208689
0.02974428949145891
0.027238796753370768
0.02530810660453932
0.024235336130235482
0.024625829173115954
0.025802850800910864
0.027660038906346572
0.02918898133673354
0.030263874416229793
0.03055599721920658
0.029778185220190146
0.028578470791092155
0.027205592916266983
0.027045203936527266
0.027841188951096305
0.02876870058632903
0.028926134976830723
0.02863201649321676
0.027790328084137353
0.026882830995237837
0.02618043724341227
0.025453561518736425
0.025370713489982672
0.025200684210346914
0.025757852724453748
0.026318508098054492
0.026654696789235963
0.02680367086988054
0.028033458912556392
0.02937506356749479
0.03078419491195352
0.030857516182082538
0.030197601195775862
0.03009452236553387
0.0302381976992548
0.029520139554199507
0.028562709908072616
0.028320514731978715
0.028920271311797544
0.030154726106399212
0.030885951272719658
0.030311701763596363
0.028534511109994706
0.02593454431668414
0.02406829152701861
0.024056199223826128
0.025964734383071182
0.028351959256333915
0.030255461402854008
0.03123747221617771
0.0308231300084943
0.029688596518301375
0.029200056903900477
0.02958804161026708
0.029596471432076953
0.02960792345537773
0.030050114334957065
0.030821082732798755
0.03213222564588111
0.03274802008022034
0.031218512598844405
0.029022359889502487
0.026965367640596184
0.026007141176104826
0.026016677125483615
0.027073214550637836
0.02845634953106238
0.029407598926758604
0.030222875982360044
0.030858948305612942
0.030840589032457625
0.030967418489176782
0.031229906654341104
0.03165538956976312
0.03117605204921454
0.030540357756507045
0.02965056762042038
0.02914119008883047
0.028779714565973828
0.028547091714577883
0.027609495398137132
0.026157154409090718
0.02509569342978496
0.024952311731101493
0.025430912381129742
0.026348109196779608
0.027759033157906662
0.02961164160952161
0.03119336550092231
0.031167650339523265
0.030828977247595996
0.0309881508453315
0.03242298152352377
0.033795076114371415
0.03422249524402128
0.03418168942683104
0.03398982689884448
0.03425355863509736
0.0342552930344046
0.03376355125766208
0.03235271537956153
0.030718817726203367
0.02921705861628515
0.028342116854344453
0.0277591505448338
0.027338173742668757
0.027140784544731747
0.027515005922096804
0.027539399475723102
0.027635675270907822
0.026945989876504647
0.0263228595338619
0.02616256430077056
0.027309491100330433
0.029389020269755046
0.031952993538099606
0.03359544843932468
0.034340562569352424
0.03458955878609004
0.03532040670299719
0.03655590911961299
0.03672277893698488
0.035348059796720226
0.03305876666360289
0.03136915017365064
0.03142996568917222
0.031719675022137385
0.031161446539200787
0.02960184563596796
0.02758379927616093
0.026660082761429622
0.027787441339780488
0.029944618001756143
0.03188047650619117
0.03222597297421358
0.031793245607875116
0.03051727368310194
0.029446566132796184
0.028641047871200382
0.02757507789512168
0.026216871875507478
0.025306951802494343
0.025173751034755762
0.025863725513495157
0.02695360795273567
0.028676739878779844
0.030227254943908224
0.031142943072354417
0.03084409455703559
0.02864091149475339
0.025832005294541147
0.02425330451905215
0.02512274455505172
0.026928325011060184
0.028480110872338465
0.029960162686969986
0.032625105642618356
0.035204284031910706
0.036444485962632625
0.035531924609254334
0.03408749661519298
0.03307072423974984
0.03272269292941555
0.032655226986968225
0.03225753731856222
0.03216288578218493
0.032530165611145266
0.033324844471322175
0.033524768985658975
0.03302216778030358
0.03164425524984602
0.030445061719387087
0.028951866748983094
0.028889341099944458
0.029634805966438513
0.030167291990349076
0.03025587362992003
0.030628265019845193
0.03102128858991132
0.031170833795658943
0.030380931716865716
0.02903693465915249
0.028250876680274335
0.027600885924228487
0.027613444920585952
0.027879527284665775
0.02853881686439386
0.02911898874253857
0.030181045070977876
0.03067274322596318
0.029606803151518687
0.027795451841682518
0.026757408385442476
0.027580955420366714
0.029557825962653213
0.03206259026949223
0.033600156316891075
0.033384159904356815
0.030707062883014946
0.026843995523657987
0.024191575421874854
0.023957561391982386
0.025519448516804946
0.026982976039013413
0.027461871582823507
0.026663686133703682
0.026099074745220913
0.025680341479987094
0.02566214247039541
0.026429172354623557
0.027326959658400977
0.027870732169456357
0.027464322279310907
0.027170107775819474
0.02727939522597735
0.028116858041312455
0.030099623422648353
0.03325544748724449
0.03653680209870563
0.03822846768518656
0.0376716839553403
0.03431801358798407
0.030680851153357436
0.028327395078335864
0.028659276326568107
0.029566441805703853
0.030765329132203235
0.030668550657727507
0.02993348406445839
0.028061208251932396
0.025675750259712717
0.023791881146193263
0.023537705750555676
0.024274492575407338
0.025521545582311105
0.026095727034111685
0.02647450717572718
0.027296739847969053
0.028861007409120204
0.030567493358965792
0.031588645820429195
0.031930522071932275
0.03243833882601066
0.03357412336066152
0.03471068290334065
0.033982517558463966
0.031114933112387076
0.027778774493891472
0.02601453692873836
0.026737762772946823
0.0287920126814491
0.030675498006884443
0.03129806486430641
0.030719967905501754
0.02952094694479011
0.02913898297421961
0.02874925968619923
0.028593801828712618
0.02820385825966745
0.02772771469904822
0.02637594665223032
0.024124761755810197
0.022789263108046375
0.023168687020218418
0.025017843402490258
0.026323002635423826
0.026401293246753225
0.025678763848993987
0.025303923048877183
0.024907444553700926
0.02517018949845788
0.02610200871706794
0.028006821007322828
0.030698578578438655
0.03343312292156994
0.03419630551049167
0.03386508583070736
0.032424925541325374
0.03176955432747023
0.03121728433667886
0.03134742791612105
0.03200419449975959
0.03245768708034368
0.032496551677804804
0.03166716443044736
0.030176419384440156
0.028389461509576698
0.027323893295628395
0.02686581578642491
0.02658182593164392
0.027093628237908618
0.027126259900716515
0.027145674117893627
0.02692118438003547
0.027788734369689636
0.02930450144646119
0.03048295051870542
0.031285788851562135
0.030878170424096237
0.03053171903270494
0.03091040290458244
0.03193574003146144
0.03228637480957388
0.03179264885767028
0.0308788172318594
0.029770212101815553
0.028539048816772664
0.02703456048797207
0.0255266274513501
0.024425975303127474
0.023925523901331583
0.024559737585262507
0.026750778920875365
0.02912879160748216
0.03081446148057576
0.031009340907264128
0.030229300197664476
0.02965566260196273
0.028986202867460384
0.029162752865902662
0.029300923561317558
0.029069371648833164
0.027695115541548885
0.026352695807429036
0.027280098256429595
0.02930043360221873
0.031732233653912735
0.031940922198436715
0.029779466169722688
0.027310675293284244
0.02629724052370676
0.027666886717466768
0.028966028743620507
0.029902721006366498
0.03032870768222531
0.031469672884772
0.032450291207154085
0.03305639226857135
0.03314919711193564
0.03292456415546604
0.033222534837245556
0.03461255858598256
0.03568992215738945
0.035698520682928246
0.033970840775802716
0.0314052406286098
0.029058860035128968
0.02760902206766558
0.02749484475537423
0.02892305531027672
0.030671006726103883
0.03151078042429019
0.03104425123432426
0.029264164433772607
0.027216783118090695
0.026539439126919796
0.028421887442676978
0.0312645515389215
0.03354293796107591
0.03339858284016471
0.03230870979796602
0.03130024846239754
0.03063431205130599
0.03011569005226034
0.02966788521738252
0.030200764259739006
0.03141114288402838
0.03316204312186203
0.03358330519610614
0.03218051941071045
0.02976855097316327
0.02834894134915267
0.02963273345380295
0.032986576721748005
0.03564780538696249
0.03720231925721951
0.036527618891116796
0.034788354507379445
0.03311888746239609
0.032461286818966074
0.03333816226075075
0.03405792489290198
0.03468874892197696
0.03452005079930516
0.03385810640298172
0.03257116575485044
0.03132364157522809
0.030260331577616133
0.029236025188893962
0.028771193329477782
0.029642010904587766
0.030824533498523207
0.03226300503412743
0.03299964625828788
0.032812335596039174
0.03254256049930887
0.03311242408389704
0.034909918822051425
0.03587326405110972
0.03525060805059979
0.03246327850754508
0.029342247987092635
0.0271942083253256
0.02670619669646462
0.02727817894585568
0.028028222283387517
0.028196047121235083
0.02715400029727646
0.02620461888015498
0.025842941586362314
0.02638683176562617
0.027975513498467438
0.029062200814484154
0.03018932284596409
0.031019327029385528
0.031371974411488604
0.03079934537425926
0.029986198671381206
0.03010144917961541
0.03119354223452562
