2.7522075358470097e-32
0.0013068763339705127
0.0046849153335260605
0.008919520870734783
0.012977224434807621
0.016596764806869647
0.020192212871901136
0.024334723719830687
0.02932602916236608
0.03489722930244225
0.04015077659349788
0.044018843271838214
0.04635630285255664
0.04816670365721709
0.05061011674030515
0.05372736425687276
0.05707327712622232
0.06054398079520506
0.06441932393724539
0.06838828261269829
0.07137043973817866
0.0721079460014332
0.06985138578528699
0.06469669756061831
0.057606553141329855
0.04998578532569821
0.042831937664361996
0.03648798128204233
0.031031549846944173
0.02653931287980442
0.022978594260345195
0.020265289240677404
0.018274521127333583
0.016819239312673012
0.01572613391380004
0.014891838625732439
0.014358076687611115
0.014140959164436558
0.014170450174024756
0.014339412241294766
0.014671718767927206
0.015410738169465452
0.017160256586924903
0.020971842988912314
0.027993135593376045
0.038817967918069816
0.052765750325103694
0.0679179321807808
0.08186761277725785
0.0931793536826862
0.1022440986687882
0.10961778445836985
0.11526260401423974
0.11886513519756936
0.1209625969837858
0.12245818375439235
0.12400417179392867
0.12568916749845085
0.1271654912193452
0.12775065367372068
0.12687050641517603
0.12433454902763395
0.12022662319526263
0.11462253373009769
0.10748506531144093
0.09891904069120176
0.08916886534745325
0.07863070387406523
0.06779310804729512
0.057325109290036404
0.04792990699958365
0.039955507480514366
0.033319657557590615
0.027875679957262974
0.023714067489626796
0.02094061751278032
0.019666921897533083
0.0198921085750665
0.02162305375401494
0.02486370479967357
0.02977053309392097
0.036658848392032706
0.04587820941095391
0.057505904150091575
0.07108875225108392
0.08568950433004163
0.09991459306929722
0.1122242863942625
0.1213598800703491
0.12712658515693637
0.13018889859205907
0.13122831213468894
0.130582493039435
0.12863212097359514
0.12610747935296737
0.1237452248551615
0.12179159687801758
0.12002336575617176
0.1177627082897309
0.11404191748097114
0.10804068382514549
0.09964451604406542
0.08961352299689239
0.07883236845775146
0.06787657080941718
0.057084967930986774
0.046925170257524185
0.03802608425362693
0.0308337171521227
0.02536797614473012
0.021562710197722216
0.01944688087072941
0.018894957912988206
0.019471321194829194
0.020852820388874368
0.022999343964709894
0.026004221311948853
0.029720145640278216
0.03381341173589364
0.037854159308595245
0.0415673650968177
0.045066865014891384
0.04863651997848296
0.05245446010810904
0.05659439510287346
0.061149114826564606
0.06601455097056119
0.0707046003131987
0.07444608937551661
0.0766751278132535
0.07753666740092152
0.0774175449310095
0.07603884616328509
0.073218894671277
0.06972894588897613
0.066587764036495
0.06390612275574548
0.06130524060336278
0.05857986825397838
0.05580632531589823
0.05303628672794985
0.050117243850293404
0.046746591179030385
0.042664976720948544
0.03806362567372152
0.03342643652407518
0.029446100491560507
0.026611806484212103
0.02506966737179009
0.024608560497870576
0.024804466394069836
0.02513318092017059
0.02527458600613669
0.0252678021076095
0.025188317828919088
0.02489276620624925
0.024266301912776688
0.023669175491469113
0.023975937412686173
0.02590999057680824
0.029531893066252
0.03414117584383573
0.03862399704783198
0.04201661365041873
0.04417077598169261
0.04589797036436979
0.04809352837940607
0.0507491294017143
0.05286298776294398
0.05394676058666701
0.05429053379363918
0.05430803247259915
0.054263265348853146
0.054301946783105064
0.05466197335819158
0.055243741352796465
0.055789459082280224
0.05596788157035218
0.05549418976328638
0.05415306817094852
0.051911658758802326
0.04883532955008755
0.04519130659514854
0.04146774337213054
0.0381791929634821
0.03576192390250475
0.03424785796105775
0.03318370353153238
0.031935337797700726
0.030176383405105835
0.028196777761488007
0.026746842281113885
0.02655529159083212
0.027741505792534166
0.02993224054614344
0.032598287076538036
0.03537454135025341
0.03829632793617253
0.041626560550588346
0.04541662349987048
0.049614196832656096
0.054147121647008786
0.05857361495669524
0.06232348836387212
0.06539072011491408
0.06828032219982604
0.07124587952751692
0.07428217375567306
0.07756070673587025
0.08103767266891129
0.08401261414321094
0.0853723119631322
0.0845150065134673
0.08154353283746835
0.07689308067858779
0.07097570309378895
0.06427454891965764
0.05740706445096937
0.050999437519323
0.04533252813051633
0.04025523636949331
0.035409055476102465
0.030686680050464283
0.02645994613092759
0.02338886490016834
0.021753974613253766
0.021259668756591323
0.021396029120261752
0.0219325626974945
0.02307086589723642
0.02554346372805502
0.0302566917647906
0.037503661456361734
0.04652758217763539
0.05599507623507106
0.06469517293990808
0.07178341322289088
0.0766577978419661
0.07903777150798573
0.07922987111317155
0.07817311413780177
0.07694292208076281
0.07620100200030293
0.07614034221787976
0.076700096338767
0.07750273743967287
0.07784478372601743
0.07688435754848777
0.07401332204400511
0.06917937511635204
0.06273028196452474
0.05506152279446085
0.046707692950088024
0.03866509084370915
0.03187403707098625
0.026781570821667804
0.023443011494775075
0.021709351732868098
0.0214393582278751
0.02238655605263271
0.024098589504397975
0.025887556757042206
0.027257169158883366
0.028231152166596368
0.02912879866612655
0.030087493619240763
0.031036315201585854
0.03207537394852016
0.03355140784515065
0.03575233699165347
0.03879399370285551
0.04260473149649414
0.04684998492743242
0.05080996511738728
0.053645593943413686
0.05482136959818665
0.054227794757592034
0.052081076035103785
0.04909482589523027
0.04632336653501095
0.04448773456168548
0.04351989664131924
0.043003222905898725
0.04265764191736139
0.04245760050714058
0.042262779395030994
0.04171243844791409
0.04028658594370869
0.037849023146761265
0.03489001710577371
0.03192233623402
0.029150086004521424
0.026667290706407217
0.024789439698766194
0.02377298072114808
0.02356342751465746
0.02387364666086958
0.024468205631724683
0.02512408748164525
0.025615581438871927
0.025744370273139208
0.025448272663303604
0.024870687493377033
0.0243469980175084
0.024252775677284406
0.024780835712011437
0.025851962359975073
0.027277637870170075
0.028986908749381965
0.031059888739208952
0.0334340918350629
0.03594380503037786
0.038274293725883535
0.04001221155761848
0.04072171571203782
0.04027969883022258
0.03892957992219981
0.03712160742995137
0.03538333387511632
0.03435353295221992
0.03463678657763059
0.036048562303481295
0.03744888618541191
0.03737020052654693
0.034884072124821336
0.030326838246461468
0.02519008221830905
0.02109434656074407
0.018801598071728425
0.018101329196564903
0.018311076759597637
0.01882263735209005
0.019354294814758647
0.019893008301681458
0.020463880761803294
0.021020782643768846
0.021517297996197476
0.02192103919504781
0.02220581639924749
0.022382199770124254
0.02257799502589125
0.02304902366518478
0.024065436518491294
0.025908761014848892
0.028769751382338463
0.03256485866266301
0.036733403131213635
0.0402632308934808
0.04218125995838323
0.042455110564713
0.041783314641274286
0.04091792244085686
0.04033008400976143
0.03990065363019551
0.039310795914777555
0.0384838549768231
0.03745664066575497
0.036606433984642715
0.03618605095277586
0.03623364795297289
0.036266886036875126
0.035727707817049724
0.034434451926375335
0.03264701126044976
0.03060620470749023
0.02839758867861485
0.026112838198165702
0.023957511478933786
0.02226639600238867
0.021166360259204826
0.020639483860345396
0.020583626966072327
0.021042202414722648
0.022065046133760584
0.02344233420704451
0.024848946104491298
0.026306942149031464
0.02824905335459197
0.030962144436004563
0.03431019694753953
0.03786609927377886
0.04107886135716743
0.043731227956466855
0.0459968077675317
0.04799312265407791
0.04955718592574518
0.05046875759161258
0.05072744406093194
0.05037979839561038
0.049469819917293475
0.048167365016026635
0.04662249874137851
0.04474235748381908
0.04250862605558339
0.04028548303765273
0.03845812437623883
0.036859394478646466
0.03486056546805053
0.032041285931190364
0.02866736935813684
0.02548879454116446
0.023159663011215366
0.02204090238222638
0.022067433683085228
0.022857877116035975
0.023757391987200286
0.024109136445492712
0.02386195637771325
0.0236755718644829
0.024401883616637237
0.026535396842382163
0.030003017489043292
0.03438924359494549
0.0391093963026947
0.04359054279429554
0.04735351017140375
0.050239662773396414
0.052394996453345985
0.05386649041144107
0.05424176817285918
0.0530318720993079
0.050435234710601684
0.04729066921923719
0.044511991312458435
0.04273502055617735
0.04204156404717414
0.04179115882568936
0.040913174541620446
0.03873437463833217
0.03562347642261561
0.0325738869010035
0.030288779204789194
0.028738526872129806
0.02755390299419552
0.02635131781180623
0.024888491770932185
0.023169059162587755
0.02153771496096975
0.020384996181856664
0.019886927307761197
0.020060847182196133
0.020757860560595726
0.02185218848872828
0.023390857765415156
0.02545375383346413
0.02782193111819385
0.0301112873137117
0.03227025490088129
0.03463965673284819
0.03750715365074482
0.0406302636337439
0.043446964513030754
0.04552756664876717
0.046851930015137724
0.04756735364657564
0.04774098205137297
0.04723763776426387
0.04575375638597585
0.04350198850525764
0.04126928326214984
0.040027541936992955
0.04004946090774875
0.04089931480561833
0.04156152959130902
0.04113897272678035
0.03911627999336792
0.03565422837972592
0.03146092403799457
0.02751114751740932
0.02459725417764961
0.022900619909897994
0.022076384893002364
0.021736514525529688
0.02177238393212787
0.02235630821339548
0.023655572819474082
0.025698705177447632
0.028261372354793497
0.030975655048342432
0.033613239412239475
0.036256812265226306
0.038935009009205886
0.04113102216185037
0.04201138433729862
0.04092862614230927
0.038271390366695926
0.03541421008557593
0.03399255919664445
0.0348221044420894
0.03751041965087818
0.040684148077818845
0.042742935369451035
0.04280017857874783
0.041068264718754036
0.038315888030759096
0.03520512714586925
0.03231962002303727
0.03029675596287605
0.029588025106231933
0.029968696880920673
0.030643678719514775
0.03074093474464304
0.029851572455937826
0.02807187139298902
0.025781555649310568
0.0234738650346714
0.02148350043389552
0.020053697115659724
0.019521641883571774
0.020105419901872444
0.02166573867321522
0.024037129926982582
0.027168777173990934
0.030638240896180287
0.03364290094503717
0.03536348780266232
0.035569460877439237
0.03480225556705309
0.033886638527566106
0.03332227892867702
0.03334940062834528
0.03414971908442816
0.035761952346861796
0.03787884616377268
0.03984010529554994
0.04091255372024304
0.04083835201355708
0.03956774172874793
0.03712313056750966
0.033800667310636745
0.03030015333934899
0.027672669889445948
0.026799346276452272
0.027720638202318217
0.029659386673289684
0.03164555584119903
0.03298261017601157
0.03338648872600333
0.03271244934200333
0.031017772562417917
0.02833649791342559
0.024842323433205794
0.021247796595100808
0.0187003290298898
0.01811429134364582
0.01948767181235289
0.021992039868781045
0.02450226487096317
0.026229757675924056
0.027043377502140902
0.027435520346000348
0.027859636229528525
0.02815365871583094
0.027858843449713778
0.02710710535440295
0.02680779403251855
0.027790200289023487
0.030054226402939147
0.03298269147762464
0.0358288078708381
0.03776873576362821
0.038173985763883596
0.036887565844234735
0.034459176246458195
0.03162244590154902
0.028912224188103235
0.026790596948143224
0.025659534853971315
0.025600753495690024
0.02624987304067584
0.027013641090028313
0.027434379242722646
0.02745657856657478
0.02735137387674863
0.02739669467385214
0.027736491816713862
0.02836531263539516
0.029007032262591072
0.02922649319138003
0.028970101408790472
0.028450191658892992
0.02790580731567841
0.027691995283076382
0.028118926527945884
0.029166854638842207
0.030331320026947797
0.030875970301483008
0.030400416723243857
0.029144342087304483
0.02784465170295004
0.0272187463611712
0.027639796924117707
0.02899772286431168
0.030876385085358327
0.032570115556051424
0.03348391598559362
0.03345403204650955
0.03266172279940352
0.031595739583096125
0.030652772249927004
0.02988182546219259
0.02902125647628249
0.028028994767281188
0.02704921926698222
0.026232022903418153
0.02583066124666184
0.026110570260203445
0.026942971448286574
0.027740411385150585
0.027864046728583957
0.027113912325301703
0.02578971927983373
0.024292733399203875
0.023113714846680636
0.02269654988202335
0.023407903686701346
0.024946555291064394
0.02646109092852985
0.027183912993022398
0.027011748511787437
0.026133347253176006
0.024869284128770274
0.023690655273142926
0.023040203611570068
0.02299248555946785
0.023507957844346047
0.024621219498854027
0.026213540090323315
0.027776494105186116
0.028992659975425928
0.030136363493546578
0.031919401149456135
0.034338946804083864
0.03638108892871894
0.03679158086473986
0.03520291985662251
0.03239902875998619
0.02950054078202001
0.02711625022579281
0.02533078773166677
0.024137171384620234
0.023374034433553473
0.022754825172377247
0.022027169884445603
0.021116242165159838
0.020103599765299775
0.019116984449223617
0.018457406386821685
0.018711694163005672
0.020194527508797078
0.022666562092722456
0.025507098042306085
0.02825652162930561
0.030563583236569526
0.03214175248884005
0.03258182768995036
0.031701204520807234
0.02987243150000434
0.027991586492171854
0.027027022018093233
0.027465890744911542
0.029164956585032882
0.03135438855872843
0.033295071277555
0.034807188902737256
0.036143521888441436
0.037293753102348504
0.03781829929668296
0.037149150220883304
0.03507680092197588
0.031950687391698894
0.028545785409332898
0.025784346932321615
0.024249105797845984
0.02397024070645576
0.024436744590360503
0.024913003080892806
0.02494193249524751
0.024539856905872168
0.024115184269100934
0.02416001353135652
0.02492734268882837
0.02615898001005981
0.02746562001850335
0.028534190549556467
0.029392800524365697
0.030224744827608903
0.031295049032062934
0.0327438167244206
0.0345897226420225
0.03666519160807445
0.03841484422314224
0.039073453635600344
0.03811987183002803
0.035682606598482144
0.03270120959152643
0.03053781202842941
0.030067658440928742
0.030930860147600905
0.0317579319839427
0.03139581827917266
0.029559535378428353
0.026877796894381852
0.024307457034720887
0.02241925487651352
0.021348234095224256
0.021061598224445175
0.0215062782256152
0.022346620322900905
0.023132406226169966
0.023557352016873506
0.023520118396320747
0.02319060174489038
0.0231597075956194
0.024108553961501487
0.026279501013660986
0.029105690851919608
0.03158174576052358
0.032895344935745356
0.0328218985060589
0.03176754252404797
0.030353370376011757
0.029140214388277293
0.028414853392514722
0.028080128125537316
0.027925225366183214
0.02812865979976712
0.029129630259929203
0.031158409079435973
0.0337116967959942
0.03578677635487222
0.03645156879522101
0.03558409181838122
0.03369839393982725
0.03145557105127955
0.028976471692629253
0.026048221428092926
0.022916616943050624
0.02042122264143252
0.019397112224110516
0.019951009030005497
0.02148644438185191
0.023197642423466197
0.02465986251515532
0.02587840578164315
0.026850852812231263
0.027386487326252085
0.02726905543118814
0.026630754082524213
0.02580816045572858
0.025006670208470864
0.024218554966197257
0.023541458643338713
0.02333374069467787
0.024071192478817137
0.025706356901530836
0.02729144424504008
0.02767090464970046
0.026730486233462906
0.025303982924716834
0.024360670133049933
0.02429880216865558
0.025075953660467602
0.02650615609696402
0.028309410125303254
0.030038848996873046
0.03128369335080403
0.03175534458647933
0.03143760541348974
0.030560519530264858
0.029219693468192094
0.027273190526652124
0.02468478131096662
0.021944433105069504
0.01993246937816773
0.019275144315002234
0.019734244791542226
0.020462911257339577
0.020708121957954514
0.020246099584468356
0.019427826203843656
0.0188860044050578
0.019027859326654156
0.019760842327762058
0.02072305957290003
0.021641848824851182
0.022404307184497742
0.02291836514996522
0.023208015951701404
0.023690095794575275
0.024820042312008565
0.02651321634336846
0.028226839613761722
0.02933618687476366
0.02946878035915595
0.028441955096549513
0.026440580012015026
0.024086846981091373
0.02238541377894185
0.022108202066187615
0.023450053461723717
0.02589924456785601
0.028658982063118826
0.03100716136883158
0.03243437435189483
0.032729427689303314
0.031926355712277234
0.03012754263001136
0.02750706309357313
0.024483339507811126
0.021635869199475598
0.01952809262322822
0.018517717363314444
0.018676822745257518
0.01972053098307525
0.02105318390997815
0.022258602230853408
0.02338682854680462
0.024666369592550898
0.026161507412601953
0.027550179170499428
0.028584876258670545
0.029408691730449008
0.030366314652387972
0.03144207912533624
0.032443794138568995
0.03307451379563092
0.03325688571510872
0.03314830270450945
0.03302660476327334
0.03287487604618588
0.03241194386694776
0.03140438218138972
0.029946085624477904
0.02839466941393633
0.02729078771076529
0.026841795221790303
0.026971350838513885
0.027329617412135656
0.027538735562503476
0.027675111609860328
0.02826896572035989
0.02972583089341974
0.031483674213463084
0.03231588708360874
0.03139748035310302
0.02913061327427283
0.026707220938854605
0.02513287811231537
0.02462197302972074
0.024846050093811294
0.025330037325524548
0.025714567064360292
0.02587918805138042
0.02593871568933967
0.025998958517469396
0.02597854124377687
0.025810269626915367
0.025762434018820828
0.02611472944410833
0.026717302669534065
0.027182918542217525
0.02743243875350071
0.027672821101452395
0.028128635240382338
0.029001863517202867
0.030262007424346937
0.031677721358352284
0.032842133100130656
0.03332406088895883
0.03286047309299145
0.03156595734833905
0.02988706185961408
0.028241370116939384
0.02707820538854523
0.026486018965370006
0.02612671088591657
0.025528652230757867
0.024360245979587414
0.022552349123075136
0.02042472558776337
0.01859876095133347
0.017489860493158066
0.017161443676493235
0.017453111636851672
0.018276259328363454
0.019660240128593545
0.021666848088213855
0.024137021189189804
0.026573087085986463
0.02838368464639924
0.02924474001797892
0.029277677511448788
0.028954221141517092
0.0290912175153458
0.030379219532809407
0.03284352402460772
0.035616884689906786
0.037495004231976665
0.03773894448321074
0.03630621959255138
0.03354904826295696
0.02993288932402872
0.02610370149565857
0.02292043043175375
0.021064433017312152
0.02084860965678575
0.02221081623053795
0.024453208533880097
0.026547411103480068
0.027814486077450185
0.02824027959051963
0.028078347533478827
0.027468518781448556
0.02658349743005369
0.025680362968511523
0.024916219445913622
0.024235608410187574
0.02369305456955321
0.02328248787124037
0.022889323149055348
0.022352083155802106
0.021703863365107143
0.021122970724067623
0.020826312932592995
0.020899663108442497
0.021294903567129694
0.021793224934418032
0.022323267921373055
0.02327040120273999
0.02510726719986442
0.027661585175220858
0.03019675478530037
0.03194958700424151
0.03254994465441221
0.03211700928749094
0.030873490010560285
0.029038042416357407
0.026862979891351998
0.024848054904494734
0.023451428563827436
0.022997771947317856
0.023502881098541796
0.02469079435719255
0.025821520363141472
0.026269970776800107
0.025895393920439994
0.02508773312897939
0.024374885046941224
0.024111760015897366
0.024185142485703554
0.024254773165101624
0.024095766469068955
0.023751195075693857
0.023505921469749697
0.023744412501659488
0.024643146943072118
0.025956658714563638
0.027219855371807034
0.028096122346148243
0.028691382184420897
0.029266735394312435
0.029850029631821144
0.03003584165325461
0.029475661954575953
0.02825720569767543
0.027058775785503968
0.026572962798907678
0.02700581703806819
0.02808010730740038
0.02918879953929464
0.02973547371120783
0.029156904368897736
0.02720610568248898
0.02441220320329881
0.021992471035535376
0.020891795684487482
0.021131530182634285
0.021988966266321113
0.02266883307520224
0.022948606670004236
0.02304919845817113
0.023268939318318714
0.023725968513806695
0.024319999483143947
0.024696688845521717
0.02441952803962607
0.02337401085209841
0.021975673273630644
0.020955873777320385
0.020797177076845304
0.02153187283216835
0.0230471858657208
0.025284779721728885
0.02820306954254992
0.031371707303822154
0.03422019250747985
0.036215653603117175
0.037238522355274015
0.03740840747613832
0.036863838149267504
0.03583819667969073
0.03437665037010978
0.03235702248420648
0.02964051180637741
0.026578224902020824
0.023738157203600774
0.02169377667846067
0.020561941945921702
0.020131881789527285
0.020071215993472107
0.0201807851694447
0.020612981134551525
0.021676715601997975
0.023554820049664617
0.02615696204315885
0.029043461448192476
0.03157542260949944
0.033219974070795424
0.03374774500674964
0.03319892764305302
0.03163687033305648
0.029068655482259682
0.025836305648833824
0.022621596573263323
0.02029017390593461
0.01928412890998493
0.019342352116160286
0.019581750433931986
0.019351440676536567
0.018654448865605914
0.017941083461149858
0.0176744476661353
0.018070881580583772
0.01903292331882098
0.02034898555842179
0.021819807336084966
0.023379382900796334
0.02505662077645285
0.0268339120130216
0.028559469273171625
0.03006361184561427
0.03129577695533051
0.03223938983245108
0.03287574788746103
0.03311141210761711
0.03273390817694854
0.031339927470801256
0.028722495370725954
0.025282952199149115
0.022043398507124327
0.019964969136598034
0.01952950561160749
0.020633456241976784
0.022548604197174776
0.02431568924689692
0.025291017109344182
0.025401586276337398
0.024906306972337082
0.024343831638065198
0.02426635388407317
0.025184645361596588
0.027297103273115575
0.030349332231264084
0.033756600868017426
0.03694696754326611
0.039575400932274865
0.0413236413297606
0.042040949111088015
0.041984402880377414
0.0414246843747015
0.04026033444462889
0.038129350795518165
0.03503221731405174
0.03139476484388512
0.027901006648761034
0.025202283008846287
0.023639347606062264
0.023171243105981405
0.02346883415299233
0.024268869121863768
0.025408977288348594
0.026708018708934387
0.02783649616807822
0.028409368889338316
0.02809447783513861
0.02705344153185522
0.026006343703613887
0.02580105035240788
0.026747210507775267
0.028437168866915417
0.03017646254917372
0.031502372867074954
0.03231430479271175
0.03262019642372787
0.032440488502181244
0.0317698798153998
0.030948377452707364
0.030536427041155733
0.030862057089339225
0.03164620325328331
0.03236662790374925
0.0326399083597322
0.032439884409079765
0.032050835902639636
0.03188535201112494
0.03216058073855201
0.03260566830746285
0.0325807610708275
0.03156079085400396
0.02992655859778273
0.028808646599687668
0.028825449578547407
0.029614081341810518
0.03041911516518009
0.031027204530266358
0.031391904951628295
0.031041957881884952
0.029582893534522654
0.027412884353395846
0.025237575396418115
0.023323438321871937
0.021684912778361556
0.02052103597621742
0.020216691908511324
0.020853814328230462
0.022031764622476104
0.02318501480737268
0.02414788387872312
0.025204390463846402
0.026731674183779513
0.028931738872423278
0.031658290462795946
0.034177580221094364
0.03538879589138557
0.034642979111367815
0.032388843572489015
0.029677428581560524
0.027494853421102833
0.026280037816982918
0.025766984275826833
0.025437176023064115
0.025067708325100812
0.024811425423412047
0.024785090246642966
0.024915294194939427
0.02502645436217124
0.025202074605338628
0.02567048564278067
0.026356024169871442
0.02711709477011016
0.027849358107135447
0.02841935961103427
0.028635649751810446
0.028480883783083992
0.028108741474376534
0.027635519948998814
0.027104635689326938
0.02659506182766408
0.026294361696956634
0.026096085906522522
0.025751054739397868
0.02519969479453023
0.024680078855811142
0.024589278234546326
0.025239509259964033
0.026677559979184924
0.028755403868790046
0.03111724758411627
0.033276693969600264
0.03468262767264809
0.035007226896927986
0.03418909254226681
0.032806842548503454
0.031859524995592095
0.03201059269797318
0.032899805064296975
0.033547320711942705
0.03332614835528917
0.0321699923119983
0.030400848029683798
0.028411083084525255
0.026550207840325392
0.02500710186128094
0.023925353831508456
0.023293544060790324
0.022842499181593087
0.022326529975693822
0.021633700868895916
0.020804144072468778
0.020127340868836104
0.020199463889424524
0.0213953830252833
0.023494369619085017
0.025802772996851374
0.027823005167049903
0.029339221820733404
0.030313272310135028
0.030961216364767605
0.03146842129918925
0.03178919414689894
0.031951076008200435
0.03203631354538384
0.032158275298879366
0.0322510564941936
0.03207312063992673
0.03130030276794582
0.029897023470746274
0.028358228027131054
0.027320434665703202
0.027154412492712516
0.02767212192594203
0.028422954847409303
0.02886157616263846
0.028594496165313028
0.02760272409180655
0.026339571071411414
0.025316206748589
0.024547054864759305
0.023579252116277757
0.02215470378138811
0.020625822390773336
0.019621125901415543
0.019540949569817726
0.020264102649089025
0.021209863643860166
0.021896347633578585
0.02233138963574901
0.02288553673021208
0.023817358511099337
0.02505800794342399
0.026405758066638606
0.027773021011441388
0.029120228896003717
0.030228615576539473
0.03073375837236194
0.030357819842763388
0.02953354064310447
0.029190827626180194
0.02982302999875886
0.030874525423591655
0.031490021678360236
0.031247688361703524
0.03057573115172058
0.030072928907541607
0.029905727179297147
0.029762546890116183
0.02935286260990716
0.028537288893287032
0.027226418296875516
0.02560638364913772
0.024235430875091116
0.023630389386946688
0.023997055390191757
0.025338628275683624
0.027311682348524692
0.029263716841133533
0.030684004944588228
0.03149849874901742
0.03186573620478836
0.03194004946832684
0.031769945795211474
0.031240723691957156
0.03013320019107749
0.028573965773756652
0.02712294998884232
0.026445102043086942
0.026736819515109637
0.02754470695479319
0.02811278400066512
0.028109222500503808
0.027848767469374192
0.02804561780507185
0.02908614279200759
0.030719660500697916
0.032479434292102524
0.03389864477033387
0.03466171580548139
0.03463966764804857
0.03397232609403772
0.032882993898954244
0.03151396717186468
0.02998310931992316
0.02842500896015563
0.027060300686427615
0.026057459246159598
0.025439371377544786
0.025020198626670265
0.0246453170481501
0.02431208880485105
0.024174084716258863
0.024435837060268417
0.025152350591185344
0.02612624623117893
0.02693770482358546
0.0272971869963423
0.027267498436155887
0.027241481889796557
0.02754066166395236
0.028297994605814537
0.02956855812134152
0.03134351376138474
0.03332012939424944
0.03496059293463226
0.035719592088214736
0.0353783938927574
0.0342272323841471
0.032777283802229724
0.0314973379304451
0.030527696165234174
0.029786812610860396
0.02907387256307133
0.02824931337442537
0.02735347712173597
0.026635066073742913
0.026108735575460996
0.025570457463731544
0.024824066953230937
0.024009063092413373
0.023432502229467484
0.023496668765994596
0.024263756108961403
0.02531541840343347
0.02607189266032931
0.02625935502161624
0.026027901667501924
0.025915982952334517
0.026421095284472073
0.02766253644917562
0.029234815970078803
0.030443058676225196
0.03080863824764913
0.03032194244459607
0.029339815479191952
0.028222599269245793
0.027311659401197903
0.026932244947219283
0.027297701306830544
0.028448352967050818
0.03018304148123433
0.03196553205521417
0.033206451485573725
0.033506048418488296
0.03286611595741036
0.0317944847381794
0.03101654279745708
0.03079109561850245
0.030441366246428098
0.029066056578490988
0.02656534717588375
0.023704232330441676
0.021457259580279425
0.020353455920684525
0.020201843994529102
0.02042835000099948
0.02062321965265067
0.020790098841785946
0.02117933112946018
0.021983506461745437
0.023237906048459843
0.024685371939383857
0.025919555750244124
0.026551301939648816
0.0266510121689616
0.026735731898522224
0.027520874004494274
0.029296102265035654
0.03185688636910179
0.03455334407906872
0.03675399755953953
0.03799044640421064
0.03824942929411555
0.03765794244473959
0.036315757566886354
0.03439341682406616
0.03222465290921732
0.03011474801000139
0.028356595446617745
0.027152721187470464
0.026535528245180292
0.0263194970059834
0.026288970403279315
0.02642490985396059
0.026747575394176583
0.02701081917502461
0.02683408895161676
0.026161892334900724
0.025426546343839704
0.025152894473089514
0.025545948995139
0.02645964659527251
0.027555133933395353
0.02857409925239933
0.029506436581510222
0.030682281536245696
0.0324197950101326
0.03449117022086615
0.03596588318948229
0.0359329833469661
0.03423837852116242
0.031634255589111995
0.029044693067426398
0.0271449222155682
0.026289495710304048
0.02669571849485852
0.028175982670978483
0.029903525850773213
0.03091081158405567
0.03063603552964273
0.029081042458306495
0.026659059039677392
0.024038767456064893
0.02187790967539746
0.02075822494014422
0.02108479405901954
0.022781780606627385
0.02515755322070182
0.02725218872078134
0.028399507282936387
0.028472933707578606
0.027862055871776044
0.02708618090773594
0.02654431542745957
0.02632818901574308
0.026309899391324155
0.02617302401588292
0.025755849973172706
0.025323291979969194
0.025389373770779364
0.02635326040354544
0.027944409922474576
0.029539533773024176
0.030686707092532975
0.03134864938334552
0.03153154120780376
0.03101101648603045
0.02985262098182637
0.028642899626899056
0.028153251369755054
0.028547815694128117
0.029480464029817573
0.030358133177362277
0.030874424907399164
0.030923371745957582
0.03051120223160454
0.02954774529743571
0.028043025446608878
0.026251460993586283
0.024406335297548713
0.02257388196407682
0.020711074729821814
0.01913973689337635
0.018576737180395098
0.01952158769801886
0.021757372687271678
0.024521769682167766
0.027042332149034325
0.028882021476343736
0.029818286211491265
0.0298056676563456
0.028854152852570397
0.027280103078194153
0.02572340707199325
0.025006978865473328
0.025349086216751266
0.026173146135251547
0.026657237750946246
0.02663632016741594
0.02657406103582547
0.026940541681239535
0.027895467887744625
0.02913550862120083
0.030163184518233726
0.03047486161529141
0.029997148507466775
0.02891417091474902
0.0276043550072261
0.02654053033938046
0.026160211720213954
0.02645372030144744
0.02682953565635152
0.026632046621557395
0.025503432201155654
0.023609855997009235
0.02142843474789397
0.01951965453524617
0.018156429727466523
0.017435981895231406
0.017514964330647326
0.018459195206426485
0.02014441628206852
0.022323780293809697
0.02457441679292667
0.026441113008174928
0.02766690121802722
0.028353625587221102
0.028680511015252347
0.028593490461751518
0.028065226050090007
0.027210991090397305
0.026360742540101702
0.02577176393188447
0.025442799805237285
0.02515325613181276
0.024831847768131066
0.024616377232029092
0.02473580604685217
0.025127849664397687
0.025468428039142767
0.025589034996106475
0.0258336676137654
0.02638241834037936
0.02686079595590697
0.026834555492087703
0.026327750694195975
0.025592793678557126
0.02494617211721975
0.024734179628732547
0.02521910036792449
0.026343268252426926
0.02782325408842266
0.029349646569230826
0.03064291929341477
0.03131398388297707
0.03102299962650362
0.029690931479999346
0.02783555042826449
0.026348551535094945
0.0259030622637421
0.02629807247772055
0.02684162359000864
0.027134806597801514
0.027426977125619464
0.028302450587150297
0.02991511664851983
0.03177246585564415
0.033036656133110166
0.03308157527255059
0.03199244578259722
0.030316832762880126
0.028632971870009242
0.027178239853423176
0.026020122369160726
0.025238689257691325
0.025074813092145997
0.025653218325632516
0.02676428036828559
0.028013722064382317
0.02899784132789378
0.02953532635028646
0.029683737011027278
0.02966975669184002
0.02969355127484698
0.02985609894583673
0.030124754824351493
0.030261980779001225
0.029880639941324685
0.028664919120041227
0.02668005105680421
0.024464090201733586
0.022675780254644565
0.021806993920644578
0.021911153391846107
0.02279047803665351
0.02431755139559909
0.02645872071062887
0.029117385724981418
0.03202158061452357
0.034844566654070375
0.03707564206154903
0.0382868855478828
0.038566182327298755
0.03844434142006138
0.03824509428953077
0.037828293893502715
0.03690634895995631
0.03565243473659068
0.0347829119372656
0.0348986868575566
0.0358117135844511
0.03668010910192903
0.0366350078099906
0.035447512341011914
0.03351680127990363
0.03160632504822921
0.030168195739152737
0.029118542330787794
0.02789845653850364
0.026155830492495355
0.023944746340241522
0.021557144628517072
0.019456079458924143
0.018299998355924472
0.01864007825542894
0.020762903261705858
0.02452470442107227
0.029098855802874253
0.03317397764660128
0.0357553757915524
0.036634445758015124
0.036269702509523466
0.03521974027627768
0.033882049678087535
0.032369388416672334
0.03075667895817327
0.029319482116740795
0.028680283773461053
0.02937380943732666
0.03142543654724627
0.03404651936458305
0.036107030658477354
0.03711099033298578
0.03727930666555167
0.03705523651745785
0.03659907870264759
0.03594560072364217
0.0350449356341896
0.03385160586373793
0.03243543574550239
0.031122037163820906
0.03013283423929849
0.029528886107854067
0.029078895803615074
0.02837756826283659
0.027066957839385078
0.025193355767580996
0.023225216261538763
0.02186470343472504
0.02153082292874415
0.022158146790970872
0.023236445413854126
0.024458442775607086
0.02578861296053382
0.027266066034268795
0.028745831514445052
0.030025020258330166
0.03096371263723971
0.0315846073712125
0.031951094205115924
0.032136394917461994
0.03232913697619922
0.03274906129681473
0.03321568226051136
0.03305352166097965
0.03189502601041798
0.03038423545247899
0.029716358921767185
0.030349230369623406
0.031634262563782246
0.03254657100775605
0.032480554176222476
0.03140872798768384
0.029759938595216938
0.027994368246272966
0.026376723165127337
0.025110671648296622
0.024343365915409743
0.02403383810941666
0.024114180254725868
0.02456221502298877
0.025313229774605317
0.026124446965001588
0.026724385028089277
0.0269464810059301
0.026959664515826248
0.027029466929129123
0.027272708789932567
0.027629925616595725
0.027787572197638888
0.02743085088439099
0.02652037394921874
0.02569262686803727
0.025663158232053587
0.02683333150019337
0.028906218642020937
0.031063861864675545
0.03249940929038519
0.03310629485480183
0.033417401243718975
0.03379641283129327
0.03417235034623531
0.03428761377440299
0.03400957442132175
0.03332212929101327
0.0324502684281536
0.03163522039061981
0.031165837060421003
0.031155612558223262
0.03138387817636172
0.03145950301744568
0.03128464284779405
0.03094939271924759
0.030413211539728775
0.029328856031075212
0.02757313262060523
0.025558818383005322
0.02385014550418587
0.022659931205828845
0.022020401891498214
0.02188390683300313
0.022420263089727333
0.023601500893828398
0.02510602873136926
0.026335917028189482
0.026794405418064424
0.02649589030040274
0.026149925284196983
0.026636278398776244
0.02835546088810608
0.031017096184649463
0.033744230619973184
0.03569648145633351
0.03660149546103554
0.0367429174585622
0.036483055324140166
0.035953862212118964
0.03506709457956531
0.03384208346643761
0.03228620814501111
0.03044262904629999
0.02832733745584101
0.026319089158221006
0.02523827105967853
0.025809993334268522
0.028024929371765796
0.03106845356040506
0.033826526097995385
0.03546229861235359
0.03571673749905683
0.03469318484168238
0.03266539982118925
0.03006286446095935
0.027565892634863788
0.025894262081548804
0.02545388330985914
0.026088926552139464
0.027339674242630743
0.02888175158710151
0.03051623871860387
0.03198036716984973
0.032801222763923985
0.03246438278337132
0.030866884588301263
0.028532551400185947
0.02611536872243376
0.024276775713314963
0.023546155824896598
0.024256966797454257
0.026124447766815894
0.02827114531846573
0.029762130229241346
0.030276902339580893
0.0301442709694073
0.029817272219282105
0.02946233528159779
0.02898352339370436
0.028347315203967015
0.027631659807847535
0.02693471475487636
0.026457817050175133
0.02637558011504273
0.026857821580664683
0.027927990367798455
0.02931626859754133
0.030423058363151692
0.030612775362033617
0.02967316350795603
0.027913016229587764
0.026049468027773012
0.024806158725823813
0.024477684899390787
0.024745281718593783
0.02485517219259665
0.024418193923683443
0.023937807244872683
0.024157312916400404
0.025226191492659828
0.026624493468165988
0.02801163607717568
0.029422317281643573
0.030904834556939577
0.03239568928636706
0.03371231592786058
0.034636630834197435
0.03507218051440647
0.034940448983681135
0.033900298232572415
0.03162913389092168
0.028373443585371184
0.024921544875295
0.02201857742034424
0.02029723450434517
0.020141477540773094
0.02143818767997708
0.02362843399982694
0.02586963580781243
0.027247672240938135
0.027291055105663528
0.026264565454272
0.024899169831048427
0.023868495167894743
0.023437343443646116
0.02336130030920551
0.023238610567614615
0.02292176801770241
0.022554730527426
0.02227419813199298
0.022148928250482
0.022252986332228306
0.022646575037933443
0.02333000241979248
0.024216957497218364
0.02520796162828175
0.026064290516077466
0.026307000887540392
0.02552719974076432
0.023935951311335028
0.022305769724499488
0.021292352469945677
0.020987010835424088
0.021257379016917245
0.022130434130382355
0.023776222172275978
0.026135052973374335
0.028529965271217882
0.03016121048443247
0.030812576116160378
0.03089814112797957
0.031101856383339326
0.03173089212175082
0.03260983706426285
0.033359377667666605
0.03356658403691524
0.032878115648113375
0.031175730298962537
0.02878836703606286
0.02654634433795442
0.02504185475694481
0.02423891831952144
0.023564290850997177
0.022765648001319135
0.022258289524531297
0.022747892464097103
0.02445945098310969
0.0268473572175245
0.02897378785015131
0.030283571487954263
0.030962391022286664
0.03157256091081345
0.032260455219117926
0.03270064783543122
0.03261047592881798
0.03191372077079125
0.03061061981945494
0.028686209965307848
0.026329634354736803
0.023902597026214417
0.02191774810985208
0.02077908286573624
0.020539005052612688
0.020916890570530564
0.02130991897003051
0.021172105101380016
0.020528946983211945
0.020012418664221775
0.020156363538060995
0.020917611240428294
0.021924653566649167
0.022961807608454992
0.024021601864352943
0.02501203055219113
0.025569418662456916
0.025459732245497142
0.02486219857497683
0.02443037255228812
0.02471729051318176
0.025862470118822287
0.027697298335028767
0.029742616592126184
0.0313961909761654
0.03218965069535666
0.0320419955314813
0.030945841979733876
0.02884491765185746
0.02588037770032524
0.02282013396017444
0.020742956707921773
0.020002682407560833
0.02017847768568587
0.020572036130302097
0.021019537131805776
0.022077699083334363
0.02444575651899791
0.028032421764635676
0.03170357962713755
0.034101234891798095
0.03454556654019636
0.03323917765065371
0.03080098670403013
0.028076626538826546
0.02581125693067719
0.024257858395190693
0.023211770851550604
0.02250580701817633
0.02234814825756671
0.023177164629722375
0.025005002715070668
0.027161162007619803
0.028818606229118745
0.02946092005960124
0.0289033636409274
0.02749876782487709
0.0259492648154908
0.024994847711866497
0.025143139006013105
0.02640152582939511
0.02822043977158132
0.02978006586038889
0.030480310069689306
0.03021826069122472
0.029264248781106714
0.02792961656326294
0.026590048441490686
0.025543333922838005
0.024931048861350797
0.02463409093158645
0.024532678114416492
0.0246061257631693
0.024960907968988966
0.025740440305803986
0.02695686219456562
0.028292034022028168
0.029148272845023842
0.029134982406314656
0.028349158977249222
0.02728300851271774
0.02648094452977786
0.026373080850592513
0.02723316218420819
0.02920711499077876
0.032003341212645524
0.03477858761241014
0.036459667883953786
0.03654460280604947
0.03510752121266289
0.03258760061565221
0.029615195522401414
0.026887920884153378
0.024701822428341565
0.023003827470425283
0.021767677242679206
0.021204009131592302
0.02153753103688285
0.022630205819643444
0.02387712805534505
0.024557108205908052
0.024337926966991778
0.023495052641838845
0.022681881243517152
0.02255782577747506
0.02337173754274338
0.024931657534336578
0.02687985329774548
0.028818093387906803
0.030245779118727632
0.03091095569791542
0.03101249514034302
0.030888714854157794
0.030695845647840395
0.030413429336202245
0.030034707599486156
0.0298075217159895
0.030062988562402613
0.030947834329514465
0.03209659610771687
0.03293472721183424
0.03297221304855709
0.032154907279677736
0.030679949268986418
0.028939953928224425
0.027159285471146665
0.025346079999544507
0.023736585633175156
0.023006962136718778
0.023877727735059563
0.026408551795913157
0.02989938931315846
0.03343122129344589
0.036257874791105586
0.037914144223389304
0.038193201576802914
0.03701673512445481
0.03453941800051238
0.031226052149805637
0.028011173490005353
0.025947556664807532
0.02569120294760507
0.02689745521779187
0.02839030286208215
0.029156244363793694
0.028981169626788685
0.028183195764727498
0.02718021352056915
0.026420138691564676
0.02642156553392892
0.027414723087327317
0.029057115030290542
0.030633915243903964
0.03160927055253457
0.032015798057518384
0.03235083935658081
0.03313120357103821
0.03420694261430806
0.034901561183155676
0.034643553219088324
0.03347577857655744
0.03187077036171028
0.03036051650616392
0.029076970891485445
0.02759254340348386
0.025582800846174397
0.023388952930997405
0.02185685869148915
0.02158732226601332
0.022528045276299338
0.0240783541427607
0.02544826440709966
0.02610244838489765
0.02595579311573995
0.025173236239629384
0.023861710677795103
0.02224958927650534
0.020804390946098157
0.020109174578401338
0.02042325409510667
0.021666670602996072
0.02341555651990063
0.025311997813154543
0.027130323191926094
0.02869354937058256
0.029801548375484047
0.030373798082207262
0.030465620669753713
0.030092102636898484
0.029193125137391182
0.027860148227100933
0.026635524506880115
0.026049941935476134
0.02617743633528673
0.026578012426525695
0.026937597306149474
0.02735244253144075
0.028121101543400404
0.0293603581007399
0.030713966799671477
0.0315651606205005
0.031520140716654925
0.0306621758543875
0.029283631968152174
0.02759637424872517
0.02588394959408133
0.02450235055349654
0.023746852296362784
0.023683878758433155
0.02413125055381457
0.02500261014019541
0.026242346011430915
0.027614380449752125
0.028724408784603993
0.02936409789456897
0.029494887420049885
0.029150891100106827
0.02843595637974571
0.027894436944537446
0.02825821234423427
0.02989691707473599
0.03219185593364913
0.03389760654577741
0.03415132998854779
0.03331291847357656
0.032335653705005456
0.03163538388236238
0.030962563379467144
0.029819818748733847
0.02819543243556029
0.026587459204892947
0.02540413996502537
0.02453381156815263
0.02364590778451165
0.022778758684098635
0.022373133694605123
0.022777019708049465
0.023821372730920807
0.02500871311530858
0.02604472383368923
0.026993093278242328
0.027890609248441712
0.028610030780907444
0.029075749742019957
0.02929265358658559
0.029030404042536557
0.02806096016018
0.02655531622417971
0.024984917163139643
0.023716022938451913
0.022953677042444106
0.022918792327243934
0.023774784974026544
0.02543484935876301
0.02746877311227454
0.029374788202089688
0.030854667432142376
0.031586422508073794
0.031205700133628785
0.0299213797053661
0.02852533045659554
0.02773367276092454
0.027603197185785203
0.027771540479210724
0.027679820746980364
0.027003943943913564
0.02595800929825778
0.024970687454820104
0.024034647183704422
0.02275894986679894
0.020969381609807245
0.019165655550020557
0.018126908784420012
0.01832713561342859
0.019691535207078156
0.02178652753532832
0.024096166819087866
0.026208769819912936
0.027850132955031425
0.02879503265659896
0.02870822988979356
0.02737636625326284
0.025244717899432487
0.023490707044752215
0.02303095506979613
0.02376805328350208
0.024865869741400468
0.025618402211854848
0.0260475120320207
0.026576926098253875
0.027584608695901798
0.02903201409243483
0.03041706725398348
0.031145663374633824
0.031021617244295942
0.030368955085961696
0.029525813360342344
0.028509210623151055
0.0272652402603168
0.025967586018305712
0.024993745918413805
0.02494574844853455
0.026102828400192717
0.02804887184366599
0.029846994583772813
0.030502726882650943
0.029651130572728158
0.027567113543822228
0.025087552903489234
0.02316567267544611
0.02244491640277585
0.02302115562304843
0.024728756445239048
0.027321083140284395
0.03038633488176132
0.033313237060716316
0.03542191096501268
0.036207337929412456
0.035462115553097015
0.033687686082178904
0.031732588943714585
0.0305677446434848
0.030595365785729627
0.031346935833551255
0.03187831748704658
0.0317382946195059
0.031127896655967182
0.030560765696705978
0.030474529934646836
0.031010465214755166
0.031777605060415305
0.03213237076058415
0.031437008870320346
0.029411284248622705
0.026519911151436468
0.02376070806282283
0.02192025319357556
0.021045807392768588
0.020592015921771477
0.020124323504298474
0.019912414120680712
0.02056412813418737
0.02223969051909343
0.024451016429888277
0.026460252953827906
0.02771441750032426
0.028156385546191515
0.028198831612500103
0.028453344435896852
0.02934499064081831
0.030998147433696194
0.032962865914898054
0.03460344868098762
0.03558681365651182
0.03609541787024654
0.03646830258406941
0.03695625593533543
0.03735445185729594
0.03703014000492817
0.03553928052890385
0.03301026367956688
0.029812666365707025
0.026453862888502832
0.023747817774058197
0.02230958439633482
0.02222814796977702
0.02307889946790751
0.024236854242407988
0.02540647997465292
0.026656234226488693
0.027898645040844803
0.02873837112256519
0.028993392649416496
0.028950507150030624
0.028873445850759787
0.0286586009396891
0.028047731432510877
0.027026346360287938
0.025748955473354755
0.024478683075747118
0.023594632005103172
0.023342645449099936
0.023745246639929135
0.024429378431210454
0.02487871178394598
0.024728086416540472
0.024094124396470545
0.02350172294380261
0.023403754361740498
0.024171630111701863
0.025970132975504608
0.02864653119245826
0.031621975885138785
0.03420964809892435
0.03618912146141453
0.03790809866839234
0.03961542300649795
0.04106697982417447
0.041683106790614696
0.04078691857007679
0.038113151403696505
0.03392493123995083
0.029224766259808806
0.025325868525714265
0.023081325127768643
0.022505209416619515
0.023076533693210624
0.024031914913753866
0.02465092669307635
0.024340998914874398
0.022920795175611672
0.020675804749437993
0.018468837811007527
0.01736945204125592
0.018057649010839158
0.020378845413091724
0.023495315589790455
0.026418000726862883
0.028472564220760242
0.02953373509122465
0.029896791186335113
0.029972908354685485
0.029850536219097543
0.029277932203011812
0.027993258376522206
0.02608815794108879
0.02408505108553411
0.022697751682360667
0.02237270869952912
0.023096060066673307
0.024522177913849048
0.026399330847932792
0.02844849491494838
0.030171261039678984
0.03100135859805808
0.030687398311513563
0.02945383747272784
0.027823252855063065
0.02629544192855411
0.025345010572535232
0.025334640697024877
0.026233387958163868
0.027451505144903795
0.028188858584239272
0.027946115311191747
0.026734916297778997
0.024955647091257513
0.023230551952041815
0.021922827382801633
0.020954340107820553
0.020313260496445266
0.020392231910439342
0.02145276289249408
0.023258407641416408
0.025438286612857804
0.027709383238884937
0.02991499761288656
0.03182684735405976
0.03336156925621338
0.03461953247441391
0.035537868538343
0.03568626147489055
0.034736154564413875
0.03303492026357877
0.031584259003140706
0.031155622927398898
0.03156034311209457
0.03195365548036657
0.03152441835008737
0.030094521252194258
0.02819877126186186
0.026674538497834493
0.02607341314987916
0.02633250282241044
0.02697714781019774
0.027352182536059116
0.02713979865205716
0.02648170312683711
0.025769162036605994
0.02536429795887071
0.02544037547722211
0.025825262668663286
0.026206030609871468
0.026224882837425658
0.0257786650375791
0.02503350539575806
0.024422199638312853
0.024334009945687282
0.02507119754990929
0.026694595666814938
0.029149500035521955
0.03203253013690286
0.034572029677249795
0.035865967690567546
0.03541739442208683
0.03376904040880789
0.03223125824447895
0.03187703702069648
0.03258819631246362
0.033321853890498326
0.03311063407524872
0.031865901130107496
0.03036840778130838
0.029478460997799154
0.02965116261636364
0.030560993818959346
0.03127220145643691
0.030846064990672738
0.028974327663036835
0.02626738200774735
0.023910884983744416
0.022961985652500197
0.023820018814135428
0.025867149813718147
0.02791907202580602
0.02906061691125412
0.02927681211527776
0.029065247274110622
0.028928730597394297
0.029131329597689
0.02976793084315093
0.030841998308452336
0.032032241049342325
0.0328470840356152
0.032885899953604206
0.03204193895888547
0.03054812563737401
0.02904277170512177
0.02825672737860347
0.02846011518353137
0.029323602414215572
0.030113089861397106
0.03036309622916688
0.030114067164614802
0.029687253566572754
0.029263095020353395
0.028763288634086365
0.027939864126469923
0.026772683980721575
0.02576602543783806
0.02526934897339748
0.025108693028642104
0.024774532985191867
0.024072926742526892
0.023079499613720005
0.022066175099467567
0.021424791215377426
0.02161248054776108
0.022874570429847266
0.025060050671993447
0.027385532487657606
0.028923447898210365
0.029261687379381
0.028730670896366186
0.027914136760147673
0.027274541879707244
0.027104111193920827
0.02754434362057595
0.028360881443379705
0.028961859179117533
0.028702189374261937
0.0273725880856941
0.025486025640777867
0.024058640217560347
0.023720990871541434
0.02444285664940779
0.02529824204696878
0.025287672130971776
0.024464499326859592
0.023800635609324224
0.0238386246862716
0.02431800099072382
0.024895293120067608
0.025428209852183112
0.02594951552710675
0.026490464396238797
0.027099762058131225
0.027630188949886766
0.0276240048331936
0.026827143592444123
0.025492355792648087
0.02421821394773524
0.023500164426195798
0.023568260796635765
0.02437747151109474
0.025489832255971675
0.026293484851972485
0.02651287157062667
0.026395891912803112
0.02636959926142827
0.026700987283518492
0.02753690258518126
0.02888890123115514
0.030595354566997707
0.03228266280231385
0.033624370160282475
0.03444278826723173
0.034711942185141384
0.03437403879582797
0.03323726502006732
0.03142681209950303
0.02939565430364233
0.02775478622860086
0.026885677421582488
0.026765446947501853
0.026937119035621973
0.02687253232890863
0.02630149366096868
0.02518256954519907
0.02376093595772329
0.02232526508180538
0.02105319245915033
0.020017193867997152
0.019375296283806243
0.01936852094527838
0.02016444910042294
0.021827776933414776
0.02403070595478514
0.0261996040799768
0.027970234985031765
0.029400814991437364
0.030704975343348317
0.03196556541122404
0.0331446952590139
0.03417058995371838
0.0349420491945536
0.03545008543966795
0.03569685333310903
0.03565519677057479
0.035186003254819055
0.034274946018053774
0.033281436503464504
0.032385179153037624
0.03124663908159291
0.029549242689695172
0.0274320226456341
0.025468739222786814
0.024311335833580503
0.024331884721797196
0.025336325650502867
0.02680690739623074
0.02796656526248647
0.02800002163348686
0.02660866796927742
0.024189087040116474
0.0216303709195282
0.019903477801913122
0.019450288557836277
0.019958451444395755
0.020687826039634236
0.021205688067472035
0.02175707154103263
0.02294696016340125
0.024951598081197932
0.02723444997943095
0.029065366167347933
0.030007339647581382
0.029876006465452316
0.028684713785327384
0.02689322885818917
0.025323148186099233
0.024634493916443883
0.024913115052688884
0.025821482144548873
0.0271881757743239
0.029023051178646845
0.03103035651440418
0.032371210889669814
0.03227455512356814
0.030657805018661378
0.028127153377329732
0.025492094356296104
0.023418926227268114
0.02219205321640001
0.021804378697302184
0.02205695277263451
0.022776130062341506
0.02372054518551208
0.024453656850337166
0.02450695871942057
0.023846680704113766
0.023007065755972507
0.022608246879165676
0.022829678175745497
0.023301529003252525
0.023778951352300647
0.02426671340153199
0.02483268172942929
0.025333009935610898
0.025618171143664506
0.025727671777058335
0.02574686284259687
0.025712423518839688
0.025504717748521987
0.024988166749933198
0.024117739382180464
0.02325802064042818
0.022994971863982486
0.02364769531606513
0.025145200232582543
0.027150367589864034
0.02930227922523282
0.03117713480875879
0.0321159482635156
0.03159948660121169
0.029563525245739897
0.026699479130887785
0.024136118668637532
0.02265367833564517
0.022145412646294823
0.02206018681309008
0.022167121319127753
0.02254204270969952
0.02322011586452145
0.023914158404599813
0.024238377594280464
0.024001778742612
0.023245637614359785
0.02207381330501792
0.02074360793305487
0.01987265335309338
0.020233669316204492
0.02231958394931289
0.026064105737631727
0.03058272975791893
0.03421355746134635
0.035603599909176
0.034688669674454824
0.03264302093701156
0.031011370454738025
0.030719705869174992
0.031621230615099236
0.03293660944684178
0.03392967408501095
0.034085108935225365
0.03323836635799564
0.031642232818778086
0.029730948033555048
0.028031959946054702
0.02683205309674558
0.02597653096532476
0.024860162195943867
0.022970609247442316
0.020447558610420247
0.017843609994425014
0.015700000314525515
0.0143692346952017
0.013996993837723518
0.014610859485594657
0.016213943180134967
0.018704085688151878
0.021572700393080027
0.02403028715362279
0.025561006986910727
0.026291085109109207
0.0267895894361004
0.02737782136591803
0.027828178502647637
0.027828767119070678
0.027395835915873964
0.026919371404657673
0.026816237148375395
0.027258457572254202
0.028137782568038512
0.02930253279349373
0.030612371921466673
0.03162559516357449
0.03192075266598737
0.03146221855332921
0.030531857953291643
0.02954688675391809
0.028755130683468157
0.02817343956811296
0.027714301440508304
0.027355039657992672
0.027169081664009078
0.027080538524135136
0.026795767480682804
0.025913571911418357
0.02406049495060187
0.02113024438582387
0.017632807292815734
0.014704637309731781
0.013362042655545005
0.013873612497498246
0.015777101606480905
0.01830076590725148
0.020611282241065048
0.022123067491860483
0.022704453605614325
0.022698926179570245
0.022688501722505847
0.023119746508947957
0.024144466977222542
0.025545113948529312
0.02694850409044488
0.028217734016021075
0.02926827921798345
0.02986529227645317
0.029766766682514035
0.028993620717061512
0.02793423414517537
0.027091475410976958
0.02661465692375731
0.026177794923650792
0.025303534903549467
0.023868094434246787
0.022336384445438128
0.021428167180274547
0.021526850816260438
0.02257750492459583
0.024162932666010155
0.025665626353853804
0.026513950822523797
0.026355961202267224
0.02527716965130934
0.023972459242524977
0.02320904065833797
0.02339314668864052
0.024615616342374903
0.026498830565212184
0.02844173141790473
0.0297739290482937
0.030021879211381938
0.029182438869651755
0.027676987495676226
0.02601618242392644
0.024796196939070494
0.02465026201059937
0.025985442246492556
0.02849897019777842
0.03128312772429512
0.03346358170889413
0.034645944319900604
0.034799323844620055
0.033972748225837
0.032320049799506124
0.0300715040136305
0.02742140916556933
0.024521715449894607
0.021714697425190003
0.019725947796846208
0.019286733316147785
0.020606501390881323
0.02305391604701766
0.025513576575292494
0.027084801228402407
0.027532830291622193
0.027071328864574244
0.02618720314584184
0.02539766380992728
0.02496961258711645
0.02478740752413895
0.024507007308245864
0.02397267391650939
0.023229771106793667
0.022346274374301683
0.021427139881898854
0.020765874056903822
0.02063591557781578
0.021204273170215213
0.022478112299879453
0.024228993039231442
0.026034832487815754
0.027550651497609185
0.028798657318258186
0.030067387703198712
0.031556646313021984
0.03286274923426228
0.03302816722619808
0.031488509511451296
0.028600332486732157
0.025516667009705507
0.023474586183292064
0.0231511718992776
0.02435553706102468
0.02631308392201409
0.028145042354015104
0.029068602651368864
0.028720421053726318
0.02725135994501508
0.02517667348695541
0.023115884535679636
0.02174701808006363
0.021621147169829952
0.022807083314304543
0.024739772149537233
0.026665125366915295
0.02807658337264114
0.028758078601651173
0.028630081550038745
0.02785469961231768
0.02677348800593766
0.025782658103411835
0.025172333522898025
0.02528064684207063
0.026375608284849274
0.028276790680037814
0.030263450368138427
0.03161646133581395
0.032187875967083626
0.03218896387000624
0.032014269897152836
0.03206285324457834
0.03242792255261305
0.032861633469939436
0.03291614233586876
0.03238689354719929
0.03151699568037402
0.03057955415159583
0.029643993953055982
0.028627345865550706
0.027519950022986548
0.026563647479305615
0.02615111845610515
0.026442420994174355
0.027206490591748705
0.02797765830711367
0.028286866247035476
0.02787015382450547
0.026866581821975263
0.025701825813403183
0.024776574447956827
0.024355481050919125
0.02453160353069214
0.025167401571489164
0.026035491760535386
0.027138352843043886
0.028612514372108714
0.030425962713858865
0.03226719620990844
0.03397645717340001
0.035569600250992296
0.036937937181404534
0.037732523756002945
0.037775132607361525
0.037225868181788684
0.036702883030342005
0.03684821274808254
0.03775229408864006
0.038803292089092584
0.039280228054068916
0.038758974595472326
0.03734837144606067
0.035535231644059084
0.03390509688239554
0.032669627970830596
0.03149572163459341
0.029902308195882733
0.027904361862075868
0.02607596851099943
0.02486656594087955
0.024338169707889393
0.024341465806531383
0.024734240452579177
0.025512639395126834
0.026765909933875173
0.02828487516700073
0.02950057589293373
0.029793347870685667
0.029014235951489716
0.027755302780597853
0.026871131730830708
0.0269272930910373
0.027885527135557985
0.029381183604921195
0.03091795399071215
0.0321045390706294
0.03273004621416662
0.03294632181099694
0.03312708218073498
0.03382321109765045
0.03517092388907343
0.03682647201069355
0.03818400020909105
0.038810564019481145
0.03866620931740932
0.03810487077215598
0.037538880779059564
0.037052638866364104
0.036275200805695136
0.03482636457659455
0.03267320445012941
0.03016452911506287
0.02801034363983426
0.02696265793142845
0.027023689671991064
0.027346342943732078
0.02702382205792921
0.025750595194280527
0.023954998430781645
0.022554512908927626
0.02254175759142164
0.024159954155542278
0.02671362167138633
0.029165801829103503
0.030948657938387688
0.03205961169089696
0.032983283178456196
0.034310254954709164
0.03598347223852211
0.03717373993770083
0.03699229384050198
0.03547975765275364
0.033584732706304084
0.032432379912971904
0.03275618110464773
0.034492057660672676
0.036897704032273757
0.03897451084922767
0.0402072865227495
0.040546626008698385
0.03995676126234593
0.038244790163036516
0.03561987973185925
0.0326965731725277
0.030390839395329328
0.02925260539506038
0.02915042709265272
0.02939723628241
0.029594448323775165
0.02971084286733182
0.029666400901082385
0.029131646751816235
0.028105294812828738
0.027083231387669496
0.026467920186205324
0.026310395744912594
0.026539561081647536
0.027205670213902224
0.028410800014979316
0.030154371222049905
0.03214321590381324
0.03384338973575733
0.034602816338526236
0.03407996105961908
0.032523299790029415
0.030645203814614365
0.029198776866212937
0.028428420773848023
0.028011679416383526
0.02755858508710989
0.026955631020679657
0.02607875318493527
0.024787192761543876
0.023147567244395012
0.021472845184696148
0.020233284891033664
0.01958827048925718
0.019448920476103578
0.019852939827391905
0.021176565638014663
0.02354526229380554
0.02641069258597403
0.02872688109133345
0.02953605212386314
0.02853695604791619
0.026317019161424583
0.023993789275375908
0.022534664932291802
0.021893715128062402
0.021446787515847856
0.020836400978182287
0.02030035693398779
0.02018280385764143
0.020712204097978124
0.022034285889163754
0.024031391577246746
0.026243037203194795
0.028156410167527804
0.029492545126496426
0.030151483038814954
0.03043299341700604
0.030675932353894556
0.030953650172429643
0.031089463860411667
0.03109698828059679
0.031240998339582212
0.03161450535694227
0.03192752106885965
0.03190025495194716
0.03165088614237354
0.031168291343745467
0.030308174357307996
0.02913894801013575
0.028084540034729783
0.027425083600140055
0.027275217422192723
0.027600056132367396
0.028182622342164912
0.028616874891904367
0.02842193619799619
0.027558805830036677
0.02689564481237114
0.027596056837802186
0.02987712933242939
0.03257970250848947
0.03430114122913228
0.03449491676423692
0.03371054356877349
0.03274564712953497
0.03200649191043583
0.031456746312086406
0.030836948427777778
0.02989985896925219
0.028791679366436226
0.028190943502816253
0.02859580365708207
0.02960449297535595
0.030303825327929693
0.030519184701018564
0.031132652920528404
0.03286888245118485
0.03549692244921104
0.038050642316644755
0.03987340125828079
0.04062479604493449
0.04020721289248749
0.03865699493677895
0.03626929028009632
0.03342811485310334
0.030781738920736153
0.02885809063685234
0.027824859057539078
0.027584671161503968
0.028170143531762396
0.029695766058307014
0.031959041332788235
0.034331137490944415
0.03612498915194264
0.03686428524499426
0.03642729335706693
0.03494359683592373
0.03269746668416606
0.02997455265429834
0.027175384980200272
0.02491368041757512
0.023925475971423152
0.02446054272051436
0.026035864096342055
0.028088695958937194
0.030265275729236582
0.03212021266796224
0.0329813444103338
0.03251933539850954
