1.4336280845263655e-31
0.0017734667556727835
0.006294571484279535
0.01190419883305934
0.01676275922511683
0.020258232898304238
0.02252327187956591
0.02469595666801462
0.02783654413456284
0.03255660360411768
0.03829533299327527
0.0442029484281819
0.04927057076060144
0.053649726434730156
0.058011820157397684
0.06321910379909479
0.06973326335974768
0.0766484015252068
0.08275460914198456
0.0858885778642198
0.08581655648116483
0.08187204638447719
0.0762279605462276
0.0688472532438947
0.0609878350355441
0.05310363916207223
0.0457702088138705
0.03895785759424081
0.033444878323166206
0.028617478002629888
0.02503306633045719
0.022029264467423197
0.01978600483731422
0.01811015743209816
0.016735700327022127
0.01585852348423019
0.014915814210743129
0.014213382071432643
0.013579042505632055
0.013564663263723568
0.01414304555922777
0.015567629976150792
0.017695311096609833
0.020728391078532624
0.024767147721340973
0.029779025981733535
0.035787905163653724
0.042532902719977554
0.04989472897649167
0.05749375819091708
0.06521707615326387
0.07264414308353022
0.07876063895425287
0.08403820348776063
0.08827196034841035
0.09290748802883808
0.09756449539208657
0.10059561334816251
0.10149196928979536
0.0991428749857165
0.09528498744151503
0.08922408460782039
0.08310898112845094
0.0758120147982773
0.06837034582689018
0.0612474840486312
0.05535740475247122
0.05095975450222768
0.04749578224938799
0.04498775549225626
0.042368143438988294
0.03984089715108862
0.03709812372812711
0.03449302878299484
0.032490263236010626
0.03090429673000838
0.02988953950636142
0.028917720168266808
0.028489697639674145
0.028723729979737815
0.030102574514832576
0.03300309991640136
0.03741509053444359
0.043610438848188215
0.050517126143598524
0.05746539519544777
0.0643092654687326
0.07057547249057382
0.07653126819973527
0.08146412907170054
0.0849179641780765
0.08627632122142213
0.08641905487385473
0.08507734397050129
0.08393567093819913
0.08300739211108048
0.08429206188807993
0.08693593023750452
0.09034867401350706
0.09235384597023225
0.09184348790505055
0.08820359921024833
0.08175208697932705
0.07463067846963833
0.06752774946466923
0.06151252686897017
0.055898604699977206
0.0512564702364243
0.0474506701422432
0.0443453047290891
0.04199461150809642
0.039849690547252764
0.03812260056024881
0.03719076197148712
0.03698829842753666
0.038058410995461964
0.039381567157758944
0.04114737757137353
0.04298524410269538
0.04515043096561235
0.04775124793767081
0.049982300576039355
0.052534358928277736
0.05498094137640851
0.05804405799051852
0.061428815832390876
0.06557025976522113
0.06875504114406647
0.07037061830556145
0.06938318359809638
0.0667250732320954
0.06381938001249346
0.061485405913104266
0.06049932243559184
0.060718385200390114
0.06210212873587221
0.06400756518406923
0.06564152592522526
0.06686511687088628
0.06756091707779265
0.06833337500226751
0.0690474129139701
0.06951985917054783
0.06889989989265155
0.06689671260156099
0.06380333163176614
0.06007379752403218
0.05674433101492916
0.05423969903511348
0.05229428346965866
0.050742858559107346
0.04835668798291294
0.04578459042016048
0.04262636468462709
0.04008461484444546
0.037791634287043185
0.03644529339184216
0.03551577764835709
0.03567097073733808
0.03632360442134983
0.0388074801341559
0.042476664496981155
0.047471235958104555
0.05152759036329143
0.054137868664685077
0.05464600319683108
0.054309133386243866
0.053608880557854406
0.05395012084304477
0.05553029537050759
0.05814445260405059
0.06105151246388222
0.06282197283918525
0.0634388139828774
0.06269225488674571
0.061408741512554335
0.060217550476023264
0.058455669706483054
0.05686130390122025
0.055056252643526295
0.05381300818320789
0.052999214857688916
0.05242230839865472
0.05156502060483208
0.05015076840232518
0.04785302585595205
0.04471115758006861
0.04151562981220668
0.03881015745403507
0.03698026536142748
0.035848508852138236
0.035422296007588755
0.03497043656581649
0.034908231166511684
0.03543224113883451
0.03755521202476781
0.04017542703148473
0.043182369580372124
0.045335392599340794
0.04635998656017722
0.04614780081890452
0.045586243495833144
0.045875837931319594
0.047207193739943726
0.04944949747952029
0.05166243414743926
0.05311961872599862
0.053586911907029564
0.05283265191313981
0.051777332227321324
0.05044290633185533
0.049067327350045126
0.047900822550817984
0.04731581482939126
0.04819884170782852
0.04963637313879674
0.052527987068593636
0.05607947514510332
0.06004710600313925
0.06273388896814613
0.06347698557912536
0.06275398097153372
0.06127792027405869
0.05967022301087832
0.05752443383290593
0.05505184223479665
0.051886448120039334
0.04873050744748455
0.0459242421489934
0.04317653626003199
0.04057593309613706
0.03806174666544415
0.03608716717526649
0.034326716322295996
0.032919334559394685
0.03188180310523913
0.03169004083881572
0.032362906664788145
0.033902743733433
0.03601298663185787
0.038232846975794064
0.040187282603616044
0.04115595281164488
0.04208677453635252
0.04289024680889313
0.04390312617537662
0.045554877214487886
0.04793818070263909
0.05122118251940379
0.05438749821961773
0.05709937822146894
0.058588110683933395
0.058850319731530584
0.05818112758021701
0.05696158853677524
0.05561506776079015
0.05442831395957107
0.05376034600084107
0.053026556494449206
0.051778567323578356
0.04991016595604645
0.047828145335354746
0.046082108378797705
0.044486724215502434
0.04277374314457558
0.04094067452120147
0.039204173144023705
0.0380798404886768
0.03726272036130674
0.03648181996563445
0.0353452377675389
0.03422791820304156
0.03338286480321017
0.03316242180151532
0.033577028501463754
0.03431085111779808
0.03535355305037164
0.03639874731510493
0.03781729846902187
0.039496053182108644
0.0415509886448458
0.044391330954821735
0.04733123828438558
0.0503991010326461
0.05295329143499158
0.05501806033064124
0.05723513999367755
0.05908181422328388
0.06121022800905913
0.06238499555912077
0.06324049018634877
0.06281198729711183
0.06229535819522314
0.061066851798862336
0.059527584902264286
0.0568094234966683
0.05309220750101234
0.04885547863652059
0.04542757496883865
0.042912902296948684
0.04137707486861817
0.03990407066215723
0.03872619535081573
0.03771896423561716
0.03741233228310767
0.037350473172514734
0.03713831275183029
0.03633364427562312
0.03529176521268401
0.03418575255655511
0.03350108242750648
0.03324943232041455
0.033454820230783396
0.03405395375578813
0.03476245740736663
0.03597386724883362
0.03759853946852056
0.03990795344995489
0.042221882113511994
0.04414254922290096
0.04501742236418407
0.045438503108282347
0.04600900578471426
0.0470715900429312
0.04848365174122633
0.04913004071347954
0.05006886095827348
0.05123436097191138
0.05296564508162995
0.05432275685107699
0.05440957272947642
0.05319071585933376
0.05089918828530266
0.04800437714889983
0.04513472642660045
0.042550939382403674
0.041131652021664245
0.0401032482979716
0.039443822227179286
0.03847003100483866
0.03744156246346521
0.03624512501412337
0.03497894267892091
0.034134731682945584
0.03404059875425399
0.03489060901462935
0.03608661557021743
0.036961279780201486
0.037445487470709575
0.037470639914728446
0.037531469395203035
0.03730529149014032
0.037267455843397614
0.03743151632223403
0.03800310659317117
0.03928443364087596
0.040548784335350384
0.04172032284289422
0.042003969570502585
0.04230287408299328
0.043418877444693825
0.045493216934485645
0.048518686488764826
0.051024181079299756
0.05224935369205038
0.05229062091011782
0.051757462918901424
0.051341073064839655
0.051084555688580564
0.05107835644220283
0.05076161647454044
0.04979265881344446
0.04801263016360488
0.04558368303609633
0.042879831961578053
0.04083064813617992
0.039239323822983986
0.03831595871335496
0.03713721367290945
0.03597440480608436
0.034705221472880285
0.03415814315601098
0.035111849643827776
0.03689952421560199
0.039019580030003914
0.04025622479922458
0.04116259750947387
0.04219596062785706
0.043464869798655124
0.044936957874199275
0.04635421947811162
0.04728647347557073
0.04743502614308438
0.04627572823028827
0.04473461101990429
0.0434384608693298
0.04424148504899852
0.045723228734826885
0.04753942622637847
0.047638023984497846
0.04652062724758085
0.04382982964746218
0.04087103081568459
0.03833349464470831
0.036916538716913416
0.03752172334070709
0.04009852189651701
0.04437953508672895
0.04902250853190733
0.051884991027164575
0.05271103848716978
0.05101184081304673
0.04838317991190526
0.04536455690149843
0.04233173578871557
0.03938650908425675
0.036407705481607544
0.03445127451099415
0.03382346126948232
0.03442921777058309
0.035674982605338385
0.03633417551222917
0.0364794368272674
0.03521187057389938
0.03415712566426081
0.033162786273096816
0.03310067502921878
0.033314490924664465
0.03411980777807025
0.03558853140349777
0.037302721482044554
0.03945829340274508
0.041547627690458826
0.04393245720617084
0.04582234118974223
0.04702342736032824
0.04690128524463074
0.04548734773665882
0.04378365944515161
0.04239345334542514
0.04200531846901874
0.041700922460463336
0.040967374599758126
0.0389260522169905
0.03647361553771759
0.03443874646595021
0.03392767501194086
0.034876426944207665
0.036690515256654996
0.03833025966542609
0.03940042856938865
0.039699151306732676
0.039392800254927446
0.038669172001817374
0.03775639442647053
0.03623231501401158
0.03463560101344794
0.033524052432160396
0.03357190604075233
0.03513002560931061
0.03700033130784529
0.038527936667636487
0.0383238314596926
0.037089895211771806
0.034996839596178685
0.033669557384690754
0.032997006408785334
0.0328418570115459
0.03280127223197676
0.03294945561013708
0.033257879048005874
0.0334011329250246
0.03370488555337573
0.034261480254361334
0.03524710942201726
0.0364210746422628
0.03768060896840743
0.03864718637688261
0.039781801094946855
0.04083093201539407
0.042206971024267445
0.04314721967084149
0.04371939444331729
0.04362441854941852
0.042741154180257555
0.04144876120106525
0.04009744574822859
0.039243849084164596
0.039117372925729095
0.03903284966403253
0.03901722619212267
0.03857387654547258
0.03799741768365713
0.03760810604615544
0.037295560144975815
0.036926660560588846
0.03627412395146052
0.03584124345218264
0.03528000738693018
0.034820050449634536
0.03413767798759925
0.033472835735792655
0.03281907561721736
0.03245761927443636
0.032542456999682695
0.033267062302761836
0.0350000800645582
0.03778266375139112
0.040826895004804895
0.04283355221138104
0.04332452616736154
0.04201934099159031
0.040044705554999296
0.038183847347774434
0.037109477207530675
0.03708420903016959
0.03781268483919013
0.039105552629946
0.04086202680207039
0.04222943088066391
0.043636170741767476
0.044321889317890176
0.044699983968069776
0.044479863087050285
0.04380361205854187
0.04284464253297315
0.04202349870001827
0.041099498350617575
0.040265025420527
0.0394368917808123
0.03913304002351525
0.039273816673244706
0.04006862913274538
0.040998424718237295
0.040816445411113005
0.039492993585211314
0.03689701125089504
0.03429184511033126
0.03204740723330857
0.030755227890213233
0.030105614243780533
0.03014965145915211
0.03117718143886909
0.032950606132462874
0.03509870404892464
0.03689162202832536
0.03785286590760615
0.03810492373384769
0.037994177224804505
0.03804218026568272
0.03836644048046532
0.0385524101175658
0.03870533741951262
0.03867983183388944
0.03911284844948651
0.039591712872937584
0.040228644614624894
0.04004401851375699
0.03911175186965224
0.037535318469006144
0.036067792969408964
0.034818708606091965
0.03426912770121035
0.034495015453272285
0.03532635123769201
0.03689700636341264
0.03865954163915898
0.0399524382884768
0.04061852292119996
0.04029305808494831
0.039154974463561476
0.03749162695370523
0.03577775226509613
0.03439303037206564
0.03312930965981948
0.032349701670936086
0.0319433208903181
0.032268955121959195
0.03256369328711886
0.032699973293541365
0.03238328990558344
0.03252494167922078
0.03244372344900797
0.03271851490158728
0.032694692182159646
0.03278595619543603
0.03281877824702888
0.03216182809135142
0.03128481249105885
0.03057039902250305
0.031233885780500476
0.0331340514500705
0.03564281170057297
0.03815147864604272
0.04000272478715984
0.04107937272903614
0.04157129856515644
0.041517369435674224
0.041656768927257753
0.04189553789879796
0.04203134341771661
0.041221185585339194
0.03913286538011048
0.035958469720372324
0.032760293404692505
0.030791245217710414
0.030459933285573785
0.031813756454469835
0.03345775193657492
0.034564975443732354
0.034256958967007985
0.03315316760155232
0.031481431282641276
0.030764408080949924
0.030842248468535335
0.03169896746878746
0.0328551296005368
0.033797283430945006
0.03442820943703483
0.03463279300927832
0.03539215842829708
0.03620011049409515
0.03785164569508434
0.03926830921488961
0.04015266374820059
0.03977361697224638
0.038530930889186625
0.03691593070824611
0.035710014201322575
0.03517495365668514
0.03561310443897998
0.03661679489323985
0.03728588965530691
0.037690325292675284
0.037557406757304325
0.03718539168715535
0.03679773827717929
0.03633251185079147
0.03611197863889851
0.03599552819100727
0.03559591549342921
0.03492095233160921
0.0336095264883649
0.03259682390166042
0.03170641612861408
0.031534003512503364
0.03139681574534502
0.03145740210280358
0.031244198836917488
0.030588186384897596
0.029809580342916725
0.029027768279702142
0.02837238122354001
0.028247103772727516
0.02843959385516289
0.02915781950744886
0.029548724490361798
0.03046161332512235
0.031574285147290077
0.03350548791780449
0.035831244354957825
0.038247194060925416
0.040292318005874406
0.041221384032108566
0.04154688039833873
0.04127421779016263
0.04086462865349868
0.04010424447341686
0.038982806320944405
0.038148117738713606
0.03859955498471366
0.03958100673191205
0.04113245571163823
0.04179849214308691
0.041926698312482365
0.041102146610001083
0.03972607236090076
0.037952925729541065
0.03580098259215194
0.03345318777156735
0.031649903268517875
0.030659052018169475
0.030896019953534432
0.03198076074353575
0.03338873483527237
0.033965018034666006
0.03381611658717801
0.032930301532878646
0.03189337586165645
0.030922764241918352
0.03023190686186489
0.03014209838187185
0.030309898991729492
0.03079210239885697
0.030851081585164565
0.030566112162023526
0.030082210895087308
0.02996777243096348
0.030399686504388058
0.03138785683507109
0.03262037590742847
0.03395837490817376
0.0353242913327215
0.036404672328538216
0.036899386183797074
0.03729567426286637
0.037723901988130915
0.03822100914205218
0.03852522530575437
0.03878540586965573
0.038503716541156384
0.0373737514493082
0.03558535845372507
0.03365752544520003
0.03244349602795648
0.03212757537658416
0.032424372177294596
0.03292715800148277
0.033092177395356095
0.03266277636196829
0.031745792177397966
0.030643798708919825
0.02979297129592779
0.029425940474957373
0.029384770913857286
0.02958686170553712
0.030301042268846255
0.03160822892630056
0.033932682331772344
0.036291092450542774
0.038770421893956034
0.04016210915216536
0.040571470860225965
0.03956470051176414
0.0381478528729196
0.036627466679262664
0.035944789757673214
0.035666212361501616
0.03574309839659198
0.03531976631990016
0.034818671235565146
0.03395277904131941
0.032961839740719465
0.03259789756707872
0.03244741130612214
0.03352548347360075
0.03536538038490236
0.0381177995818165
0.041408509733665756
0.04426500443288803
0.046134757169232564
0.04691092386135219
0.04678083927440166
0.04569066128679783
0.04334378667986674
0.040247354636502655
0.037316215827953025
0.0353163705073106
0.034016537754500385
0.033057283941611115
0.03242029157329477
0.0318558095449169
0.03154894863371389
0.0315841622754048
0.03173241656350146
0.031873243243357566
0.03191978038849602
0.032371215570888436
0.0335683475770113
0.034897911493048946
0.03570780978495271
0.03542279362907978
0.034241390010535
0.03291144809941003
0.032249067750569294
0.03234143060402576
0.03296665028960288
0.03405486832091232
0.03553868149328832
0.037093491288033395
0.03908092213045868
0.04113949164055959
0.043197031816834944
0.044226059183924735
0.04415486872390336
0.04287315490075443
0.04123017603482744
0.040097288925897784
0.03985588330321252
0.04054195920463333
0.04173617714813144
0.04265248823713284
0.043433712728269326
0.043289710295869324
0.04289814067554347
0.041699329423630575
0.04072005556580969
0.039758804550020406
0.0393222901351788
0.039484524662664916
0.039815400452428526
0.04038557165630458
0.04046305718168636
0.03978550232732002
0.03835473664684547
0.036370054899955165
0.03479478216695262
0.03404441530282325
0.03406130400784119
0.03431059424698156
0.033523635867568354
0.0324475490379579
0.030987614032810664
0.030845478377754434
0.031145634998163137
0.03240488521142992
0.03353226500264475
0.03480171735855197
0.03568332854089774
0.03666303829460039
0.03716441712316291
0.037955801989203834
0.03873670968148561
0.03976178417018709
0.04045368443925981
0.04076853190394064
0.04125743288401667
0.041703276332054215
0.04239341279079756
0.043370063676667056
0.0447159108482057
0.0461142126377274
0.04706300533510294
0.046682964318091255
0.044668901063606554
0.0413625702551722
0.03801276903262759
0.03575953629506868
0.03553560810140863
0.036658098642895896
0.03787484495277822
0.037740131836811526
0.036722463416611194
0.034942627462870586
0.033669139679774064
0.03266325654637336
0.03239404254246969
0.032479664939024024
0.032451747322163625
0.03236627200111141
0.03222052138747265
0.0329060548082243
0.03483218590878004
0.03736051250845259
0.040047467987924086
0.041372160837563225
0.04178423811059135
0.041236289807548246
0.04046881144526927
0.0398266249672117
0.03945398843243092
0.039401237428323174
0.03998124076493173
0.04108611557874361
0.04222949514592882
0.04301745330372584
0.04311176814065521
0.043115588123611395
0.04279368852227016
0.04157436994487178
0.03934789734225872
0.036948827706057216
0.035115346668577824
0.03443340155016414
0.034471062633319005
0.03449140405457815
0.034360057871428734
0.03387674617697343
0.03328613675730269
0.03271342315680696
0.03210469404286265
0.031685259967585776
0.031235756434866292
0.031111417730770096
0.030976943715175266
0.031056123092591734
0.030972647203463984
0.030664513680668106
0.02983815250505835
0.02901750286686281
0.028080797041053644
0.027589598505271287
0.027780508924781247
0.028600633384482516
0.029644494375005305
0.031054427705644542
0.03257330826571468
0.034690760072204486
0.03653498417326748
0.03866756380041061
0.03962679457042311
0.0402655688245723
0.03977936308091001
0.03928249027834742
0.03874569906388116
0.03915862722426008
0.03922593539828624
0.0388300397868211
0.03671338403084554
0.034545743912471706
0.03243481862270296
0.03141754030349107
0.030551707477871063
0.029902452754027073
0.028681483708269243
0.028038551364003697
0.027659702683783996
0.027573399126130833
0.027572750181497817
0.02761418273133402
0.028214189489335077
0.028533250027339942
0.02849450779333581
0.02824797478747739
0.028086696667668273
0.028739472541447417
0.03027438918859978
0.032751922576335045
0.03568551657274475
0.03840817653840097
0.04037285668485398
0.04123591924311641
0.041493303560386205
0.04122566364978553
0.04014507986876322
0.03823803989541576
0.0364033015956406
0.03523062353003052
0.03553321769562488
0.03702423054112139
0.03916417822257793
0.04122509122499989
0.04163647045683254
0.040611789409951915
0.03818459001300835
0.035669097301198605
0.033726095461912305
0.03230234068232813
0.03153968157625287
0.031047580280617892
0.031083187810483248
0.031189542072318503
0.03117948908921206
0.03035934891854396
0.028483251872595747
0.026037616045501435
0.024147176885183388
0.02356363362372397
0.024369129736824348
0.02636191171015906
0.028375354411296252
0.029863683370107127
0.03048543334069838
0.03079870815495054
0.03143502698917121
0.032156903019937344
0.03290915922484262
0.03371909125258281
0.034383831425953845
0.03570842786203743
0.036980346281258375
0.038766622187694624
0.04043265406403317
0.042094854839897
0.04310692252928373
0.04306066559627901
0.04180947783128827
0.04021953276677003
0.03836538793247715
0.036714270913045875
0.03467719652754273
0.03241745768535013
0.029786299456097266
0.027881161240482843
0.027391140877175087
0.0283818376700184
0.03001401065370427
0.03181899872681909
0.03315657278539695
0.03416327687366925
0.03432711023124822
0.033659320303308725
0.03210208623272584
0.03018896693320722
0.028776449797433146
0.028039097737757333
0.028211458619139314
0.029087817739068367
0.03037429097821462
0.031655627375451086
0.032791006590565115
0.033752616813449945
0.034595801403196756
0.034341587226954504
0.032992616685850226
0.030862242443325
0.02933121266575165
0.029211130918802453
0.030372156411956786
0.03196999614075499
0.032668365681772116
0.032486008044259704
0.03192737156292294
0.0316630190963057
0.03268741297219547
0.035005621161969404
0.03844397362381449
0.04158757906380486
0.04300139465184153
0.04233333034817281
0.03967782681322516
0.036179968840272296
0.03264593470735683
0.03041125464010394
0.029669781066600294
0.030374186658890613
0.03158714578654129
0.03302697899476192
0.03411222765312295
0.03466800212078103
0.03484571291557999
0.03449126616547034
0.03350118088258939
0.03203099806323943
0.030284926340574284
0.02919181864147399
0.028530692613147047
0.028731174260851092
0.029420096131173745
0.03089344665839205
0.03250921977896956
0.034106551567302905
0.034812979049623556
0.0351812648607799
0.03500694605048874
0.034640595695070504
0.03377374931822237
0.03306494604362112
0.03249768603261466
0.03220582143823851
0.031823059920672386
0.03136177567558309
0.03084290400626961
0.030529080816051275
0.030354870722302262
0.030863302736251944
0.03140068221384471
0.031704355548160756
0.031168908970558563
0.030188451008218795
0.028714867338367093
0.0276858373890906
0.027210977119532978
0.027277903002789698
0.027822014613836325
0.028582018352276313
0.029804009675614467
0.031003975022193687
0.03186845122692488
0.03192441646085131
0.03189968128758606
0.03159369776085565
0.03227493925661419
0.0331621712101043
0.03394376934192021
0.03392317654152206
0.033548534542381145
0.03354859128601779
0.034593809503808436
0.035837257065304134
0.037478802059817184
0.037956913786618
0.037397730949436284
0.03586608519340565
0.03479889395620893
0.035207566120759475
0.036108921994821866
0.037625434426447606
0.0379541940674316
0.037782532920559324
0.03614739787159066
0.03454557641580297
0.033201136338954815
0.032932610876663604
0.032982929730506975
0.0333126352023058
0.0327772855790023
0.031586831949683106
0.030370950682026592
0.029482604085522796
0.029910033835977012
0.030700653563029635
0.031452567185005324
0.03174593055816313
0.0312382418863857
0.030292346946852493
0.029014119092607097
0.027998664939255274
0.02752113117459787
0.02758185366984518
0.0281023795598792
0.02892825274825473
0.030023576992699644
0.0313432035171125
0.032794576504502036
0.033934498896565156
0.03497078428056515
0.03592496137291466
0.03711789525344761
0.03794481009402849
0.03793684513271636
0.03696217544241592
0.03526177091120772
0.03324808642439114
0.031369201317763294
0.03028250955557053
0.030803375931343316
0.03301252510888895
0.036588170699131894
0.040612247890524845
0.04413680141227506
0.04607573121553444
0.04641842573163652
0.044566611999017465
0.04133680508790305
0.03683660049655142
0.03254053638699416
0.029752097548298793
0.028800551349087936
0.029635324787413177
0.031235138478416614
0.032581846756871535
0.033343960125630165
0.03257741889929556
0.03101746047012344
0.029094706488830446
0.027576410887063234
0.026832789446404694
0.026461304637890086
0.02655383139476681
0.027488730700687407
0.029067301137123937
0.03149763830975857
0.0337668916555128
0.035600808443594076
0.03647600173504967
0.03603260471838261
0.03523820377778178
0.03395014269864384
0.03376052609482065
0.03388503280130342
0.03496462811910311
0.03608329545034482
0.03702476067341495
0.037229558868317796
0.03707361512932671
0.03679125045958593
0.03697429956517981
0.03713212872591816
0.037036426721876986
0.03572342652868977
0.03433409601604861
0.03300492424721603
0.03315868918452965
0.03455365961751693
0.03607560061898112
0.03683386308925799
0.035542812070863294
0.03281733738826412
0.029561308703227273
0.027479773773782665
0.027303051597756946
0.02915042505795666
0.03205531571812223
0.03540066155471901
0.037786625759780444
0.039004962303254995
0.038091172672167425
0.035710959408422185
0.03243817970830979
0.02991073131364188
0.02849999009113265
0.028135336503729153
0.02838150250794718
0.029318700185579492
0.03056810706324544
0.03185351779387321
0.03226473437232403
0.03202318821071767
0.03136131006316944
0.0309699890908611
0.030828084466936113
0.030954712709594014
0.031194340315379834
0.031920448220806655
0.032820121774302
0.033730532358012336
0.034536920003050184
0.034521503574434696
0.0334593628824214
0.031684553957360244
0.03025261068361709
0.02975139207881441
0.029966910600110842
0.030724009662333775
0.03173290054543225
0.03312395038117766
0.03445568297118883
0.03484739185408883
0.0343996008952783
0.033337496151516426
0.03261785073058739
0.03212240239226709
0.03261867535960521
0.03309815672484527
0.03390574680202267
0.03454594657274211
0.03548600764409119
0.03670973734501222
0.03806396491028427
0.038983437967178444
0.03915341026930812
0.038891988678805674
0.03862292299545709
0.03809742414128599
0.037693618417318345
0.037005495475012466
0.036066725828433684
0.03507445254561854
0.033527262603172084
0.03220649495458944
0.03090381919756335
0.03087081325138271
0.031176947653311256
0.03149342918946535
0.031283065444892594
0.03079031780888247
0.03032640628196635
0.030099775876140586
0.03054644457199981
0.03147349163015999
0.032409849640028805
0.03347172467356897
0.03393142346561851
0.034100014941383865
0.03335232311013727
0.03175308391495167
0.030396297209503157
0.029836327099680794
0.03058565448894488
0.031558776185732274
0.0320165594996744
0.03155680722743636
0.030826627349646696
0.03029524354153607
0.030222660405741782
0.030661503508309866
0.030600715001546104
0.02999437903295029
0.02902109534311122
0.0287365277328348
0.029429559114894723
0.03096040403411369
0.03292893203449449
0.03500640945048811
0.0369976684697046
0.038779488007505095
0.03999024244746268
0.040646886112663975
0.04054555794798687
0.039533461113992203
0.038006238104358624
0.036670297556186
0.0360345328594436
0.03592759848434213
0.035669904900098214
0.03483879838556786
0.03412068297536208
0.034205256321765944
0.03521057032662551
0.03643382882143472
0.03731221942792929
0.03700992509762677
0.03524233838193878
0.032101703251994115
0.028930087895344136
0.027248638602775824
0.028190614124378295
0.030599583362004707
0.03337998834552203
0.03472322196872175
0.03499860787616373
0.034145718617003835
0.03312140286878542
0.03189180464803342
0.03083278012403788
0.02981676343135744
0.02968780189823245
0.030023366175748575
0.03145100749187974
0.033242079546185306
0.03545590003810509
0.03684360164802941
0.037080635036075366
0.03569140788310207
0.03370860770181441
0.03168849824339448
0.03091193311449074
0.03123143563900794
0.03190014307811556
0.03234553058528814
0.03223518441174846
0.03175822515925438
0.031096491678062357
0.03020008868145666
0.029584376687032937
0.029533175786179013
0.0297520262255896
0.03049556284051659
0.03104391911472472
0.03171330801173001
0.03160308059983099
0.030756207893346946
0.029552549010897638
0.02870335466445068
0.02917200037246189
0.030737971575719683
0.032550676696013706
0.03415176687579879
0.035230962132456314
0.036010861350200665
0.03622705060313454
0.036027266569132056
0.035137308894587875
0.03397869459590786
0.03310530298596359
0.03271221389446598
0.03263476470074378
0.03246587201298587
0.032184002640789106
0.031942632394163464
0.031481884526779684
0.03084250640882265
0.03010940275919779
0.02940856015047083
0.028628545982644523
0.028014392160856598
0.028382873615636586
0.030083479489089793
0.032486243568848286
0.03443206214263919
0.03455085736887627
0.03234963009821298
0.02898962937559099
0.026371679334386364
0.025493970210800944
0.026857017621862614
0.02967689825493979
0.033144359309220814
0.03584115895420126
0.037011771987461584
0.03645790933542177
0.035314047753214395
0.034131539910395164
0.033460157329481564
0.03319021750726629
0.03247139501541663
0.03111811099514188
0.02905587732340453
0.02742914488648939
0.027057433709179134
0.02796779746159972
0.02955063858302714
0.030813472513032937
0.03117826477107483
0.030682739448841513
0.029663480408743857
0.028530452704265838
0.02744019533120432
0.02661385208196824
0.026354530863318043
0.026465777889266816
0.027057782138494225
0.02746313925335579
0.027751532063281535
0.027887984807322814
0.028832064896645106
0.030063123753306196
0.03169088614421826
0.03250534424719278
0.03338695198942547
0.03349956724286883
0.03383613198354381
0.03327701708783594
0.03321423049016212
0.033458717728598125
0.034265031785700305
0.033972010434813536
0.032762154387086365
0.030969653721275157
0.029608978317359952
0.02891712163618631
0.029055871292641366
0.030077598039944416
0.03163738854336061
0.03325522412492965
0.03461695504650879
0.035626035044050985
0.03558044812761638
0.03425647434607262
0.03140139851329835
0.028756457671083403
0.02691233754466965
0.02703778914866656
0.0285607094898428
0.03127086164573768
0.03345740499988699
0.03516615272524728
0.03551770204495457
0.03524646164166545
0.03393845838289064
0.0327386200799153
0.03154564746788415
0.03114822259399483
0.031433127133042645
0.03221473319332351
0.033034763943631563
0.033228790011105055
0.03249045590588391
0.031172536169219674
0.030285603912060935
0.03043548854286415
0.030648678786942912
0.030341435092251744
0.02927462189346696
0.02819216850308783
0.028258779338284235
0.02963220674912688
0.0326899679595325
0.03611395453751847
0.04006390123355645
0.042467761541073644
0.04333615613968363
0.04196619057183846
0.03962690571024138
0.036743868591653975
0.03402810256969916
0.032345023555259755
0.03147897848468487
0.03162569230506205
0.03151390145025894
0.03179648501414143
0.031864396549767415
0.0322694616954388
0.032835788374293635
0.03326327379935788
0.032856217033525474
0.03141146839379987
0.029328034414494008
0.027214582895931417
0.025960656064261158
0.025448497938813715
0.025932600482980503
0.02675295506116605
0.028077344510429644
0.02957235928507575
0.031260139312336045
0.03252393219717609
0.03314395107007111
0.03345574971958611
0.033294008405757684
0.032887408229956734
0.03269519447214953
0.03273409556596398
0.033582315585224884
0.034346631277909524
0.03486936563887868
0.03451992307663857
0.0335125387979657
0.03250835460842933
0.03154276376351483
0.031116318508082278
0.03070321378018515
0.03095015183933345
0.03215410782431896
0.033829866723564514
0.035331821976734436
0.036130911327281336
0.03623636351381305
0.035879190464475276
0.034911436003294126
0.033561842891275444
0.03173108483259305
0.030369252095173514
0.03011955942956863
0.031108378246717562
0.03291161913007707
0.034606098464923386
0.03582908404786321
0.03619599328101994
0.03586460969581343
0.03487929634235965
0.033205257652506356
0.031462424097132194
0.030199443076198595
0.029641357101663362
0.030247289182253848
0.030791030863870104
0.03137539585110514
0.031735459971512996
0.03250016370720607
0.03371321278493598
0.034668861364184275
0.03581549067131764
0.03636671651161028
0.03700122757639573
0.037047300486164204
0.03675033649061922
0.03603746061013908
0.03521616631545447
0.03444937390978582
0.034012438448773455
0.0342809733952229
0.03481635396183928
0.03525309272021643
0.035306767994570554
0.035072473934483976
0.035030326942849695
0.03525913920306469
0.035479378142376186
0.03582761151100592
0.035736185002189405
0.035910488562040294
0.035967834482202046
0.03667825809360564
0.03713999375639036
0.03745984977182885
0.03695236352552996
0.036123665902742415
0.035029959200627916
0.033955984477884574
0.03324482560390214
0.03296162973142014
0.03374863757215353
0.03495746859429115
0.03583926983089234
0.03578547745748895
0.03438506203187974
0.032830970230204266
0.031579667933746114
0.031517897863708726
0.03206503888226702
0.032949704727199054
0.033569592264207734
0.03440970340698079
0.03566540940697892
0.03756420823701478
0.03946944735732033
0.040935977535263304
0.04145452786422909
0.040914988088156
0.03950470569504462
0.03740472279214157
0.03536080164233987
0.03390183648544191
0.033586929348314136
0.03473731196667771
0.036619101487367536
0.039031015753391546
0.040724991744197685
0.041582309746732785
0.04150623790716299
0.04048604368280317
0.03982098320485328
0.039515371606913964
0.03974112284538757
0.040047294314981136
0.040557330706962255
0.04104087611558365
0.041158249403652404
0.041319014832044774
0.04095834600266009
0.04042402078430321
0.03956994984148868
0.03867375944350457
0.03825536249909898
0.03786835111409036
0.03804309034459341
0.037898708049107055
0.03807796413404652
0.037970533208559525
0.03798766905552117
0.037768929089250676
0.037680886675148274
0.038251534434139166
0.03934275692435073
0.0405094914979829
0.04160720312745729
0.04201730516566956
0.042111613456098713
0.041150692337786864
0.04006373892733483
0.038570043644486546
0.03747040751615587
0.03652871355153147
0.036340486636821226
0.036339814106396626
0.03637271429261757
0.03617280281323762
0.03632917057488082
0.037463455070728825
0.03936387612570278
0.04125492359789438
0.04216051992721036
0.04198299509098224
0.04046210263187226
0.03802093646453721
0.03504292637960776
0.032789550323453126
0.032091151949639775
0.032648838237311836
0.034090264801031014
0.03547133648977047
0.03661410696226078
0.03768204931729759
0.03881823496510537
0.04029847257179774
0.041158659385014985
0.04153467974935017
0.0409956938118245
0.039407480283769565
0.03790134511139219
0.03654072043040041
0.03645530888778122
0.036522541601085035
0.036686100721269176
0.03647340645631827
0.03607801157509816
0.035814276401633836
0.03530608936624606
0.03511042219204134
0.03513774977552385
0.03582127643012067
0.03659600119801311
0.037450784027191326
0.03771826270653444
0.03741553639332566
0.03686108791961334
0.03677914479688435
0.03782892058888904
0.0398030375394581
0.04159354586429495
0.04264038732430502
0.04219617042386477
0.040887374509939754
0.0391148632444588
0.03746371119511362
0.03614969340886986
0.035849964398168725
0.03636523200403223
0.0374890984372484
0.03859854499195798
0.03929326496529669
0.03967205828144162
0.03932873113717977
0.03865764672863132
0.03773385538462793
0.036692793705836904
0.035748817635877284
0.03486053548721489
0.03475656859219741
0.0353932863395307
0.03721089817601492
0.03943110962437072
0.04147312790749278
0.043184630701143166
0.044098363531804574
0.0445298452462912
0.04396117076486113
0.042906028804846154
0.041512105616618424
0.039912006308924365
0.038616637252356895
0.03751757662127617
0.03756339662453432
0.03808974319004887
0.03919595121943896
0.039817778111506774
0.04061491241026292
0.04080907453154325
0.040980698284025646
0.040153048676862056
0.03941826465386992
0.03838360260749912
0.03816974022720272
0.038269779431763865
0.03936365747284354
0.04035841900888244
0.04150312964044347
0.04214819544486056
0.04260832951899885
0.04248655104105709
0.042210063560294074
0.04137082612725586
0.04034266899287261
0.03930965872545794
0.038218796056697826
0.037410297768530804
0.036411828661040944
0.036140152728147
0.036396512656632185
0.03750813117154119
0.03885665208465118
0.04068233891204095
0.04251807322765452
0.04457766276012876
0.04571868942930553
0.0458755190217191
0.0451169536972315
0.04402870189750169
0.04296288508241321
0.04208992581901429
0.0412953988214269
0.040771263274047724
0.03972178167838712
0.03850905547012372
0.03686497893947221
0.03612673471539567
0.03612992407302609
0.037103168693066235
0.03803345733557082
0.0390369662871467
0.039790574139593866
0.04062043902361063
0.04070027892762254
0.039976282094096365
0.038324917326904635
0.03604049056095499
0.03433296289852316
0.03386796755545507
0.03536993603571716
0.03804219971579032
0.04041010410781823
0.04175488096277616
0.04107751661944077
0.03879277354379163
0.03533476570499492
0.03224732074299857
0.030701984295955442
0.030709667591027376
0.03300735953539888
0.03595466968443705
0.03929961540596342
0.041680999030132136
0.04277130613683466
0.0430924574798251
0.042916794380507384
0.042573947376591044
0.0423414934553642
0.0421051631606414
0.041729398672838
0.04084390083137427
0.03926574873699807
0.03813043103232166
0.03731778419301844
0.03828517333412017
0.03930814203479716
0.040802065928898894
0.04085279351933264
0.04052491333622695
0.039588424204776616
0.039475342707806754
0.03945695283906556
0.03987660321631852
0.03966344488925226
0.03893780416037685
0.03676609881788338
0.033910144989702885
0.031094861480949736
0.029882413871608143
0.030237237220372984
0.031868163696226595
0.03357534857629222
0.03444476828586672
0.0348134159745726
0.034875267716821215
0.03553729942172935
0.03614053316617175
0.03668219499376348
0.036468908458382264
0.03589035408805107
0.0351881548300161
0.03505524679215958
0.03579069037264669
0.037022586850866394
0.03870061012601183
0.04008454852750255
0.04113215612462834
0.041702301992211345
0.04151036251805466
0.03977222541853301
0.03734603813636638
0.034597752637890666
0.0328440066123636
0.032247845600026165
0.03290413784742596
0.03452252771323738
0.0362912397245512
0.03752879698799463
0.03767353822168021
0.036406633553167776
0.03460536833057604
0.032791682755025316
0.03222584863499695
0.03234178717161385
0.03340054606953108
0.035014752698910405
0.03681971033610348
0.03877863951678083
0.040179975830048745
0.041049851261386515
0.04076521617242379
0.039790820734843156
0.038288448314038784
0.03701740138355505
0.036230754150659725
0.03621317018384228
0.0371122467149686
0.038749737056520114
0.040613752569899804
0.04248562824182705
0.04371270885603761
0.04405220246194944
0.04297510582074336
0.04086879891061422
0.038564309943852085
0.03670803231794432
0.035984355482369154
0.03606654713793888
0.03676352277888419
0.03744946450624462
0.03777777503548841
0.03760031209940047
0.03689552596659439
0.03604119514886101
0.03547344063376703
0.03524080731244472
0.03543046008431168
0.035713985591310005
0.03499437445353931
0.03359635723290937
0.030993694209699784
0.02856817168248676
0.026615348281764956
0.02600846050404252
0.02633375192802345
0.027433062345598128
0.02954468936224058
0.03173487957832809
0.03363480379572996
0.03460751156952737
0.034973533645625415
0.03482606930130286
0.0344436990859438
0.034075180852108526
0.03391468657445711
0.03455997965023827
0.03590254935734802
0.03839068231557872
0.04187577427304252
0.045239210143091915
0.04852494934898873
0.04976150199636473
0.04966805851432707
0.04704728351261908
0.043795557678584736
0.039566223918257745
0.03610538018922539
0.03315768517991785
0.03181332976230334
0.03173120046299651
0.032893610280629086
0.03426712788176975
0.0351110530805711
0.035621825387839805
0.035630838813627226
0.03589668261233778
0.03514429600793162
0.03420656901451564
0.032687879817101355
0.031618931868306936
0.030594841920306523
0.030239200086569464
0.03022267894699893
0.03100190797213299
0.032287987550351324
0.0339224131804278
0.03570352495906913
0.03725127078808478
0.038209501773726874
0.03822248455471451
0.037539355211332344
0.03680195009518421
0.036264861143019515
0.036270696443476136
0.03692170858688332
0.037455034563221114
0.03801159439927636
0.03763506503549878
0.037117490148008726
0.035628090759379
0.033927977000952056
0.032853999550642915
0.03274038275671722
0.03358579275070085
0.034283252684095086
0.034327272517166135
0.03364849313114606
0.032812937647726546
0.03225884372416404
0.03205257794404365
0.031443454698953
0.030801030684460173
0.030024354522823916
0.030129234985763725
0.03061425653795429
0.031443325766686556
0.03241434392044284
0.03334734135765239
0.034307540750619925
0.035214066066262865
0.035726025827209094
0.03652935797756307
0.03746477659159195
0.03903554211785335
0.04024949339724563
0.04119086748229288
0.04165416654329788
0.04153431232719742
0.04125222512906977
0.04021797577391077
0.03914308375327256
0.037899585112036845
0.03680894186873294
0.03609662035569334
0.035846662723927024
0.035870644910408735
0.035782946593847474
0.035347350466375695
0.0343697666331682
0.033557360248088794
0.032790103519571644
0.032381049791326846
0.03191123498398709
0.03153414960838386
0.031214031217100122
0.031542200371666926
0.032655017873677424
0.03394453910694981
0.034821327025113535
0.03522242108237432
0.034968398282145555
0.03462771999301901
0.034215744349877286
0.03478097882974321
0.035340963246345516
0.036174006517818824
0.03635393543598516
0.036398376533454915
0.0361975897455771
0.03594982783844623
0.0355770460203733
0.03584984390475705
0.03694010849789629
0.03865058937237782
0.03971899434331109
0.03994282391488862
0.03985022646342475
0.039097494716624666
0.037907522345754584
0.036098293439028234
0.03419152798063273
0.03275492166513082
0.031898594412606174
0.03159516326762586
0.031732944815337207
0.03237755177733594
0.03347010139960874
0.034498301895592796
0.0348091105343442
0.03427851949397121
0.03287104957902205
0.031545761373813465
0.03093322596863519
0.031659399378491354
0.03350619006183999
0.03595969536245421
0.03802784817570496
0.03937205126179532
0.03920886884167568
0.038035041296477445
0.0360508282313567
0.034735344458814515
0.03441282316422159
0.03595049205651626
0.03856899239629974
0.04080381077281434
0.041795608581124806
0.041516022704763886
0.040714969250395874
0.0398610489296359
0.038881541453745644
0.03773329762495271
0.03701359245689836
0.0368444759566795
0.03751175458697947
0.03829315614621472
0.03895530249433714
0.038811572066411094
0.03781540089850491
0.03580831900433912
0.033092872759252545
0.030627114111339906
0.02940415172889547
0.02979583333217759
0.03169230830275293
0.033504314259220645
0.03513362720377945
0.0359138692755736
0.036231690440271684
0.03606944116769145
0.03532905280781237
0.0341968696203244
0.03294691827874271
0.032116720463822794
0.03212907586024216
0.03264004115443498
0.033984171872620005
0.03570397666083987
0.037818790321548564
0.03940057661490638
0.04040971742468624
0.040268443854856555
0.039220283227468414
0.037458240051476396
0.03566177237576025
0.03460013714347195
0.03447897549086314
0.03572439471662756
0.03742726102118211
0.03952420536708621
0.041267619230191926
0.042772107392343266
0.043171150439661854
0.042334621413708425
0.040299434544553724
0.0377897816401976
0.034616795741327124
0.03225485773283842
0.030485415364368707
0.030294013120683933
0.03098638040998366
0.03268989445874253
0.03496501361942537
0.03733872108674588
0.03862804445740148
0.03880390164749128
0.03722618503603938
0.035608823269209895
0.03416955695142514
0.034220971206361236
0.03496338034643343
0.036286150336982924
0.03744574591344035
0.03770629496301927
0.037036435452768766
0.035903479850566626
0.03487349832722256
0.034274253838244347
0.03432878542167121
0.03457418922245833
0.03536962668122246
0.03604439336947721
0.037327830168734435
0.03858661330996518
0.03993994906503598
0.0407543563536642
0.04042148826588276
0.03901183907757734
0.037103919854437055
0.03565049294921338
0.03576234766679658
0.03737442558267666
0.04071359311353641
0.04413280930065243
0.046938861047994544
0.04732859471476448
0.04542348588446662
0.04191889934253111
0.03747574935527881
0.034060650806729646
0.031613352967982254
0.03108263888883296
0.031826566550993925
0.03295511045006215
0.03416101188084839
0.03466004519097699
0.034957131453177144
0.03500582838461087
0.03416865316840677
0.032990305413762154
0.030631743004152362
0.028133493956984036
0.026141951741752035
0.025493041547233215
0.026550004539047704
0.029061314873486368
0.03219437665423528
0.03509570166935281
0.036729305251806135
0.037430860719635466
0.03642254092739716
0.03546357224402951
0.03450825443535175
0.03445080713724494
0.0342507514177561
0.03345584458375983
0.03187790011487986
0.03012878108060699
0.029569079507662917
0.030169650368164047
0.03194436340716194
0.03343505224837372
0.03369167695472304
0.0332987439838107
0.03276712604655058
0.0329223634123494
0.033435167337674286
0.03439479478846274
0.03515048694633219
0.03572598581015125
0.03574769466838909
0.03545031709086684
0.034670122933015045
0.03446598595477235
0.034001087499348596
0.03399104154106917
0.0340655840660851
0.03410856829142374
0.03386235830947406
0.033398182006066576
0.03287788458744223
0.03280064427702523
0.03266677189003399
0.032828314767310636
0.03255257625267543
0.032775646693592946
0.032379087955164254
0.03229436177273596
0.03187363440322113
0.03211197817734687
0.03276711700374017
0.033133078130454664
0.03341984211865073
0.032675080729688645
0.0318959199809943
0.030931686138712947
0.03035085664244372
0.03012092390455436
0.029635719899993113
0.02934675553864422
0.029143298299555427
0.029764773062652027
0.031211278673611238
0.033255099782762386
0.035422022395218945
0.03686815304188992
0.037105813004607704
0.035949641024483836
0.034190059357775686
0.03325194388559079
0.033507279549494784
0.034046337602382785
0.034373755155167315
0.03395732971788035
0.033468607411080396
0.03257975644769402
0.03191342425352972
0.030921498358325906
0.029383181509161027
0.027551226570619144
0.025951201161333936
0.025078643997251706
0.024945352555076246
0.02514500041778737
0.02560576132307105
0.026105402225117723
0.02678507594406623
0.027237759746033152
0.02762310677300268
0.0277810718373261
0.028223116202410144
0.028962883817763168
0.02985246342687272
0.03073534388879469
0.031014477407807238
0.03161918879564943
0.032255381936497365
0.033104136126649496
0.03387354430442638
0.03427024380199968
0.03454086104346012
0.03411741656092336
0.03300414717787475
0.03151151152058127
0.030065519386283903
0.029040553094725807
0.02864345057283327
0.028562490858797602
0.028985124267597927
0.029322786382913947
0.029589768753596875
0.029716875767295956
0.029147316775237825
0.028542512735530975
0.02763714409508773
0.02698559393857302
0.026425666891376372
0.025505767008338436
0.025142137842236678
0.02511614046931768
0.026078540681622613
0.027361826842488987
0.028966108694329668
0.03078883219084305
0.03263611529358342
0.03449841373487766
0.03552297957266324
0.0356769577488332
0.0347595931714254
0.03305029954245268
0.031599726825829455
0.0304187828906603
0.030543003939173037
0.030790723716239202
0.03201651910190553
0.03354429528173502
0.035015532553306125
0.035544287687046906
0.03453758661176931
0.03271403946591758
0.03074821732337923
0.029737449745504234
0.029877256169188803
0.031193860891858913
0.03312610262437113
0.03509113895119998
0.036950863806426405
0.037482334968795085
0.0370831720294525
0.03544090102534939
0.03386408282728738
0.0325567316259258
0.03210427352306515
0.0321409831229137
0.03257942562860439
0.032753861487342245
0.032337155466961885
0.031348179164622965
0.029617694465669822
0.027740579942976382
0.025731568591192716
0.024139028927188295
0.02343661173255294
0.02356435502099315
0.024682274811486327
0.025836125210524634
0.02755929770185179
0.02912544631942884
0.030411297692487068
0.031140352949334184
0.030586664856602146
0.030270060794217683
0.029897092877816087
0.030583038274940546
0.03166954682839404
0.03355781078865103
0.035314093647732844
0.036897152624832466
0.03780716242300354
0.037476222796035505
0.036320354314087824
0.03400638437914146
0.031354450754780744
0.02855222871788474
0.026667902314287305
0.025797519816068832
0.02600430368242418
0.02722625945199188
0.029121817871370085
0.03134060476138313
0.033462544333485215
0.03414758522450235
0.03387361210992314
0.03164860104810566
0.02940077121529578
0.026959382324453406
0.02572926365338953
0.025651189733975333
0.026806979749130676
0.02858785296630424
0.03022109672316173
0.03116178156853829
0.03065409444264115
0.029664171291013564
0.028598043453999713
0.028115031881041246
0.028018229211259394
0.028112842150157677
0.02833167277256682
0.02841903372119078
0.028955056960613353
0.029696598123368334
0.030648307107316145
0.03145050381240267
0.03157573394628859
0.03116735884899975
0.03063859427049696
0.030861515307523724
0.031952588402985774
0.0335357898872029
0.03585230423213143
0.037978217444833144
0.03973576726996804
0.04024244241479719
0.03964345998970954
0.037521359522375876
0.03482224170435977
0.03126456544103544
0.028400989434233772
0.026562907581950138
0.02656904540192173
0.027583895181371117
0.028944276339132293
0.029870952468316166
0.029964985192735008
0.029169638604933597
0.027533308418493774
0.02539817319562533
0.023568244494851374
0.022242646166696085
0.021865651633512135
0.02240309965148532
0.02398971166928524
0.0266457889640015
0.02924554516217014
0.031750588832547846
0.03367509790973769
0.03562281262550335
0.03667507809240896
0.03674460843860981
0.03597364609974937
0.034702005628993636
0.033678147839813516
0.03333899685679837
0.03380601765012061
0.03450501714694535
0.0349093478273313
0.03452039329442833
0.03375049512652043
0.03309211432292845
0.03323846579222213
0.03368987135875967
0.034143925053518875
0.03400619651837693
0.033194020050116305
0.03188077164192828
0.030526666403533124
0.029566493770111092
0.029038965672575145
0.029037833350473906
0.02934451957327642
0.029498671680660973
0.029922412953521018
0.030836397010084986
0.03208993768289045
0.03384087606614501
0.0352949869787738
0.03644311531472663
0.037180506535155894
0.03673328403332466
0.035468139303730405
0.03304767861827402
0.03091408312857102
0.029445891276316655
0.0292996964722377
0.030017865476287892
0.031708073496304424
0.03421130722911074
0.03699766882235165
0.039015927914156076
0.03967091281371048
0.038837165113883694
0.03734639262411837
0.03540630536082921
0.0334573784172472
0.03147903529550015
0.03005777330549699
0.029325995825477194
0.028874666373687404
0.028714893941480284
0.028448651328279284
0.02858383308286978
0.02901335296150089
0.029652390868147086
0.0297262568887293
0.02866201552306174
0.027074354205039224
0.025985922276527365
0.02560897945274818
0.026370870198617977
0.027933432377154125
0.030228473803163423
0.032501835435399036
0.034374876880198094
0.036075609762725114
0.037175086846573474
0.03770979908830931
0.037182795619694016
0.03581214199931055
0.03359366083164922
0.03171070453166421
0.030208107826763243
0.029809691643656662
0.029747502317638872
0.02991424493746043
0.030103559726175337
0.029880516256282484
0.029730566457099386
0.030067687237852622
0.03151859483934756
0.03318555004346834
0.03439430355712637
0.03474621238640494
0.03446679901165488
0.033578852867538304
0.032573923352725846
0.031325029449988225
0.030748392411645793
0.030901845002923287
0.03235246890331478
0.03453670484396822
0.03655299718050728
0.037381429406476666
0.03685568556312117
0.03499436940400668
0.03311989675526396
0.03142989416150595
0.030335157859495192
0.029383783622171165
0.02888023376612026
0.02877408648319528
0.0293166549485667
0.030517427732581263
0.031397199324443924
0.032237983110070374
0.03251253290747837
0.03315537705527295
0.03355896033152465
0.03464463259854275
0.03540076433194063
0.03579588065968155
0.035048926760300456
0.03349003568210071
0.03144141242595312
0.029334897673515298
0.027296729394442432
0.025937557562717078
0.025291805874991972
0.02600855195014113
0.027581788361877885
0.02982328395539015
0.03207346672170668
0.0335517170112032
0.03402525871269255
0.033503706458448024
0.03233195023457444
0.031399809644872295
0.030713477828353028
0.03127815578292225
0.03265541906586116
0.03440453817076759
0.03580760765761126
0.035890219337287636
0.034877726670126806
0.03302416647568153
0.03118472672052245
0.029832817185714504
0.028750018982154565
0.02873657995527964
0.029453922860665487
0.031184678441316935
0.03328267192118581
0.034853688158656755
0.035453585446753144
0.034622404982101534
0.03271887677265993
0.0305732834390737
0.02890334708989337
0.028218527903344923
0.02837615558172477
0.029058566440255684
0.030111872356882174
0.03128830629115736
0.0322353992973135
0.03308800760432206
0.03339003107402165
0.033347936493511206
0.032838577304733683
0.0320102528283156
0.030939313547966613
0.029625605073964334
0.02881892145091428
0.028375625457599446
0.029240899171222277
0.030537682932739958
0.03251747730169758
0.03359090588006508
0.0339838138955524
0.03328124635318674
0.03248858696325831
0.03182877683432155
0.032071274660842364
0.03276692685342739
0.03419569976576449
0.035873927151004494
0.037799277633994655
0.03901415333270416
0.04000157324684803
0.03988830672182836
0.03986621350897279
0.03908285613051589
0.03835627372543328
0.03616659577125568
0.033401187883477304
0.0307625749688804
0.029195593840057415
0.02936823297752896
0.030607172706695912
0.032564735569797436
0.03404993223808389
0.03460323616755415
0.03415599695881297
0.03327865974749954
0.03268959584198727
0.032716069664096764
0.033309524610805274
0.03438039419958129
0.035498082379503235
0.03631897140531288
0.03646100674961535
0.03560066935733883
0.033259406036973534
0.030873159200383405
0.028596591569579295
0.02777013133889754
0.027834019373507515
0.02926017224450611
0.0310670645430495
0.033417445438758644
0.03545808303438909
0.03702085382525129
0.03730377875974605
0.03640646701446733
0.033977973669104676
0.03139737428694052
0.028783473022732355
0.0273854272091349
0.027298495160886227
0.028238962265109704
0.029383298261011975
0.030374880657713366
0.030654919286566974
0.030878047143482336
0.031409514524353435
0.032508136418747856
0.0339301041233713
0.03497663657285642
0.035276837441642526
0.03480703526631749
0.03394278532300919
0.03251054885465323
0.031151196646946912
0.02989154829534266
0.029698540052603174
0.02993864990402396
0.03102085026101637
0.032407647028249865
0.03358871321014196
0.03405641546493702
0.03389435290948318
0.033357040001816024
0.03346384688662248
0.03384369237008998
0.03465083172558753
0.034682700017060364
0.03449517015360718
0.03395608158727185
0.03416443629441077
0.035123109887023246
0.03631347866830991
0.037545315361179304
0.03723300402094822
0.03618010318121352
0.034059688212178016
0.03224904200270204
0.030968818708297038
0.030632597985586568
0.03105832962661835
0.030972993252361154
0.030047256170651734
0.02827791671898278
0.026788936439616287
0.02598315791777719
0.026052605866048826
0.02667763636968336
0.027436382363189172
0.028163710927243325
0.02899317583589584
0.03007070827899002
0.031117361252750192
0.031805290898747306
0.031839142437877076
0.031397304751843394
0.030775816141062357
0.030571496755900603
0.030992574166372185
0.03220927494295832
0.03397265705950652
0.035886818203848085
0.03743632508899944
0.03871089917054216
0.038717653809912204
0.038040645544492484
0.03639771666444303
0.034780276704259615
0.033165232335786055
0.03216197486275076
0.03131160706564119
0.031237702301797014
0.0322161951282268
0.03322912445834262
0.034285091751648865
0.03412670005508753
0.03407923420599281
0.03342513213292793
0.033178025849016274
0.033182016560181396
0.033048180189498004
0.032833481590983364
0.03191064072731611
0.03081029340822233
0.030184347015724144
0.030232638153800548
0.031706244570378087
0.03338747532802428
0.03483617687684813
0.03545438521413287
0.03531244635785642
0.03465384115325634
0.03360119642521615
0.0328098871252757
0.03314510658881886
0.034853857844324806
0.03698608034070085
0.03864143218097326
0.039322249479369034
0.03908360506268505
0.03908705396645725
0.03944995992145092
0.04048993462216912
0.04134102338170961
0.041220046352531854
0.04005354075569191
0.03826703631576433
0.036350369329023045
0.03545008511939483
0.03542111469198731
0.036461638420880925
0.03758084649304394
0.038155343859383815
0.037373494491460234
0.03529490515803787
0.032503342091354755
0.030312958811705565
0.029013840474032482
0.02885454940059506
0.028748282827956557
0.02872350907562847
0.027992357529679636
0.027285511927264083
0.02636376254942134
0.026459054232883538
0.02768141748678215
0.030331280084114093
0.032988300783381226
0.03475693199428496
0.03489140703753735
0.03404981998232868
0.03306560769228279
0.03275408601388502
0.033672816039751405
0.03609572836679431
0.0389515293027164
0.0414197100597428
0.0427426284789159
0.042620363473876974
0.0414275333163013
0.04015068484684322
0.03935600954697709
0.03926949690546847
0.03864177736386255
0.03738564445768082
0.03568099342589707
0.03436776782956077
0.03364315057939983
0.03333024405271669
0.03266196933975973
0.031236476967512947
0.02886076419069399
0.026095697101625355
0.02390682420011394
0.0231407329422839
0.024428333182368447
0.026726119941999978
0.028641329831319763
0.02939230548436315
0.028619462337610656
0.027512065896416072
0.027024247443960356
0.028383281574808843
0.031210239198251125
0.03433877918805877
0.036493955246293855
0.03727717363622648
0.038033177180192085
0.038752670139052814
0.04048475591505988
0.04218249848920273
0.043637229067151846
0.04482964378970582
0.04533840202022168
0.045103417984672024
0.043898117678803944
0.04200357676944189
0.039817553985470495
0.03756497935633999
0.035125188076847974
0.03287127686887591
0.030918027485329295
0.03015307093305117
0.030155138384129154
0.031103025143916753
0.03221723929558125
0.033631654099805605
0.03443799831184038
0.035072126341288694
0.0350868901394534
0.03471591531014036
0.03332720500926994
0.03160845519498444
0.03008475083129752
0.029641120598510356
0.030687348381654073
0.032411453512030355
0.03423201454867732
0.03546806736249663
0.036135382229290275
0.0360430029636279
0.03574222336131204
0.035160233644913615
0.03479715320181841
0.03433391358232688
0.033837958830027444
0.03316761894432166
0.03285043624860636
0.03262837531983184
0.033690924685320076
0.034943475821554645
0.036661147908943995
0.036933528589747286
0.036545610601665925
0.0353127486545609
0.03429609189457498
0.03364014224423529
0.03377333228921265
0.034897968587396785
0.036252777897950166
0.03654030717887565
0.03565231362042663
0.0337414159457895
0.03213413121179897
0.031063285466424274
0.031019952483357104
0.031218150999015305
0.031563659052663284
0.03152359787163361
0.03137952860741393
0.03126778571067374
0.03165820368342024
0.032573268773420795
0.034197136494830645
0.036297667650260004
0.03793257817900032
0.03854449708593488
0.03725296459796096
0.03511714036351287
0.03295997733455997
0.03160586862760942
0.03146886523238109
0.03227276022298121
0.033242309898387876
0.03423663603958308
0.03421584405449725
0.0337473400571399
0.03267318247874624
0.031803057400102364
0.03125516385181979
0.031070937848691492
0.03105160674405777
0.030807327308499912
0.029972059457193334
0.028899036095838465
0.027211424127571448
0.02557039473552136
0.024067540758410246
0.023684493681985868
0.024370046552290872
0.026329075199932436
0.029039193819437346
0.03132731493652649
0.032622823003513116
0.03230514003312453
0.031138325905297335
0.02989562427237713
0.02915940837127847
0.0296267648525718
0.0312886400676647
0.033655880803142135
0.03604211302569592
0.03720814806290967
0.037100344540551035
0.036211047272959755
0.03525355083449769
0.03475677169312363
0.03493977584439979
0.0353098909335453
0.035827114654651056
0.036256481900741044
0.03661702479437414
0.036508644723216216
0.03581322901568355
0.03455085122042714
0.033067911412979316
0.03180152914497733
0.030828201407775393
0.029887904987597306
0.029090955799687127
0.02801858923722773
0.02683667590449302
0.025685376740496153
0.024987035034966805
0.025489243363592914
0.026776241229472537
0.028499225030348588
0.029645057197280004
0.029725077750673345
0.028725184193644115
0.02690333711106803
0.025405604061845482
0.02477563961022671
0.025683238902533892
0.027831294718186756
0.030276499409884763
0.03241131848600607
0.03368289290722048
0.03415741144886083
0.03405814703516868
0.03394938409824258
0.03387232905110504
0.03416151858761573
0.03403028860345864
0.03421660140125046
0.03448898340305759
0.03499513431957931
0.03529698220261795
0.03546790477814608
0.03471811276262166
0.033417720549074964
0.03164966401361741
0.029930532198108286
0.028789016561352784
0.02803803436664248
0.027643481719839023
0.027372975783708828
0.027263303665019115
0.027647105121164545
0.02817173753926675
0.028184418727875474
0.02746189636158115
0.02650484758818645
0.026159881644395155
0.027183799088449388
0.029625013102314034
0.03231768973621008
0.03441191531026574
0.03499480103153704
0.034384475342820804
0.03249336358075597
0.03026327077113281
0.028638945335063913
0.028287018981431194
0.029095085259897818
0.030809001641803998
0.03302439350542913
0.035531298932290394
0.037576926647258785
0.03806737570578415
0.037119493620449764
0.03538787263031183
0.03341191371441822
0.032092078391013086
0.031292116183374914
0.031432504921961736
0.03213699838437595
0.033687101191792454
0.035316589763922816
0.03665700032409533
0.03660301832760486
0.03536244187128978
0.03291217912726402
0.03028663472672101
0.02805949034221844
0.02597489408025711
0.024813541439857978
0.024241983975549747
0.025167712570400926
0.027192874386047967
0.029771098075359676
0.03193868772714443
0.033049646246570474
0.033371415752992205
0.03358303840789642
0.034232304727021795
0.035492769051627564
0.03685634668042829
0.038099305856932476
0.03880990671924914
0.03903027584876362
0.039301023650895744
0.03971499998388167
0.0400639755208847
0.03957880886584523
0.03813038348172425
0.03645289923408427
0.03526528426625773
0.03449583385747177
0.034063209978130476
0.033381697390817665
0.03253443097028778
0.03157749954017851
0.03060923303158481
0.030038432624329522
0.029348709172577023
0.02890124187651425
0.02791893271964042
0.027147555014159226
0.026654229227897022
0.02671215328009896
0.02766014724365134
0.028657491065831122
0.029628985322507947
0.030174144459294113
0.029990009201115827
0.029469784531945587
0.028351617098225493
0.027761646740520687
0.02744700766144338
0.0280914185363193
0.02938066716120083
