0.0
0.005230061396084145
0.018239856633884194
0.03318453225873129
0.04554879371064512
0.05552184265234455
0.06524904433482089
0.07656811624725261
0.09061736999291872
0.10818593123321249
0.1285999583058437
0.15006975366956846
0.17152466086820933
0.18995466873542005
0.20166955634384776
0.20575980458256746
0.203250184222894
0.19466633332643374
0.18106547606079018
0.16399494005337822
0.14443002416031794
0.12450545293063586
0.10664341226603313
0.09349593606671648
0.08699272018085187
0.08721972978450807
0.09173362479259613
0.0971521821509252
0.10168697054597475
0.10644141502492448
0.11228090205614033
0.11962903350940872
0.12958785607566733
0.14245356953501065
0.15598463238768495
0.16520982514289115
0.1672320853129652
0.1631325703047901
0.15636002771200094
0.14924085467448314
0.14123719395690282
0.13138007497172147
0.11944725688157108
0.10685939876962527
0.09605551137784286
0.08938987174697649
0.08730288999390307
0.088890180706038
0.0929609455207297
0.09641847275241332
0.0960091973430718
0.09144972822817773
0.08665504081399301
0.08532157283141352
0.08812959241627663
0.09369594904778014
0.09958556792434911
0.10357708591161434
0.10576693759142039
0.10683173471303556
0.10588666278023078
0.1025269756961282
0.09754478236554662
0.09168983209376134
0.0862031122724607
0.08237700251844907
0.08059069812331246
0.08062796388323572
0.08084689425797655
0.07865858445840411
0.07368673917645999
0.06868594417622505
0.067381597527842
0.07187649817608228
0.0813176881671282
0.09198599869221945
0.10062165724561573
0.10692978032990129
0.11170977697185586
0.11505818905455895
0.11670074056431924
0.11608315644376284
0.11327817333356711
0.10919574197816906
0.10355950672139906
0.09696919738549872
0.09115231963557337
0.08770627773557149
0.08658475596993129
0.08640803970317101
0.08555292241162862
0.08310458528898629
0.07932762178927474
0.07532931111905532
0.07338478445966276
0.07447962774773756
0.07598238193233489
0.075125286942294
0.07194935226863106
0.06781899976806306
0.0641058419545025
0.06130913547951394
0.05983287068162918
0.059965498103009114
0.06180551692186618
0.06551974596138095
0.06958270976227932
0.07186964778046775
0.07186663440718492
0.07087667573772631
0.06977127887433125
0.06934659859742794
0.07055545739408883
0.0739192539042338
0.07953734351918831
0.08708393944125908
0.09574704530953274
0.10313884290784739
0.10676996186670573
0.1066517250082799
0.10677358609108274
0.11037868912450777
0.11678867963786385
0.12212024327239487
0.12315430210573255
0.11996149067998561
0.11572663007751269
0.1134752372004061
0.11308880146644455
0.1119312877186074
0.10721623646253088
0.09848975848112887
0.08759494776261831
0.07750569121550138
0.07002028597082255
0.06542567399894969
0.06292030721911077
0.06125680869003382
0.05937115143955846
0.05666707044130097
0.05353324976324288
0.050547353110627996
0.04900995745509738
0.051667291624312404
0.058732540316996575
0.06672691956400018
0.07306449175965078
0.07742066624043006
0.08076852425043246
0.08315119076576646
0.08354061788750423
0.08214374320582317
0.08032915960121649
0.07965911018432764
0.08120754261434909
0.08382425282739214
0.08595810296657945
0.08702532461292448
0.08780030499527831
0.08899255441209432
0.0895452316250327
0.08892539151458471
0.0873029164508666
0.08495707076777659
0.082947008127686
0.08235317774333914
0.08200098195341565
0.08055493489584402
0.07750362761915562
0.07195154577495726
0.06456114730704542
0.05719936584627818
0.051836834756543014
0.05032762821063001
0.05207283371760417
0.05464161147493186
0.05572619699546884
0.054719333875954554
0.05286311519043827
0.05198117665948849
0.0527978285549586
0.055884675405900856
0.06092345266871697
0.06583899043095785
0.0696221776895731
0.07289603331955047
0.07558915445201271
0.07759662447767554
0.07861497506406387
0.07815132080084815
0.07642035211900029
0.07485258010827736
0.07484655991969419
0.07634177442542846
0.0779741372508968
0.07795662242414754
0.07564294510230554
0.07303003688666249
0.07175362336576628
0.07112413088652926
0.06894896938968581
0.06479052964661713
0.0606561859355965
0.057632101931571825
0.05678607420685631
0.058445411035157685
0.06253180895605068
0.06692168127947526
0.0698160867490011
0.07120556729740038
0.0719986278047404
0.07254121505521745
0.07332973132803729
0.07505717387521149
0.07803207854960674
0.08090465616349432
0.08295260994795198
0.08440159081746226
0.08625144684244172
0.0891982514395527
0.09277604628678897
0.09463743066809525
0.09348548732175313
0.09036891853025275
0.08677593336521684
0.08265322793386742
0.07796905344767076
0.07386297470314752
0.071923862195706
0.0729558136571054
0.07577345412971491
0.07811439438067189
0.07925932019615142
0.0804462148666745
0.08266113374165411
0.0848345339185004
0.08521382984758745
0.08369280808028501
0.0808473389768253
0.07700373743740112
0.07414233516439253
0.07406280618853997
0.07631817909106899
0.0798627284303035
0.08382286133361355
0.0869337205887534
0.08824815827692391
0.0869997253683854
0.08388500674309059
0.08176404801887162
0.0822263605712579
0.08389723470290222
0.08458251613904794
0.0837331698756815
0.08156759828388913
0.07905725903627751
0.07640907486068077
0.07341277278854501
0.07132000892602314
0.07165175994823357
0.07387729215749013
0.0762494796258511
0.07761825547138274
0.07712570080573543
0.07436533125491517
0.07021854576770734
0.06761577084618796
0.07003338802202928
0.07821684404809894
0.08890995800381359
0.0976855001142812
0.10212306736505765
0.10178549160233338
0.09866276181121696
0.09575828633374464
0.09332237282148377
0.09080034460728222
0.08862580986579917
0.08791485681994497
0.08856133659182273
0.0894533996883601
0.09054626007417979
0.09266002699516712
0.09624250146483972
0.09944882173091288
0.10045331018051486
0.09900153060876737
0.09592930302146824
0.09290301513250186
0.09019509996622703
0.086348779221552
0.08126794507219676
0.07677336901300962
0.07456775273684536
0.07490563265486531
0.07709349637107658
0.0792723721781287
0.07996470120646573
0.07882000288117462
0.0770158680836021
0.07573254213143665
0.07554804255750784
0.07572322413731428
0.07691658591211945
0.08055240356312085
0.08593041117820613
0.0913790802552811
0.0956733210603666
0.09728004134929136
0.0958639719288879
0.0920706003561551
0.088015670167985
0.08569039163089401
0.08470327689863703
0.08421559865847608
0.08445829061948273
0.08532043507605033
0.08476288701056693
0.08214854382192713
0.07922343517039583
0.07757097660854642
0.07790234828775648
0.07991572263147351
0.08241986532180838
0.08486959308243539
0.08642173812813296
0.08625692961769547
0.08404948949389975
0.08214330510032174
0.08223867314193584
0.0823888008162691
0.08052626408133186
0.07729207864792795
0.0749230944576491
0.07388976046293746
0.07319811567533482
0.07286444647677566
0.07261563548872246
0.07133345043878139
0.0683217575942195
0.06378989886594064
0.05795481688664949
0.05207030034219587
0.048481364967198105
0.048851850522687625
0.053066023037697564
0.05933660775987288
0.06531688540814642
0.06871251730265512
0.06910696017064501
0.0673746407424259
0.06495802265937593
0.06312131434008449
0.061361866353057806
0.05974873529503044
0.05936700751625336
0.061143406039286155
0.0643983124533629
0.06775503643250559
0.07031076595744487
0.0719296885936831
0.073101695080181
0.07410226114929976
0.07410551710918199
0.07272379020305775
0.07125488704189752
0.07139842126782542
0.07372737088294429
0.0772981964319095
0.08148815269659716
0.08534327123987526
0.08708379436790402
0.08566569226152254
0.08161484664735581
0.07607926195550951
0.07146349077933907
0.06935620829906121
0.0703526420080178
0.07213694276817198
0.07093743478884475
0.0650276047326178
0.05610437502207825
0.04750845440402685
0.04263420820077897
0.04255214193541089
0.04614085506760445
0.051310473973968415
0.05590507672039537
0.05849947298613896
0.059925862485444535
0.0618073388540754
0.06466051936943878
0.0682014852850144
0.07303353703779893
0.07913000523677058
0.08643288522462682
0.09521257341674867
0.10471867947876802
0.11333544169456376
0.11950150001954946
0.12239075162170703
0.12194755281859428
0.1185409696511592
0.1136561576085739
0.10868998537861788
0.10369104569136757
0.0977335913376417
0.09018628706606703
0.0826254167613393
0.07668858210431016
0.0723678611385873
0.06865858143971607
0.06492067571731402
0.06189762198563533
0.06036313798613938
0.06018876745061317
0.06087155696586195
0.06078864845358645
0.05929337734149804
0.05668618400006154
0.054508127889226286
0.05424537182946408
0.056222727025757244
0.05961087774608462
0.06283078387953744
0.06445123814762899
0.06331074576324468
0.05916918754596741
0.05442007399475943
0.0525361608828824
0.05534301778413532
0.06165160778841416
0.06784408406274858
0.07244929537872279
0.07582770450654708
0.07744408924457745
0.07567528008020753
0.07065335528913087
0.06564512043334383
0.06515605834341218
0.07072951810139916
0.07990910408049878
0.08917985966505619
0.09659137487633977
0.10055217105059948
0.10102409810580353
0.0985610199464733
0.0934564330210635
0.08742780204489699
0.08149208636357269
0.0747920551698711
0.06757927103749442
0.06162562162925954
0.05855975070831331
0.058452252114934954
0.05981190196491272
0.06125694848248712
0.06253673584257058
0.06339578486541575
0.06243073372478566
0.05953785035183876
0.05628276426615887
0.05405178880745999
0.0534737140180689
0.05502698743629918
0.058543164145759184
0.06378343751542881
0.07050616615506106
0.07754762899844125
0.08352400280691447
0.0869949146031638
0.08702633643230188
0.08548255698425913
0.08389793066906817
0.0841802324278152
0.0884677895179612
0.09665986074934264
0.10560720462929463
0.11198686729230811
0.11362982379787885
0.11024038624191956
0.10335931170715339
0.09569108765892596
0.08984763942057446
0.08743325395942171
0.08776214738572517
0.08893356381535647
0.08902950988292174
0.08815482061722056
0.08718389845867618
0.08609534971579934
0.08446621118443531
0.08244744024231132
0.07934508217650511
0.07411381290960946
0.06732104667063875
0.06124657692214198
0.05785302132042571
0.056996098066394094
0.05891046164570282
0.06382968893086947
0.07014089320836352
0.0749738633453078
0.07689109156268925
0.07617962462958054
0.0739172284704328
0.0724261742434117
0.07367236249249705
0.07775039377946924
0.08251844733125017
0.08589588631670181
0.08701210591495417
0.08540532419708831
0.08199147703619233
0.07753840439998037
0.0722507056314997
0.06690172603362451
0.06275379905769947
0.06080743754261012
0.06084220704297813
0.06282222763833918
0.06662480173371779
0.0704765388773408
0.0720388147110232
0.07105250589005117
0.06885768449683095
0.06653888758928668
0.06498636326305489
0.06433100887227354
0.0646720486258229
0.06646420905860162
0.07015562448905997
0.07516360652986286
0.07936327360773558
0.08140075000201395
0.08082061366558875
0.07869659191976376
0.07652961519288623
0.0749478875923009
0.07448013367686405
0.0745760965724783
0.07411026270225526
0.07252892226936261
0.07007701378512732
0.06853780775573481
0.06901039012285619
0.06962288974966066
0.06779995311772412
0.06397161652687855
0.05992609880406553
0.057191453847490616
0.05756615028666415
0.06163555836719597
0.06754790379965311
0.07299322717522255
0.07630194951801073
0.07698189249420852
0.0758418152891976
0.07378866236351021
0.07180491742725097
0.0713813274196194
0.07251824850414978
0.07384305243113343
0.0739157030791161
0.07212487720843361
0.06947086283133005
0.06744816176269525
0.06701100261824137
0.06703962801022904
0.06452951086482811
0.05921709081009889
0.05418466453796716
0.051462529477438415
0.05165069955110949
0.05401915841868363
0.057355823912299854
0.061053437335426175
0.06401956962045052
0.06529085081070699
0.06546356298145921
0.06582971727487454
0.06665801643301066
0.06750941231950164
0.06873725739799333
0.07023049488185985
0.07219133637556022
0.0752861827908386
0.07955792075951358
0.08415789815589272
0.08763632346457273
0.08901958003317549
0.08861353945085855
0.08617415386624391
0.08166325379030799
0.07563576338552648
0.06875711021522782
0.06313275284514125
0.06122286723092802
0.06268137684763796
0.06507080453193988
0.06713972971767121
0.06890945576977939
0.07076283115117178
0.0726573344314515
0.07415456229243168
0.07533471532688904
0.07570286873405817
0.07506825746886565
0.07280756238360482
0.06820538675071294
0.062368363765459865
0.05742288102359304
0.054721277040236986
0.054133257651414746
0.05377660858175415
0.05141477270902328
0.04736632566053567
0.04307790494969756
0.0400746726363975
0.03996595272247416
0.04338286658831755
0.049271396975268486
0.05582796003753497
0.06112252594851918
0.065011942990787
0.06905385679892485
0.07478035483290657
0.08189990486810587
0.08942297420660358
0.09485918213305745
0.0976752573254715
0.09981865511832888
0.10249330070713508
0.10407379181731853
0.10301163213398075
0.0990863099234814
0.09332192241052296
0.0880355003615387
0.08481796320263112
0.08294329383867198
0.07951013415488395
0.07331220448417575
0.06541289249871268
0.05810676800617695
0.05316131066205149
0.051539005264846394
0.05359363763943209
0.057794921069481316
0.06199549031143887
0.06446338513592335
0.06481861718010781
0.06425410575451453
0.06409720707400816
0.06449953799403452
0.0649358799733543
0.06478351731006884
0.0638517019107848
0.06212683316379078
0.05998341039856655
0.058223565638264536
0.05816347644235689
0.060395647855948566
0.06379079612378726
0.06546379280953527
0.06403170081885515
0.06110250942800827
0.059806858599506275
0.06182518169464056
0.06659292405173126
0.07182408376711416
0.07568120912921653
0.07660520427388416
0.07437192124743568
0.07067712955156999
0.06896193702713603
0.07045024024443819
0.07415668612191131
0.07807838075857064
0.08002472570605117
0.07943240728506815
0.07676817464438283
0.07282756294838322
0.06853306600845757
0.06481409244719934
0.062196823102009476
0.06036084878265979
0.05875284875839766
0.057946878477849316
0.05882434897214067
0.06115376017830443
0.06353758028341538
0.06442757096684283
0.06371648033687437
0.06189285845578834
0.05952128540044579
0.058466700482747457
0.06029035590570929
0.06394320874978732
0.06684901565057212
0.06862466426413343
0.06996827541581298
0.07057081938475103
0.07018822746079095
0.06911910186059239
0.06788614310488728
0.06690487822528651
0.06552712986182856
0.06241333141613885
0.05712632851657759
0.050588108405065446
0.04520133580415081
0.0445864976700859
0.04931746086176228
0.05705248810343216
0.06478028263684492
0.07047668843460286
0.0734093405205963
0.07429219187533374
0.07597725225633964
0.08158790045783428
0.09135006514011909
0.10263305871100901
0.11180926690924498
0.1165699780666955
0.11545576823619705
0.10941557016865308
0.10176962469443131
0.09398163778092024
0.08693381914052233
0.08251977525740121
0.08084670106152086
0.0789834622497714
0.07483562235564341
0.07013519224757127
0.06725680999939038
0.06557900638686098
0.06413283932537314
0.06259879526413101
0.06103669193288476
0.05955381020286062
0.05707440227819502
0.052666688235857295
0.04797328678827343
0.046601113190395636
0.04993893672797758
0.05601904327093266
0.06219996229045287
0.06733586367391008
0.07149965489100114
0.07519016465336069
0.07867073769558462
0.08183680682177856
0.08463226086929566
0.08764849909177674
0.09118698457130957
0.0936215250590217
0.09490677991895399
0.09599398917042234
0.09776349158721546
0.09975150410096428
0.1014827215125413
0.1028295343609373
0.10359641558624506
0.10387519295313358
0.10384180293183273
0.10258938836683648
0.09891685315512481
0.09253935395874562
0.08462715582434076
0.0759472087667103
0.0678888870004608
0.061450327226987206
0.05618287917102423
0.05176999625628921
0.0487666449496938
0.04701086651675516
0.0455166434070433
0.04408187155429292
0.04456848914186679
0.048455613437095035
0.05538429036861535
0.06435075891403293
0.07339078704506917
0.0805219558260264
0.08616089221703398
0.091404819091332
0.09619366319677176
0.1009722512998473
0.10702125195945131
0.11384138356180318
0.1192020132083002
0.12196463293199304
0.12319354774897953
0.1238407114239977
0.12355257093203338
0.12064214245027477
0.11456460179900611
0.1059398909532603
0.09605999240248937
0.08821151841884205
0.08482330255590786
0.08527876579612066
0.0867753749530016
0.08640813181452786
0.08262361121685283
0.0762298621862402
0.07032675116793283
0.06738122585391894
0.06601172937103096
0.06427468326010936
0.061842492112822986
0.05958604930537987
0.0580151385412304
0.057077898356498874
0.05673534622580621
0.05681563058219111
0.05797051439404343
0.06083325780309497
0.06491477395480043
0.06938911933816648
0.07363476049555955
0.07733914073863776
0.08076318174811367
0.0840069119592825
0.08661796709268911
0.08866462777353765
0.08981616694550643
0.08891929052859746
0.0855789611076223
0.08090367640584999
0.07614837718664397
0.07239654382970817
0.07097290043683287
0.0727880137151252
0.07708838596398897
0.0817793930334411
0.08425503061924977
0.08434789088109027
0.08396933168863867
0.08450734764407168
0.0858257854333829
0.08713237609020778
0.08719181501514484
0.0857837175111477
0.08417106272019098
0.08408085638993996
0.08576216090393543
0.08770590214403276
0.08787637493496629
0.08643206787549046
0.08496727904997232
0.08349449666599953
0.08145320080382089
0.0792182149783134
0.07777020884154094
0.07813644514115664
0.08105719595759435
0.08514749448181075
0.08758479989615282
0.08576046008235827
0.07980885714186813
0.07316790619393947
0.0694706037705169
0.07024456832644134
0.0745215473056656
0.07933164863412141
0.08227650578487894
0.0837152675761276
0.08636665999946552
0.09136129709152717
0.09799891921237809
0.10448539684343823
0.10850648814607601
0.10859482816281843
0.1055227190133037
0.10267248742330963
0.10284586368830678
0.10504774432639265
0.10661238635443976
0.10604181396719309
0.10478526205591202
0.10518594763679073
0.1079601157368924
0.11137476317365211
0.11300115533669523
0.11123543564556691
0.10580930253308565
0.09798440153640288
0.08970293288408576
0.0827869706776188
0.07757505388237394
0.07326761189351708
0.06853620748801582
0.06272630034332967
0.057348334245022364
0.053806725406920185
0.05169373624173446
0.05089836693569335
0.052728854233718314
0.057021932093731915
0.06262037126255335
0.06850665931168222
0.07372600924308353
0.07765343404362668
0.07972705993764284
0.08106559248349014
0.08402415439171636
0.08882653019471913
0.09229273301829577
0.0923312400288565
0.09062179767407594
0.08910196317988572
0.09004684661225547
0.09390841490564873
0.09840171489725948
0.10124381002727176
0.10147633185340889
0.09881868107189459
0.09428550703304409
0.08966786439640814
0.08622437609058196
0.08467433613581984
0.08468680130548918
0.085231675373037
0.08540578801880062
0.08465042188809747
0.0833025518356727
0.08221573032753715
0.08232531612846816
0.0829812736273048
0.08381810397573257
0.08482755615064487
0.08520024692088543
0.08397765801268785
0.08168017840404859
0.08007106426843047
0.07995945532686412
0.08078282636541219
0.08079806152229656
0.07972674770762296
0.07813138482226419
0.07647521844355451
0.07545779494963539
0.07463686959246743
0.07306463643040774
0.06974435802006142
0.06548930266993651
0.06346569014416575
0.06565763214322767
0.06974897751761068
0.07252095265358378
0.0727583922192302
0.07100070710537008
0.0683488531905202
0.06625427999016767
0.06764226270640852
0.07320333778788758
0.0799288306822295
0.08423195185672572
0.08576701022920614
0.08628733818495753
0.08692840018309342
0.0875646569923942
0.08826430961252597
0.08982044584620698
0.09296736330257568
0.0965424252112958
0.09886902588880672
0.09943412524791785
0.09864954463446053
0.09694887405130778
0.09568687621061195
0.0956553169945203
0.09561359484610639
0.09455913100483464
0.09280714422909017
0.09109433956153766
0.08937637306767365
0.08729681068858412
0.08425931352327129
0.07992335113680629
0.07441562801884274
0.06950071310355942
0.06695311180634472
0.06634462115307073
0.06582005982119818
0.064048467750103
0.06179393586385918
0.05999389743511684
0.0583580190828795
0.057278213405506526
0.05838564159147465
0.06319549265741657
0.07054904634811246
0.07784387401381994
0.08278053706710488
0.08457247599543821
0.08343146108677198
0.08056767595355493
0.07738229328478108
0.07507029824696329
0.07406819279111652
0.07494024770608775
0.07754559994911868
0.0810293475920537
0.0841890094476067
0.08621927473676098
0.08627536170793983
0.08464618444418037
0.08215727643572182
0.0791897496984917
0.07612596546159078
0.07390656126936261
0.07269189618783159
0.0720652077817574
0.0722634199988814
0.07305387598858146
0.07317378722158631
0.07187642418648511
0.06979601859048344
0.06758391852656678
0.0657880666879961
0.06417315953155821
0.06288728555016407
0.06258967889853569
0.06319745955771763
0.06442057587383702
0.0662872044957306
0.06828510943306774
0.06943291781960069
0.0696186219007938
0.06902592915206847
0.06895719670182147
0.07004199032855106
0.07125216512408539
0.07104226684199574
0.06946494773146732
0.06749197059776547
0.06563870858079725
0.06506400619470509
0.06621887260559904
0.0691642234099966
0.07351473434692082
0.07866673708603586
0.0844407967487758
0.08939903939765363
0.09175855792932702
0.09000285590573662
0.08498835930894603
0.0789831101875601
0.07340673671041344
0.06903440070910732
0.06611302611183197
0.06539392392562147
0.06704506930272287
0.06954398761286204
0.07180347938293395
0.07449837457543228
0.077168438518264
0.07852359530778136
0.07795224924405236
0.07609959682818078
0.073696027528505
0.07213133020174291
0.07175881253768743
0.07074090204016686
0.0676222250459719
0.06214473002810468
0.05549059720471468
0.0499329989008158
0.04768428099245834
0.04979222709277365
0.054211360768050186
0.057827110982445855
0.05968476998768279
0.060470881683791396
0.06032320246708808
0.058938029984471646
0.05751904063006245
0.05793717551125066
0.061499552041544225
0.06753313536388288
0.07392266068038449
0.07810060102872537
0.07923297255717668
0.07890410002742768
0.07954115148177773
0.08157833676450275
0.08409016127858902
0.0860138447042732
0.08676252468544872
0.08695050260275239
0.08772682199037452
0.08896767277143314
0.08861563867952328
0.08623057282657186
0.08345376137039669
0.08074492999648043
0.07650615338040889
0.06991708268985078
0.061917720247223924
0.05454418325388726
0.049449688588718184
0.047529980459012675
0.048564034816188456
0.050826285082815455
0.053140630853696004
0.05486523814165935
0.05561497006832446
0.054561431760032524
0.05247275608436467
0.05081507680279961
0.049889679666290605
0.049334601793137776
0.04887460023153817
0.04862132744157933
0.049482529828980513
0.05182034951242495
0.05476820645921825
0.057671568613358495
0.06003534740757496
0.06135359915933945
0.06217295199509514
0.0634530685221045
0.0653969194667177
0.06769598567628154
0.07005109095846991
0.07168715900867409
0.0712294604545614
0.06985348893345031
0.07008687683862579
0.07223002956606321
0.07436291529528281
0.07528250773455725
0.07357752852899735
0.06878741199567623
0.06271005467547289
0.05809355924480301
0.05581347945476794
0.055288462820069384
0.05609116706076444
0.05723154308764313
0.05790242896211722
0.057358066548703054
0.05523522138119632
0.052276407912843124
0.049175072817747904
0.04628434376827565
0.044141121466611026
0.043892329117314124
0.04685040977104592
0.0523714138490151
0.05854343822768676
0.06329268409827006
0.0654669335961947
0.06437629903156576
0.06086948110272995
0.05620899999336335
0.05243783665057911
0.051455294580146964
0.05370138732743422
0.057737562817438234
0.06129306828944188
0.06329868435391683
0.06358614191400111
0.06300140388292075
0.06227689697084439
0.061265620431467424
0.060244176112611715
0.06032267457111553
0.062291856938484255
0.06555322515330833
0.06921644384761008
0.07216912699524328
0.07302742512661274
0.07225028213884836
0.07157925523040225
0.07259905110982878
0.07551685375523834
0.07893176463737435
0.08200604683831586
0.0846916742901907
0.08684908438775173
0.08755021821502773
0.08602625146408571
0.08162529708720896
0.07548037520968058
0.06977484874286795
0.06596919356201879
0.06386859772413662
0.06236282089118125
0.061616969480123344
0.061545387197841646
0.061309891675774726
0.05960045432863905
0.05713447541292139
0.05552257546536833
0.05522389884641187
0.0558037533773768
0.05655280571996535
0.05672806748934381
0.05501253948312784
0.05272336142065386
0.052825693751911464
0.056553952410370555
0.06294256134877996
0.0695523719306812
0.07430373055059614
0.07684561454261499
0.07775006123935774
0.07757685746068185
0.07746424985307884
0.07894174216491691
0.08192982936138349
0.08522345482702821
0.08738344060984453
0.0888632671345595
0.0907382437766594
0.0930999480057595
0.0952329337086828
0.09695658732327724
0.0978972370381001
0.09780343748911799
0.09636502305827511
0.09337182719984354
0.08853368232161822
0.08322528333124843
0.07896992954607311
0.0757259955339676
0.07305919981695712
0.07051778129603695
0.06862449911858756
0.06665894628066907
0.06382002004691781
0.060974980157188496
0.06033210322515148
0.06237888340498379
0.0658932183355816
0.06994917825623535
0.07426250367127409
0.07819047894406646
0.08208274407690937
0.08661478336399431
0.09158680180987473
0.09626642492369392
0.09857031554500996
0.0975857901096753
0.0946366650472523
0.09162657583409577
0.09027905964301383
0.09208884521694863
0.09791263132966124
0.10667622703816891
0.11508839289820708
0.11977056656641234
0.11968234141794172
0.11640775146090504
0.11234399937019167
0.10939623511135341
0.10766641590514119
0.10692053138974891
0.10682395342279905
0.10655893898845933
0.10502271326176835
0.10174106663108243
0.09689096407803888
0.09082030221213293
0.08398108043970802
0.07773088527377474
0.07325229879455172
0.07053886654817591
0.06790827445845202
0.06376148851685404
0.05843304110097755
0.053472222244861
0.05042024332982508
0.04901100385166796
0.04876247965633624
0.05017635213200079
0.0529838887529045
0.05623181304881375
0.058947599043940015
0.06059622315416284
0.06183061860675932
0.06416324181249014
0.06918536156500947
0.07842794392871939
0.08970619841733259
0.09858220557336303
0.10330087821571173
0.10410457415200951
0.10291680825412447
0.10289056482142217
0.10491872736144654
0.10829154413968455
0.11211643528643668
0.11511801945627972
0.11622754186770641
0.11549050643078732
0.11387734027400832
0.11220107968060415
0.11034996695799221
0.10688793556012756
0.10027615598934844
0.09098211914914632
0.08153166977335428
0.07494031130899091
0.07316723379791336
0.07464628952646736
0.07599456896454708
0.0750775729734984
0.0729003607001833
0.07154252875902499
0.0706683774141277
0.06924003660411611
0.06633604435863359
0.06210782291785573
0.05818667483941759
0.056225730151565366
0.05807552860214415
0.06325140828514278
0.07011818585705037
0.07666337396996004
0.0825559141154703
0.0883194437536091
0.09474995609981371
0.10170452592971926
0.10843762948554557
0.11458174267373798
0.11971406788687584
0.12281547296091114
0.12389009532395098
0.12490451674490592
0.12845575353906716
0.13462663324645785
0.14138356196863464
0.14555233146539032
0.14534667813097069
0.1412051958239031
0.13376032569548543
0.1237299904427084
0.1128536809218533
0.10219285797577159
0.09203009658834167
0.08335607183778393
0.07807391238003801
0.07566792409469145
0.07405316201547177
0.07170658083878906
0.0687079105971396
0.06601532827104041
0.06438983740098916
0.06338182609976635
0.06226154009898792
0.06034055159286003
0.05819509287657053
0.05743731861830175
0.059297694620399896
0.06477374688551651
0.07353807346039354
0.08265037488563302
0.0891090964857705
0.0924557167081709
0.09414356964037673
0.09608677800483738
0.0988264742967874
0.10041994021846534
0.10004129407925928
0.09943357914422167
0.10006141247190613
0.1012361522037189
0.10346711306949466
0.10659656681497805
0.10881889853943832
0.10991143020692147
0.10949595181055469
0.10712610089442423
0.10361913427287682
0.10075469056462842
0.09877275938172406
0.09712890195091693
0.09541566622432766
0.09299182301586084
0.09075610595708802
0.09043889514152958
0.09123275636861725
0.09129011523408792
0.0898482939661678
0.08712372654842411
0.08384792594868237
0.08039539968167397
0.07709351432682847
0.07392387849783684
0.07244318126123622
0.07441026729518484
0.07925166184310044
0.08435220392399512
0.08739294136628879
0.08795295563445388
0.08723990467796312
0.08748299517509849
0.08928230195065827
0.09171572789570734
0.09496888913157027
0.10063253150863943
0.10853371519083528
0.1156620659727292
0.11895975620276121
0.11780898939445612
0.11404323620349205
0.1105263601757574
0.10822459250467371
0.10606189271421299
0.1029390165725001
0.09865732620873051
0.09373125288957608
0.08995192960563371
0.08811936596315491
0.08804402629139889
0.0877764891542443
0.08454401220214017
0.07758497489594125
0.06982704883592233
0.06519130986311387
0.06411940593229508
0.06497695041834077
0.0653477542924639
0.06371862909509249
0.06092627987212676
0.058221068687335495
0.05685211719212047
0.056607220012127576
0.056833175168575244
0.05694698840247737
0.05746902277511835
0.05944707505748979
0.0622711157815737
0.06553491735690616
0.06938731696728806
0.07254325436667358
0.074001750388643
0.07433521556390102
0.07500311508327002
0.07695291687675336
0.08025283618174339
0.08404043189331147
0.08707367133066325
0.08836662835669422
0.08843591626061718
0.0876070123176691
0.08628164778784482
0.08449650176673025
0.08251139553388848
0.0810781963756628
0.08012242921037763
0.07960140606621176
0.0805436315394418
0.08277097258719862
0.08508087391345022
0.08587656554719272
0.08418067998833381
0.08027358687273224
0.0753031277259419
0.07019377671308781
0.06523971429930008
0.061036930569844966
0.0582137429838846
0.056744905962344105
0.057227531813929915
0.06042596663408067
0.06511186674944637
0.06862689809235552
0.06959644987829336
0.06776171226300531
0.06468227776927316
0.06171912349660408
0.058919153322319624
0.05702498799802925
0.05675358180092975
0.0585206187198746
0.06105078318951589
0.06382585856359536
0.06797429752312144
0.07360694301759191
0.07912300100277667
0.08349101478551703
0.08666146790521613
0.0881229948144159
0.08659640917127312
0.08253559401103391
0.07825044140147532
0.07618518416830959
0.07681037491955914
0.07823675742583043
0.07812938453347976
0.07589418188332722
0.07236836920157927
0.06747005897253514
0.06235848130151023
0.059466853508785104
0.059765353708387474
0.06145076839071706
0.062219194806019056
0.06129814589324764
0.05892778829339229
0.05603637102308678
0.05409266481016844
0.05376636336745381
0.05520088434722245
0.0574610646460436
0.06030748676173718
0.06305529511831329
0.06410256804694293
0.06343892920920638
0.06270688812827635
0.06275329556071649
0.06291630790687937
0.0633477448729334
0.06511520993432116
0.06855100292032373
0.07258863564734334
0.07600654580602792
0.07879262237373241
0.08089626584687393
0.0816579279228514
0.0804404570301634
0.07782306338030553
0.07503907483753344
0.07377508165144245
0.07437435977761396
0.0752505399150615
0.07521905589853259
0.07360213579893936
0.06969653713847132
0.0646916782005841
0.059919473129346305
0.05540907543157682
0.051565903596459156
0.04901063356497574
0.04848643497670907
0.04988667815684183
0.05192204531105765
0.053403556274258406
0.053780170793705756
0.05275579184969344
0.050798252403040894
0.04869764271806654
0.046742376914737954
0.04514881330046671
0.04461539865198912
0.04538564401310376
0.04674868679462932
0.04858106298024433
0.050719414995481084
0.05278412544527225
0.05417715220517577
0.05389089504292537
0.05192600689813561
0.05112674965181076
0.05338552898018262
0.05747052431537209
0.061458703407311695
0.0644365804340015
0.06687379144435576
0.06918453365804768
0.07091469387952958
0.07184113929835158
0.07229162171451987
0.07224981724323568
0.0714380108349242
0.06964282102429482
0.06712546705933681
0.06510897494089275
0.06289429056937786
0.05814304306024027
0.051519230098365516
0.04592678196994734
0.043703433816231964
0.04557983361233375
0.04926845909592704
0.051334240174754464
0.05061264703770692
0.04858165664536055
0.04648851920273746
0.04461108655856526
0.042935897941265594
0.04234087904095342
0.043421589785687185
0.04538141527843564
0.04740973489837233
0.048477361663623555
0.04926570452127181
0.05133491737802889
0.05406255558970421
0.05572538853132415
0.05605450992092008
0.05674154013883083
0.05879660008604399
0.062495739551884574
0.06645281489213255
0.06949663370818616
0.0708398277917073
0.07116234149380225
0.07227677868711542
0.0742808136619259
0.07624710571927219
0.07640389911268738
0.07420912075223389
0.07019985595864005
0.06508975729693783
0.06014853854139878
0.056500080608094166
0.05438265825495588
0.05391982026074372
0.054176460235703355
0.053247062422069745
0.05150692202759148
0.05081590464258735
0.05146537028636415
0.0521312094222404
0.05204002032440299
0.051452235300798274
0.05116498965489735
0.051919382027436574
0.05390642732319033
0.05684896281822518
0.059930850320501765
0.06186661183272188
0.06201535774852686
0.06081145624329349
0.0589109334330885
0.057763874470860364
0.058723724180203066
0.06127926750204046
0.06368639165384107
0.06466874420725935
0.06361839851102963
0.061647747753542675
0.06000927538693554
0.05898876474632946
0.058437251983214804
0.058674549531378274
0.060358044229113075
0.06311195164310666
0.06555897978211415
0.06629357684213276
0.06485910691637854
0.06247529470758
0.06106189590149593
0.06206631668450242
0.06470233554456817
0.06705933004308527
0.0680375001525676
0.06779949851359582
0.06690084541018146
0.06587993661226718
0.06460429467673454
0.06320046353874781
0.06144015259321081
0.05862960684162902
0.05565319810434955
0.054535420379535314
0.05556459586896241
0.05791142224328517
0.060326132325682895
0.061372628314287525
0.06013507799094301
0.058167610702180725
0.058413313866039436
0.06176325335273165
0.06604762301338757
0.06894918444410125
0.06972545309199198
0.06877759523189682
0.0675325546436165
0.06725882206408489
0.06776966880814977
0.06836639969085764
0.06969750527823297
0.0717358788604351
0.07317166536596821
0.07444629278872412
0.07530652147505254
0.07461662618452408
0.07107508340358296
0.06556786560898291
0.06127604699995535
0.05958642892343781
0.05983919164264933
0.06158076070411495
0.06512075213809904
0.07046572986707049
0.07688522915099393
0.08278958611306438
0.086789398114035
0.08883766699673236
0.08903583990460835
0.08651621500521431
0.08091467440456653
0.0738648301435919
0.06814393151577693
0.06676151669435412
0.0701653369640548
0.07608619414289376
0.08088763312833425
0.0812978966954764
0.07688204719003063
0.07082398583804758
0.0666424627790089
0.06559542781770998
0.0677013149825469
0.07161689418074618
0.07446097015061892
0.07380084228966466
0.07001774344269572
0.06550035030433773
0.06199166775499921
0.05967189370598068
0.05870691061115468
0.05840027118134819
0.05680351804097657
0.05458555453466891
0.05437379688830341
0.05533227877714166
0.055896063791661794
0.05676112841732868
0.05790049090897105
0.05891564500449551
0.059602478131078614
0.060842158347933085
0.0643161795188412
0.07013150813609463
0.0764203508905034
0.0806806304792708
0.08189084350889386
0.079694343829607
0.07475700317898817
0.06947087943238525
0.06607905865530511
0.06431106321375572
0.06323394835348517
0.06288050066887986
0.06311504992343138
0.0635423159871574
0.06349197007600633
0.06356220161776556
0.06406286592155785
0.06514289470228052
0.06659962262198804
0.06730655935744176
0.0662207983894076
0.06373671143353692
0.06134698746480881
0.05960817700959626
0.05811125314915544
0.05667379768564891
0.05531548732742507
0.05375744425719093
0.051902383468728976
0.0512836469387803
0.05254607781988933
0.05442374464082753
0.056528461566936
0.06031485441670715
0.06585648433680452
0.07085067148781991
0.07346126496727717
0.07399658986583554
0.07372694091458189
0.07232345044096487
0.06998121568674329
0.06834243654162298
0.06773295631215512
0.06647842685063332
0.0644935699113908
0.06411536730306017
0.06613247158576518
0.06899455148223586
0.07096610359595475
0.07161759693501693
0.07139275563243982
0.06993440999492907
0.06645575527449406
0.06099452861986186
0.054828231870382396
0.049836816521148894
0.04725041335860011
0.04707793281984827
0.04952937853667044
0.053925265527821786
0.05863871161066622
0.06301667099678988
0.06688547873697107
0.07052152249046337
0.07445946980508202
0.07872006954292328
0.08225435504097536
0.08321606714242749
0.08073374454740433
0.0759205487997099
0.07142710241875413
0.0690857767901841
0.06951106709832118
0.07261880977227711
0.07745009106636763
0.08205296307163741
0.08389177684280624
0.08267258292421652
0.07960215691473771
0.07649657323338792
0.07509278143499072
0.07570382949827936
0.07693946041290681
0.07733358346188943
0.07718910413669924
0.07735827643791642
0.07756850603601202
0.07754800682428353
0.07686765473992584
0.07535915077614143
0.07388400402523568
0.07279434551587297
0.0711764774191346
0.07052285127208636
0.0722890942512164
0.07538982124490137
0.07746194295030542
0.07790074740395377
0.07813358811776294
0.07928571351160434
0.08038392570807158
0.08074703518530536
0.08067297172118294
0.08013420675688546
0.07863347745038761
0.07640461476132743
0.0747833269124859
0.07514286682496413
0.07658865547679426
0.07674318358148625
0.07511185877902546
0.07223491380031496
0.07004392186516566
0.07034778547999107
0.0725816437219271
0.0747237592637274
0.07540571336613312
0.07420764102079538
0.07184430703034772
0.06967718987286382
0.06839662706199175
0.0677542554637091
0.06673187075861726
0.06558691652319985
0.06564837119318659
0.06821512794289551
0.0728192443612922
0.07826916344638776
0.08395418541935737
0.08980647711015213
0.09447890991872686
0.09646869761195714
0.0957480667539755
0.09329557436173058
0.09041952882336232
0.08795099169612634
0.08649849008720228
0.08540892193359169
0.08419954530837827
0.08180244835044015
0.07748211668155286
0.07160618276885229
0.06562096545779643
0.060976583839380684
0.059032054344477336
0.05961109930480229
0.061174544400104516
0.06228680158107446
0.06166741397811894
0.059598541408471324
0.05788712863815383
0.05674892617717074
0.05485146176359286
0.0524177411486089
0.049998774298652564
0.04842349530534009
0.049071139441826825
0.05233166418966918
0.057841038516690486
0.0649001017339169
0.07237886901346485
0.07852953209347238
0.08211752046626268
0.08299397395939674
0.08211919274517748
0.08141356195275276
0.08288060887111269
0.08613808131924904
0.08977403731881425
0.09403847792244914
0.09900346957097376
0.10268911140950038
0.10160322689553558
0.0947907735423143
0.08371285253729152
0.07205071834788952
0.06326761670248005
0.05871576312051399
0.056521416591012875
0.05475993521909422
0.05343576531457124
0.053098909259348875
0.05460669753952194
0.057836181094746426
0.06107786981772694
0.06274437483667815
0.06323141184376109
0.06331904273431202
0.06310077917550506
0.06295016044621483
0.0639160967863794
0.0663136252806774
0.06995958524817446
0.0752367536823037
0.0824613975789062
0.09020445665451621
0.0957502839764147
0.09770051368938404
0.09628270182807716
0.09349454979368506
0.09086686154819758
0.08861882729575886
0.08690109246636364
0.0849547231648099
0.08159525319558088
0.07681008235956664
0.07064484919868545
0.06434590479235734
0.060493417298250196
0.06043677769426411
0.06304958097513236
0.06643578295778137
0.0685562626910847
0.06879472973711212
0.0674066385835079
0.0645035626926218
0.06111797768570146
0.05909543392638859
0.05957014167155156
0.06190605445210401
0.06381762286222754
0.06428141646067424
0.06456531476421112
0.0658330849087815
0.06758445380109651
0.06899957699415415
0.07096244624023863
0.07449028746768908
0.07978581342533822
0.08384353413520759
0.08476785067530168
0.08446192901928702
0.08462551984991365
0.08507075404753958
0.08429294367695665
0.08104326043379247
0.07418071406163386
0.06575212100337482
0.057858578383345786
0.05179563959034671
0.047901631023282966
0.045930992471197966
0.04528220618720533
0.04569671224325087
0.04789312724525463
0.0518999688934406
0.05666346047944887
0.06199343196478722
0.06711118207978115
0.07108371377510996
0.07358898162963806
0.07435880794737444
0.0731714806872022
0.07120192841911861
0.0697174193716531
0.06934215771952043
0.0715238625304594
0.0769473917179043
0.08423016067377775
0.09032800376198642
0.09309102645829806
0.09175702192147088
0.08634024562809778
0.07802165958810715
0.0695651243193682
0.06333250998119537
0.06088955938426622
0.06166821895995124
0.06286776946531085
0.06184077138347134
0.058081246595541966
0.05305352866129766
0.04887812001455958
0.04569903812097823
0.04451803162309842
0.0473695862481909
0.053602061593586305
0.06005651723381057
0.06457564663157753
0.06767680174302575
0.07158001882728113
0.07827944922794647
0.08679740722961708
0.09502799436137584
0.10094319606249243
0.1026001689840569
0.10061001839473895
0.09767287470176951
0.09607782081574548
0.09670399099980884
0.09821549984872628
0.09932784644840435
0.0988803767236526
0.09646554156323328
0.09247785653548553
0.08776929153133674
0.08291915568898528
0.07741480814903716
0.07068967153821105
0.06354700729089587
0.057006208981194295
0.05094823753892606
0.04476105979295928
0.03837552362846302
0.03319292988220334
0.03089659290248823
0.03139916926931946
0.03325367197282732
0.03547038996175126
0.038034149295572695
0.041593232091227506
0.047499542511205854
0.056157224338603096
0.06553351478494568
0.07192610347155548
0.07343871985669369
0.07270289493285952
0.07296395072774887
0.07441671468119494
0.07584191702290728
0.07624430799627281
0.07566058643351832
0.07488273472019302
0.07540317092209019
0.07727337443624047
0.07882666866103527
0.07807849270473265
0.07489370879361132
0.07067987833167128
0.06616861428683724
0.06151993784521907
0.05759430819715999
0.05507138729176
0.05376814364706708
0.053241214411698136
0.05323270444533344
0.05398376808949225
0.0553399908810518
0.05690666456577672
0.058502558557095456
0.06014426696503064
0.06269717480870945
0.0663360679493851
0.07089358592144504
0.07534275268406002
0.07897806849621067
0.08099125777095206
0.08112553868857354
0.07879435028875
0.07514506403946894
0.0726514225746498
0.07217061439586214
0.07314713386262209
0.0750645947803387
0.07724180049460952
0.07924137671698138
0.0805010505550081
0.0799555178925115
0.0767738767464315
0.07222626874219855
0.06791338152586199
0.0649172645148877
0.06290323862442783
0.062242522333722655
0.06267965699945992
0.06255937248969064
0.06103834603766461
0.05903282691644467
0.05734253809047426
0.05650708696415137
0.05803675745650835
0.06271053747473491
0.06930957484172603
0.07559018007571433
0.0810404324811653
0.08583088416283129
0.08857939963558543
0.08793836897484453
0.0846750907179831
0.08119546248370632
0.07911842920962882
0.07775226772751587
0.07604881785086448
0.0735415463060261
0.07100464290734006
0.06943483272704826
0.06819263064717128
0.06600585468591672
0.062429229847016834
0.05757032823677634
0.051117254173476324
0.044421393501718205
0.039918887758428494
0.038808791144072964
0.04157407115722095
0.047608285326273744
0.054527577214890106
0.05975995949672887
0.06292518174052562
0.06482933324315043
0.06666789683139497
0.06968579769982841
0.07460303305839462
0.08123570872831554
0.08806861667229007
0.0932622046503081
0.09728752704796842
0.10137660513294638
0.10470426856516926
0.10681164765606863
0.10792314085209376
0.10716624860494398
0.10385291444852193
0.09858381112607471
0.09297668008136588
0.08845320655540423
0.08533417875579037
0.08339921108234899
0.08098262746192143
0.07657814834767686
0.06987527646660692
0.061161474087728665
0.05192043543475679
0.04520118867790795
0.04264172814632155
0.043249835684043274
0.04478338945736978
0.04459862837913375
0.041984191142632514
0.03866880363076612
0.03721702242511847
0.03899802818078551
0.042686526269639605
0.046691932513759984
0.05042472771372613
0.05281967929190033
0.05358701935748511
0.05439685022716053
0.057020758231277696
0.06195010598449332
0.06819942168511187
0.07400350858042361
0.07845741606310476
0.08176032443308599
0.08448351413102322
0.0873739059235006
0.09135066785422685
0.09631200837541928
0.10066194570193669
0.10218560785228267
0.0998494587070701
0.09399069482372568
0.08558068138232765
0.07599322489526883
0.06738896041679886
0.06236184359999803
0.06177662811077312
0.06466699654903853
0.06985686442056982
0.07564356356950162
0.08021454985289052
0.08346347441567403
0.0868649780461583
0.09091920702994465
0.09498796639449791
0.10042999254553653
0.1072384702234716
0.11198537586611264
0.11158431114501652
0.10674088445409316
0.10048215148124283
0.09626052512157096
0.09606601701485684
0.09906664247760699
0.10209833152820377
0.10205962751036277
0.09817448397444355
0.09239366699532485
0.08732494419373155
0.0840136386767707
0.08251122609677054
0.08166385159313617
0.08158412020023392
0.08249218727010973
0.08223475215552487
0.07909148138069931
0.07322449681252016
0.06651722794735603
0.06162739745867077
0.059826466582963415
0.06052799789833323
0.06300857759248066
0.06674524663013529
0.07043235541320625
0.07294833719529518
0.07352519849553403
0.07337450430958938
0.07362233483020908
0.07602186745294641
0.08112005976478932
0.08754553498943392
0.09445452457853226
0.10226466647701674
0.11150580630177172
0.12162842614343869
0.1308317184713001
0.13684259965980164
0.13865038012975553
0.13691013996799717
0.13317359028624276
0.12988084101243663
0.1281390150848723
0.12664731312468552
0.12321681459365455
0.11641042539302615
0.10750743881810618
0.09923232585001764
0.09272865680490516
0.08774160587162011
0.08413719639368535
0.08123221935128033
0.07756192454462899
0.07376628391967657
0.07102772496517969
0.06981903065497323
0.06939501824970588
0.06931818203138596
0.06957844869592003
0.07006973074644635
0.07101699148072317
0.07313070533842068
0.07595490514619332
0.07929733111419085
0.08361700002339574
0.09000515621314945
0.0986010801179322
0.10790708224218022
0.11631891979931505
0.12357754458816422
0.12912898331230183
0.1322069083627522
0.1332196380003107
0.13319116713410808
0.13308611192007322
0.13341223513135528
0.1326279507094669
0.12885943091499583
0.12246574057230965
0.1156270034089256
0.10984374880203288
0.10503476172065365
0.0999570976382493
0.09443326221616007
0.08870526843880391
0.08271126078235656
0.07663185248864313
0.0697826108210977
0.06253897110717387
0.05721675413402864
0.05561824924178043
0.05795247787176684
0.06370560900608173
0.07215716687431042
0.080848664121053
0.08803219997491957
0.09338940256009154
0.09680288119084392
0.09837353639256906
0.0988261216586489
0.09925583852348344
0.10099378658502467
0.10461345984599647
0.11004555706754865
0.11746173312730167
0.1260761216626186
0.13319133805087932
0.13712365342322275
0.13685408060846152
0.13287945800205644
0.127010500764775
0.12166448537699921
0.11880749850977938
0.11690623805976237
0.11372627084022072
0.110767020594801
0.11094271928699917
0.11311133568037943
0.11477022936219279
0.11588779170545487
0.11738827615263085
0.1197323908709353
0.12237253028588307
0.12384566145023851
0.12169552149131496
0.11451177530623488
0.10413394045602013
0.09483181551508041
0.0896483537961253
0.08893266589509953
0.09123459053373215
0.09462077114506365
0.09682739700634613
0.09658358017101616
0.09366272708681618
0.08989466834192501
0.08789744044408958
0.08824035727066186
0.09073272360443917
0.09463884214731248
0.09950561122209747
0.10446203615628537
0.10756192483879891
0.10817276347596377
0.10871396376521336
0.1106652559689498
0.11145516214044525
0.10795737605774151
0.09963627625236608
0.08892718812322331
0.07936837990926744
0.0723588981894937
0.0683542024594031
0.06671599061374694
0.06547104534562236
0.06526859994251795
0.06702101736602928
0.07055993507898858
0.07476252615909124
0.07979572988209713
0.08716308468707251
0.09787736637761266
0.11003214965313157
0.11992977820640884
0.12559090717125365
0.12752732375548678
0.1268153869855294
0.12558403081010833
0.12731309287440393
0.13430055046558773
0.14537256041130284
0.1567470319037134
0.1640416544563431
0.16480144707844577
0.16057131790934712
0.15440097282816934
0.14748854606723105
0.1405689188655597
0.13409574238188174
0.12799316476668346
0.12147424357437708
0.11471505146273361
0.10816987415498915
0.10183808709872127
0.09496273077120258
0.087602229999799
0.08065235856872507
0.07572472695136542
0.07442942994665316
0.0772286775658142
0.08197628791140293
0.08505223730569092
0.08494707227781116
0.0821477945390152
0.0779454990471726
0.07392281307425459
0.07269568701959196
0.07568828334708123
0.08017715588988895
0.08225615695612876
0.07988105776463979
0.0741462810684687
0.06770988655911071
0.06347881927571057
0.06445157683672109
0.0723474427551539
0.08420001543417564
0.09468209818777733
0.10070847778110223
0.1023499675357553
0.10113636906874951
0.0992986954838166
0.09840835186225037
0.09873360348752894
0.09995191627405464
0.10100436410510887
0.1004757472960386
0.09737685380966056
0.09196428521619604
0.0859524952477736
0.07994443614462896
0.0744591740279696
0.07046324923228522
0.06830110687336395
0.06712158438168626
0.06586456435711044
0.06456398770599897
0.06431229691084765
0.0658895135626187
0.06847891562149444
0.07035746525403115
0.07103421616616606
0.07136326584564674
0.07235642541972825
0.07527355832382589
0.0809214413469687
0.08842746532370371
0.09665413498133921
0.10527985335756074
0.11330434544912267
0.1175757732109796
0.11614665903166513
0.11000779310598088
0.10275808760530607
0.09799190041651422
0.09689920109196448
0.09850251477030694
0.1011454705269781
0.10296511254040666
0.10282189755074242
0.09985295084714767
0.09380384992110223
0.08582591033283009
0.07780437971407773
0.07155746553088344
0.0678709319881168
0.0675262578398953
0.06955944925005922
0.07226621479020848
0.07522447469253923
0.07921786986450678
0.08371195141685156
0.08631212774798919
0.08556916089431871
0.08191100618232369
0.07678649733011766
0.07184959321453155
0.06780661787419902
0.06451956099360212
0.0629844743618873
0.06439033757577145
0.06871197654705385
0.07378621155166144
0.07700937552724083
0.07693693122952763
0.0744142378409911
0.07064674562212683
0.06662366582207256
0.062229314728417424
0.05872928490474254
0.05694074299749213
0.05716046572027778
0.059745327313103905
0.06448283420047987
0.07014131703793931
0.0751691935805091
0.07914583730081749
0.08179411372287615
0.08357418253426425
0.08517447037717044
0.0880321397547895
0.09219449020975658
0.09669990779543636
0.10056009343516972
0.1030276942208228
0.10277533191818485
0.0988725559385253
0.09241157539134737
0.08499648845427409
0.07895017760140773
0.07640276720921386
0.07687299923969572
0.07863815479392328
0.08195717864588221
0.0859475231298112
0.08840977767963137
0.08810275816069393
0.08508499653257076
0.07991919302209782
0.07409090395471193
0.06931269596842057
0.06651693032087037
0.06636319191436577
0.06889613822671992
0.07163649855622024
0.07199469876827722
0.06934253848052598
0.06441139526662994
0.058891313902502976
0.05471317262480808
0.05325662214346973
0.05393125454801883
0.055321029529883964
0.05764707224226123
0.06281441249377151
0.0713933072301115
0.08085712093662009
0.08788571246942387
0.09119627175792404
0.09120244732641077
0.08941545373169366
0.08695570235430307
0.08515405325589841
0.08596398696204383
0.09008714044685033
0.09631123320119075
0.10191528139236618
0.10446677156598182
0.10403967117618557
0.10136889660465168
0.09677178284940663
0.09070597334441306
0.08460212713702883
0.07934971912213903
0.07535845027961528
0.07269208302364534
0.07017864261099024
0.06808301432613492
0.06876815258210804
0.07282010293020208
0.07747891716903353
0.07976525827997777
0.07934370352675896
0.07755701715081016
0.07611220492698345
0.07635286053932223
0.07823851381360455
0.08138695870010533
0.08621381936783669
0.0918616284107611
0.09689746044002488
0.10091695343286218
0.10372495266719028
0.10494458839020032
0.1048330823429936
0.10281833692503267
0.09935122340640686
0.09599462471063737
0.09329375626268784
0.09049041544300007
0.08701522652020638
0.08313515890162575
0.0791471612616534
0.0752918704126468
0.07203473138423477
0.0701765864224073
0.07001842636380037
0.07104800115204996
0.07298607704972412
0.07578961300669632
0.07931273613772997
0.08282511194644666
0.08594533737035458
0.08895312808350893
0.09270415606333604
0.09736408296984679
0.10160977432068065
0.10377679447969577
0.10371462031354123
0.10278179329268228
0.10269361810317718
0.10424866266838148
0.10671462802889754
0.10918566481806763
0.11070059946545119
0.11057605899193317
0.1088438008697667
0.10541277670879316
0.10015864923116234
0.09315616516506033
0.08562278464603555
0.07936265832123335
0.07521831755906136
0.07261613184330253
0.0707801850246062
0.07018423152382378
0.07064582138092525
0.07033375629890498
0.0675347425234605
0.06184731930120923
0.05523222056426953
0.05079178099133599
0.05090288183132129
0.05526110995942923
0.06193815579604337
0.06861598864277711
0.07363289109595071
0.07614239400700974
0.07636335346609811
0.07562500373134187
0.07636584835680746
0.07945981527187981
0.08434870017344678
0.088689709815228
0.09086556083527558
0.09181476332032332
0.09347567457835963
0.09570692903521048
0.0968539202288173
0.09654495097742269
0.09528857663304005
0.09387206777163935
0.09292879679831295
0.09289667472895047
0.09267850715072964
0.09063544436932346
0.08662067519977903
0.08232440114466631
0.07944805519070981
0.0773309426348845
0.07452933265110376
0.07098464896498458
0.06773931512024468
0.06556522095769465
0.06349810529736291
0.06137485494951518
0.060204327133454166
0.060328060497842645
0.06032919552336659
0.05911019552495175
0.057986225564164176
0.058485220795309704
0.06029580892966724
0.062152586535859165
0.06424370787647177
0.06694751593508871
0.06939850842586479
0.07078377280569725
0.07142089166451497
0.07208229842861247
0.07255662708325449
0.07331657799564643
0.0750848441165413
0.07790715458707737
0.08109030921696435
0.08338060796911857
0.08427497985677865
0.08348462797348631
0.08077225777626548
0.07735135416880207
0.07344199391341164
0.06936549428993691
0.06620481682912205
0.06474559792154182
0.06464469882352865
0.06486744840110996
0.06456971547427989
0.06331626848418109
0.06146314184084852
0.05911762050020742
0.05642466249900908
0.05479461506740279
0.055517053580866026
0.0588860611737407
0.06339674530334906
0.0667633379949845
0.06790854284527191
0.06851088084010364
0.07052855334503116
0.07432768420642337
0.07837172064308617
0.08209051139015482
0.0851279696394528
0.08566100180268998
0.08143424915100946
0.07168053719127528
0.05931703974742623
0.05055456809234423
0.04913018784123175
0.053223983004664806
0.05901905380336976
0.06306338333785529
0.06436392792879135
0.06522034022453208
0.06745700132164394
0.07087963646081893
0.07470914084970645
0.0797769286042881
0.08717585304366385
0.09475955766261358
0.09925565082226635
0.09985853266241237
0.0971417228940184
0.09231998105805292
0.08810049559373914
0.08680406129775238
0.08816729931953195
0.08956959339320811
0.08996937087708623
0.09033419339968374
0.09133603599275969
0.0915336409491541
0.08876007284164318
0.08243560711916846
0.0744241053496867
0.06707820341657465
0.06182591454380485
0.059313730246540276
0.05916716519440885
0.060229268537082464
0.06223287325810383
0.06537613308075384
0.06861941585495827
0.06980230528013248
0.06851184939721455
0.06553846461412179
0.06398123702169747
0.0660587011729167
0.070798406351821
0.07521754577040445
0.07673510473906334
0.07521454798870991
0.0724767017221376
0.07025729704661333
0.06985220290676966
0.07136547119431062
0.07393390344246044
0.07698537687847036
0.0803874583428712
0.08313570189152675
0.08494683704042351
0.08673475891558706
0.0888566693320921
0.08985044779870208
0.0886113348780017
0.08686364554876615
0.08699250657939783
0.088150660745434
0.0883418490437699
0.08658733296958436
0.08307590652996726
0.07931170076049275
0.07620185592459082
0.0726708089718264
0.06859984067030711
0.06531485170408127
0.06405906832229696
0.06484607080018512
0.06712643499843993
0.06972748882935827
0.07063169710945348
0.0697836925296956
0.06784762956969509
0.06584271973566672
0.06569847625135203
0.06896747438005578
0.07422439637250108
0.07928585796969935
0.08109545929756945
0.07791891048924686
0.07244844970778828
0.0681091990337822
0.066851863271844
0.068472954975921
0.07225639563639072
0.07779960533415864
0.08400299050970507
0.0893348013696669
0.09180406267026216
0.09066245493576995
0.08690186390750511
0.0828637323463658
0.07917894184752476
0.07517916313025304
0.07220311162482218
0.07306081462074017
0.07744852143322883
0.08171736286158635
0.0836155673591263
0.08511864496389332
0.08838938579299248
0.09388991176230853
0.09969068569195437
0.10415703822850728
0.10729034227667231
0.10890164591849265
0.10831710551427613
0.10508096987523978
0.09965469199699875
0.09207148149920713
0.0839689482128942
0.07741236830952417
0.07294187579197488
0.06910078684736426
0.06471941912792091
0.05992908722879121
0.05484064185882394
0.05091320084029463
0.049641174976797244
0.05029146746638271
0.05160728059785372
0.053353595351886
0.05570621308249209
0.05863509697849073
0.06126574190789026
0.06189160228154758
0.0601028043250665
0.05815018774427495
0.060415427223616064
0.06823480272666889
0.07914246492375195
0.0901499020343788
0.09831624866279973
0.10237550220053127
0.10345629976315321
0.10217425206231004
0.09991411308415109
0.09799514220884041
0.09717601499280767
0.09706173091778166
0.09557511296128686
0.09222466076513285
0.08823462111195525
0.08434364414901263
0.0805423287924658
0.07666273535895071
0.07305754297881464
0.07031818569617695
0.06815532619582299
0.06641402227966409
0.06576002616158255
0.06589709323944581
0.06605778958454923
0.06470525840950384
0.06079369508399521
0.05605344952497229
0.05342847466250272
0.053337698787506965
0.054104166460664176
0.0549565099758986
0.05689279950487833
0.059996876671968985
0.06294690947166605
0.06560888049914057
0.06748790450118451
0.06737165852376291
0.06558866378520717
0.06359858233612212
0.06318091534544633
0.06563172793797864
0.07131644653412729
0.07839368717561916
0.08447463507096141
0.08895918135895438
0.0914170668967972
0.0924552741822053
0.09218641927925625
0.08961434625462456
0.08439132260890893
0.07704909261354313
0.06931140585514442
0.06432760263644728
0.06374798108369345
0.06721832309814585
0.07301194475369838
0.07804577620628991
0.07963800569117137
0.07693759474919686
0.07153208419760272
0.06665450869301663
0.06426096165431165
0.06399913436880056
0.06505932114595651
0.06583200702325366
0.06554728814746412
0.06558655751160629
0.06666539251676293
0.06832386380268489
0.070720372681043
0.07350095240772084
0.07541765748259208
0.07609888306036144
0.07542252290521417
0.07323649281294856
0.06949966657889257
0.06462443352715402
0.05982545868827546
0.056956205264988034
0.057835739906730105
0.06280285375262924
0.06997512796078192
0.0761064297390866
0.07897838947071048
0.07900403184501993
0.07606945039267998
0.0707436547157901
0.06512448061266993
0.06149227283111348
0.06160370732520318
0.0663784356621662
0.07427169678303673
0.08292642227866895
0.08988514259999525
0.09307393918600491
0.09262710184486445
0.08934621558358784
0.08502064250813329
0.08118272861848702
0.0783414143190341
0.07629624509572933
0.07435525179586501
0.07219108851829513
0.07036868892323457
0.0684109141783012
0.06586909907253721
0.0633012856927428
0.06204926726546587
0.06317803098659519
0.06585193642642552
0.0677483422724171
0.06695168075879271
0.06289935942562135
0.05832413876756468
0.056315104047698586
0.05801959717845006
0.06165648525809629
0.06417341901582696
0.064068209680745
0.06274679239033443
0.06301643153421954
0.06561758234778742
0.07026537835279072
0.0761688245218473
0.08263427919945367
0.0892405880314925
0.09585972731524431
0.1025057663847973
0.10842085256705102
0.11321427805343912
0.11567540051255615
0.11416324630047595
0.109234562063933
0.1029199207968345
0.09684490733960842
0.09225236775916182
0.08961234362038292
0.08814833781057779
0.08730194890047463
0.08701551314638811
0.08696433521194531
0.08682586452069765
0.08670717401710812
0.08587577532886562
0.08298951027607793
0.07787421181597391
0.07035749430411026
0.06312897902122909
0.06000554116716244
0.06252230073647523
0.06909415165931931
0.07482418851108025
0.07562016581950576
0.07134019430511085
0.06407309391302357
0.057694038551579806
0.05496924565025972
0.05592152501176446
0.05951164298507432
0.065494658656629
0.07299331305084887
0.08054970437812049
0.0864070908338232
0.08958213849381996
0.09037391557582328
0.08945750517254177
0.08823898169257015
0.08772837093385022
0.08767392369554595
0.0872304499285367
0.08642598900708087
0.08727886301262201
