9.16497521978175e-32
0.005427543935966406
0.01940911972003571
0.03648468539265967
0.05182551232347869
0.0630556671724001
0.07142209828644101
0.08081366798810294
0.09585595939254639
0.1218032153569106
0.1538042796388492
0.18781097332335986
0.21753889183134342
0.24306425052675082
0.26184957431268374
0.27354154514865736
0.27776544422063365
0.27595205711776805
0.271167730761487
0.264486860003545
0.25555808604077024
0.241988019532287
0.226300581503759
0.20875509930669547
0.1929007080476753
0.17854013356908197
0.16630128437607092
0.15696743598923063
0.14965298873408786
0.14447131527932258
0.1424435328057125
0.139553853916414
0.13740616245924803
0.13171155496486228
0.12636371070703847
0.11947335888593083
0.11419421096795052
0.11050473534545331
0.10889453059787373
0.10841396304582347
0.10893403934369042
0.10908782809597105
0.10982333692802254
0.11098512513656468
0.11434932385603284
0.11826124179859697
0.1221388337492458
0.12272146349943913
0.12173196053408744
0.11667908860923694
0.11136908804761486
0.10656986587935763
0.10501737579348752
0.10554054908879058
0.10653155285725238
0.1059521060795919
0.10559985284753279
0.10470484366020665
0.1032434651156262
0.10145626632920553
0.098129699797119
0.09570460500985978
0.09420521374845875
0.09463780218484627
0.09680633831373993
0.09955609757990322
0.10202954622230556
0.10328466109163538
0.10432686856205273
0.103828724688945
0.10222098862990169
0.09800950142568982
0.09394616796208709
0.090496568755897
0.0901205654615557
0.0920957346267815
0.09693043790446135
0.10230628460080443
0.10632251119239165
0.10867272976584418
0.1104837518648335
0.11250331755426173
0.11556503059048491
0.11794160849588918
0.11821459502074239
0.11702772691211093
0.11418345841680816
0.11190355619387153
0.10927896632030129
0.10740688512000145
0.10659835845996501
0.10591733024391822
0.1051650228034941
0.10308244181524115
0.10146408104891588
0.10016507381078668
0.10002962516986241
0.09944497554749715
0.09812313651164639
0.09681692060572333
0.0963256392703369
0.09881244994143265
0.1012218493732597
0.10113318436929637
0.09861244795570176
0.09552790242901203
0.09301612627401667
0.09071696799777855
0.08949151734739949
0.08892750883957252
0.0894253887223594
0.0905472237873746
0.09278079095650814
0.09623430899327452
0.10165559902968722
0.10672780531978888
0.11202893869360106
0.11399145894861766
0.11278862069873544
0.10725839712459759
0.09901769488620887
0.09107810018544993
0.08673805513657001
0.0865993499906234
0.09062736637083053
0.09554374700325369
0.09913821144310818
0.09924346109228507
0.09713012223549472
0.09423065850266019
0.09050455892156403
0.08832208542078386
0.08619904591400855
0.08566144861812147
0.08421371940760178
0.08340217789340668
0.08351913558558564
0.08580741566131844
0.08778336767497719
0.08913604745190894
0.08970285187974696
0.08933527134679925
0.08753632362203533
0.08567242401529739
0.08693509187752095
0.09118976566529796
0.0988608268107764
0.10519211168375484
0.10948293034911652
0.11033361169281268
0.1071091600464821
0.10107582596693497
0.09400292602304644
0.08932996379746061
0.08876802037736449
0.09369205879101268
0.10109829063482577
0.10637144748269065
0.10807374838314707
0.10486272273667131
0.10009092959170918
0.09611639447396286
0.0935162395482399
0.09255721316602675
0.0943622802271162
0.09648655573780297
0.09628579520146574
0.09284388713815367
0.08627758422242973
0.07977736745666357
0.07421099999285362
0.07273957747014922
0.07490988166490174
0.07842712089884876
0.08149573142058436
0.08182962651453714
0.080671873035008
0.07967123132006437
0.08000035551141127
0.0813022409011156
0.08302296888193789
0.08737709387415676
0.09286156969582518
0.09997386062086266
0.10733545211182795
0.11416155622041645
0.11889987786736203
0.12018058245702563
0.11848704452886256
0.11592778070820768
0.11243258751182765
0.1087708283626484
0.10384287243540631
0.09933570179785162
0.0944758645900288
0.09052157536538781
0.0887501664912541
0.08886636427243107
0.0888958925334416
0.08757158300034028
0.08440370455350776
0.07827310105533823
0.07252454502274047
0.06820823522446823
0.06597048233662679
0.06554823965669761
0.06701589241070403
0.06847081485330828
0.06765848704336039
0.06686557049486833
0.06627383003683641
0.06832531155669203
0.07117309625409281
0.073691524165158
0.07597701197791537
0.0780407684962741
0.08081473569549398
0.08366626602468737
0.08611221321443381
0.08633620705701606
0.08534038105513987
0.08275593153028085
0.07960436876497112
0.07524932127539649
0.07184655706607769
0.06989148877166305
0.06934283886438297
0.07046197179276635
0.07097609444690396
0.07149525493191372
0.07023234716727482
0.0685222965960819
0.06706167562775768
0.06750141499334349
0.06937969043947513
0.07316507846435767
0.07868393361203839
0.08250474954402595
0.08591922943924037
0.08833487082350698
0.08916059554312557
0.08831499283794744
0.0861051897366569
0.08447664399735165
0.08515011625379533
0.08600985642231265
0.08765068425236278
0.09000264204899011
0.090961127791335
0.0916918757370813
0.09025634400986257
0.0885596551422619
0.08753155758341212
0.08599982625969828
0.08439736929346385
0.08248243754928732
0.0810807519114285
0.08100517198689751
0.08229559491386897
0.08287145239980989
0.08116968243132111
0.0787724257099434
0.07778645753413772
0.07813596319194506
0.07911813080709743
0.0799611058886729
0.07972418261859521
0.07732693524701409
0.07418839738870173
0.07075490323858777
0.06809096986807582
0.06739861001329817
0.06848568504589073
0.06979392482552807
0.07173769557331827
0.07062140595469672
0.07005851897164657
0.07047351082480688
0.07369973549486494
0.07829538225552042
0.08288309069111223
0.08692502379622763
0.08974596242313806
0.09154946028651745
0.09231609620405995
0.09169567946940588
0.08896302035470449
0.08574420778007955
0.08193010976790074
0.07902576142709043
0.07694735921539547
0.07704490986706164
0.07983095908809061
0.0830537552777823
0.08502074099890049
0.08415389385178766
0.08316829285529184
0.08252338759169996
0.08329355878554244
0.08371100364931074
0.08277471083688236
0.08050081896709337
0.07659000684656721
0.07287482456169873
0.07124378750212544
0.0719365726252688
0.07488267678116808
0.07953583542145437
0.08599543611182661
0.0916748533616294
0.0968083614870174
0.09902416450888965
0.09956049664453295
0.09824121495447354
0.09592885482355602
0.09389563830886449
0.09324171468793921
0.09333744970929159
0.09263949384765935
0.09144999785836358
0.08801702738615934
0.08506243953054264
0.08264625689193363
0.08100447298602054
0.0816652105547193
0.08109051720673685
0.0808292242584581
0.07791725909436863
0.07343564444482044
0.06741730211114098
0.062625842261424
0.06052145818775363
0.06120519614832162
0.06479408837399733
0.06821297613370221
0.07179601554937362
0.07449665827634819
0.07830783898834166
0.0816094290122983
0.08411915092009249
0.08573780736564537
0.08573512322810516
0.08487401146254402
0.08449702990613644
0.08482865900316307
0.08597546134670024
0.08745590516373421
0.0894436315002546
0.09095130551994549
0.09181061887353208
0.08988518086486776
0.08455477689998347
0.07782750763917519
0.07183238705668978
0.06881866533564668
0.06944471316802629
0.0720184635488522
0.07390867509680918
0.07320535602046803
0.07227732049340595
0.07328937097151092
0.0772131395950762
0.08117762983513843
0.08365050300914684
0.08299304596226478
0.08123398283593321
0.07870287459460441
0.07704144542440483
0.07698656391254947
0.07922373071537182
0.08297347827528989
0.08740147454884037
0.08896358367086987
0.08798942663908904
0.08531857598642918
0.08376259914839869
0.08347771738397076
0.08276669148839158
0.08192592352334598
0.07823454536663989
0.07392524414365617
0.0689595205905691
0.06688257842185395
0.06710917220081841
0.06950835239720171
0.0698795764041274
0.06946482175804665
0.06948279445625254
0.07142307892140151
0.07618747350033236
0.08227431213886262
0.08806364435359058
0.09429919874873341
0.09899927991640084
0.10560196158291933
0.11203241777883685
0.11811762972381679
0.12156023667747329
0.12283379034688018
0.12025926457419082
0.11391152714173333
0.10427867227077782
0.09587070956514353
0.09007702183745926
0.08698471833262005
0.08573744183749116
0.08374084165763247
0.08300311045379175
0.08087942934125937
0.07995129842859243
0.07774903230672554
0.07552523112193202
0.0730471768516182
0.07109917053144156
0.07123810888516457
0.07236787435948851
0.07493330190426915
0.07765352406912773
0.08057238598742
0.08333998807945903
0.08493260470115897
0.08649796391556358
0.08887243667332426
0.08942611299387976
0.08894170026045041
0.08697721591092109
0.08571464216291032
0.08378644325165518
0.08065757299554312
0.07632379449934754
0.0723871998688485
0.06972197657028924
0.0671461157027986
0.06504398064272268
0.0630717085962089
0.06099268445256619
0.05951164991191753
0.05982779887358054
0.06282723774601856
0.06680439854596908
0.07156394711467366
0.07566244600342502
0.0791036093860761
0.08219492762267026
0.08524268670088862
0.08748922903819947
0.08961796108170993
0.09043790631714858
0.09081432818718596
0.0902414121094788
0.09104312364690041
0.09466215353730746
0.09913404358084757
0.10187539868909556
0.10072522251717739
0.09756158877294802
0.09319365095229341
0.08952629188549845
0.08791714817240429
0.0874292200964434
0.0880302619263531
0.08607180725986446
0.08198280440504702
0.07712501769107563
0.07327711971254718
0.07086597612376877
0.06888097130819955
0.06708253507407286
0.06727674720124226
0.07010974529152923
0.0755815230118699
0.08227088532470508
0.08828316841973756
0.0937223963691195
0.0968122946295902
0.09899441606537207
0.09766471396953526
0.09512122305245409
0.09138141198491409
0.0878312599597937
0.08667508785250168
0.088005415217508
0.09235111846796251
0.09759404853944989
0.10144133761272749
0.10172851292165835
0.09739109390062668
0.09051280848131392
0.08144096360351732
0.0750622398305605
0.07099588533813624
0.0694772932303517
0.06989911690402342
0.07103529722954198
0.0725801240922605
0.07392085284348672
0.074194744966417
0.07413452385333213
0.0744131552718141
0.0752863486622828
0.07693248625798485
0.07776516061300921
0.07786918059877819
0.07735620396253888
0.07872303707841684
0.08324089299640978
0.08913717310622392
0.09444235508286675
0.09673944788603672
0.09466097744529739
0.09096682069746882
0.08558576638438907
0.07965393329641782
0.07503378159825444
0.0725541104767958
0.07231114840160491
0.07414798335221752
0.07595409383936773
0.0762331019992389
0.07521680277181426
0.07363181851539485
0.07216520123552977
0.070613636146508
0.07081870416476901
0.07101477755586083
0.07222360652357322
0.07355744608382374
0.07506161513495893
0.07649920718760593
0.07807981277678858
0.07975990836885122
0.08071795817433611
0.08370515891032505
0.08714418961753158
0.08904630988271044
0.08897354514922369
0.0864036189374832
0.08249050333908267
0.07838024440508136
0.07581692516783364
0.07481516350060775
0.07474379440065324
0.07595865967362314
0.07726740784588623
0.07798806476513852
0.07647900387279892
0.07453529552445538
0.07254824813756437
0.07312435881140525
0.07343749150723673
0.07354476235329029
0.07396624936858878
0.07711296133911434
0.08105669348570016
0.08778577302831914
0.09318918863334863
0.09462344053889943
0.09206823651016528
0.08765759287939066
0.08290393628394925
0.07847840096103008
0.07503733639075082
0.07286341963545717
0.07280865575072448
0.07449039706736599
0.07717223655669755
0.08035347705056121
0.08217954156041885
0.08218822785341645
0.07979689642456805
0.07617744112383312
0.07377369914407304
0.07263642673329251
0.07431446270841315
0.07757970451915258
0.08000285331645364
0.08255198397522667
0.08395681050331713
0.08540244544015611
0.08794167858873349
0.09084872839365082
0.0932931380212775
0.09463130335563183
0.09300964795665086
0.09012380415377634
0.08518249321634262
0.08274540007108865
0.08273110265910341
0.08738389626491339
0.09441473814279414
0.10280545620461151
0.10886086252991284
0.1094030106942392
0.10533960238659337
0.09828972668273832
0.09135733196976932
0.08659568255026218
0.0833464688653306
0.0795643071947146
0.07666255139692923
0.07623067357467356
0.07835425708525103
0.08303514793679134
0.0874225484811231
0.08881607531098168
0.08671065150919582
0.0832206209539957
0.07912937090526967
0.07589859358689716
0.07457980713556742
0.07664906687237143
0.08104539609135747
0.08715144018841452
0.09325584151633111
0.09780430019447654
0.0996099652405346
0.09829952455762406
0.096115134856022
0.09481780465023745
0.09235835717124193
0.08873353652369614
0.08521407393068796
0.08296016909561169
0.0833413929405075
0.08398443287108263
0.08481947198765513
0.08432024091780962
0.08257117414516661
0.08141119821680791
0.08187464140017878
0.08422133485979988
0.08621687148332019
0.08645196327087618
0.08427407562065853
0.08127666953266403
0.07877097589127854
0.07790709093304993
0.07952176801830589
0.08254609508365773
0.08590569017314865
0.0873048423504735
0.0869263060697103
0.0860601144000582
0.08562252280925858
0.08674836339741815
0.08926973877414007
0.09361902605846267
0.09753278297178036
0.09897900269774926
0.09629837761694729
0.09091815872083553
0.08583942187376035
0.08271638665412864
0.08288120397917462
0.08537848447769351
0.08881194290112729
0.09027907365935336
0.09102875612770142
0.09039731950415063
0.0897758391730876
0.0907340156476449
0.0916548470156748
0.0913008335293995
0.08657158960315182
0.08017841481786445
0.07349493611253446
0.07172067427379862
0.07611739822914507
0.08544289409950519
0.09625605042305252
0.1028721396307708
0.10455511594077026
0.10037405118140083
0.0935964418292772
0.08584213984396064
0.08141592492155407
0.08279568635200941
0.09048568203262228
0.10084066754673818
0.11079234473717536
0.11612263835136004
0.11652284383014104
0.1131762306283469
0.10728733433280102
0.10017683071112611
0.09334239482275335
0.08676846085143605
0.08029193157153
0.07456806412144684
0.07157401509686055
0.07321334596966253
0.07840146522186137
0.08394825247196824
0.08686681269687732
0.0858931326490797
0.08205114385136857
0.07781312240530311
0.07407072994337154
0.07331584893384475
0.07544338152714927
0.07925184885542508
0.08127857594975184
0.0814375177267129
0.08036793728373819
0.08190422543580363
0.0861397013995731
0.0918705042852173
0.09530167657955713
0.094615791260154
0.09155160027820727
0.08671516657725507
0.08365147685014078
0.08304689907171553
0.08497263447134029
0.08546123763108969
0.08534575502352962
0.08455418495431109
0.08622039909302101
0.08946903056210356
0.09417967263505693
0.09796786843082306
0.10110855457494994
0.10433100550738568
0.10786257516385797
0.11176602596958218
0.1137024625544136
0.11423674295337674
0.1134255935992244
0.11071530165479146
0.10687170723350937
0.10232846175669602
0.09820482272250115
0.09624992614348929
0.09402013020214385
0.0910088947010707
0.08723464225013208
0.08364309210638908
0.0802462514264246
0.07654431045781507
0.07407848058212264
0.07303136742601801
0.07309985336580666
0.07272348752155304
0.0719961460007919
0.07060034841804817
0.07097093269138186
0.07101543690341734
0.0715715161676871
0.07276403263119488
0.07491207151424673
0.07639497190732288
0.07822809399233865
0.07827596162308434
0.07905565001645427
0.08088748516637312
0.08669762331158555
0.09219301796582448
0.09592336463468112
0.09756660970408575
0.09879612869831107
0.09931403126442315
0.09899428360715937
0.09777190081387266
0.09465422668094076
0.08974444924374261
0.0846847976911336
0.07890003136881762
0.07633718805357169
0.07536620500825475
0.07646036591300752
0.07752106305614648
0.07794659280324627
0.07653021344402336
0.07449885683926866
0.073728928861617
0.07516616770981495
0.07773755124197768
0.07994633082339661
0.07971525949379149
0.0772438703239977
0.07485572236988436
0.07415431786704346
0.07666240617396913
0.07943087521240966
0.0826223550604985
0.08445704823621293
0.08465909125014459
0.08315407584053408
0.08158735464982095
0.07985241664392677
0.07848415547803479
0.07555466426654327
0.07114327539467266
0.06662331212132716
0.06494111365089834
0.06483155005619354
0.06505552575227644
0.06604495980601009
0.06693250024854562
0.06823760196606185
0.06875999529867027
0.0698927481049872
0.07219911345133054
0.07542183840137325
0.07813008042377657
0.07901925022373775
0.07772156999255975
0.07552177456156396
0.07309477333243068
0.07167837600854526
0.07380033582946216
0.07900776496354954
0.08695461435937697
0.09531069059740191
0.10131283748568397
0.10273666859382931
0.10066078899551999
0.09578465971221622
0.09284418246062431
0.09063191557489096
0.08882879139819931
0.08480304437682194
0.07869718507343948
0.0707331222378883
0.06447298420140624
0.061628059248729036
0.06289583395575213
0.06693667545914464
0.07152955711150748
0.07453884533908839
0.07493491886961486
0.07202769237577447
0.06891923073115287
0.06665949372121463
0.06732304242561042
0.0693818428448883
0.07208348236148537
0.07463956143131784
0.07875523673524921
0.08219534987178817
0.08589090954775785
0.08597744526498174
0.08420099041111975
0.08190525156355016
0.07949397067553918
0.07888228595186239
0.07973968337584589
0.08164061944519749
0.0834652990349765
0.0844624741282069
0.08483355926809168
0.08480110508832277
0.08467095976955187
0.08469784731480608
0.08403696615635411
0.08347456125660467
0.08298213563056182
0.08438006027059769
0.08599200522739928
0.08715144222866332
0.08677054780327863
0.08562163113070664
0.08395542667243307
0.08397974775446658
0.08461372478202568
0.08511798652196612
0.08508989441016382
0.08322246337998607
0.0808339485236642
0.07838683296181972
0.07709464684600456
0.07691421340103831
0.07859333439178261
0.08162549636231559
0.08604831543775693
0.08992925163550228
0.091766049930542
0.09073907247631845
0.08736781661002772
0.08271771161361036
0.07694417315182711
0.06962114311883379
0.06377180567876793
0.060016629198456045
0.061511219506211474
0.06622930812304591
0.07367657661508585
0.08093037053994508
0.0861050230034672
0.08810023255437502
0.08610947734107603
0.08322306301456311
0.07960434435927666
0.07829636913611696
0.07956932381612955
0.08227454834439746
0.08445113765143449
0.08453583569730809
0.08378436280319984
0.08335629840417427
0.08367586548197266
0.08430269929277327
0.0850407310504623
0.08449800892080823
0.08305105539878664
0.08101609989832197
0.07994839495794544
0.08161893835753205
0.08587928758014493
0.09041653815061441
0.09315966343934595
0.0923379410140874
0.09018113203472629
0.0893192174336516
0.0906064207470562
0.0944962248990102
0.09958492920369034
0.10232832652695051
0.10111733766558928
0.09577078997848587
0.08944261198128739
0.0832759820447869
0.08103528769577666
0.08129518766007575
0.08333793920372067
0.08616291940794993
0.08693050099074721
0.08700740083642249
0.08482121493235684
0.08137469438743788
0.07564701712595108
0.07002036239494232
0.06620777664411459
0.06563195949024776
0.06655698926487633
0.06754964573487596
0.06851009888440447
0.07193793003261768
0.07793523056201689
0.08527880482015807
0.09315079426755983
0.09882817911663115
0.10217619957681853
0.1019531322976777
0.1003015915556017
0.09676195405343292
0.09266648132324208
0.08759488811946912
0.08435840898373374
0.08340065819118994
0.08453581802391782
0.08703194728884961
0.0908160683645846
0.09511540087639345
0.09864478244780231
0.09917369876763017
0.09717694229974312
0.0914001439033571
0.08478898870849412
0.07834029593737621
0.07421386190614876
0.07262337891253297
0.07350629793579229
0.07306961867487537
0.07111628537521199
0.06746182350617534
0.06538690134689691
0.06593245094679573
0.06868087168338619
0.0733263564117176
0.07702826341559395
0.08087293560821918
0.08348966496406379
0.08659200824934109
0.09048508177170919
0.09408903076612292
0.0963391452605412
0.09705735602016594
0.0964261945156666
0.09471700890589335
0.0922012906128373
0.0892696415284309
0.0887694318208398
0.08969922706860647
0.09168092853868125
0.0932583445388575
0.09483200879976725
0.09552914370221939
0.09519979153288574
0.09540836482365604
0.0945524703159293
0.09158177840778779
0.08620212782669505
0.08087486912419971
0.07662694706244302
0.07568618088830348
0.07443772669000416
0.0747485769134539
0.07504701799699245
0.07780428431383889
0.08197846996240389
0.08567276397932924
0.08816400535941905
0.09037185785833825
0.09137095126190924
0.09139052754160198
0.09000627166243731
0.08865808151198878
0.08631014715041668
0.08295087681801556
0.08041212101161534
0.0806761578919016
0.08509412680421827
0.09109404432968024
0.09590845740187434
0.09643949709360293
0.0910147567884574
0.08292384203239286
0.0758518225287019
0.07349180440562562
0.07556538785452303
0.08147842356233151
0.0886701331093855
0.0942739042410863
0.09704178732770695
0.09665840825068578
0.09259811772412495
0.08569903735351238
0.07784155034375395
0.07155338297176726
0.06907600401920495
0.0696736993074519
0.07193109643347559
0.07377993996836782
0.0744354024099223
0.07228234379760283
0.06774616764604414
0.06287296634528837
0.05955421943826103
0.06020900471547309
0.06254228765350114
0.06507933289044496
0.06704589424264062
0.06948145375421164
0.07199770639482377
0.07384987275610715
0.07643428716186983
0.07811576210991343
0.07934873531658558
0.07896219451776766
0.07817317454364109
0.07754200993865441
0.07793588354894194
0.07869844236010287
0.0788505545143337
0.07836575250629045
0.07857925619916051
0.08024973792911491
0.08228815634674885
0.08188627565177224
0.08020187947555599
0.0786789713166633
0.07807034978204358
0.07689077162608725
0.07401893896404564
0.07195210417713917
0.07061254981142942
0.07126970337373713
0.07270317827140654
0.07471356915665653
0.07750581692537675
0.0810703260467955
0.08514034995480943
0.08972782403466556
0.09378416207148528
0.09713733938642354
0.09978762883856489
0.10027650887491699
0.09924282739575578
0.09518795574042302
0.09157977454355998
0.08970239017704473
0.08915816231804792
0.0887755689673821
0.08661145865287789
0.08609070240260015
0.08680800128509748
0.08794307589402973
0.08801749166368243
0.08702936310974554
0.08398029954527496
0.08240600835494767
0.08042918204408255
0.07831409428496239
0.07443967935586922
0.07021118064205913
0.06824111184318123
0.06920122963274339
0.07256589599231622
0.07707658471499135
0.08125962237258297
0.0843588999151278
0.08598660196354431
0.08438450947021345
0.08183474314420108
0.08063985023230215
0.08191589590321319
0.08491280685469707
0.08792913135872617
0.09066638486487617
0.09266096158641744
0.09428816048983314
0.09489499023763466
0.09327685094576012
0.08956546386990287
0.08542622801454196
0.08054986662554288
0.07718546645602165
0.07761837326559944
0.0806411581856148
0.08324618824154893
0.08380064507358226
0.0814198686561322
0.07892918516615624
0.07780038781855614
0.07968021053700262
0.08205022689357618
0.08295943029927334
0.08086590528325958
0.08071346693574195
0.08169936378496083
0.08450972405064704
0.08651391453985043
0.08794530208554185
0.08723699416052892
0.08515633441639449
0.08262683055237245
0.07937541279642435
0.07704092440762275
0.07642189622308414
0.07873630687470935
0.08270318602046385
0.0865058828677021
0.0888731479738342
0.0891289702155901
0.08729886483490387
0.08437222502292764
0.08144947764985065
0.0780972271404031
0.07605569894986043
0.0743180044167449
0.07468964704475135
0.075388884597885
0.0767609443532205
0.07826116567085689
0.08020693182967313
0.08228803439566218
0.08364906394468051
0.08466358493925452
0.08556157839280462
0.08630717684515192
0.08604573630041146
0.08542047246633852
0.08507567800087083
0.08521673038229147
0.08541442178115827
0.08481324319196815
0.08434175268049228
0.08418034301557777
0.08451525546552466
0.08273790747804892
0.08054250536675314
0.07774366047383055
0.07607989782381193
0.0744854420786073
0.07290212908689145
0.07110016761305789
0.06907308290672189
0.06751334460196554
0.06550219797474964
0.06485072105498436
0.0631246326681272
0.06277168871460545
0.06238474749434542
0.06505260792821717
0.07031197442505081
0.07699917597611397
0.08238375646762677
0.08407349506838165
0.08312646648764459
0.08108841575267244
0.07932082940956178
0.0795337596970822
0.0831984332198071
0.08866073219349602
0.09550395501407172
0.10046832962225263
0.10442082405660709
0.10571812364731918
0.10508492516540605
0.10387019692028895
0.10247603663967844
0.10001074355778483
0.09648223582289656
0.09254871651081462
0.08927238032562208
0.08668768365361065
0.0853045779723621
0.08416018299505203
0.08250024050759068
0.07893691363655364
0.07526512703402462
0.07182079032087617
0.07021116162821596
0.06942370658318475
0.06999146684149117
0.07098197610264974
0.07225523958591383
0.07442826045949164
0.07570295865302443
0.07733479077429777
0.08050618870324454
0.08456482453863146
0.08819757059508913
0.08988645740738063
0.0885330929504651
0.08647263682191474
0.08326723981847113
0.08147282199914709
0.07958790756517303
0.0794174543184567
0.08024919498109025
0.08180719453563161
0.08392268164877607
0.08644286052818312
0.08697741646715333
0.0861544114746089
0.08350586679872458
0.08008791138154542
0.07753960194881784
0.07685610411135049
0.07992416450832203
0.08552728732516439
0.09034506513437719
0.09288436516333595
0.09229915712115629
0.09115573944378466
0.08935123300408945
0.08907622400270501
0.08917210237391228
0.09039243787297657
0.09082524118459394
0.09017371152121943
0.08734253431187915
0.08408914917585429
0.07915923689068437
0.07548954441783513
0.07051734039214905
0.06885119659916869
0.06974226247915598
0.07343254893229023
0.07787882878812961
0.07966337200981877
0.08024150107554584
0.0783645433436041
0.0781810313358692
0.07773454972784669
0.07934038589730871
0.08117239956250749
0.08224574816088971
0.0833641057425633
0.08337047206193993
0.08447625727632191
0.0853851310232664
0.08592166890541306
0.0858999298106812
0.08563960179395595
0.08262057565527217
0.07785214056770504
0.07268670749496182
0.0683852643228116
0.06575219082201111
0.06564126253393004
0.06839478733249546
0.0733536733823023
0.07641202244026507
0.07718344740950235
0.07452446942261598
0.07202658365868812
0.07065300267043115
0.0718619299932767
0.07426666144192103
0.07670455623397596
0.07790808644068048
0.07724472957707763
0.07614098604335873
0.0761136350645927
0.07609368212352134
0.07599051176140695
0.07467791713537845
0.07364529208061793
0.0735706344242316
0.07569305472182397
0.07948854585265713
0.08233383404910645
0.08144139327540795
0.07687567058826329
0.07055063344881662
0.06620789042260683
0.06445081617601724
0.06596130605594398
0.0691415611689418
0.07281005540687774
0.07540934896013932
0.07619290822508795
0.07494550695433883
0.07371352477872166
0.07309900732431496
0.07403937092523871
0.07418686883244557
0.07394307958815459
0.07335090635968435
0.07459222084674096
0.07613045548025364
0.07755038687995557
0.0783734859331592
0.07838593937189844
0.07784536901159982
0.0763865333109404
0.07629522741602687
0.07725268735353051
0.07914642607804155
0.08063688581908053
0.08094438913497018
0.08008692731138362
0.07848696278459308
0.07745968130728606
0.07717397809814228
0.07712731337266639
0.0774910854550008
0.07800735646158478
0.08070703856524303
0.08292351203832307
0.08576797306684683
0.0865782060824503
0.08706020820973347
0.08691678831481953
0.08527481068371011
0.0821000843844085
0.07722366485731381
0.07227107073444047
0.06816291212407317
0.06646452614589816
0.06685203126439761
0.06818090991985637
0.07082356122492556
0.07401448637133047
0.0784835586766848
0.08162516879261786
0.08215815395487475
0.08122884047481543
0.0798831624838412
0.0788550177935264
0.07857604346124097
0.08038202848146818
0.08376025399313669
0.08667465630212956
0.08848586980491636
0.0870140277615186
0.08538131527366793
0.08207473108640322
0.07934435595604793
0.07672268697738525
0.07580235996100573
0.07568129765821616
0.0767093172930376
0.07727865820390521
0.07785351935392766
0.07791060457620648
0.07793736961478394
0.07769300336296336
0.0765046430218078
0.0744529469095049
0.07145223155388752
0.06913421120171594
0.06870209519131432
0.07078105957348449
0.07445523370651705
0.07832466307276026
0.08284044926772735
0.08670157305456633
0.08962076626440882
0.08985160592652464
0.0889400495958963
0.08531680073016511
0.08227795943805391
0.07893065486007293
0.07630834305746664
0.07466901323326523
0.07240492089563931
0.07129563586562489
0.0705143507830661
0.0692374636101422
0.06864964178266303
0.0676345666286392
0.06878755075140339
0.07168138866180149
0.07551204000822004
0.07920380696140075
0.08070948857274482
0.08036506145204038
0.07766543755178695
0.07423575279818292
0.0712479759845225
0.07017198162822048
0.07090452746262359
0.07309645334100277
0.07606823898582868
0.08002978880429391
0.08161617835262369
0.08186251152352439
0.07931650389354904
0.07552467779425776
0.07036689626312144
0.06621495888285105
0.0630936045749223
0.06215416930598924
0.06257458060556446
0.06437349891023743
0.06763044990269085
0.07169381748496977
0.07627015157504914
0.0810382455790828
0.08505542570567168
0.08620550526148997
0.08343307259914949
0.07816462191967986
0.07246266974107386
0.06831909803715643
0.06550538643933272
0.06499518685937218
0.06758836239966065
0.07154870182871766
0.07605695212476925
0.07957213405499741
0.08233318656141193
0.08358184551474933
0.08253870138062121
0.07931023628189528
0.07488535780796286
0.07068466911291747
0.06905193732099996
0.07028808480567439
0.07237035030285198
0.0748275371955158
0.07559957282612578
0.07459795489024044
0.07268318556324115
0.06981637449076579
0.06862855716019693
0.06755376670808089
0.06730112337992117
0.06678623174483571
0.06693358683352557
0.06715759843396256
0.06887719926258086
0.07087730458575406
0.0731068713617165
0.0745396487459323
0.07451916472412103
0.07460016868256604
0.07502926134313377
0.07636474535783751
0.07826500089131733
0.07960701710819956
0.08039074275047423
0.0803158435265237
0.07976606291732553
0.07946566855337749
0.07974990704356817
0.08162462658281333
0.08357540751133365
0.08618039449710273
0.08781174665116423
0.08605963748541672
0.08015323462029342
0.0720698237999503
0.06500228646675638
0.06159691122119898
0.06263891503210839
0.06794512440151493
0.07408580478854294
0.07904420823620416
0.08013130910086486
0.07704944282548427
0.07303098500631262
0.0708121564856707
0.0716889032554861
0.07390785678456134
0.07607253424959556
0.07976261760914068
0.08345845423733315
0.08672061417390098
0.08819277909232602
0.08805035188011846
0.08570536354551873
0.08216784472404673
0.07877618771370183
0.07762508867195937
0.07637658076751387
0.07599826371769666
0.07605237535162443
0.07527472467481483
0.07382748771627823
0.07142275105920784
0.06945141547671006
0.06771265493285987
0.06661756800549122
0.06550886208119865
0.06649437111511831
0.06764674418873437
0.07153858769547158
0.07624299623599999
0.08075412063608008
0.08407788438466823
0.08450086156756259
0.0829351481042234
0.07973256560566154
0.07658875239545296
0.07452349613974808
0.0751717060802158
0.07477872255820031
0.0718598800706791
0.06730750821724356
0.0657869086312387
0.0676966385480212
0.07229331919360152
0.07665653709874236
0.07994542175974814
0.0792098719589452
0.0764076611028065
0.07079503434471944
0.06694504132066138
0.06469208231324336
0.0649450564796866
0.06760314295919831
0.06935816920170741
0.06983041646137093
0.06890405801347926
0.06724193636929537
0.0664734117672356
0.06493117170879854
0.06516172902540435
0.06439262132820477
0.06348731800183943
0.06238501177933378
0.06377518145531257
0.06749697879049485
0.07200723015464768
0.07331367388928617
0.07352944470693537
0.07078758516686243
0.06859575516912933
0.06830802880254716
0.07088648302869385
0.07417505695216332
0.07594797678616678
0.07558066602367507
0.07243109482505314
0.06879217699310361
0.06532392685956716
0.06409217511509266
0.06370069217909378
0.06553482322344753
0.06793892037765471
0.07073333830742104
0.0715498434109535
0.07159201449594602
0.07247777049138321
0.07520984101804797
0.0800554898241094
0.08560528548003458
0.09051282921438675
0.09457806936215253
0.09795814333386713
0.09968998905249847
0.09949393819455699
0.09827894225126226
0.09672405866089642
0.09357863976270961
0.08877458979205193
0.08262063205226752
0.07739693493623792
0.0728648728272227
0.07094559231273387
0.0699695690160278
0.07069131203680878
0.06976651792251994
0.06877792391779372
0.06738898457615126
0.06511833189655654
0.0628951970277022
0.06236792390815569
0.06458756813531992
0.06890348816436641
0.07388774666598187
0.07854555751240833
0.08317150345255317
0.08747878130898572
0.0917042467983713
0.0960598444728774
0.09849090125533633
0.10109765980838825
0.10294212111155844
0.10434136431833156
0.10486793387165472
0.10462434934062459
0.10499111220136882
0.10497572614955042
0.10496085362087623
0.10374793056894377
0.10067014014978688
0.09428751977503178
0.08793539257184721
0.08074246063978116
0.07439111838381114
0.06974980848982591
0.06781607072767262
0.06684518744892405
0.06616785592838124
0.06607935856907342
0.06759947826527635
0.07127259510371359
0.07584989367149843
0.07939892837174183
0.08159502080225181
0.08337730684706933
0.08564885411786635
0.08909397307713599
0.09302363697872813
0.0973382310860985
0.10055623801775293
0.10167410173466339
0.09978071799551058
0.09685070966065902
0.09335074452155322
0.09019927454886556
0.08859927029302728
0.08847047006503196
0.08891302352207334
0.08951517642306504
0.08769197257955276
0.08447942983764346
0.07894763641064839
0.07290480776899051
0.0694647902196115
0.06871701371985472
0.07042836838800441
0.07241329422814671
0.07503602505278772
0.07818719273821777
0.08344661554910113
0.08831657167321444
0.09126523384598226
0.09062308069468174
0.08871597105857763
0.08657455944726629
0.08549557210742674
0.0867094983845216
0.08893959231702372
0.09239604629809915
0.09339907590143554
0.0926082715328793
0.08945386783996563
0.08885350435627634
0.08910603161437279
0.09069658330526002
0.09091152572892011
0.08981742883695377
0.08748572266240844
0.08462248803547806
0.08117922679429962
0.07845078400167584
0.07673478434797722
0.07573904979735363
0.07643917126228741
0.07867559273215077
0.08145540934765469
0.08375500304039452
0.08479724864719985
0.08566484955612573
0.08732479512530483
0.08924637037664161
0.09021972397104572
0.08807463391122182
0.08427690547421549
0.08112297951201183
0.08065267772538243
0.08155464160551788
0.0818032362624793
0.08119684976141632
0.08134913157964606
0.0840477082683297
0.08808524773777039
0.09089168211859269
0.08950474514228138
0.08596380108304551
0.08295167597295694
0.08059121482921872
0.07844059313304946
0.07571536741375859
0.07376159529278838
0.07391945432671522
0.07754435619722382
0.0833997214060566
0.08782455399207212
0.08965875387382141
0.08688501659589222
0.08304668011819842
0.08092488288438861
0.08349113285942684
0.08883013250804861
0.09298092005028862
0.09345728809799418
0.09183030687535472
0.09066399125708023
0.09070842451795787
0.0897947115572177
0.08829669771418765
0.08473573429337429
0.08094942057756646
0.07744267458527168
0.07700441348658961
0.07650533855871287
0.07652363854671516
0.07705350720214865
0.077259680238355
0.07799901334169544
0.07745186751056761
0.07632912299117696
0.0731552912464481
0.06860716105423531
0.06528134791244959
0.06510288021142793
0.06874192742240263
0.07328785755360592
0.07671408983512765
0.07717404738716593
0.07612837529798366
0.07493127646604038
0.07558955285514782
0.0775243526646998
0.08066298221432668
0.08206149175373083
0.08342041635696006
0.08478812219615599
0.08712159524672032
0.08898125321678864
0.08948641148287834
0.08902992908648283
0.08805184036933095
0.08755704625799013
0.08816253507202698
0.08835210321587463
0.08738683586202886
0.08554060678853331
0.08442316964717664
0.08428992375495131
0.08553606651465291
0.08767074714616467
0.08943897068351284
0.08781367785702687
0.08337729673047978
0.07724754363419545
0.07385097888779804
0.07476209989437925
0.08041478036455117
0.08664794226279934
0.09222275548286653
0.09360760192632805
0.09163033097326878
0.08689774813809763
0.08261660885748456
0.07912317767711359
0.07886699116997382
0.08113353699951655
0.08440847223773157
0.08612026067411876
0.08683901513326461
0.08695932044517299
0.08712283992136395
0.08553411330204912
0.08358070488766962
0.0814419415645561
0.08075603165082842
0.08137180310260114
0.08294184178545519
0.0860778626097608
0.09093968272560911
0.09663952948549208
0.1009065707947426
0.10273153937007115
0.1024331972063771
0.10134803835435334
0.09946897813979609
0.09703669986663913
0.09416591899182382
0.08834844248290664
0.08179930297729121
0.07523018070493562
0.07254501785513262
0.07286442364034783
0.07461334508485973
0.07570519972597183
0.07472222267298059
0.07227374958423352
0.06963710837180727
0.06753234620699577
0.0668102435829594
0.06608420820076759
0.06709246176604158
0.07009766955418394
0.07450457832671147
0.07697125194059463
0.07689716874009848
0.07513759328525225
0.07537425249429053
0.07722034832389495
0.08202558755740945
0.08812428398256521
0.09579015432165128
0.10093534021729189
0.10202746184824657
0.09844476901696192
0.09352317861038902
0.08915317264455692
0.08675758912904155
0.08614119381143319
0.08575936147904203
0.08566029930118806
0.085342390963166
0.0846868472849542
0.08320947978453612
0.08037576296480657
0.07699027552759086
0.07441395672759685
0.0729915028208873
0.07307388624246912
0.07260475272134816
0.07269770536406572
0.07284946401799551
0.07455916305618358
0.07668115821724984
0.07860271398042552
0.08156528728473451
0.08556948134629107
0.08974995720941555
0.09309505081233646
0.0954645040538679
0.09636979767587134
0.09626311240275912
0.09494041319459716
0.09306557655694558
0.09165652709769821
0.0890072847685996
0.08629639144997209
0.08544031249971834
0.08729291323740045
0.091220627909954
0.09599400126191664
0.10017528701141493
0.1023236904642995
0.1042242596793193
0.10397186663494112
0.10303406008027761
0.10147171906652173
0.09995541740288526
0.09814930966886072
0.09661849887448738
0.09606634141097285
0.09845517733667214
0.10283610511460217
0.10683614127836145
0.10902193759636623
0.10746093919663562
0.10227827205732976
0.0961023924255898
0.08951516663377702
0.08490570282660043
0.08120277625697692
0.07834052864233794
0.07643205018616198
0.07528597673916904
0.07596854063089546
0.07673627119248126
0.07793105462086665
0.07858608712044533
0.07935589267215715
0.08079264525712435
0.08303495457751073
0.08559284315039825
0.08616673547101972
0.08678295813514766
0.08829104867477293
0.09159413039891351
0.09493507376852588
0.09855962481929513
0.10091901264299825
0.10084869654723277
0.09785726821545264
0.09320176047997504
0.08845214144739225
0.08444135620702255
0.08009570626943185
0.07694210854641899
0.07451427639874375
0.07404068629372801
0.07480295041039321
0.07406615140611995
0.071460486031951
0.0674281969703264
0.06600190120722381
0.06635604880259838
0.06886380218429707
0.07134820442361296
0.07518207107997445
0.07909315092169157
0.08292462918432554
0.08669989028217757
0.08844696312442646
0.08858133562007602
0.08837224123111417
0.08875655311633487
0.09038070963321548
0.09069465956235226
0.08823843069340748
0.08189124361621392
0.07552189196940993
0.07065131075855541
0.0702835612693386
0.07147127480267458
0.07367360841990188
0.07600314537861165
0.07714075169413186
0.07943485150026487
0.08079996069612272
0.08211748360251246
0.08163541534000199
0.0821076418553491
0.08296103023731646
0.08577019112551301
0.0878793287549017
0.09003839875772408
0.09163832301802255
0.09359146053558245
0.09517382835406571
0.09550634197509035
0.093303856023855
0.0888156307712414
0.08412159924039586
0.08145231266301532
0.080393107987515
0.08093827643165213
0.08087628092316211
0.08063147135849442
0.07876457658761804
0.07752206046850509
0.0765390164896498
0.0772190284024903
0.07834263572990631
0.0815360874961705
0.08500912521793334
0.08921504866177996
0.09192770305297843
0.09195314794650165
0.0907147739646184
0.08796232728742905
0.08675119387803841
0.08501706691491714
0.08340130447622718
0.0810977823726436
0.08001619100157356
0.08113050256074525
0.08393930467256938
0.08640424843582838
0.08663960945679251
0.08358821511989041
0.07918887452300438
0.07471747839087362
0.07195774484718923
0.0705696868349123
0.07113818576798656
0.07185815501960073
0.07233734658918357
0.07210647231590941
0.07196502346536006
0.07316274595307348
0.07595275787024908
0.08135039343685319
0.08739423765555475
0.09306619998856173
0.09711222498706785
0.09811653997192998
0.09548633517210255
0.09149432291091046
0.08739508233080961
0.08590588607865836
0.0869655798894005
0.08953476691391676
0.08989084495572776
0.08650577108945066
0.08201238211488739
0.07952792792133027
0.08094145246329532
0.08355230960503651
0.08683422507059313
0.08870843944789904
0.08939337626694874
0.08749733484928102
0.08429981812575857
0.08188667054768237
0.08135615194012559
0.08403729973437316
0.08963768100263182
0.09687638049353949
0.10360017819457856
0.10776546163663851
0.1093702494243309
0.10776335989977949
0.1040045528007465
0.09884481604256974
0.09375974935370601
0.08870220672993967
0.08520830539551534
0.08264874044959931
0.08300575222511601
0.08438593437804426
0.085433048721426
0.08451321049147963
0.08137479408935007
0.07812873627625434
0.07543360764760239
0.07483950520578202
0.07654021328006597
0.079096391231317
0.08336443992444952
0.08849925686286128
0.0947047664499531
0.10159169435647686
0.10798310004340482
0.11228214705776954
0.11490015984533922
0.11512277489415976
0.11603295605825181
0.116922951728999
0.11723457506271052
0.1158735473701072
0.11265628053662474
0.10818730307487237
0.1024705938096133
0.097546287140793
0.09202499436630264
0.0859469289062283
0.07958730846307449
0.07451124528986408
0.07134154816460928
0.06982218940829087
0.06923902267330875
0.06970995731250751
0.07240368201198205
0.07633549561363905
0.07996618498429811
0.08106904384117314
0.07977325669778987
0.07833727839219687
0.07728675039209917
0.07861501795668265
0.07958683948898268
0.08077069751656422
0.08113468151551266
0.08047843891754752
0.07942980192315624
0.0782554354800968
0.07753997618159612
0.07847916180149413
0.07903042194483052
0.07879476137661258
0.07638208464809178
0.07291281748935617
0.06966771425794327
0.06728492663606596
0.06676789693100987
0.06853595298147648
0.07250033113556163
0.0776933212164304
0.08266570430438656
0.0867483458623308
0.0898606399069818
0.09263208946004882
0.09330987937559357
0.09240463618093442
0.08859262143060816
0.08429263574445811
0.07950606217407749
0.07698240845555623
0.07616501177667373
0.07729707823951669
0.07777798174601269
0.07717960683294935
0.07452324477123536
0.07164753173886322
0.06760749100352624
0.06377379112116739
0.06094470287152331
0.05988793382928325
0.06103413408913117
0.06124373575451132
0.060790940112160456
0.06027843809086972
0.060579795654795585
0.06309902473543828
0.0679412653279624
0.07435883420714258
0.08264660723939295
0.0915170571206049
0.09985482967097331
0.10611658603808034
0.10775638953827194
0.1075340558565437
0.10606450596194966
0.10377982799682949
0.1013152037180366
0.09544653069561015
0.08922774272399916
0.0829253619935452
0.08018373031048456
0.07911893791237493
0.0783074858820623
0.07735810799107767
0.07441663986767649
0.07146185613882433
0.06887367772550228
0.06779156079774391
0.0683913405921831
0.07065963185768154
0.07482318222667579
0.07796256634985305
0.08166329500645174
0.08621092094782631
0.09078167822223367
0.09588591050376853
0.09883874046483528
0.10059259915567893
0.10083947166717565
0.10321449670084704
0.10700349896477379
0.11058511081889587
0.11150149668917352
0.10956559274459984
0.10394168619594399
0.09741684842101007
0.08966765316686705
0.08217900215215806
0.07622474481340796
0.07287659807034529
0.0723219227287043
0.07472686933142687
0.07823302319555704
0.08070222292377603
0.08224694206908446
0.08248787861876183
0.08212388993354218
0.08173130841072719
0.08200135511165521
0.0824373569388682
0.08310256542346756
0.08324144606477797
0.08472587292501883
0.08680041059249187
0.08965944164560494
0.09372284160300401
0.09738133485301531
0.09966779754820945
0.09908765941533337
0.09744328070167502
0.09394621193869747
0.08859998973412668
0.08307555538357725
0.0799610621198885
0.08015121564805647
0.08223332282972881
0.08415453331181938
0.0864817547977941
0.09001004748029146
0.09444967292891054
0.09826102112913501
0.10158206444612652
0.10249820898652195
0.10161282235651957
0.09765813316598397
0.09288546062430501
0.08862559986895177
0.08568420554713216
0.084881075175245
0.08584779809082084
0.08681995233434678
0.08734479990424164
0.08711695184180167
0.08468121975426514
0.07920574199241769
0.07221186805591488
0.06615070836304103
0.06508251721508805
0.0668010559977453
0.06981023715958037
0.07259975133510252
0.07594121688604555
0.07905606803356131
0.0825941430581752
0.0853672730031666
0.08701983106699358
0.0863352376831208
0.08452012221314417
0.08166726069759134
0.08058802743390246
0.0811742759966883
0.08278710882178024
0.08391577518111056
0.08589781734800848
0.087922417108918
0.08800088024783034
0.08566123346810817
0.08042528711076241
0.07544389571206789
0.07259609048473539
0.07100623361973071
0.07082421112529072
0.07052609328360993
0.0710467479757859
0.07149237144547455
0.07259946729109913
0.07433262872523251
0.0755279019565843
0.07624780007487302
0.076020076344829
0.07415381415964958
0.07054283127006894
0.06773158443305925
0.06734194887251406
0.07136979865373126
0.0796237121031351
0.08930142781296505
0.09793729062389224
0.10229965838908052
0.10167055911387478
0.09616822574664902
0.08897630617627826
0.08419225790367302
0.08203831606100026
0.08381483495302035
0.08533777666919831
0.08525421360523881
0.08297713356704778
0.08172096741587281
0.08264079366403614
0.08629706028354797
0.09027519983827663
0.09128633230836593
0.08911936795134232
0.08381236836712788
0.07835349560354736
0.07311758785511409
0.07182391610967208
0.07170013164717698
0.07447824616982816
0.07626884256259522
0.07802907671802604
0.079963995752375
0.08338855771587297
0.08677084451086808
0.08842665831032318
0.08737091766689126
0.08480839456909241
0.08015572109511925
0.07676810381022874
0.07497522820577654
0.07376050284540316
0.07280530038203152
0.07085562350945777
0.06980139930636248
0.06786310623220403
0.06540753917243362
0.063108022789823
0.06488833969118064
0.07242369669074898
0.08222630031039803
0.0919353798155184
0.09722171429315256
0.09713234495503663
0.09273761215344262
0.08861566959207594
0.08755831141032483
0.09042241634294601
0.09325960682411824
0.09488400647979969
0.09486199321160128
0.09527557955151156
0.0960942255104558
0.09701001980108341
0.09780039545180715
0.0949471356331638
0.09101153974896563
0.08627892956698124
0.08498448867838805
0.08638641139981959
0.08968643719209746
0.09093413302240314
0.09050848012761892
0.08984590846694643
0.08860640102762744
0.0869493698080757
0.08442485066350351
0.08239499538008888
0.08065498570879996
0.07926079679627782
0.07762951407443186
0.07602064029501336
0.07531693058567267
0.07535765940487223
0.07643935730924169
0.07957113984191333
0.08372987327024661
0.08781400331959119
0.08986735649499587
0.08975066687549343
0.08918162065013137
0.08841391767671863
0.08787390769158884
0.08596315963194405
0.08514578794709703
0.08408164031337843
0.08492088981470686
0.08631392249028136
0.08720470448454287
0.08841395122090445
0.0886162736216574
0.08905778159755953
0.08803032321206782
0.08472316407510415
0.08039120816677389
0.07541494970268192
0.07269633153469095
0.07361610633665729
0.07812044861291015
0.0846439941964233
0.09072619644522074
0.09544418256615023
0.09790209850203331
0.10071645859480938
0.10293821671254359
0.10445867521347424
0.10476646935121993
0.10346903465371997
0.10128022225543519
0.09876378039592851
0.09704071627584991
0.09526356084848113
0.09315770205742109
0.08988466516898844
0.08774169260651628
0.08513834289518755
0.08381993876882042
0.08220793331891729
0.08189856918277318
0.079469968083672
0.07748703568179603
0.07470671701379412
0.07340941173340965
0.07308404121004758
0.07476554155973032
0.07735220773889574
0.08079579090858274
0.08385344163900268
0.08570004163818985
0.08669397325886305
0.0882173190866533
0.08892810349008506
0.09205101778459887
0.09385118104413942
0.0957946028410624
0.09440149057424839
0.09261619006224944
0.0897585932541337
0.08754147377402437
0.08683929393227896
0.08614990048398641
0.08552799266342849
0.0831653294458275
0.08154516521189205
0.07939562924644677
0.07836028931315135
0.07772610498372307
0.0781531490531971
0.0780338951527373
0.0769532767529068
0.07446828515972932
0.07105311117806325
0.06842554167535515
0.0690914411158492
0.07097963438380156
0.0746558648079468
0.07713903008683266
0.07977144682470176
0.08110312487311695
0.08112461334272113
0.08055567535450169
0.07912273884886602
0.07853897857996435
0.07855062232351323
0.0800717489159774
0.08224396303494076
0.08465345010417119
0.08772586128121755
0.09142291278486722
0.09516287050843059
0.09838235199507314
0.1008282130573193
0.10170231527864684
0.09996979681205546
0.09591781860452589
0.08980334967891279
0.08365869461412802
0.07943288144708356
0.07917350418570687
0.08014285257049458
0.07908415987756597
0.07665569775597428
0.07525597453078696
0.07483720231684698
0.07519960272907715
0.07587928526128666
0.07632599829308892
0.07670763095431438
0.07726575507078542
0.0780287365350908
0.07800663085708472
0.0767350715838307
0.0731833555756613
0.06896417215752529
0.06580498574511205
0.06784835858884815
0.07504104110966525
0.08464152473134298
0.09281628372530214
0.09815501021001836
0.10021140214946553
0.10029353343702134
0.0993143368100306
0.09723749481227033
0.09354727119968019
0.08868729541708638
0.08604498297394805
0.08586391340569126
0.08907818400452198
0.09309508190817822
0.09682177305477803
0.09987441603148413
0.10261676761253372
0.10408899748154761
0.10397667787710002
0.10211783260892406
0.09840709923323084
0.09447102528622124
0.0907421586134384
0.08694374436706437
0.0841924573490913
0.08271884300631376
0.08327116772459775
0.08280073766363814
0.0809571558614703
0.07889299358493608
0.07777196916240618
0.0776084653422859
0.07755268910715762
0.07813115946831373
0.07957860934020441
0.0816887146931899
0.08388770661534224
0.08514922804843872
0.08657150378746366
0.08654411185521724
0.08400202376106732
0.0799012279178468
0.075701038902554
0.07347504106027154
0.0740911770635205
0.07639466778380138
0.0804252824399374
0.0840896572496758
0.08634918162101513
0.08735643204478849
0.08628053201958567
0.0843000893463808
0.08064787600077425
0.07763374468113857
0.07409443123725111
0.07342708546715805
0.07530784694877926
0.0799316481801413
0.08266941169406361
0.08343815564988923
0.08105937793871845
0.07845042564026448
0.07542739805959096
0.0737545987511018
0.07324666489413272
0.07422230025984183
0.07588822801425545
0.07785199573091706
0.08024150965208358
0.08145019090889266
0.08157147942231761
0.08044177963365809
0.07835176141947635
0.07659552977955483
0.0758041145585951
0.07614733738060091
0.07742031026063015
0.07968872898897725
0.08294030194336985
0.08467921911322376
0.08465563915321406
0.08378639020529137
0.08339103461504739
0.0831653096293708
0.08339468276862512
0.08519869779241868
0.08724229674814332
0.08828965851298717
0.08681409703501049
0.08179116863584066
0.07504561625838238
0.06809969538597815
0.06644211293945422
0.0697235384185945
0.07702020735806682
0.0836095412320577
0.08576632843293101
0.08272812616403707
0.07667994701293188
0.0710286500977672
0.06735297570633524
0.06584402259670413
0.06769117969934864
0.07155024791910812
0.07553504274168506
0.07821485973755543
0.0779478445215239
0.07591124381669716
0.0730059562478476
0.07193390337235092
0.07317870024184796
0.0762558884474804
0.07831756394087706
0.0789888233068768
0.07637562989018823
0.07304513824721906
0.07006566449325763
0.06834756454124083
0.06813554626971527
0.06919767099676821
0.07322993681403753
0.07871650626442354
0.08451567048330645
0.08870145027082257
0.09068419780253413
0.09034052045660189
0.0874039958277021
0.08341154532682586
0.08062713968021454
0.08134799650110609
0.08553237281627135
0.08973872559955717
0.09240739268298148
0.0914033217832479
0.08923018266237728
0.08747874056075959
0.08670606597033485
0.08620413930818129
0.0842488471157419
0.08047985452525169
0.07552438401096442
0.07032401523491867
0.06564215091987863
0.0631122881544234
0.06429154692333748
0.06642372756321366
0.06796998801078105
0.06594770233438273
0.06319100661504842
0.06034284700885178
0.06226972410822276
0.06881026054584705
0.07878623704974541
0.08670693994404086
0.09031191039002198
0.08849675213163558
0.08467197543647666
0.08075137464300297
0.08041145195598967
0.08200093371495303
0.08455087744398457
0.08594670944476014
0.08682932472835761
0.0873388291184779
0.08845948971587889
0.08887723029641356
0.08868742527374224
0.08827139671665934
0.08550551356815014
0.08127174739291106
0.07666291305117033
0.07288546136221324
0.07053661504781766
0.07049202249453737
0.07300402027487544
0.07768827070929783
0.07998231899380762
0.07948953753962282
0.07656095630373078
0.07393015162561324
0.07404297799375044
0.07641182518305505
0.08152488144246839
0.08701961386411472
0.09135149000318911
0.0930522517951581
0.09119350470577099
0.08886084190548747
0.08913632508467896
0.09054924244488792
0.0918286390602561
0.0940031736766758
0.09656874025613817
0.1009858213499379
0.10506337323688195
0.1067182937609461
0.10545897840663425
0.10269653779652971
0.09864861161816282
0.09400030829959148
0.08886501420022833
0.08482838786869815
0.08282117677178333
0.0838098831457876
0.08611248856590273
0.08784147133830957
0.08699631270756371
0.0820843360639157
0.07540824503498746
0.06960367035111667
0.06801782999895098
0.06848900219183515
0.07090726088712426
0.07200444568428946
0.0720033819166964
0.07179449115278393
0.07247481151228126
0.07499644814353594
0.07703806022662095
0.07891445014294278
0.07971984990798854
0.07938313697716537
0.07937872882637148
0.08015595869480963
0.08231691826473723
0.08361253640283973
0.08215038567649835
0.07998441313285791
0.07866774778610608
0.078054974332991
0.07661504060243106
0.07321206526301284
0.06834740113866819
0.06344113465472852
0.06034936196351267
0.05946447794606786
0.06068681920622212
0.06340694989440551
0.06813860433047905
0.0725664310783056
0.07690130585566314
0.07901490123749297
0.08084749348392425
0.0827221818617926
0.0855950612356502
0.08939481865177805
0.09210787745794353
0.09303776476328218
0.09288032318412792
0.09010247697242296
0.08712497364366653
0.08166248369745224
0.07619129749395225
0.0707304931795292
0.06866518693178697
0.06853205455553685
0.07003728991349141
0.07198991579084896
0.07504314382334197
0.07864964463178035
0.08120701454543308
0.08187594154364622
0.08103896720296566
0.07915617298976264
0.07703649397522565
0.07507386722545734
0.07360956134247382
0.073703360578529
0.0753031913749571
0.07695306426398
0.08001756858032655
0.08111730292818997
0.08301635318961681
0.08419122973362193
0.08618378898283581
0.08630480114834925
0.0863015005611897
0.08564011355669933
0.08688856240306404
0.08855599363620335
0.0889257247391615
0.08752977310521586
0.08661021999344651
0.08710128532682715
0.0884437406453829
0.08976050568059868
0.09020217383548217
0.0896215894856323
0.08931423731028991
0.08934063445240992
0.08942286320554965
0.08727033318656523
0.08375522944541458
0.08087926595200153
0.0789570741894175
0.0792343333794831
0.08036376622282144
0.08082507089548013
0.07994876646573025
0.07728146030841501
0.07550944451035596
0.07653842974207416
0.081458075010977
0.08841196501479189
0.09376460894503727
0.09669692796674965
0.09719476599894021
0.09607808170462506
0.09332473173503912
0.08737429806151724
0.08159690444453213
0.07885872789354581
0.07931341388808821
0.0826770271058251
0.0873354556104918
0.09162002349055798
0.09414558355594294
0.09520132696127327
0.09756224521776376
0.09989272993659491
0.10111488177273197
0.09950100483089858
0.09527757041861211
0.09031604103357152
0.08812850087224959
0.08847696616128788
0.09076590282934545
0.09330748898599664
0.0977361616003561
0.10090705166470836
0.1014055327010122
0.09805506476277687
0.09294444694503443
0.08839039043530941
0.08544040978067768
0.08282386671888409
0.0808936850027211
0.07765440417010573
0.07444866163405708
0.07229803958804806
0.07175604124810694
0.07178016067451637
0.07128339599997269
0.07004456555705273
0.06773099622490582
0.06618014959568959
0.06570649133896951
0.06845331624312087
0.07274391847330133
0.07772537064711518
0.08321769221821974
0.08820505219612088
0.09391108040569443
0.09885234897047293
0.10213404843724537
0.10329925124984869
0.1027009445123706
0.1027969697060244
0.10042304109149981
0.0985628069346914
0.09573497711898919
0.0937103795627983
0.09287834751565989
0.09445724872382494
0.09502513399614712
0.0938329721867184
0.0889646499632137
0.08352311407214097
0.07831796367192709
0.07546652470330562
0.07285606620401323
0.07153792008900647
0.06981795441233296
0.06703654011374559
0.06351704989732881
0.06143671048935317
0.0625449463215495
0.0681458464846131
0.07475655610674561
0.07991002848473015
0.08224328747065096
0.08403281210253417
0.08590922040427612
0.08810519440548724
0.08718221801630811
0.08536325995836047
0.08463281151669955
0.08508078821791666
0.0854480209062976
0.08533283478316363
0.08611606141263668
0.08787031373618467
0.09019495770736666
0.09045219009372758
0.0881324285130067
0.08447994835540391
0.08238062582900892
0.08300496892594766
0.08518340513140818
0.08663798830146427
0.08607896297688393
0.08265359216327213
0.07794030576360635
0.07392101431487924
0.07158785610592094
0.07126969816691403
0.07219956307856698
0.07603242630488745
0.07897775491629629
0.08288161191478073
0.08601284175744037
0.08875575515026425
0.09137466440941774
0.0914339806004747
0.09121375132426142
0.08989791817000113
0.09025568852902342
0.09270607545595483
0.09622934303827295
0.09958101068802029
0.10056441314914102
0.09946960131848959
0.09648569681915657
0.09588963969247527
0.0974616379378544
0.09983629828735321
0.10025469948201149
0.09687263736403662
0.09193991954990532
0.08798128267312039
0.0859063537888665
0.08524840000634434
0.08426920871328458
0.08348347886005328
0.0821467670878277
0.08059680004218364
0.07828119141523539
0.07672647404123539
0.07591055580012177
0.07618813586245819
0.07728912677601758
0.0782709190893975
0.07883193796566575
0.07898946112432549
0.0806435911208875
0.08289921628422937
0.08483126897662904
0.08588227743567506
0.08463751089872455
0.08267650468941404
0.08059331706795031
0.07895886611277825
0.07767099852728383
0.07639771324539421
0.07507062513959663
0.07446270017524245
0.07473889361626197
0.0744996292804858
0.07337655623120702
0.07038398663567316
0.06559262934487795
0.06138244993594026
0.0586165813638101
0.057899000852738
0.05911109547542996
0.06055972036390376
0.06301042509646017
0.06593462727447241
0.06947795743120616
0.07304216475571064
0.07598050856002549
0.07963148494911963
0.08306556997256527
0.08584280812119262
0.08680148145763619
0.0857613850930487
0.08466831434026653
0.0845059078883011
0.0856227233041855
0.08544945846085643
0.08362626439016714
0.07975373467225458
0.07759455422652438
0.07666014292827618
0.07741545307824813
0.07736694242799068
0.07733647679300651
0.0745287119200852
0.07016069392460007
0.06623998144102008
0.06726777099607832
0.0707286490427519
0.07663954875186298
0.07932578982923377
0.08039730619735304
0.07825181307986731
0.07779419640207276
0.07903456116976948
0.08083983831288155
0.0830371311763647
0.08490482001284917
0.08826142570674013
0.09230676964875771
0.09649839761773599
0.09880895350939388
0.09764313891123694
0.09270105643965054
0.0860329157831981
0.0790974947950224
0.07362720404267976
0.06968986846700055
0.06752131117794906
0.068231801101032
0.07079300329039577
0.0743325478793121
0.07737035680161973
0.0790228660053469
0.07788410732374967
0.07562606668617572
0.07371799330153045
0.0753168587523481
0.07979441929197699
0.08562678769853077
0.09063790074239045
0.09262123684280918
0.09093442528736358
0.08761082083722346
0.08407087573152103
0.08045789549394426
0.07796173739146178
0.07789960607015707
0.07914059826933306
0.08112299823616197
0.0838032914609492
0.0871362158113896
0.08916421549341262
0.08993202809074573
0.08816817218909873
0.08523097999805687
0.08242745474625301
0.0819856991078179
0.08272825023906923
0.08471196795547684
0.0849991816990377
0.08491635430140834
0.08365640925382603
0.0827880651821235
0.08309631084035217
0.08410855969393302
