0.0
0.05258189093394143
0.051533956870841426
0.04929648368787988
0.09406940079980802
0.10287956539989192
0.1531743272621573
0.16901186482635144
0.2596766111676898
0.34504547964504884
0.39365225803296244
0.4247080670135367
0.40176587434382116
0.37540164003442666
0.3773076580289393
0.3558039465854692
0.3067318648362334
0.2647602297318103
0.22912079277378652
0.1923851727059957
0.17936088325659996
0.16414092756229404
0.1329484906897925
0.1275348047533654
0.12543046784809844
0.12284943319447518
0.14536695814828593
0.15903797071847944
0.14866283662513302
0.1588258846984341
0.16437868646097914
0.16080483798715287
0.17765214197246568
0.20555362062192242
0.2232897627685518
0.25878845910090315
0.263272529498437
0.24076023233265872
0.22631816297574261
0.2132305625839629
0.24156603112576222
0.21913554409724278
0.20587899084499037
0.21082775885231225
0.19534574340697358
0.19170204653919537
0.18179433693205987
0.1975264451291834
0.2115766189640109
0.20118754312346954
0.18662025145744532
0.192657598867812
0.21404954804300896
0.2393235689071464
0.2159351195125031
0.212623432882074
0.20386388879271886
0.23895504330799414
0.2656807687798416
0.23993233352393936
0.2390402588124294
0.23646569070356532
0.2281240770022246
0.2153946013173683
0.1994344478850463
0.1855438659144493
0.16526525228304956
0.15626844283068184
0.1554440131081742
0.14532396571958692
0.15052347251826767
0.1557166020000212
0.14911736658428992
0.1519066709044804
0.17143880785890944
0.19042725978216105
0.2348786151558511
0.247179562237511
0.25916931853082364
0.25608594141814883
0.19665545054026076
0.1997888741143154
0.21087849160866248
0.18346318268734865
0.1709457683327347
0.15732044371206025
0.1418321356356156
0.11254401726434271
0.0977705018203129
0.08023083871018001
0.07385636157021053
0.06693922866649767
0.07347010125023269
0.07305334549871519
0.08241963348550481
0.0955149263883631
0.11818681640717045
0.15379658761382656
0.15162329017289644
0.17364311936604998
0.2152881164719363
0.22757379950553022
0.25348646171384737
0.2410982949136528
0.22490881516277017
0.22004543775086666
0.23887547432663367
0.2766471813087755
0.2673089624341071
0.22682733633621324
0.21145163694025837
0.22264770370405434
0.21806213891277162
0.2263412597281396
0.23126260175153313
0.1992899600241159
0.16953360655483513
0.18136503640273285
0.19950954642379268
0.18765630694911858
0.16907259184883555
0.17091289633525966
0.20667905099394476
0.23606106920141057
0.22139528551489288
0.22982567692112782
0.25760719622079514
0.2751157374853327
0.25874451617400873
0.24997863991100452
0.26363717686201305
0.28601378484718476
0.26556420091176297
0.2394139008961643
0.22295989022135293
0.2147455927114584
0.17840377412233757
0.17663452877862987
0.19433818984481172
0.19429139273701668
0.17032621138817947
0.16731018915329002
0.19158505602910256
0.1928647226981101
0.18949812868718102
0.20082164056589005
0.2126202062226062
0.23915003201551469
0.203967721537117
0.23259500082030057
0.24997072697079067
0.25177734499799265
0.24103427617791554
0.20786228724969782
0.20190905923087743
0.2077208591838859
0.18762874204876537
0.18814296110056566
0.17869810989816304
0.17842773316759236
0.18124180321330777
0.17153267036308747
0.18481926488347375
0.1836869001920628
0.19577628635164365
0.20639686101315127
0.1903219360279467
0.20351223612108557
0.20298052720111914
0.20665117372766692
0.2089495860788605
0.20449461423467635
0.18534194794685505
0.15575850207918282
0.15470651107313407
0.176895395110723
0.18846821350362944
0.17670454267139135
0.13093841139871124
0.11859576418810004
0.12804353343060795
0.10709401690197524
0.1135728598067311
0.13643064940201013
0.12320333377209536
0.11849430151671046
0.13315279630510496
0.11871453504802265
0.11140381218847505
0.14712914919965614
0.16033148071573933
0.18243706965249737
0.18340260224355676
0.19321523626092324
0.19209004287254952
0.18263424360928504
0.21167244536501398
0.26599377238480576
0.2756612763853216
0.22479902894186296
0.19862701278567002
0.20594564926067044
0.22948081271897255
0.19151008508880282
0.1799422322555048
0.16036468779400728
0.15143682457507723
0.15867142655730215
0.13943766198568192
0.12023153187114659
0.13448011306727464
0.1515301997119076
0.15894855446131623
0.19024120926973442
0.18687285776000015
0.19462281931719955
0.21128090880248154
0.19683048789614935
0.20099098433222726
0.22430457717435506
0.2527214018966522
0.26204426232830447
0.2349493245630286
0.21831020984421529
0.24312031065070408
0.22231144650792534
0.2274582444306516
0.21891037283839512
0.1946111010429209
0.19002041973816902
0.18714493326069284
0.18141394049252724
0.1692911226059043
0.1552928722958272
0.16164270062281916
0.17188213269828792
0.20003805343708694
0.21054417066002054
0.2132288497434556
0.23162469958265075
0.23798948086349944
0.24791436912071674
0.23789303754844834
0.21511681611650013
0.21001231212931346
0.21365727765741307
0.21137085172400072
0.20195199727178
0.20965181935507737
0.19005269239849282
0.18015004325046466
0.17912015266214154
0.1630673019627021
0.17514215987867635
0.17139044765616648
0.17928549202982275
0.15145979096670648
0.1743198417972108
0.2134809886141627
0.23018102326893186
0.25287925894378926
0.26318958054836883
0.24401262458854947
0.23566291185659022
0.2048264671938214
0.19153427022725414
0.2014118218793665
0.1690035811499748
0.1553149055872321
0.16701684552241705
0.1661629991216556
0.15163557908692807
0.1333790859273639
0.15144535212458468
0.15137193429629306
0.1614281392051778
0.15407023989797936
0.1675609870876765
0.18852993193381146
0.17971584421065268
0.20040929894900675
0.19348338195584078
0.20012360924829947
0.2265954212266537
0.2494783913981809
0.28357998680064367
0.28355142156317026
0.26931453483338846
0.256664540291779
0.24772716167457445
0.28843758591769825
0.2621902276997817
0.22601498013019863
0.19350684442496904
0.19241039734164644
0.186136201498874
0.197702271815926
0.20547089486169312
0.20288689682711017
0.2268513273715181
0.2520856033063685
0.25711299182413894
0.2644896038265763
0.2619160348991328
0.27283652621265025
0.24993819665228015
0.234800719842563
0.24838623096419934
0.2689607200751308
0.28748447024059887
0.2736990039812156
0.25874807394815336
0.23588588885805203
0.23655386786528115
0.23186452187414114
0.22365323117206773
0.20838662338228844
0.16970274208487907
0.1693288292210609
0.1717628821470416
0.1466639425442742
0.16194893280463518
0.17674283579257785
0.17636860974793928
0.17664606094758448
0.18378784377601998
0.21015906798260542
0.20969825979946816
0.19074724391389047
0.2048686619474607
0.17876092928824278
0.15518418123719185
0.15524820293833852
0.16744758127238893
0.16640166746899634
0.1553673702513076
0.1612102983795905
0.1607466216000852
0.14828355348720018
0.16282809708062365
0.1774269595480559
0.16705732897088998
0.1524481040578205
0.15601782703519168
0.16537913636710294
0.16318409032401027
0.1686194765248442
0.18176539584284582
0.20330523055651678
0.20905069002685683
0.20769003159092092
0.21660359598257664
0.23551801433166422
0.22311115227241526
0.21805608943140758
0.1857210905419327
0.17993227641484
0.1634071680990743
0.15605252137800285
0.16654209607861714
0.1594548356646885
0.15929854659303133
0.14387122388964146
0.1446986573255646
0.15047224884103055
0.14793194545842042
0.1618153164252363
0.17281662665572917
0.16127968052682096
0.15792894241633168
0.19386843103356755
0.20656816694757113
0.20449837455672443
0.20728250408882434
0.2168970757875564
0.1961496129885109
0.22960627154752644
0.27351164457563015
0.25405198048969857
0.21982199806972413
0.19367904920392295
0.1884813374345011
0.19898410536184408
0.17531118307207266
0.1283634037323064
0.1344996054207786
0.14897542263245372
0.14650299036951714
0.12228391170223184
0.1177139605558843
0.1387471725789725
0.15431171255259943
0.1716358884090332
0.17682047409705295
0.1944274925313265
0.2112646314164893
0.20180336049471595
0.18975987324408458
0.19347775233553713
0.2003307982453361
0.2132527810635449
0.22201312741589396
0.18501855055192795
0.14457286987566095
0.16874020889462849
0.17652177992550386
0.16742432261560605
0.15829696642854774
0.16545512432525686
0.16766546094372575
0.16143567743372492
0.16241388655863534
0.17757608497066704
0.19047565973940206
0.21094537229012267
0.17841402941482365
0.17699329075856052
0.20528887055598516
0.23501853524252567
0.2571469760453652
0.23323795899015476
0.2129391516238023
0.24223841158413875
0.23855848904859914
0.21426244045442278
0.2106581001716366
0.17311005080554168
0.16136723651917248
0.17084540716055752
0.180834319384605
0.1581946214653585
0.17196584393269732
0.19817122331294207
0.20509899914041413
0.19209784800358204
0.1918105223791244
0.20034222700579463
0.17404069730981023
0.1596737606660628
0.18191861933352024
0.15677495041689027
0.15166064471709015
0.17584192971173326
0.1699860507975123
0.17633656416244856
0.18270114792827136
0.1854242231581502
0.1711010789860952
0.176854373673269
0.20836203893529345
0.20670170856274378
0.19728026370909368
0.18552682506173948
0.16988398771644017
0.1557831439242212
0.1593374464714898
0.1629683382115459
0.161127274666272
0.15948577012221388
0.16409229540832382
0.18264133933107446
0.17781216072133404
0.16839956591129027
0.18517842546390104
0.1809035358554049
0.16953761629262357
0.17163123549858406
0.1498249028508028
0.1624584860770668
0.16807687526236148
0.17383987076041385
0.15214579426160155
0.1533981977625078
0.18207229593006086
0.1747358439288885
0.17200324274498802
0.15751313441705483
0.13777349683633766
0.15231313337607688
0.14273938693850696
0.15569074124146196
0.16958787829885721
0.14690030174824176
0.15309599513576785
0.16121534598098947
0.15071249960512464
0.17779028639455516
0.19313942057274244
0.17078778122292074
0.15398134432131955
0.1717575604515109
0.17620980894870747
0.17322320277088643
0.16430563678775814
0.16641723803231323
0.15101337185303593
0.1487820789116903
0.1381910860732026
0.1540261756138338
0.16409879819002976
0.17351342500649794
0.17237721970292835
0.16314322181364732
0.1881781927731064
0.2150207432936374
0.23737265953983938
0.2250026875859198
0.1876738527249605
0.18607496605407836
0.19066089618093116
0.18597230988056995
0.1624436186441238
0.14433616382172568
0.16389386790644145
0.17401019191404882
0.15722532068326753
0.1387847621408343
0.14551234849332784
0.14054219977295718
0.13046422581799233
0.12732539231392148
0.12837285028052578
0.15694142024235924
0.16020280807263743
0.1479846580252441
0.15606077734892712
0.18394089300229885
0.20326996796729974
0.18936108455103368
0.17848440600690116
0.1881483053671918
0.19335767525315092
0.19362830087255964
0.20821950291144561
0.21229338232372658
0.23749393255174045
0.25336753227901854
0.24050968995044944
0.1985718703105148
0.193370345595207
0.1964867072830344
0.21010534970802236
0.19882423171968724
0.17469821599579533
0.21107738703219286
0.23107989308061228
0.2171209698978493
0.19337873687565327
0.16530252850500649
0.17984707679031176
0.1853628145776287
0.1911114803306297
0.20495801921748213
0.19673793004400877
0.1898289658088323
0.1808001385726989
0.20345851745524443
0.20341818785035634
0.17729961852173445
0.17095361043421614
0.19923173955998413
0.17924779999192436
0.1584601899662937
0.1577963907300577
0.16830955443231888
0.17520915699615058
0.1530430991489563
0.1585553944328264
0.1431668526768378
0.14065851995740478
0.13743445872609966
0.12031335457201568
0.1376514556043989
0.12952701113926485
0.13446624277873437
0.13071378081172808
0.12197473580414561
0.12620322849879728
0.14764166870633358
0.14374119093607252
0.14325627700415114
0.1613493866181337
0.15002088715608933
0.15727823276736833
0.1695333333833688
0.1960358437024425
0.18675722603575093
0.18850876874669864
0.20861863917179935
0.1972167879198714
0.20679769610149124
0.21181404792301928
0.19383562574266816
0.19788806129666583
0.1881700052991171
0.19837946678692964
0.1923690408894842
0.1730637688179853
0.18136119249117033
0.17292074882471967
0.15661717623923632
0.17023230033403836
0.16757795796728217
0.1677224258232714
0.165375191994065
0.18057529665669075
0.1756245940449295
0.17625200585825748
0.1777254105058868
0.16524343032161026
0.17745547854903518
0.20951341961934877
0.21322489172557285
0.19129616402201208
0.19345472485340526
0.21121144199678146
0.2035278397943146
0.19661084435254444
0.16791179811019386
0.14151697290009763
0.1184449919302428
0.12247812322469388
0.14163117566447023
0.131656799994823
0.11392874979308358
0.11848055945078916
0.14899888424237867
0.14096131115059704
0.1550591710471106
0.16585908772069005
0.16650393388561033
0.15976188308503123
0.1341239976149946
0.14158014500293703
0.14675663069336217
0.13598699244753062
0.12897631249471522
0.15502317947887592
0.17147128808885947
0.20784119915718663
0.2142195944587011
0.17753233482518355
0.17997819808059168
0.1498759730051008
0.16840686948945435
0.16420905972404132
0.1511820031881695
0.161173898601881
0.1566987098417238
0.15844095158335597
0.1959176355366635
0.1783570682185774
0.15537885472027024
0.16462003969291406
0.19582683029528788
0.17753420553460053
0.167148785315949
0.2017345249570591
0.20709783109023602
0.18136591110111414
0.16594607469653472
0.17274386501766303
0.17982482048401524
0.14751105354060653
0.14205637689188202
0.14813867789080556
0.14346044650304846
0.12813654247697154
0.14232406156509783
0.15643090333577875
0.15848990878830263
0.16703408198318548
0.1890220652440354
0.17671753304771304
0.1667436802299874
0.1712913927497362
0.1612896936066017
0.1757924946062544
0.17647105728679385
0.19195914666304095
0.20719046748658518
0.2132131068289001
0.22737488656848467
0.21867018407564148
0.20239714252122395
0.16557053166533903
0.14605931799829086
0.15344916051646415
0.16620901948709346
0.16013408124191955
0.1734257166745985
0.17061389887411926
0.17075586625003006
0.1758121457555679
0.1827331580293419
0.2010947525785712
0.17155216410314686
0.15444234896104775
0.1644665541443794
0.1571277923358629
0.15787077617206172
0.14934729765894675
0.1637082218665213
0.1656413892122698
0.16871973244111813
0.18415070800227634
0.17280642543621821
0.18258542611804301
0.1928504758675505
0.17307964344250534
0.16156425529071716
0.1958769956215181
0.19827070454353382
0.19833685776270685
0.19018939680692706
0.1834760073381375
0.21290591304245268
0.21742342114266897
0.1960757857315611
0.17436499312849066
0.21114037285220547
0.2186826627758017
0.19671223296159693
0.19621790305959108
0.18389093069175672
0.16800318985322246
0.1475712576640583
0.1538151119367622
0.16886011362575132
0.15094093373299372
0.1323607057384848
0.13941149288842924
0.1656213664737782
0.18161677067502766
0.19460910473767198
0.1956983536950672
0.19553656679986292
0.22273137066430954
0.21608363075111778
0.2024150686163456
0.21776911656737258
0.22272297621286752
0.21403076503728355
0.20098867531530687
0.18706872036344951
0.18588213967616452
0.18022842108118264
0.1781067301664338
0.1637836279392817
0.14458401048774178
0.14124343258420116
0.13053280586544752
0.12337178353204224
0.12742513406677175
0.1384093827064007
0.16479312047651257
0.15548364094037118
0.15380579078184364
0.1687175969245756
0.15119285868659363
0.13866271251003243
0.15345168026043984
0.1790070944343197
0.19829381450796824
0.20321738532589473
0.17979069610186096
0.15767949986016952
0.16263303647264288
0.19383077881112723
0.1979935375399266
0.19046497733974374
0.21127945398564263
0.2299555585941463
0.20992104823712932
0.20159266314761481
0.22277651362914813
0.21959849264661796
0.23796500405392
0.21321618083274585
0.1735560671388308
0.1627428806808231
0.16772765555116748
0.1991170433280266
0.1978477734790473
0.17156781335273807
0.17263700917562336
0.18903162498023598
0.18930723765340932
0.18210517854587643
0.1837261207097565
0.1872165796476844
0.16762232651732217
0.1908546135916776
0.22074965913276268
0.22048613739492304
0.24742082140652852
0.24840306905889278
0.23915700697722198
0.24656011721329438
0.2190929245683522
0.22838741143068803
0.24240333817235735
0.23592635413327545
0.2067851927005046
0.19360120524181135
0.16275374527997827
0.1629365458017375
0.19713763846133167
0.1926694313964841
0.20152504134003205
0.2188817899396029
0.20379940644970032
0.20585069452849206
0.21477777945612453
0.23434299032415304
0.25841112890966084
0.25821603228121603
0.2339972109232839
0.23919632194948073
0.2610892813935123
0.2764701519956889
0.28145956609760847
0.2426638026222407
0.2053182886099641
0.19561244583824636
0.19356860298090317
0.2014827086169795
0.21064674269051736
0.17673813640185376
0.18202762695745706
0.18788600940482042
0.20266294071245042
0.24190550313601641
0.2509316856185598
0.2198564616904436
0.20858479829878304
0.22966879961981299
0.2191871657169614
0.23166016652578184
0.2260527359465239
0.20489867646334364
0.21758774261511823
0.2119102733024085
0.21329138810192014
0.22632473510724305
0.18868143346499042
0.20666293487019663
0.21710398760567012
0.22781301480436117
0.2075603042310709
0.17289655602632598
0.20891404313437176
0.21009203528992526
0.18272297658809325
0.17644035127775193
0.20029242705859165
0.2386100410820565
0.25074094992788903
0.25513747785385177
0.2666236723230081
0.2676235765968163
0.29652834548385565
0.3198602004332361
0.29281526957815274
0.25481382617731985
0.2586598829601875
0.2861994412216509
0.27794076525609823
0.25529593504924725
0.24146182544491873
0.2775042715030156
0.29586793112616583
0.2852287451836604
0.23713931304826952
0.20491594751148032
0.2040951310036134
0.21439377760826855
0.21216836276653506
0.20288327155462282
0.188766965684182
0.20440436742255452
0.221428042820957
0.21914405377838186
0.2391057942080793
0.25424712077014944
0.21469150300673817
0.17415050278043728
0.18230234617411353
0.1874198797655126
0.17193655813981287
0.15075799028239392
0.14008806794472298
0.1370483708662026
0.13643483531905864
0.13602337574024886
0.13582944578964395
0.1400815276810838
0.1502364782589904
0.15858583193725617
0.15069560137594387
0.15425159166095948
0.14320111334704372
0.13346580184145848
0.14992061088243777
0.14062433289107212
0.1304651452647325
0.15655230447149854
0.14371144190521815
0.13792081319417746
0.146091871858329
0.17564758379454176
0.17968089627185754
0.19196941418680616
0.20746360863377622
0.196611439497051
0.16182231442931244
0.16716293648066236
0.18305721392526134
0.19856918736277343
0.19042730950949308
0.20073122167176613
0.19694245873278435
0.21690941029106386
0.2180581572665327
0.19826400791948534
0.19901990202862024
0.2109845124665829
0.20358180408434656
0.1926348036173055
0.1890519298157713
0.20981134534125861
0.2138708472853759
0.22412221756015435
0.2228585291841082
0.1800467413388065
0.17713424465387098
0.17847937351255327
0.18535452727537052
0.19806958053271093
0.17302245611970676
0.14286672216447377
0.17065230607531448
0.1930744120914807
0.17477015731498236
0.18189335189659045
0.1928953359949998
0.24224076929137203
0.23718377686960948
0.23146193655727457
0.22730179001276546
0.23643675417753304
0.24353666928714965
0.2474235744485005
0.24195519027381834
0.24980073484663512
0.23401404394807157
0.20088719430163532
0.2145813513187247
0.20845010671828484
0.20459866375920552
0.18508534609032692
0.19079183185399293
0.22787635379795254
0.2427650855102555
0.23761225397894178
0.21624812037291555
0.19909305784677542
0.23085767159972947
0.2700889334106866
0.2607719888443317
0.21033940555566832
0.20494897059108724
0.2225558085297688
0.21957456015298374
0.1988392231048141
0.2108401299286235
0.23157382882439656
0.23073996780544362
0.219756065392515
0.2213703458873712
0.22802798877313013
0.23768173125317518
0.20326746986306923
0.19909098908794465
0.22731015035593508
0.2636322685076922
0.24671477434054234
0.2535676476685626
0.29816758037970476
0.26898555769386007
0.24623709996878165
0.2336005906549375
0.22098436076822994
0.2234414372063386
0.20324783618630382
0.19791164000060987
0.2302731787541804
0.22936025390492965
0.19479557525188942
0.17630509672149278
0.1839099481160945
0.19439133218044174
0.1900886170352738
0.18354456012915354
0.19618997853398557
0.1854482787714139
0.19388902788384516
0.20700978534784173
0.21218994018331455
0.193024624133594
0.1846012104423027
0.18305819318212332
0.1728653942435112
0.17026984064930803
0.16058530767707188
0.157270779863486
0.14887305914614327
0.14514197061403852
0.13081667195270882
0.11708366780031026
0.13545663489900928
0.128146150813621
0.12832693051693012
0.15338624176416527
0.15092037100511183
0.16341705212522328
0.17427010017341674
0.17665502622968948
0.1634362729780313
0.17055945834877612
0.17059018305490417
0.18411115314211798
0.20174503650942538
0.20518562813927202
0.20668320814770183
0.20602544400337156
0.20004313571191615
0.19888878914721647
0.21711893439883267
0.2503426809756457
0.2496013175287902
0.22989905146059553
0.20202937163641935
0.22410923757735082
0.21898588053553764
0.2325579981121825
0.23006583133589129
0.25008416918913895
0.2755318728052509
0.2833031200389268
0.27764391878673833
0.25899511314505236
0.2108864959879322
0.21811871864299315
0.23016778620791842
0.2201677355511311
0.20634160319834946
0.1815280218618578
0.18023399069331034
0.18032681017703275
0.1637797168954589
0.17880417946492105
0.1883324442634905
0.17157427507170234
0.17380917562398301
0.1870328338282582
0.1653235208572932
0.15160657786636886
0.17500293377978077
0.16322579534759546
0.15810154476759447
0.17555788648884468
0.18997558359979358
0.19047535367143695
0.16323312722636324
0.15415137397346076
0.15202087795221103
0.1543030986353176
0.18264802946301348
0.1797359710799854
0.1783013750560564
0.17788125372490302
0.19991535845472147
0.20142092135031153
0.1910857709223521
0.15803189925931105
0.15040960052454072
0.1604032844687181
0.1394304669723718
0.12964301273734405
0.13414980868631107
0.15517318903726474
0.16566913528000685
0.1588896828758261
0.17292357554801183
0.166693376899339
0.18076684808018204
0.19171167351795473
0.1819555547967407
0.20683045332159436
0.21334100800653333
0.18150525386289765
0.18870258301959472
0.1934529839714088
0.19165488909124778
0.15368863125891863
0.16443817245370929
0.1764581551715561
0.16053528764164246
0.1633105750971907
0.1681638909285523
0.1732443620864679
0.16879782861571602
0.1633080034039326
0.17094510718887224
0.1699235359586023
0.1921225197576788
0.21459637269405213
0.17869025809883074
0.1999933579808294
0.1927579708916609
0.17998909524343687
0.193919533888023
0.16964428457781905
0.18781367177722236
0.220841255416595
0.21493120442129254
0.2145359548579017
0.19697343783698387
0.1847586481255401
0.2153628955665559
0.251765273996007
0.22938906978848234
0.22468507420869863
0.21908440464212933
0.22538788759958964
0.25000532363639394
0.2553512266500905
0.21669554707797664
0.21688583086486654
0.21975551447593966
0.2051537318766948
0.19285359530019966
0.18492292819572587
0.16248352239577657
0.1855296880632199
0.18351787840311934
0.17429677028659704
0.17839508250550837
0.1871722833846017
0.18342474935381595
0.1901326946795674
0.17234521683669266
0.1497622249989094
0.14482751320980078
0.15775744178450826
0.15968384090006502
0.179280368596285
0.18324328003278276
0.170225484770483
0.16533660638806297
0.18397079553540766
0.2210568434721927
0.23179107164201032
0.23097929893100702
0.23427543260002348
0.2293247353350552
0.22428892312146076
0.19546415693064625
0.16990252101386158
0.16701576367918547
0.18707851375242404
0.19619370841867875
0.16888833914043466
0.15898180659487554
0.16352400886573668
0.18323735099827373
0.21722299954003346
0.18838078917606593
0.1860359475434596
0.19884262768530864
0.20900341917556722
0.22244631157898173
0.2215006408827613
0.21303587085020834
0.20669534476037707
0.2020527951905418
0.19246438103504193
0.18311080128402235
0.18766205915791676
0.1919919417041873
0.15534466968312285
0.15551756049767704
0.16782387836336224
0.14736974512970094
0.16853165931359856
0.19653127168371184
0.17007114329302267
0.14955988370294998
0.15597053240509684
0.16646576663965434
0.1775089539105519
0.18730030336109327
0.15529909747311044
0.16398546102731928
0.1848832348669223
0.19348465810746207
0.18820349879906587
0.15912136644617256
0.1819306918022332
0.19975446907648298
0.19899114733710072
0.18707650088575506
0.18887567716927486
0.21108680019847273
0.20380297899202934
0.20202640597170066
0.2041231449629337
0.19706573050032797
0.19505578893180503
0.2294678367885719
0.2479878295183539
0.2374557388087318
0.24370944265467834
0.23067976915212318
0.23193084190839783
0.2568640340990665
0.22654681317558883
0.2105182272767066
0.20656720252953473
0.18242161764228346
0.17100473804804303
0.1901181200134934
0.19645408506586629
0.1771854840748362
0.1893830711353758
0.22086060995171608
0.22337624751128696
0.19116615935660777
0.18191387665822906
0.2122984583446715
0.2149860946158458
0.20763393774170447
0.21807422873907356
0.18976852675259603
0.2037102610091923
0.19205288403652035
0.19322736104391555
0.21132557568674082
0.1848515234035663
0.16443679368931186
0.15972135586831643
0.15239030692441172
0.15390990563789186
0.1716197541851662
0.15050014313290955
0.13356409370817113
0.12960048884825298
0.14782004158617942
0.17465949674516315
0.17234277304242385
0.16414263489667183
0.1800500821305891
0.2058695853019484
0.2085753191705139
0.17436797566371112
0.1676215790587711
0.19140927427663185
0.19637618443832197
0.1859715436640637
0.1888963440040859
0.21470938381831292
0.22337226510781977
0.21857483215930854
0.2110077679146445
0.22007797355785527
0.23146207454384082
0.24876638558202205
0.24692341232774864
0.223280712011982
0.21814981466866165
0.23137766232274168
0.2189983978589332
0.18090106024789346
0.18892619781390663
0.19932917019873786
0.186024513808525
0.1746473376609602
0.16347411298025172
0.15015229016913553
0.1467994164045248
0.15275729655118434
0.19146061623258795
0.19063553152067234
0.19250335120284595
0.19284408324693406
0.19512719631459766
0.17541813423378064
0.16797647304215876
0.2053949419853847
0.2155212590871849
0.19634595327534393
0.16904698247997882
0.17585694060369747
0.1856229591316825
0.19428033175512618
0.17877173075492706
0.17203970618309028
0.18218416216184338
0.18445199782115093
0.19355914567940125
0.21394427680377995
0.19831185337081267
0.17450203760627792
0.20145478336198558
0.20786618720707545
0.19918163122311883
0.19753177210858258
0.20122508607373196
0.20548127094862723
0.19497888480699055
0.20919172873197667
0.2307651676008236
0.22365954722846795
0.19363326563042368
0.20981459089091833
0.21414715096434367
0.2174182705559703
0.20299563511839547
0.1607171181787149
0.1482236148949145
0.14435041468408152
0.1423861981432432
0.18750752434299922
0.20803956861122352
0.174796675764521
0.1571926470660758
0.18274939025551634
0.20768925964347204
0.21053459262823784
0.20449183192084444
0.1967481179061321
0.21386528227848423
0.20449358994853442
0.18830016830090585
0.21621811968411192
0.2266222016856426
0.1998947420649629
0.17090948662375346
0.16087069244588426
0.15235580516268188
0.15279005689320058
0.16945143825912923
0.1746971575058978
0.17209941096897602
0.17203908293559067
0.18734070694618649
0.22137954515039932
0.19838119198666218
0.20229447920997704
0.2296417283480052
0.22711544868374184
0.21140761748263723
0.19070525686922685
0.18065306548887372
0.17657790888161554
0.14358550715039373
0.1287224502175205
0.11826167571513721
0.1330306729629267
0.1636863526707191
0.174363213075913
0.15007371827074759
0.14880147746586647
0.15252446279044513
0.13563596706895412
0.12692789428901535
0.12146444153242417
0.12842826771881008
0.13214436831049753
0.14701466225676454
0.1438729401056642
0.15100416421830537
0.18223756847749062
0.18705859361551316
0.2040358870185893
0.19802109035087606
0.20316784112369324
0.21499129580159013
0.19577500327789213
0.1576842338803446
0.17762657803457282
0.18192801366988773
0.1857530845786788
0.16794041510285962
0.1497757138039322
0.1374230136271153
0.12651060195757846
0.14804453386739636
0.14958483747316426
0.13899300770563136
0.1297058007510783
0.14107139480778602
0.1482080802667167
0.1681907668776706
0.1584591101880153
0.1461911717961145
0.1322531629185216
0.12994899797554488
0.1301852338834851
0.16611302528943017
0.16645932615885536
0.17145186977669
0.16848975656151302
0.15944411230184055
0.19280224794242132
0.20528238866692988
0.19771005644703327
0.17061827008305136
0.17400566443289747
0.1890315539189158
0.18901109969310467
0.1603169215431795
0.15075031533421057
0.14856404967869097
0.14934883559205145
0.15811092882360606
0.1630918260023667
0.15476169076206764
0.18733631750560104
0.17603507342744606
0.17083730273355946
0.15448870764211878
0.1463607898250908
0.15391914594203587
0.15966262945698997
0.1762677512131428
0.15699595908270478
0.16582346132902276
0.1744834950984941
0.15972013589676728
0.16223472811127942
0.15259737501321255
0.15326267869502477
0.178548933690449
0.17369488098546138
0.15312972040269507
0.16022412378452927
0.17352049063359473
0.14876360245304807
0.16773589055367596
0.1903438618295406
0.17506470326997392
0.190622564892319
0.201999861833994
0.18357914179475124
0.1814869761963685
0.1713900047745503
0.17881946675670315
0.1791726834658054
0.15549390276360442
0.17617104930621416
0.15931736234972596
0.13345162417934894
0.12403691016839768
0.12824995583814655
0.1663823722688922
0.1679513189197978
0.16531629166542436
0.1655104319141765
0.1746335732020227
0.16773729157870784
0.17678699810045628
0.16002847556505373
0.17608832723557016
0.1793219670067931
0.17269011688286304
0.18386367380398655
0.16682554341521513
0.18271364675273422
0.20222206100583126
0.22062586905870205
0.23806271598842005
0.2181336308558033
0.18732247180421277
0.1730683639196812
0.18979096599342665
0.17584208764751058
0.17904520196960308
0.17477091970903755
0.2044146401842698
0.2032441676588346
0.2214780793091367
0.2399527588600882
0.23430207164402853
0.21599959660166668
0.19110781934403318
0.199735724385057
0.17163801921444383
0.16734908402198242
0.1798693865173741
0.19079247474740788
0.2144064224398222
0.22400379613029023
0.21659446167899
0.2215486737404305
0.22505279161019914
0.21881710278969166
0.23490700798911976
0.22245850457898764
0.19235088040249915
0.19127420567757164
0.18987291068242326
0.18680914023404754
0.15926112303482165
0.14552238269345813
0.15974825411277707
0.174466859308665
0.18122544177494632
0.17662707326300414
0.15827889751976842
0.14409346057423691
0.13641223746556627
0.162060055750519
0.16010888707261967
0.12976826929853894
0.1434632848435664
0.16277735936920368
0.17541553480124084
0.16116995102366197
0.16588568647720922
0.19674174697354868
0.20098470199745064
0.1911532255704106
0.16146279974108863
0.14471061506239458
0.13836382087193017
0.15818302872156728
0.17232225997005382
0.1711312463083479
0.17267976481509997
0.1671276219664633
0.17852385595499037
0.19962403917052302
0.19998665906831745
0.1887697342119582
0.1614265032459259
0.14746044242356734
0.14880041555315845
0.14288712737690296
0.13056825497799077
0.13981768819581708
0.15099429210204773
0.15508554149476234
0.1624678242726964
0.1681071105144937
0.15507389260634719
0.1571108971072634
0.15803119513872654
0.14531902478528286
0.15049325329638374
0.14874989485508955
0.1592331747492737
0.17385393351365164
0.1599748945111983
0.15252748242758143
0.14167544715645472
0.13850224291519475
0.1518660339972382
0.15943126647659128
0.14082263426509922
0.1399676869433826
0.17007943068704498
0.15431106623939866
0.1438465434002777
0.14797902148727313
0.16549807383434945
0.18517357472613605
0.21197294892576224
0.20350878278569198
0.20447772251769133
0.19042716426668557
0.1678454239606755
0.17109430432910067
0.17572438921282355
0.15682914046970756
0.16556916703892996
0.1526687509131759
0.14348946940370028
0.14054019865856685
0.1505408950409685
0.1684133899490531
0.16752055502072574
0.16300730940664315
0.1538052648634622
0.15055021295671314
0.14517342059800917
0.15652215369370975
0.1674391585975549
0.1498518840073695
0.16324517062623214
0.1740214037964137
0.17233259879455923
0.15629458123049603
0.15590829943742213
0.1513096217287559
0.14358574054315187
0.13225789515151803
0.12665681351926353
0.1378724007687474
0.13215042967534202
0.11129386777641384
0.1301159451311758
0.1544931441518113
0.1360598878518848
0.1281907350320036
0.13993962996148743
0.15216071170393983
0.14365102482009082
0.1533822201699794
0.1554573617886496
0.16487892007206145
0.15302615937233227
0.14299398078162895
0.17146144922913195
0.17934257433678608
0.16614032236757645
0.1649895645367335
0.16282298772102308
0.18107205929852596
0.17113195303622933
0.13900288003683356
0.15446630827853214
0.16659921437526767
0.16045848138220728
0.1365613210666513
0.14705781706160648
0.17370479774283012
0.15863137482763504
0.15836408155909953
0.16549320123023167
0.15252480110836242
0.1520253458454703
0.15769446355570058
0.16809429784563384
0.15079615606241106
0.13259237897227152
0.1421978260818087
0.16924064864462796
0.18434623164150393
0.19923653565457713
0.1833297573483154
0.1444039031082933
0.1631474701859553
0.18031036869324898
0.1791787299234486
0.15425896349179777
0.12253451201939279
0.14419652869052216
0.16085563361659685
0.17249481414937984
0.18463764990389758
0.16901056089694344
0.1307839493962885
0.14181641422422916
0.17876910154932937
0.1797704575351053
0.15134172474578278
0.1448201158891228
0.16763384979118678
0.21515392485048002
0.2418548620725877
0.22314348348442853
0.2158358014394234
0.210785731824322
0.23320482220796518
0.23853730373508222
0.21833244223049733
0.20035125002709608
0.2013667409546843
0.20174695355188896
0.21325714235506765
0.20293416316802743
0.16194208814963154
0.1474477665806181
0.16064997477742016
0.14262363537650463
0.12742313084487678
0.12778162467023843
0.1608560348789112
0.16879363285214052
0.14726762982417174
0.15162027056513383
0.17661257685163462
0.16747079000928322
0.1563922757181534
0.1615662445389013
0.17489921157382726
0.19124509800863876
0.18491940213307756
0.20072414183993115
0.23527548250972355
0.22464401084516927
0.20578326250987228
0.19499797003268254
0.23144415489252895
0.24097792700962273
0.20862069522153384
0.21109533847459513
0.21098947091415154
0.19770108823702148
0.1966497879246441
0.21298304443855764
0.2125299590604025
0.17680341223794085
0.15600957900169787
0.15469775852808113
0.17128064227004883
0.17549259863540173
0.19090968825536228
0.19674680585595417
0.19143862707757597
0.19781187179414836
0.20264628052253428
0.2000920078425493
0.2101033703260398
0.22548959179646022
0.21023777357382867
0.18798958441463914
0.191020898167211
0.20988059030718137
0.1844427827991292
0.18226799146158956
0.20322618484399407
0.18222754657620827
0.20405523257866753
0.20768176407538436
0.2005719067361255
0.19492076853714527
0.16170004447569972
0.1657360108898174
0.16957334000050486
0.14647045692881672
0.14951797593494862
0.1625416132076764
0.17356306804913363
0.16668764745092857
0.16746608003800367
0.14822136470997793
0.1681174695877989
0.16935832782860546
0.16799888218687778
0.1654608335161493
0.17678062442353432
0.17707591451218416
0.1813150883190473
0.17521085127851094
0.1632694211099853
0.1774656269012671
0.1803723713618621
0.1623179066408681
0.16520047479302283
0.17051342150887958
0.16776650763415285
0.18275310925099753
0.1813976825513578
0.1762136188793404
0.1921933313377323
0.1818844336502201
0.18533608584386826
0.18801235670326844
0.17834589751254284
0.1655998242077984
0.1797451633336293
0.22790165906926105
0.21237220202575802
0.2076472966029989
0.2156484375420898
0.22330664218106594
0.24103357225512775
0.22562067252456489
0.2020010856445911
0.18240745240403242
0.17833747778220632
0.18257684031201707
0.18485633647632013
0.17301413464496734
0.16332074727407464
0.16884963763797567
0.1630543098354919
0.18898917098233584
0.20113407271475303
0.21207459073954943
0.2042454747930934
0.203660156887031
0.19738290527831523
0.19107375881052868
0.19373848759829887
0.20318104328714198
0.20887581433467226
0.21906879282884734
0.2228634851164868
0.2345212164704056
0.22439808421491
0.2053109339822535
0.2123602932282796
0.19554050050860572
0.17168250128768697
0.18981954267060133
0.22238006928158577
0.18494724797026665
0.16887017737504853
0.17340364796259175
0.16456874439268768
0.16228604591262594
0.18649220036677205
0.1868653220512673
0.19089795870078155
0.16888735303311875
0.17496546395597615
0.178242054591371
0.16606215325446125
0.1923438029879992
0.2106416593744004
0.2299765632874629
0.2113864560988749
0.18418682039478707
0.20442845655369596
0.23066806361201536
0.1912195790652288
0.20669798559057642
0.22226582150025034
0.21405041508465114
0.2044704102598639
0.203806086371951
0.18950501420609772
0.1567039245396798
0.15517166481006175
0.1799541827308355
0.17846451322538465
0.18022690964762988
0.15238819028325867
0.14729979010273198
0.15620681423213412
0.15442201179278178
0.14899327418151917
0.1379672378880461
0.13580467001704713
0.166776549964479
0.1529891760828852
0.14218740807863636
0.13989215494286295
0.15485842340667205
0.16146611870268968
0.14949760843275933
0.155740240189757
0.16240809580434803
0.1479634578981775
0.13522028474047126
0.13423419859179686
0.12969282076688327
0.1390238656267131
0.15528968491024675
0.1631859033840212
0.15764651498969687
0.1402541378402138
0.1453013962107274
0.16638984953855118
0.15703472973733137
0.16320787684223262
0.14669260093563521
0.15227806791325368
0.17179776861466414
0.15923559088144026
0.14083959852577443
0.1667568057389249
0.17901248092659516
0.17027699349699735
0.1747249651333926
0.20907544120062166
0.21773318952146703
0.2009366099502482
0.19036566657944085
0.2321737806393672
0.22694347924754968
0.20918264297769323
0.1989501336075352
0.20526611827896973
0.19241898226939166
0.18521070340056114
0.18219314155272237
0.20866942830700927
0.212353810620045
0.20441877556120494
0.1896747553007445
0.22580409984909536
0.25319155254368403
0.2460662372354201
0.22589800579819533
0.22449468109361825
0.23082716442466727
0.22977822624912342
0.26100044260230965
0.24383612644530692
0.2000344207927661
0.187873399440634
0.19555065854980017
0.203071346838071
0.21725598675203256
0.21191811925661921
0.21155621657468865
0.20439067411179968
0.19544333799405403
0.20585439717388232
0.2078360185200341
0.2072127889988301
0.22652035106936627
0.24458081367356482
0.23778957934298478
0.21146811212630362
0.19617181116272728
0.22833408709361655
0.2425733674225188
0.23277132198114808
0.20435915903064944
0.2015517204626729
0.22314655374786327
0.21056156856220584
0.20048034362848796
0.2076698426196271
0.21043819286539972
0.17866219106954312
0.1730711941738162
0.1737255489407725
0.20448033003871058
0.18149242040059618
0.1936105779547855
0.21479985711970687
0.21616067845162204
0.2157362996985542
0.2149958547207082
0.22133851302641674
0.23310543080051815
0.2282746771829787
0.22193945834590365
0.19645866465100056
0.20832591801252373
0.2383250688076784
0.22860573463341574
0.2361335720772335
0.22552809344728758
0.22369277608075355
0.24955095733702073
0.23675645589135105
0.24052998502913414
0.24250428158700857
0.237367800192238
0.2191150840517002
0.20932419292661228
0.25086344819309253
0.2468700390324666
0.23210702258026086
0.2294646827355155
0.22817114104194333
0.21930863943968762
0.20992325175269988
0.19334664315268008
0.19068094894423307
0.20833403224561745
0.2072247229819563
0.18628896473429313
0.19859578682513682
0.2332953218414176
0.23404097364855936
0.24714664213348558
0.2500640945279475
0.22675393596319685
0.22260658725020202
0.22078626198561813
0.2318936485851638
0.2718439037484612
0.2454165880373859
0.234221423744285
0.24146920728251503
0.26218976013591583
0.2806569158266348
0.24532969273329527
0.22869962260273546
0.2404900257059345
0.24926068471832472
0.23186820237592368
0.23278608594371805
0.2391850682405889
0.22624659518109372
0.23265019347830054
0.23046716188939664
0.21576061823875808
0.19192799704159874
0.20085632092270436
0.22140167318289272
0.22804418903948287
0.2557521812506747
0.25747781089749316
0.23471146709089652
0.22607940631263534
0.23382911895689534
0.187349923686531
0.17073510575352582
0.16369112463647545
0.17095242197267357
0.16889263980829103
0.13169824138831
0.14868111550171578
0.15443040209675882
0.13780308945062555
0.12959994551244272
0.1256171150861906
0.148934078977276
0.15202722945533106
0.15400324207403532
0.15959979006781308
0.16811839430645256
0.20190818814722253
0.19662612096644316
0.21258657294613234
0.2240924423059732
0.21319028474331206
0.20670569351518384
0.2191485793788091
0.21245723259979712
0.2178669573324036
0.22041697114901862
0.19176916235137798
0.20473131181142906
0.22058441119594432
0.22177871828357654
0.19512644260193834
0.19556638319041153
0.19392040645226663
0.18185542391371273
0.21171794590356285
0.2196653179154977
0.21467710842730525
0.20733671979898166
0.19172907849311857
0.19661876143881335
0.24840962882318035
0.27309054399279015
0.2493281600397512
0.24506257570650278
0.29117444691186145
0.2868843786854479
0.270368589765274
0.254941548427653
0.22963788607809
0.2323318690238129
0.2209195080986416
0.21416333448808844
0.1952645303903307
0.18024399531789603
0.15934137818155047
0.16438168241127424
0.1805996570091008
0.1706083227060422
0.18269154567554413
0.21009717696568825
0.20206998769522722
0.19858017203803005
0.17321233863457958
0.18470914459632543
0.20624213977517208
0.17877468980775393
0.15793011982728422
0.16358813380615833
0.18865377093071417
0.20417079411719094
0.21382007832688787
0.20020698345209706
0.20287499843389087
0.19186607860964272
0.20344618776821455
0.19158606346848822
0.19195391716917967
0.192945565367858
0.16057990538948558
0.16375909653315296
0.1836730760087946
0.21645423478385134
0.22739780161883624
0.20396694175498084
0.23456208212705998
0.25360872735344336
0.2276551413724496
0.22677066003706992
0.21791084932088403
0.2071061472588365
0.20759316127856978
0.17428883535958037
0.1549952210994531
0.17663318742396183
0.17094220235974297
0.17483226921513698
0.1480999022215508
0.15151192892097837
0.14220702358246426
0.15304953048515954
0.1753328825006398
0.1726991688549756
0.19442475359984093
0.19232385597548365
0.18211499748393056
0.1654609709894956
0.15819643545797937
0.17805863469820213
0.19079817084686357
0.1851285862783775
0.19264090074488127
0.23241543932164793
0.2734610658326371
0.286875295559162
0.2984692997590145
0.2981310178660558
0.263828467994961
0.23715858453640284
0.22470747722126827
0.21884905650878114
0.20322894219512386
0.19403099861868245
0.20826727915777013
0.23257126839948322
0.21984751614720804
0.1910662874256346
0.22179954727272966
0.265286730107381
0.2348214105607776
0.22290552210545314
0.24841501370324656
0.2139223837074962
0.200830458771625
0.18364302326227544
0.1593993228406868
0.19431978909031092
0.17821617740877316
0.17322147784079933
0.1516668759982181
0.1599920589602785
0.18453556431957688
0.17085685415435126
0.19149711261223232
0.219325068588381
0.2494629034073656
0.2314114538947332
0.20709467219167535
0.1894145253775861
0.18684324143787484
0.1985393430362499
0.1938696774262478
0.17354642420270863
0.1738269937008369
0.1716214106067417
0.17723157367630216
0.17548352277605386
0.20127269318437296
0.21103050977680907
0.19266946477061245
0.20574633657571317
0.2151320790548498
0.21094201759792267
0.2222342279821656
0.23963114686800854
0.2555539182486165
0.23893182437138108
0.2524294270224744
0.26663852158373497
0.23890888459581114
0.20953366525400868
0.2011534021311447
0.23947327709582691
0.2284620376816172
0.2039696990042034
0.18448497457794674
0.19782440927258502
0.20193097556972117
0.21141082409065473
0.22687643713368233
0.1922619399291573
0.16820155902778688
0.17736666584407532
0.19234115506396415
0.18762300705559065
0.15944290645168735
0.15252681328362877
0.1608606227283542
0.19062711234451868
0.20675367929797236
0.19898229196790587
0.2014181047992196
0.20212615866959466
0.18713574715970274
0.18663927181308163
0.19476048024482168
0.19136692945925507
0.19516818523259555
0.19006191189938493
0.19280547836915252
0.19901758735039618
0.1956449964241144
0.21655445553301075
0.23729909917365338
0.22136035102111998
0.1839701453180516
0.1599684628481948
0.17814448522394863
0.21686453837975653
0.22184646693233698
0.20188136602597748
0.19465936379347423
0.2210835806887711
0.21820059781736775
0.19011787378900716
0.20014843532477522
0.2423124716896332
0.27144050218676063
0.28016964635507424
0.26167095874499113
0.21471627964100723
0.2122855278588558
0.22530081131048113
0.24188172561419588
0.23520470066858115
0.22457558692131163
0.21933734288659548
0.22680172520946443
0.21573469316555988
0.1930808581400137
0.16561202419238766
0.18810862793282446
0.2078654469943747
0.2218385839319516
0.21917773844512017
0.22238138823942485
0.21164952533407078
0.2005855137029246
0.2108876891862637
0.24490133256881869
0.2564061118242034
0.252967507924287
0.22605845846831027
0.1949070229016968
0.1763311462664753
0.20620997379821032
0.20011344360292557
0.18894583845316282
0.172713344855261
0.18387699804739158
0.19597340768787652
0.19177056577086227
0.1549850317113042
0.15321997667884585
0.1696918558972278
0.14968345067385938
0.15460205268511332
0.16597376903756106
0.16590021046576153
0.17772027670337273
0.18522964389785576
0.21252269542035468
0.19414511463002362
0.17708665065639786
0.1847182853896802
0.17730816447593836
0.17208851549078655
0.16200376187003787
0.17918535992384013
0.17741044773774442
0.15553946026130944
0.16621175344238304
0.1581866397116717
0.1343669380916263
0.16923135445412338
0.16589682383763932
0.17683575667852597
0.173123985709442
0.16244942249512362
0.16602845897738516
0.17342120318940588
0.17657945095522698
0.1760110980419144
0.18639400698416636
0.20262526367740863
0.17062923034278563
0.15266437688169004
0.17808745760712075
0.19160880646410916
0.17520890971406078
0.1508466958554252
0.1530340205728492
0.1744193369905552
0.14762832889266514
0.14887773368010074
0.16199994389001807
0.16412169397668838
0.18674017626425576
0.21106753226247738
0.19688363616902518
0.1809812293237432
0.17592305455253324
0.18677358284867993
0.1880578426069012
0.1944221257404219
0.2187829063747421
0.21570297025962776
0.19900275344061424
0.20558825959125754
0.1837903583071861
0.158482614541679
0.16086615160968185
0.16836385153490904
0.16874879800967377
0.17610443031025505
0.20009228349668295
0.20032174177278936
0.18901419131089398
0.19995327602494634
0.19145716677282854
0.16177924835935156
0.16735924380415124
0.19721273767269937
0.20021397603189453
0.1770703687324811
0.17201158939656028
0.17341845504836778
0.1699486695930493
0.19807696439951636
0.19878226542827335
0.16502028193401805
0.18281956249095108
0.16178647433930504
0.1580782170329114
0.1762829208994012
0.1546267561490298
0.14069672434276662
0.1542841862205169
0.1700591476178857
0.1717788589434966
0.20916706669008567
0.2080985121779708
0.2134326383679301
0.208645656879751
0.21060891127928694
0.21304680485889868
0.19862435090821864
0.1709706413959529
0.19192556668293473
0.17049776927803761
0.19089212374634737
0.2116932479296949
0.22273386584434174
0.21257072454729128
0.20948038625304846
0.18455883164471812
0.20811363019151227
0.200169561817214
0.1894187264757752
0.20629190646241272
0.18916402509284172
0.1940881138605513
0.218086575141507
0.2358596696635572
0.24184661738155866
0.2442540977935157
0.19754172097471762
0.18172571096242068
0.19654523101421095
0.16778124263066652
0.1698352955206418
0.15010451108533596
0.1568077087309351
0.16626534799959844
0.1643527597175859
0.15335085823001454
0.15681497122482901
0.16852522490371932
0.19237296259952893
0.18282050714578987
0.16992270524001882
0.17899934541415302
0.16779948673947256
0.18551172069059338
0.18112641454768708
0.19072854059840408
0.16127686240029143
0.13185049250007072
0.1357244835009299
0.14738878728615756
0.15116517419642414
0.15064009167235465
0.15352496298841498
0.16333400113481167
0.16420469432274443
0.16774545502819835
0.1827946202472506
0.19160383077077223
0.1883848629823066
0.17255677789383597
0.17688124027690855
0.17279769253591046
0.17689665135910373
0.1764678777851836
0.15822982267722616
0.15682579860678952
0.16973271617934926
0.1688470758784118
0.1658676930374883
0.18848724373904963
0.18073134117238265
0.18568695475934463
0.1557814045928208
0.1539881141222466
0.1726853368341578
0.1789469712767296
0.15933433613608872
0.1491594430406172
0.14315119283028827
0.1283754500806988
0.11692546879393405
0.12903000260812494
0.18659445967871383
0.15872295493604172
0.14517907147651152
0.13165019156433264
0.12752490038761066
0.13959300095239036
0.13311695546562605
0.15491648001225988
0.1582246183346841
0.1342243415085863
0.15141167649782797
0.13683454216311938
0.13863324038668443
0.1401263446889002
0.11988898188153103
0.11174065574491165
0.11218104710558198
0.1063313370870642
0.13222956213699788
0.1366267994199995
0.13665409411643115
0.14052408130773766
0.13819378632850254
0.1814750104132663
0.1819451247920174
0.18312970862436767
0.20370509376825202
0.2161021468480673
0.22927952769455728
0.22167717332649275
0.20013261498264331
0.20573192610176488
0.21076853484327723
0.23381559534530844
0.22794363013219468
0.20457120703532405
0.19383614452894415
0.19569375543897494
0.17403017286110536
0.1596264473050936
0.1594700840097267
0.17246722831925115
0.18036302098658957
0.18979502568192128
0.1966366850537951
0.20805945306673448
0.19833271859860327
0.178364208954159
0.1626525387109865
0.18152486110762964
0.19233549852858778
0.18779395877210814
0.16914638099572676
0.15967011305327675
0.16805549016028823
0.1919994757551543
0.18945090850825766
0.1756135207258447
0.17112879911843723
0.14270602706803823
0.12305438978749422
0.1194761419233232
0.12674539348128996
0.1244953437885629
0.15155561031747036
0.18603998584984285
0.19017489081040925
0.16477539347157924
0.17444629440272716
0.19092189224757738
0.15914561103158875
0.15271123373163026
0.18743335464761102
0.1829724594995545
0.16678724529745778
0.1660401839197899
0.1757942159711399
0.1905954589685411
0.20641644787846006
0.17644018074646303
0.17813896872080046
0.17369879197901944
0.16792107290410133
0.1639982199654723
0.1621029762585336
0.17838086396429864
0.1996545332117209
0.1962570676562436
0.16936252752362546
0.18248625777029653
0.21321350932644736
0.22046121110766703
0.22471307362067355
0.22943472505187207
0.23255499501639684
0.22474042199353703
0.19063701319595008
0.17418731655566883
0.1857604160493305
0.15989178470869142
0.1447728020688216
0.14620306083064338
0.1633661668541814
0.1727518324502601
0.17842682816707123
0.19890982642976213
0.19947035942351313
0.1978093505747512
0.19189708538666753
0.19061509169359797
0.19109816170711846
0.18868733457398096
0.1807537946967608
0.17965685895872158
0.184945633695433
0.18069550681724098
0.18866731169901482
0.1842783078615892
0.1782201074984828
0.15730495421998295
0.18028928787218512
0.17608440140557396
0.16980460927824015
0.20251303134277276
0.19107603760106948
0.19758985202743434
0.19722380879335388
0.18947459142501588
0.2211729687642221
0.24709608613712303
0.25776334864065836
0.2684383767642693
0.26925312159188103
0.25773644082463054
0.2282876655057199
0.22284984444492412
0.23238149260413477
0.23236552332002403
0.20242740181653346
0.18875545207784278
0.2010335602912352
0.19635903522735793
0.18478893111801867
0.1727302913183627
0.19489269473406573
0.20833437372210029
0.17770913961315205
0.1715031886164613
0.17295376346087019
0.185898984152218
0.199794402889093
0.1881805083577166
0.176153857306265
0.17562225278667684
0.1835633545650325
0.1645514003965409
0.1725804531595672
0.17216051984456018
0.149478075437523
0.15166594691496785
0.14765722147484708
0.16430864443880905
0.1670941128167481
0.1655543404156779
0.1869057407040874
0.183800417064014
0.17904624034663713
0.18071043857931357
0.15644181267312784
0.15427441580972107
0.17916364849915495
0.1655810594153073
0.14490778498279605
0.14495212985470007
0.1742018536574542
0.16683960044246274
0.1846467555566567
0.18314293419714733
0.17457730450332146
0.16798742633837307
0.19884487808353504
0.2234062960837148
0.20189726912046438
0.19755560430155703
0.20189932873801242
0.19244185085380194
0.18866471598512607
0.192460954750815
0.18828816712820404
0.20849484817978559
0.23068949698585617
0.2256845109459363
0.1869341392590024
0.19187965725024744
0.2037268453652529
0.20326529610208044
0.19749362688562247
0.2211875582765258
0.21005328105608476
0.19991768385701944
0.175845367696477
0.1611192032339127
0.17229303516807773
0.18401482762258548
0.1911665997074362
0.17060074063885003
0.16651285221715495
0.170432616196739
0.14756494857169994
0.13128981493513012
0.13139562770373192
0.1453524095166276
0.1583430604151177
0.1686372593107109
0.15344850376453656
0.14927614275664688
0.18323705492313536
0.20796719355985388
0.23501940216307593
0.209723574448281
0.18192377848730895
0.18810724740143178
0.18565785557889336
0.19164852589004122
0.2198807457760583
0.22067551272989192
0.20339281106552634
0.18676368479121339
0.17537998766987342
0.17444019854246562
0.19755755879592196
0.18811676056882165
0.17690726990455946
0.1788644496534067
0.18630077636816372
0.18553543278979695
0.18873000633380446
0.15884855525656996
0.15737587517156787
0.15425176925942394
0.14151126370238773
0.1738943868155938
0.17341474193329945
0.17332453632948822
0.19300004998053755
0.15720324491709972
0.14751975132112247
0.15020378973467413
0.14370414105964635
0.14533604861380273
0.16259710031906482
0.17592389125340901
0.17430242832994666
0.17620158485525847
0.19229571590447575
0.19249595180961634
0.18822759438909178
0.1695262271789594
0.1744732059177736
0.18526439532979597
0.18937614994324536
0.17990943345302968
0.17905032788117503
0.2061045502562175
0.17935568497155868
0.18983704915241661
0.20895731729436243
0.1953989354911764
0.19993700798135466
0.21495588786352288
0.24754684813235062
0.2586032746881455
0.250533540593897
0.24347513742732754
0.22231983792921914
0.2182462790955647
0.2687063956933659
0.28202799310845234
0.24709715466100418
0.22563999970541898
0.25175140209021357
0.28595938185237973
0.2786225695172663
0.2680768188756368
0.24152540460937333
0.22179789555814147
0.20180217063239617
0.21793454879004812
0.226653260682934
0.2234327410069337
0.24081120779296308
0.21507659846048255
0.18242153074598833
0.18405410924557444
0.18521906512725406
0.18817867169378577
0.16211242010097868
0.15347111626529336
0.15958744642425327
0.14127083866968043
0.1477652797181144
0.14999158928091683
0.16626638695064386
0.20134866294339962
0.1907195128454992
0.18826844739999002
0.19306490789593933
0.18188095407904434
0.191295634974858
0.18119872849868288
0.15563658907544645
0.18083773448273927
0.19397068928546504
0.19825094773301083
0.20424318004399455
0.20511214193661642
0.2178881894120559
0.20436335566017733
0.1857223297404452
0.19202825657593206
0.15861897765832333
0.18726830761324004
0.19036476802164312
0.17698418695841264
0.16695526906104574
0.15944720799827647
0.1607519816929892
0.17029174008123343
0.16374177258636788
0.1547719064924878
0.15232428336504225
0.15787906242192634
0.16619820401768812
0.17647926980407422
0.18085538130933398
0.17560358662196607
0.17025571149553367
0.13588674196212322
0.15176735167278693
0.19516203771906432
0.19926077796144911
0.19706317071442742
0.2094683382159694
0.2066463532793892
0.2142303384131208
0.2235183414291969
0.23701771666194624
0.22632853739384032
0.2259256513095964
0.22926357671689518
0.24044086405824788
0.23992267858416935
0.23555100506086699
0.23409665991297238
0.22244192332624627
0.2579609659173274
0.26746084595606023
0.2518223465522474
0.23899613854340704
0.24291516734706933
0.23025611170880847
0.2543444066113709
0.2568302188308893
0.26135619562228424
0.2826957416384125
0.26284001738731283
0.2419653976612365
0.26238188434540044
0.24301788644930733
0.23800741140793633
0.2491385601822298
0.2350337011413331
0.24006759850038328
0.23612021494067098
0.20412289562885833
0.16727044569689198
0.16612495136246816
0.17618732441840654
0.17076570306512928
0.1487055492772886
0.17424455523002755
0.18747718243173006
0.21969159548821673
0.20904589128281167
0.18441170285979866
0.2137780635096922
0.22501270706783805
0.18223835060868068
0.16961706214098451
0.18037440024297632
0.18645706798087025
0.1869565173560092
0.15752789537570422
0.16866667271053576
0.17815844548082033
0.1702519941849919
0.17089071394293476
0.16607120509869946
0.18165733944325282
0.21305633225633733
0.22761472045820247
0.18849919537358098
0.1788264057727728
0.2114881460290163
0.21168160732594782
0.21530284543035483
0.23202397468787284
0.2228885724891605
0.2277636896900674
0.2519824709138624
0.22935067334657036
0.21482785902030602
0.233181931424977
0.23643834759450227
0.24272083409772555
0.2251499196035118
0.19289402492008623
0.1982153183339213
0.20536019273028472
0.18510379035262525
0.18645183310433364
0.18067780264073027
0.18701395595945308
0.2124073399397962
0.21718423975289175
0.19842307178474894
0.18116415256509302
0.18286177848481455
0.18169590152444082
0.21582838316677516
0.20174831219920564
0.17354771501753843
0.17513488441666544
0.18728935345647005
0.20344083972037896
0.20945196314111536
0.19509721345953154
0.18703448792818217
0.1805586256526515
0.18705066753022873
0.19817853857641765
0.17787067681630045
0.1650916996224123
0.14674743420009323
0.1408058411372548
0.15004710789919182
0.14239173883669717
0.1453567781607546
0.14989876071275224
0.14140114016819708
0.14031308537832765
0.15341745817322924
0.14887442023822173
0.15731091707680508
0.170972132524745
0.1874343949434049
0.19102773791140937
0.20026354009108505
0.22508370546568698
0.20853811168656286
0.19960608461988
0.1887916532585108
0.197985011344755
0.19837570002127186
0.20990820812891067
0.17869990263598493
0.1691748374742359
0.16075756470404032
0.1797797794041169
0.18665236555894435
0.17695855469887536
0.16301272424816882
0.16131746502545238
0.16202455337654745
0.17070359344076902
0.16822885658795442
0.16022807337788575
0.19038719413050065
0.19089329936353785
0.1769401917519589
0.16359945905678502
0.15630542431740524
0.17398896750130652
0.16481734432668382
0.15706631172426377
0.14324535654092868
0.15238248217175118
0.1662789387941422
0.1603120511823319
0.17018524779396615
0.18031292097535018
0.17631894920990251
0.1613994780020383
0.154090654932913
0.1438772183211914
0.1445870696809171
0.14335332341478546
0.15583238145971354
0.18562217832534697
0.191889812354178
0.18338654869183776
0.17960440697925925
0.1757762375794606
0.14341704583215759
0.13131965636164278
0.12821854190299767
0.14895817503187125
0.16316847878795332
0.15648687790268345
0.17169156684896542
0.1672502341225962
0.17783897787279293
0.17579133968312
0.18665580162425524
0.1904593539771526
0.19917431008829792
0.18555991539939617
0.16787207594864276
0.17456365167454635
0.16241699465463819
0.15056280761967314
0.17994453427038046
0.1823578424445975
0.1931716689538698
0.21761296518026732
0.2145397334183599
0.1978832595183385
0.1814970594617368
0.19831818842543708
0.18370143123082056
0.18529316372689075
0.19529868071814113
0.2067839121002622
0.19723879133915598
0.1660008538822131
0.15699934557358183
0.16909301657083528
0.16768433105168337
0.1582967036235427
0.11665418917343974
0.10300273959474295
0.12486500380930265
0.12548566799358582
0.12415921428115825
0.12648846542135714
0.13399088402043302
0.15808325021198205
0.16688261905144408
0.17118379976328865
0.1821059661311205
0.17859807187709692
0.18766729816101896
0.14793131132017226
0.1493332347321862
0.20357318866917404
0.2233262416339858
0.21071772103302727
0.15615573558709533
0.1649597003369142
0.15656309932160847
0.146992974832972
0.15967696342154952
0.1712331367959722
0.15984480067107962
0.1524382047697133
0.15659264092589592
0.17080269233152023
0.2196612558438846
0.25997024138457997
0.23612694479843677
0.21545232956329113
0.21140358137211954
0.20772162032752353
