0.0
0.028815670315803187
0.025232551798721588
0.027055012962840064
0.04631257049234688
0.03891725373522413
0.05264195619439705
0.05555420085909622
0.07968757293898855
0.08846975510848881
0.08360018185789213
0.11582485880212773
0.11209670207448688
0.14080266910125722
0.17787352491879077
0.1711653572699096
0.14729834754259075
0.10797105626198614
0.09899485146981205
0.11317924149562843
0.09633597839903459
0.07710884497508422
0.06697373113576059
0.06361986401441769
0.061597422587523466
0.062328970220082755
0.061221201224427306
0.05962371822690731
0.05814160150093288
0.05966829094711727
0.0645831451875137
0.06094631021523312
0.06924535393469856
0.07824998977003285
0.09972023724598796
0.1305913389624
0.12357504777584755
0.14143262867460318
0.1602090803127543
0.19094256941928142
0.2090492781852315
0.19673397818213956
0.1648661443326115
0.14623552895368547
0.13928443464897905
0.14140039378666477
0.1314951806739156
0.11208083562496446
0.10937662834450436
0.09851041153907861
0.08895689145271848
0.08950297528301503
0.09455965831741894
0.08929751529307552
0.08859793045652697
0.08784206990184436
0.08500599389255961
0.08230188430476029
0.09391215334345293
0.1135953793411253
0.11853667991706897
0.1201394724861954
0.1085492870885499
0.11874573633425485
0.12571798807100829
0.13131510796276563
0.14008849921337602
0.1436401891318094
0.13354090640123847
0.13996665912602232
0.16103743635208137
0.15355092990483052
0.14902460464748796
0.14850640745046503
0.13926051907670847
0.1463045808903892
0.1368133121772971
0.12620819822505625
0.1268599831581852
0.13254787536695803
0.1295904672504122
0.11463875889864154
0.11177768792492687
0.10159311424247014
0.11453196475947514
0.12038545186076302
0.10421805687471813
0.10356520380429843
0.08567753282728689
0.07884458536434878
0.0768285745452789
0.0834291553955406
0.09738746616953688
0.08916019672434577
0.08186164478444252
0.08949618643316042
0.11258019047208565
0.125220341540111
0.12269171719430103
0.1235906367128315
0.1377008640684328
0.13802635782057587
0.1395715319617205
0.15394249635525176
0.16357708615147834
0.17992864026351463
0.17309684864577798
0.17032706123042118
0.1556878664781561
0.13356932056879775
0.1332752085165317
0.1168457767674645
0.10616682607966152
0.10322546499758618
0.09180858139035923
0.08613060043431718
0.07459269408180749
0.07970414582442277
0.06950006146162492
0.06213696649822438
0.06431297886684374
0.06003433049580138
0.05741251254829215
0.06296948646693416
0.07196791947943988
0.08260000924441478
0.0897966925508038
0.11430314795440076
0.1257885646448061
0.10728722773183386
0.11859984703511617
0.14333589203826974
0.16329437045510334
0.15623817240002708
0.14708252739557567
0.16361366163483568
0.1456296377228291
0.13815639365390514
0.12439898822056687
0.09055183591565984
0.07176716211042025
0.06335382372432023
0.06932260979380629
0.05237523342270492
0.03787618870770672
0.03695234958477076
0.035097251407401296
0.03570710428623859
0.037748877043775615
0.04371385994326256
0.04774514456592302
0.04511021370765304
0.04898663933441957
0.05244255149260716
0.074040727028225
0.085604786047691
0.08542360365378102
0.10728598685453349
0.12772346139182572
0.13464361103991393
0.13544643933052875
0.11093811912557233
0.11552986258775388
0.0994666062730521
0.08880891500288204
0.0928103274667544
0.07269177987183253
0.06301410230968842
0.0616816937798326
0.06488816358899267
0.06533588123940587
0.05328842209145994
0.05135050923072343
0.051556200119919966
0.05952011495047662
0.07040828527738005
0.06582761427109
0.07837463367316833
0.07435114491415543
0.07198432911516335
0.08458517688841707
0.08450356697580522
0.08945132513474686
0.11189248999582825
0.12961364915504908
0.1310406765415963
0.1432800171986122
0.16400525703303262
0.17921002008270512
0.16333898210046496
0.15481339512148415
0.15566661034358634
0.167633898133831
0.1773521124779355
0.15102615436443942
0.12488434716142699
0.13090123606789525
0.12284093276686595
0.12069250047196162
0.10456940857635276
0.09124318231209805
0.09709874347785977
0.08163642918104591
0.08162629523411173
0.08685605504099848
0.0954941884818134
0.0952703649048183
0.0830517234278496
0.07567023399791865
0.08228486555156662
0.09721381291452105
0.10212825816944854
0.09008536867748591
0.07894400997470448
0.08991285016145874
0.09216073914486947
0.10858840684182369
0.11526895958963963
0.11733198690497723
0.12074055692814954
0.10352837635508898
0.10160327303999117
0.11449190595368643
0.12739924542452266
0.12653803554311316
0.1297811757254521
0.14295712938517258
0.13588055043888753
0.1279968628408274
0.12766320555584054
0.13316785724156105
0.13857424988158767
0.15494893512384073
0.14578202022953995
0.12624740520953312
0.13314270968032965
0.1388338589934589
0.13546771627436802
0.14174133336578634
0.14676397216702913
0.1412982041975661
0.15040303084861417
0.15694632752303317
0.15172605499555725
0.1554794375902177
0.1522049163363823
0.13356565501093814
0.13788075421194212
0.1599879217516444
0.16981962483991922
0.16889967422431304
0.1665513250859064
0.1739600377254524
0.15145563362494732
0.13480189533592027
0.13831493944366693
0.14039313508478213
0.12755432082017845
0.10951389268741896
0.10786264554173279
0.11480763649594333
0.10138736080245657
0.09767033551647936
0.09826179437637944
0.10125453200276187
0.09610207742798668
0.0940490330607125
0.09507953554470651
0.09750946914039206
0.09481840858884753
0.09752234866385073
0.1062322168245472
0.11077370306862815
0.11195560972125916
0.1250250263870486
0.13873143324968062
0.15665374154826284
0.14251726670981335
0.13435471626861492
0.1291843106511597
0.11848335975294644
0.127257878327962
0.13826617998575716
0.1279880478887407
0.11072932653933196
0.0938907137451946
0.11237032861090901
0.11645716161111586
0.10470890972989888
0.09164064791813681
0.08537995715130135
0.09857742205407662
0.10050158957183973
0.08715959134046784
0.09633718948044527
0.1001152619567062
0.08693262657412383
0.0917282474668583
0.0999548880995142
0.10622172797831189
0.1094255988117991
0.09644063928076795
0.10486374664901676
0.10964041835838922
0.12420135592413624
0.13793748554669882
0.12618124049803026
0.1227808197535659
0.12472482831546952
0.11617203620923212
0.09938791212746145
0.10145238443437901
0.11045140791147977
0.10684277088140681
0.09477719612197046
0.08307109750863545
0.09701771771729639
0.10765479039189113
0.11062085017625878
0.11055766548000487
0.09655776397620482
0.09501939558929648
0.08854123566912651
0.09366874464547031
0.09058289724565681
0.08790429613589523
0.08971707493528956
0.09373584814462474
0.09921470321614194
0.09415243460500351
0.10796675506785493
0.10802692728563829
0.1041699874478018
0.10866996445334111
0.11305424624624817
0.11441540481358303
0.11550999502101064
0.11385167774552162
0.10641939134776782
0.10356497135844138
0.11926466127706774
0.1294779356635038
0.12132943925242728
0.12534803998938387
0.13778149904319423
0.13856147187617662
0.1404628022954072
0.1345721774077935
0.13627622833699482
0.12961539821127557
0.13344180520118676
0.15490970383970792
0.1498669292274128
0.1334933613764967
0.12534363560420558
0.12652663694821376
0.11519723362905143
0.11496945484035245
0.12403641224923549
0.14482633407270715
0.13269103785975328
0.11865944330138528
0.12078497450262184
0.11979881546202216
0.1298678119251435
0.14764026965446778
0.15252814179388038
0.13342968337400268
0.1253811061740567
0.10326566709330204
0.10770908910386007
0.1286829515134492
0.12124733954374954
0.10850149289083133
0.09035973740920585
0.09346040732473587
0.10537770466996703
0.0981420295190278
0.09870073258911372
0.10872956822035958
0.10741864378185717
0.0917073048419496
0.08097264051454008
0.08143425144357147
0.07832013726921297
0.06496005823062602
0.07559757182243713
0.08666091570180796
0.07779043826810227
0.08838397217011955
0.09420527064963315
0.08503273891517119
0.08689305625978155
0.10263102914873803
0.09047881055301119
0.0866841197621867
0.10268465636950876
0.1011147384892784
0.1054868706716545
0.1084876518487936
0.11025219483402848
0.1360707970286142
0.1490676026511659
0.13612473780795595
0.11869088746564393
0.1155479593207986
0.12648849087340866
0.1255214692601595
0.11441507703516801
0.10710482991223118
0.11196506620845946
0.09569303781004082
0.10134890035052785
0.110200474292066
0.0892705438162317
0.10136864675396147
0.09467919775691053
0.08538236395202783
0.09859874452944828
0.10356206091703453
0.10909566203611164
0.12210533643514915
0.12622899326000417
0.14074788422316067
0.14553466967997314
0.13869144820417073
0.12483077334043569
0.12755936343391017
0.13551465683552572
0.1363417595480319
0.13847804633625402
0.13237986447292302
0.13866010783911886
0.13821494207412188
0.1306869280111556
0.14087672939608592
0.16170155659857013
0.1779070897275424
0.17337500719386312
0.16465056174028772
0.17652274471375448
0.16658082564527507
0.1606760076126422
0.16096813073702504
0.17690574036075984
0.17343836990110456
0.15317598243384797
0.1458404972672921
0.1520957641476988
0.16813566829646284
0.1822585288970766
0.1840078011705885
0.18807101273657817
0.19389053829939357
0.21028048313414277
0.20759900134862497
0.20902844307589927
0.2088790832422949
0.1952755270739923
0.18799950187129
0.18673639591983116
0.20004629535187618
0.20467122853888758
0.18791414562550876
0.18879208398960426
0.17987098006448846
0.18211050867780848
0.1707145400448281
0.163108142408071
0.16820043002264204
0.17052611274826757
0.17133988369297448
0.1493951562844201
0.14673153315845602
0.1477679732326048
0.13942719444155197
0.13822519985712478
0.1409212843320777
0.14288670100350795
0.14739554202525165
0.1646194378799088
0.16897981132169806
0.16124655495769513
0.15338498144716733
0.16321966235260305
0.1598783025119157
0.16282310010341752
0.17804731388681844
0.20392305466838986
0.211457696981827
0.20096963446045493
0.19953728671227408
0.19921340476505528
0.20242368750545617
0.20685917864514597
0.19984479268681643
0.18749546258012334
0.18251445571997874
0.18097869763097293
0.17190151667278514
0.15511387955637193
0.1506732395006294
0.1582118992966219
0.159064694302627
0.17894714513571158
0.17905283414543272
0.15373341505842342
0.15315172891108036
0.18136029431462716
0.17523756196474602
0.1522080565998277
0.14450592357216863
0.15566906711350895
0.15936423440719527
0.1500639778183097
0.16695264988212394
0.1755401601902258
0.1678319094885559
0.17734905719356997
0.18148445726840284
0.17847347861968535
0.18132536344164027
0.1727104526784793
0.160251052544952
0.15973619900657596
0.16885904280960748
0.16142002050452037
0.14233003266519084
0.1439447275254949
0.14952064964084466
0.15421626698447807
0.14657650708209716
0.1347554771691781
0.14106268855007942
0.12752088490911415
0.12869704343206093
0.13959427241410824
0.14660344578384035
0.15312176098132516
0.1340758256079679
0.1326031104721011
0.15187256502648372
0.13621006149905293
0.14428276749761776
0.16319769834602382
0.1451335384963955
0.1298330963333342
0.1308065277965369
0.13776342035071254
0.1530006471153067
0.16114825009988407
0.156356492440109
0.16671743322595217
0.19022558838108922
0.1833005514558268
0.1658871636651655
0.18397410710846318
0.1853225347341513
0.16503715966677002
0.1481497675748751
0.15479582956847757
0.15305583802047243
0.14852328280637403
0.1462956017689533
0.1605573661980425
0.15526538488967656
0.14441837125110668
0.15947517279556744
0.165236104656509
0.15901743998414167
0.15356249416155074
0.1612923306221904
0.1532566775989604
0.1335937351458362
0.1307201480868191
0.13125950974711595
0.13778339549932983
0.13986756909598988
0.1430152904773833
0.16416161507323757
0.15447125567988046
0.15562731976416666
0.1652338540526787
0.16203172696366883
0.16142680461317266
0.1790387908057403
0.19001636867803212
0.19383301860416116
0.16971952201820228
0.15282414422209914
0.157676360097002
0.16511896385652305
0.146738368199056
0.1299155147692469
0.13491748951871516
0.14002466494111238
0.13759157721172904
0.1297699633417113
0.1264881362774124
0.14307166764011542
0.1385777671253749
0.13112720362249372
0.12453344560087258
0.1279782992541009
0.1198305971866883
0.12689257896045547
0.14596917376032364
0.1714388812839292
0.174627784161867
0.1664206375584116
0.17784135136251847
0.1787562443212696
0.15794636766312126
0.15139533384000162
0.1488365324363908
0.14397235140040984
0.14823788562397028
0.14450751174255658
0.12259306647118472
0.13213907456593582
0.13216011100204308
0.14333663011495992
0.1558962009104066
0.1441689851843006
0.14255145958273374
0.14461490175564315
0.15478396861609658
0.16642043002347598
0.1552425906016869
0.13958054697151326
0.14466362180897469
0.14795046247946508
0.14374173984540076
0.14604373492659117
0.13945270411494556
0.14526633471641778
0.16256318836275258
0.1463422858629193
0.1437405093300897
0.15458719548354344
0.1609382132205039
0.1580715488929913
0.14511762417858154
0.14368496725502816
0.13918188723359637
0.14285724737391312
0.15216248232762822
0.16154603127150904
0.15054590494893424
0.1356254064631468
0.13886403197679975
0.13993947356361558
0.15144964360534344
0.15906300940280008
0.15212538200563677
0.1500838957515011
0.15178550168262323
0.15077546344183068
0.15046866020703648
0.1425134493796212
0.14697145735088687
0.14574493083157403
0.1514590579335616
0.15601379811023275
0.15513593389533253
0.1663134281651938
0.16104628581632902
0.15396559321768738
0.15177853079939913
0.15326594244836425
0.14365058032271408
0.14895072553657565
0.15917609166445823
0.17109874941852396
0.16152261810222518
0.15359862762389812
0.15151462712475378
0.14828555977654848
0.16527757356252054
0.15642536621427894
0.1687059771412748
0.20077427964205954
0.19727707538508757
0.1862204634289859
0.1577645029647725
0.1716052297057312
0.19164533012878665
0.16681358209643404
0.1625293119049138
0.17886602020802908
0.1859153227691693
0.18289820068682583
0.19411569172280976
0.1941890196515128
0.1881703310343052
0.18980702051297235
0.19586102714924375
0.196962779790737
0.19044539772864685
0.20612754559153781
0.20859345712377853
0.21530851466346926
0.218328609950264
0.19876497087164968
0.19855026501412465
0.18850253985567772
0.19563798599773746
0.20442866723871883
0.18840843524689385
0.18980245604688317
0.19176543259756862
0.18448241482162858
0.1806926095747633
0.1697441745050868
0.18559397570073732
0.19066887352904355
0.1671514548092207
0.15525130412214386
0.14668134208277195
0.14140060680673747
0.14498567300713203
0.14581271209093521
0.14502494270605287
0.15516276745204718
0.14085652937957324
0.12691654105715938
0.14748889187447706
0.14278125134050249
0.13184830742119744
0.13058938390841762
0.13902652809928281
0.15729343055691966
0.16279777993658784
0.15591472311060228
0.12892544115359925
0.12245454355027466
0.12819090397212723
0.1299750613557499
0.12137818615809998
0.11306475049921873
0.11909108392701793
0.12393993785911674
0.1157617905428372
0.10739702771326567
0.10608787516345022
0.11264044844494661
0.11572246408053762
0.10299124473819174
0.10969644689050712
0.11072157751484128
0.10892957780604103
0.09949081501691136
0.10029933223876919
0.1250669907049602
0.13313965547130688
0.1278962920294146
0.11274743065966172
0.13097535121541365
0.15446006330442497
0.14568547540529295
0.14647903880207316
0.13367735607851386
0.12081659319888899
0.1302914233897878
0.13549596276209994
0.12589066156146975
0.10976074131743134
0.10973366107752264
0.11725022983992561
0.10752435854491842
0.10057573816358517
0.09903957849593131
0.10853462010580266
0.10772602799944553
0.09269880995500909
0.07816569907133777
0.08739835151701278
0.0836537230592826
0.08032124892198922
0.0858881940892509
0.09125033952065095
0.09774939996869647
0.091768882726838
0.07887294470142017
0.0986155490907302
0.09553171940601662
0.08714555770935127
0.10046839836318368
0.10322372720667647
0.08765662038479724
0.07754658079961231
0.08019547691915246
0.09040244855918717
0.09471197062930727
0.08159968183472958
0.08456846236414496
0.09215726021598611
0.07353856744051473
0.07961056786120219
0.08692587327405034
0.08222802006923123
0.0840561391473566
0.08026068578472073
0.08486893336108758
0.08733430664255398
0.09275189669670916
0.10103225415968417
0.08779902694430454
0.08245669741434353
0.09036727621529195
0.08019958747963976
0.08287711765762422
0.09590608709251898
0.10064877173046842
0.09853747193722748
0.09608517800935196
0.11214689669017014
0.10733204715899815
0.103648229365066
0.1070438996786936
0.11559135347401389
0.12750269611799459
0.10991455909533768
0.09671295906365547
0.09166209087475527
0.10973786638456359
0.11788779680104276
0.10693528815271058
0.10874400350304865
0.11861157759822563
0.12906662782087278
0.1253793374918822
0.11568883812527789
0.12800379235075948
0.14103105611735112
0.1396728943810233
0.1395285148058691
0.14812566592237542
0.12233536408184865
0.11455123551343668
0.1270695913364615
0.11379041700329612
0.11044355255131982
0.11050456974916484
0.11334723751183733
0.11482390809723005
0.1109164715088921
0.12118129930242849
0.12184378727116264
0.1137280769189865
0.12182892010078089
0.12370191233478296
0.11024476167281629
0.11088904933492513
0.11399251092379147
0.11152169728455154
0.11335230957974378
0.1233871848949821
0.12886205626604982
0.12308867519287149
0.11488053379596667
0.11901268787962452
0.12015304376300481
0.11182820933587917
0.11540254770086646
0.12143684975036327
0.12597053795554009
0.13717446210571904
0.1260010551747727
0.11182507881407083
0.13072503962241425
0.13900259111317023
0.13963901857549352
0.1511223197315312
0.1626687625552922
0.17140668392545952
0.16848829504693402
0.16919108518348006
0.1597921271598629
0.1643486038906046
0.1774908590681922
0.1676996164724694
0.14945554371164108
0.1586447296899777
0.17978121508434108
0.19000022926934776
0.17340432195043176
0.17333334294098968
0.1748876624873718
0.15923236580796593
0.15496243441967203
0.16195108456625554
0.14831089096675745
0.15986760156367058
0.14551868414024743
0.14147606267066043
0.15924572754002264
0.14680951926199287
0.13068149728903022
0.13483448771154233
0.13301846137344386
0.14134282315133762
0.15919447092083536
0.15684777488162197
0.15373561190202736
0.17371095640303366
0.20141484884046051
0.17749084994248454
0.17431378803546652
0.18258473767471511
0.17304056567853857
0.1589596461915221
0.1617175851484644
0.15132552834815718
0.14739011019318832
0.1523521652336373
0.15011836535673018
0.15948954253576875
0.15891132212079054
0.1435936753450493
0.14616141456369364
0.16942649276887042
0.1504188581647176
0.1571682369485666
0.16376201878924063
0.14677260216866095
0.1454898294497729
0.142974480850142
0.1419021338026419
0.1367219400258985
0.13996311558894672
0.15242964946898865
0.15270255518173254
0.14937653111192353
0.15298621308106058
0.1414621704672564
0.13888617278843476
0.13796135086507527
0.11633882713118601
0.10202918541368255
0.10044399874163368
0.0978585498088466
0.08799576066326982
0.0900718756475343
0.10343693937678457
0.10645577688536653
0.11614805136342411
0.10139482727850904
0.08343532345706897
0.09994883346090895
0.1163642868040614
0.11597857477735904
0.11057906508705831
0.13251718190039924
0.13408889139830205
0.1284520821112159
0.1521905130412029
0.17095096054135597
0.15894797260830706
0.1468860983834043
0.14891137846985297
0.1584409533832164
0.15090602806939168
0.1637022212841526
0.1623127895612776
0.14111786338408577
0.14195155053669012
0.14747137625845583
0.1330049715233117
0.14271101759430233
0.14553648542963046
0.15414811018544122
0.17795821619312924
0.1787490273944735
0.16047281787468884
0.17049063427567687
0.18410339004022097
0.17657118305944416
0.1714551385468988
0.18257949831416534
0.1812887535660504
0.18072489659121252
0.18143621810398394
0.18844570897835702
0.18551023421240662
0.18341092569268638
0.16756700530678406
0.16901768291469732
0.17149389133290135
0.16958235667780175
0.16510540156302872
0.18512820552763734
0.1797419063965616
0.1618464089568002
0.17312796439543568
0.1864400699664148
0.1723155904836308
0.17842112225346432
0.18237523145408735
0.17123585979313138
0.18496700865900292
0.19633185501923744
0.17756038339914076
0.18838203601186393
0.2000636320254927
0.1888545532800727
0.18538147067764504
0.1688268990170592
0.1605384473538497
0.16551338420968856
0.1647569766196456
0.15641595760565888
0.1450441950930774
0.13813344326239113
0.1581105551958312
0.16826052179925782
0.13997188723362097
0.13588819377104905
0.16433036584833643
0.15545596273637272
0.15504393747500583
0.14884833506438336
0.16570345095124797
0.18515592011191445
0.1677589957071092
0.15631003755029627
0.1712364647523898
0.19047982490952425
0.1709500661915092
0.16002575814038728
0.17109606534163063
0.16383837622495975
0.1339679864631109
0.13197092070633085
0.13308202283937356
0.12926516844214708
0.12684515753560804
0.12535261030569714
0.12401665876711052
0.1272214260104148
0.13028217409117301
0.1336566056849212
0.12861444614237322
0.13893987205682728
0.14922519942085605
0.1519401922492793
0.16110287546686766
0.15708941590352868
0.15089746477520521
0.15024071696041452
0.15489649984823636
0.14677177833257282
0.13883148740150605
0.13145828358474002
0.13515305582733614
0.13033115510669005
0.11774906939701622
0.1183785242953711
0.11222332800299956
0.10486402513502674
0.1044961377504697
0.09540008423889737
0.0948864481161476
0.11024548920544254
0.1092628216694238
0.10819348914547282
0.09095572780410588
0.08509716355098454
0.08256648295375134
0.07835236289541199
0.08800263179943514
0.09674335945621758
0.11208427370052541
0.1190613427078934
0.12300581092726115
0.13139767850947953
0.13948717498132215
0.13104054820274386
0.11432521099256282
0.1300684043500056
0.1259536799187691
0.1142801291020297
0.12323297047521473
0.12221071077452798
0.12501558766776943
0.11952533216657876
0.119331897287546
0.12191488101526819
0.1224199282999595
0.11572418901227095
0.11905288908407378
0.11754074894486204
0.1255298495038888
0.13578422882555866
0.11783791391515826
0.12308928762084455
0.12709320651053366
0.11714920278120673
0.11480088496665543
0.11257906490015836
0.12447846147837043
0.13104722921670575
0.12531519524952606
0.13741815779039757
0.12189589302951347
0.12222061367456517
0.12576028160426164
0.12266417549390646
0.12081035713750035
0.11949273077281349
0.12314683988511042
0.11623967539207154
0.10868969567315377
0.1196980907667646
0.1342962218129073
0.13204134423579666
0.1277790219224031
0.12811303370841126
0.13117717135086282
0.13248901888232514
0.1390571689273683
0.14414307813169128
0.13901541965045
0.12550881291345833
0.1275603785564165
0.12935424241917295
0.12736905006908078
0.13173255561022773
0.13171435958804534
0.11977172326662044
0.1345406636988484
0.14477566901419273
0.1355726222239099
0.13222910545836683
0.1488201255918631
0.15776508565831063
0.15382318682485732
0.15046151238571548
0.16088774287625437
0.15703060647265385
0.15353498012240463
0.16972688209346845
0.19517115908931384
0.194708605819264
0.1908960263137906
0.18754449507013
0.17479626300977036
0.16234232034094026
0.1604635576394884
0.15252372484244006
0.1423849251623171
0.14843775860184438
0.15722094837273082
0.14579035963270043
0.13836900663928722
0.14428150006463933
0.1577684836757075
0.1462323306768575
0.1513639397411003
0.17028397407685428
0.16170059621817284
0.16195376338192394
0.17122614739182399
0.17434634331623514
0.17383130245993714
0.17248606466867294
0.15742381449275478
0.15564371182802636
0.17139152152100207
0.19322626556671854
0.228187044105707
0.23058289609845636
0.19641289548808324
0.19282675840774668
0.21424583965267396
0.19755945017624518
0.19904143117234022
0.2194509224957338
0.22015448475423088
0.18326238944748174
0.18265727578697263
0.2120413298140273
0.21103642236954243
0.21763333511014168
0.21666130596819785
0.20121445641982108
0.1948465032104737
0.1943675467916833
0.18790859019786282
0.17808228556470357
0.18314881660093177
0.19218183881555498
0.18607134470210535
0.19366818603470665
0.2036020345075356
0.22064595134900614
0.22394104237227677
0.19525767757951004
0.18490974543120545
0.20236807620901762
0.19067307233167002
0.16940396981903266
0.18520534001964287
0.19244537630578348
0.16151956782742702
0.1463160295377959
0.14804231961661898
0.1479650688198482
0.14876404622404377
0.13350435657350398
0.15078641943462348
0.15969186311600356
0.15182971222104322
0.14774864877815624
0.1415028967740571
0.1551849685229033
0.14696760881958004
0.13766592595509075
0.1349555796474032
0.1381496318482849
0.14765779762591769
0.13951903617798095
0.16229177025290423
0.1695386270288422
0.15421852838027192
0.1489750435610694
0.13608003057229795
0.14473578296756093
0.14453801385836942
0.13035640254248285
0.13853871837246615
0.13293926127498829
0.1353596769425663
0.15907781916608704
0.16193342630801758
0.144593750277573
0.14273942157967462
0.13622855430815967
0.12803536752215489
0.13832550077120073
0.14426021964300825
0.14437637582784624
0.14149453843499862
0.13809502573903615
0.14082771968480273
0.13340996345416525
0.12486733012268957
0.14277089785614752
0.15046891149174407
0.15038880959920933
0.14514716911835152
0.13960195827938446
0.13641005967147699
0.14451867234361268
0.15009102029312468
0.1284601508354569
0.11646222455082049
0.1175050258759958
0.1273472665112862
0.14246625753336856
0.13153449401286074
0.13904962091194506
0.14729093483130384
0.14849371422432092
0.12927638765106245
0.1083173170480952
0.11130341882763946
0.116961981090454
0.10892090955993722
0.10908033982612843
0.10287042076533885
0.09819241662468825
0.11215498295240836
0.12578414630694829
0.1275918757640943
0.13070590421721145
0.1331895327214107
0.1390965824863942
0.13008095131968497
0.13332290634339233
0.14159401259908352
0.13171570423122858
0.12501365233104747
0.13776110829440932
0.129326784513801
0.125352504651236
0.13562006617354064
0.12094656723046661
0.1204284755265624
0.12185208057547806
0.12097412531524085
0.11427910071195843
0.12381886071234505
0.13033295722170157
0.13359966913556667
0.14935902366785125
0.1645308441803795
0.17024537509381987
0.1740635437093055
0.1681005110559878
0.16605569445957385
0.16742342021704276
0.16137247291693793
0.1509997300030747
0.14121236365180484
0.14830681257781808
0.13342198414321682
0.1313920595120313
0.14108520088495038
0.1442784527638233
0.15821000605417254
0.156188174265577
0.1694585808891115
0.1835881082737382
0.16119497077764416
0.15176683762296242
0.15530412112214603
0.14807119498394902
0.1386830090044816
0.15347169737465235
0.15082738163179044
0.13186224379149172
0.1244805958330743
0.12685604059025324
0.14849209062845423
0.16551588289606572
0.15125870065489666
0.14697882730745393
0.15298289301583512
0.15591192290260183
0.15408210443116618
0.1495042807420581
0.15341080399096718
0.1493557283887296
0.1337158327708202
0.13281714335926847
0.13182995532127828
0.1413345669710356
0.14701205315885754
0.14138822385554067
0.14251770718099468
0.14501846976539612
0.1393561741228507
0.12850092402701827
0.13917873812482764
0.13780466711918135
0.1269285274735023
0.12038480553761047
0.1406070144951501
0.14365104444642796
0.13155484596290243
0.13626528895534426
0.14426451651941477
0.1545708829918499
0.15596343903327503
0.15892700302390494
0.1669393489476124
0.15220804010842026
0.1457837945392268
0.15426288384687054
0.1353032002270809
0.11770944464069902
0.12723342668403662
0.15056070725043857
0.14403350178230998
0.1384081330449289
0.16629614530026662
0.19344652623530592
0.19420142896957718
0.18949328087605732
0.17927700754810136
0.1894478819198512
0.178710854096345
0.14907211510824422
0.15042172651397212
0.14873927277597626
0.15088290050224373
0.14029789570409779
0.1421950277906227
0.17244173778464386
0.19161988508368183
0.2005361687155621
0.1986747698787601
0.2031629042952946
0.1948670087157164
0.1698091597548906
0.15796446856553775
0.15620175306373107
0.15437842218108014
0.14047625037431538
0.12924749432308216
0.13101230284663334
0.13786305839753143
0.13147268504442286
0.135807996427333
0.16825194025821333
0.18033305964596555
0.17386696974305643
0.16396102492060946
0.17711510139861178
0.18287082644632108
0.15408570195959864
0.12625501443598394
0.1105539633053923
0.10681388849969348
0.10773092089405208
0.1273587786901077
0.12352982802353236
0.13607434669245555
0.15334225488443456
0.1259144444233664
0.11498209124174213
0.10746368638704218
0.10807396563073134
0.10836859025496934
0.08914232276709537
0.10069332558589406
0.10483326930030286
0.09501095063619379
0.09499062669629912
0.09087570236297006
0.10622924204447211
0.12277507865635244
0.13059341187463167
0.12320317390785233
0.12379450302365637
0.1340494568048506
0.12067080918669527
0.11038672539569677
0.13064182846028574
0.12583945459660353
0.10655044329574993
0.11552186837377856
0.11399384132995541
0.12585495116845608
0.11521422653879516
0.09737383969545248
0.11209709459709452
0.11900605692288056
0.10907946568199485
0.10158000670639236
0.10969453321728617
0.10570663220059885
0.08399420772457833
0.08397584405659317
0.10197978216315459
0.09075234700022929
0.08380267268442439
0.08728452250799489
0.09189883149801768
0.086066432476771
0.08016310444878558
0.09167248257158092
0.09990307265717238
0.10208701535888035
0.09305961289011479
0.09407227334379932
0.10096881265849714
0.10383807110534729
0.119805264601807
0.11838436420181582
0.14629205793008448
0.15085588822062893
0.15263677544943757
0.1430320214196463
0.13234614175397488
0.12773962145755713
0.11356707746277185
0.12411263995801505
0.12307657594784792
0.10023882564830656
0.09752604514903247
0.1151416895395185
0.12390936297119716
0.12057091562768432
0.13067513805564368
0.14055859459808837
0.12482515816254575
0.11545926481127936
0.12017481005171811
0.12363735619704848
0.11995564282655652
0.11496480513232174
0.13037095222443587
0.12788138621829842
0.1292837678268379
0.12977666301750126
0.12951311684238642
0.1268660878194289
0.11824332764875305
0.11980145649284885
0.12770125073011218
0.1244251846018704
0.13883813427032343
0.14840559620113247
0.12716781931894866
0.11640640898547563
0.11129989973332353
0.11615556922811204
0.10780806586402204
0.11012372703556086
0.11224652566453469
0.10778536543848317
0.11207655332376555
0.11581504441814797
0.12869860022906038
0.14628927950076
0.1584288669158518
0.16535279891887308
0.15845637494766052
0.15033029899622224
0.146830463829731
0.13477610831170217
0.14509253547336265
0.13866694456604256
0.12610136287772677
0.13060141236883577
0.12491250927808233
0.1280480056456794
0.128110707173938
0.12390353354325964
0.1407969625965078
0.1540414613216926
0.15076339822513357
0.13127188703090678
0.12700897478633044
0.11859458019423834
0.13153065646915368
0.13779648981352619
0.1312710840491009
0.14350326921839096
0.13337617534626028
0.13485234766528661
0.14687337963095942
0.1499935403460025
0.1588254635958159
0.13612548783845374
0.1317716268774295
0.14925453044297704
0.14042738982399752
0.13508700808467675
0.1358983977636969
0.14239836254746785
0.13951007716295932
0.12176381262189918
0.11485453978422311
0.12807922659311088
0.1329481352781889
0.14189159551823222
0.1467573308362271
0.14822816685192813
0.1418862283968842
0.14756776418752673
0.14250472170484135
0.14863413726899458
0.16086643574227302
0.15128593590647357
0.15470358486862631
0.14180256939795693
0.14330710681780146
0.1535523707085454
0.1425129940878749
0.12860952758603547
0.13459773541791561
0.13165961228078532
0.14348981114284565
0.13135726516327903
0.12260924376847693
0.12064127422519713
0.12814336207376675
0.12405667239569404
0.12320636577281516
0.11725473311619301
0.1193747675902772
0.11828206803963562
0.11657627161312194
0.11521847271642596
0.11288681056452778
0.12386256681573575
0.13285737586639002
0.1426719572048088
0.1386803003533601
0.14594456643040146
0.14662469574383452
0.13200869291661171
0.1379215638852511
0.13631491888021427
0.13396496036338612
0.12369351976037335
0.11884393144828254
0.1271601250785569
0.12599797776116697
0.12890205705286703
0.1381222250507466
0.1345894823539037
0.11899084516089747
0.11572077793618406
0.1346933470133985
0.14634709105353336
0.15341318497553144
0.15857887284880487
0.14737513781638184
0.15408735595862763
0.15245065401768398
0.14785640557494253
0.13418470714964417
0.13986179428179535
0.1312189311120298
0.12871599733366515
0.14013391528916186
0.1384157182346857
0.14669669645688457
0.14687423226166135
0.1639370387975852
0.1510455282237802
0.14729295161536793
0.1495849648203328
0.14833101397731532
0.13376635697611702
0.13329857239324222
0.12832596738830068
0.13253380795459377
0.13188207709643365
0.12290622471173014
0.12752621417170765
0.12356342799689962
0.11514760979519023
0.1253314758240233
0.12433441711862529
0.12333424097220627
0.12208619255708303
0.12252665247205603
0.1263069899476932
0.11945355968652115
0.13387351017392052
0.13356148050782526
0.11870644137444931
0.11761223135134105
0.13861036662438572
0.15943790568142333
0.1502542884464566
0.14166677228842528
0.14586528357435005
0.1450685460307959
0.15266907092686532
0.14196212418325316
0.14120400232250743
0.14723822178053317
0.15231182121048586
0.15233572365230688
0.15364421663065048
0.14151580588253868
0.14994919011745886
0.14270995741283932
0.13871691736310207
0.15049164581934207
0.15924341080057489
0.15741861431556226
0.1641040562071498
0.16046551428756048
0.15605240123705524
0.17699791508704202
0.16157240571750064
0.16261757136087332
0.17726926201202767
0.176901840700429
0.1665903431118519
0.17331848624747656
0.18847098181278793
0.1839861367650716
0.1759330278245191
0.1694058451953336
0.1572973307060769
0.15756304041771704
0.17050869837320895
0.1711627117619882
0.16693302400513074
0.16656029399916894
0.1705241158849301
0.167904720025709
0.17152330992197826
0.15730813535227536
0.15122750443755428
0.16667580790866146
0.17108341567456123
0.15409708043069623
0.15110311412306898
0.16165592979672866
0.15186232684483894
0.14496828497040765
0.14389686118015121
0.1535896415837622
0.16361141821710262
0.1540392368834604
0.15279311540902157
0.14900115840635333
0.15333334082917482
0.16892846456028193
0.1471945366335923
0.13742535995853003
0.15150774400785366
0.15648437215653152
0.13734097031819975
0.12020922075790723
0.12949887133711377
0.13561920153922763
0.13878956604925458
0.1249830156953779
0.1115455043056147
0.11744745211345557
0.12598272215004727
0.15779483460123694
0.13222065359842194
0.12075321256171283
0.13645670448602645
0.11530017843445699
0.14625566603262088
0.1663272312150656
0.1420163401574385
0.13175441310832547
0.1312256906722696
0.12595238338120496
0.12525721288961914
0.14168658442933144
0.15059581379509082
0.15220435387640693
0.14179319752800704
0.13645145643145323
0.14803203795243494
0.15898979445775563
0.16271937649400625
0.15918438994254092
0.14951692628634256
0.15235458910578153
0.1644082989544715
0.15120739572074132
0.15925279095398504
0.14709098896209016
0.13659375246403146
0.1467721417298482
0.16254509490338548
0.1744972424652948
0.16866693210367967
0.15848549777999263
0.1627674070962058
0.1753299915004282
0.17430924284853883
0.1663555128576267
0.17372523163420076
0.18929323254631558
0.19150469550757898
0.19318820186745694
0.18533157566020012
0.1742476944468885
0.18400489493483335
0.21113815416440423
0.19782014136060572
0.1798345895921517
0.1667686780642306
0.14440390771045508
0.15028255904602483
0.16069864066353642
0.14194129312555911
0.1425502485597258
0.14443095912648715
0.1582042431574213
0.17099977604660488
0.17363810431746132
0.17041711161731687
0.17243997475145564
0.1657205462869322
0.16709512325582787
0.17874017304442746
0.18521349591453298
0.1733742197507593
0.1659527627904422
0.18613751235740172
0.17231290610379052
0.17332330220687606
0.17778029136967252
0.15628174430807049
0.16190743674889366
0.16364009170141505
0.1581807833766775
0.17724799117049145
0.15448530461459625
0.1627210161770496
0.17377097309577347
0.16901031995938948
0.19138587883229183
0.20763632436383167
0.18719307910285532
0.18743993230182623
0.21150457745352835
0.22219923925799856
0.19620828731600395
0.19413893188796785
0.21126065663391047
0.21090712854883553
0.18282092271188805
0.15173330929445267
0.14843476387857518
0.1609938378730996
0.15481025871259665
0.15838327106625597
0.16428798164666877
0.15369349564433385
0.1430049643670969
0.14758146112938234
0.1516182709805548
0.1544841184728425
0.15131171149902767
0.16059350490531932
0.17180916392975126
0.1756465213922664
0.1500909172818306
0.15376383178326786
0.15949244721051586
0.16184307593087047
0.16510876089015644
0.16600498129166563
0.15739739946367995
0.15370751263822813
0.16545311100905322
0.16861126097741463
0.1390236783537434
0.14283245884947537
0.14014692786867447
0.13571116103722203
0.14105081620268403
0.14698113428337592
0.16091014771513923
0.15608131675891174
0.1560907161117589
0.16141707099368496
0.16236480514024454
0.1611491813012478
0.15053100786470938
0.15588958572304049
0.153223194874706
0.14638096279021362
0.15258321192312801
0.1588730655010471
0.1532850706476677
0.15839604125296344
0.16460173080527565
0.15728334660237916
0.13976197847471336
0.14563199083497888
0.14735524919603513
0.13485149735997187
0.13910725783133598
0.1432542031209179
0.13349133094014567
0.1356495243994801
0.1495278139666537
0.15225026105284808
0.13405439747917264
0.13533126002492088
0.14793422068054377
0.1379213732591193
0.12663771773889324
0.12188462496341802
0.13878189609073424
0.14966028910221463
0.1408622414294022
0.14824613011977583
0.15437607199942022
0.1526696387082302
0.14484880544124037
0.15039765937514993
0.1545467595041673
0.13719617972509643
0.13729244910109806
0.12274153844930444
0.11852972835911717
0.1360848163361206
0.12645020542117413
0.12317416921395502
0.12863825712281327
0.12975868622461745
0.1298585960806434
0.12774895550153417
0.15316533523029038
0.14395789509501966
0.13317404708914543
0.15387199239054447
0.14606424843814686
0.13029751849811172
0.12595595923694416
0.13923318733497336
0.1310034765152392
0.11223583257977138
0.12479223864096145
0.12491888218015904
0.1258424525618621
0.13166094067656445
0.1459502113299169
0.1496535917261748
0.1378287729437804
0.14816618734122292
0.13799840686673623
0.1291077995743593
0.12708956392592416
0.11991487721295832
0.12350998858995334
0.11557397862333725
0.11456512987042482
0.12893292869902695
0.12569731588675487
0.1255845474745167
0.12612046222073456
0.12817939468096856
0.12449919584322529
0.11402803427089944
0.11022125861401394
0.11377595362918645
0.11727982113399074
0.11046989677177543
0.11003459426442268
0.11085820015564701
0.10540769324030223
0.11058699452876342
0.11804030792622205
0.11781452429081268
0.12580469148862994
0.13233745116061635
0.12565709554547394
0.1250854594935269
0.13002832345860316
0.1295181333091206
0.1253693467815522
0.12906606210972651
0.126340865117066
0.1303442912780656
0.132168942138159
0.1170050842970204
0.10690242199915363
0.11147976896273133
0.11814441735487846
0.11369873888136382
0.1124451181442787
0.12119272652206362
0.1270398316349483
0.11967180433240612
0.1266654089223185
0.13609357617028625
0.12957800012790816
0.1366236817370205
0.14083538972747192
0.14329296800220803
0.14912181010855363
0.13069681209445969
0.14151302099204688
0.15280900101219752
0.14300651076677848
0.13821634502257146
0.13715778060021114
0.12672716142391272
0.13340257191773966
0.1390495715940041
0.14161264182705816
0.140254871699484
0.14125066515422313
0.15489645164895993
0.14997102313553012
0.13423056433391864
0.13433637759292927
0.1358671257667505
0.13454652188701083
0.12795132521378452
0.14095825032134365
0.1586720033708629
0.152797725759152
0.15055108847417847
0.14279120009052748
0.15155373602635475
0.1548879621207406
0.14465729713404032
0.1362993670327006
0.13943937472222487
0.13614498928464736
0.1382686662011908
0.1620271125378963
0.15922529404688676
0.15909267421526846
0.17866666232787537
0.18265569176313007
0.19339272366848206
0.17866417331039383
0.15943844153617365
0.17276533177416822
0.15873150271332986
0.13671671469489097
0.13819440440344266
0.15011891931219867
0.1507169794949204
0.14701909848926675
0.14655807425351558
0.13414096531900221
0.1374006814298383
0.1449213714715905
0.11988774565717246
0.127132956848123
0.1340938860845783
0.13220726118892753
0.13921061758193526
0.14350123710341517
0.14665338392884938
0.14376119596921597
0.15771395982309325
0.1480390620482774
0.13693132136993563
0.14399239964697558
0.1501228637735594
0.14654752381068925
0.1415514806510117
0.136364528333915
0.13889199967350024
0.13851609089371825
0.1348986147726394
0.1323116885868419
0.1228854248752243
0.1166421188869313
0.13072411818450078
0.12300104730740627
0.11588537330833427
0.12499418891976666
0.11628828014055603
0.12777822244429232
0.13276215327416435
0.11876809822862344
0.11121845654203875
0.11449015706978384
0.10912157630230346
0.10264560700971487
0.10799889267797841
0.10377699188958206
0.10062399195152633
0.10081576125525415
0.09784908519596532
0.10364724768479656
0.09730366106483669
0.09870976056483244
0.10420902054069492
0.09994413590068206
0.09629565660824115
0.09781672364328581
0.11031261308758676
0.10862976834288095
0.10722608636016805
0.12964270546729156
0.1394071490913959
0.11768704367284431
0.12165350037302328
0.1155640631068603
0.10881397784549895
0.12108597670614657
0.10802960979039891
0.08909415499121032
0.09173437116117174
0.08378677742504217
0.09544870705900908
0.09554523547175482
0.08740056515424482
0.10667434405218641
0.10230661191572546
0.09713920957108885
0.09917431026710063
0.09906578776899477
0.10643067680244264
0.0962578341089144
0.09025319840280502
0.09311018140808124
0.09105580192533333
0.09183318504645015
0.08651461828281723
0.09885647718849938
0.10278830587746748
0.1049201949258232
0.0944170000746706
0.10581000941891627
0.12382577911585498
0.11740026939956276
0.11142345727195367
0.09951534767972024
0.10581165769478368
0.1045990556458811
0.09494508544327833
0.09827512737069134
0.09162888769646074
0.08036128010472983
0.08341309097451793
0.08222192811265003
0.07409715587690989
0.06919431762043192
0.07950614286063652
0.0899388927936866
0.09924701521202943
0.10335893462989505
0.097713190757272
0.09321188459237882
0.09621196917926601
0.09628103272120364
0.10828423660526428
0.11675086424403051
0.10765830003948233
0.10247676237853928
0.10630684567890616
0.11419831956275368
0.1133415503483442
0.1012250633974378
0.09818227787002007
0.09488948802669714
0.09471247857812969
0.09612181420624986
0.09038364233862903
0.11166690362268294
0.11025587772726493
0.08576260645928846
0.0813466742522781
0.09615887026062206
0.10166579091152299
0.09718755907500708
0.09894938493619843
0.09839443682403859
0.09663339075541727
0.11052195188179269
0.13465016709155403
0.1338859470174916
0.11517820227491946
0.13575845849807539
0.14468457621473982
0.12143861586694794
0.11148922621430407
0.11605467541502841
0.12729074730426948
0.12058747923443153
0.11515319744353583
0.12682793993279537
0.13308919763723623
0.15116894367136421
0.14993586031763684
0.14324153364835215
0.13706401650106198
0.13743381031084057
0.13442506075964786
0.12556533943746048
0.11569186950253013
0.12743003177426845
0.14793197998997062
0.1341466355153485
0.12406334733382897
0.13690927800582295
0.16252790243633897
0.16568413787079142
0.15289004498422562
0.15756009516230404
0.17537112986667186
0.16394807072841105
0.14857101813555945
0.14542774589524024
0.13419012008820955
0.12546469624031026
0.13397119131487906
0.14293419214107914
0.14146515052410297
0.1439093655468791
0.15633993789199419
0.17041324613054787
0.16876179969574667
0.17221104557134093
0.17613954700998002
0.17374200357575706
0.16828374784310032
0.15621240197673528
0.14706741878187787
0.15209972979117142
0.13924125303003893
0.14108735343448536
0.1342883778993841
0.12034205722996971
0.10652455413002414
0.12152088066675028
0.14029146164418685
0.14866007383489582
0.13275461744745343
0.13129133669279303
0.13619219322650555
0.11515876064127116
0.11155689045381308
0.11891984802235853
0.12368579560686195
0.12784108471418243
0.12079484163443431
0.11281725577713558
0.12862383682896789
0.1373747097918781
0.14800920866141837
0.1562947964593011
0.1609602274717188
0.15674981953410352
0.13919722714388316
0.14389073746046707
0.13901423395772752
0.13215505098072902
0.13246306784024403
0.10979363427038465
0.11389224411161848
0.11833898804740337
0.11514276403179495
0.12294622194275251
0.13831381477049318
0.1484013763370891
0.14054502043569425
0.15135105189745077
0.18271822937630586
0.18193615975746438
0.1769982701257556
0.16808072782904768
0.15666707539394945
0.17310799523640105
0.17224992315860627
0.1627345615812973
0.1607512911710398
0.17405479149900363
0.17159867705502474
0.17899155764324415
0.17186284578454908
0.13876274618336268
0.12336782049024203
0.1401447387275208
0.1316845933618914
0.11541730817792162
0.12366941753051061
0.123710111116991
0.11300829526083153
0.12293508220924648
0.1177380890392072
0.11329883899682847
0.1267529576444294
0.14779930606313438
0.14340153892120694
0.11425281207132404
0.11319249930862106
0.1417188988777451
0.14933962066672524
0.1582148568588878
0.14487069827765398
0.14075722323406312
0.14919161493830765
0.14903061429609737
0.15568594024830312
0.16206103356604007
0.16967322864114903
0.183057220083602
0.18747930552845063
0.17158315625371895
0.15062809000129646
0.1462322105212528
0.17231639744575528
0.16773955399212157
0.1673321385530273
0.17508118803809786
0.18403366051591652
0.1729673036486267
0.16893808577547628
0.20949086473081255
0.22577308897137277
0.20080684462864348
0.20398819635425194
0.22497681640248915
0.2334512191191663
0.20686967688240404
0.18996888320168975
0.19393947121518365
0.17502429191702515
0.16421253892605966
0.17870288745312604
0.17522606715010042
0.162396647565308
0.1537123219710035
0.16176422341870517
0.15045849696318989
0.1491966236289182
0.1626657922904429
0.1408930960628099
0.128041965540948
0.140905541839852
0.17144304323891252
0.15395418370552838
0.14596013678007588
0.15492817871269388
0.15564244115601733
0.1505492314284499
0.15127992402376594
0.14706249348073813
0.14962223895475854
0.15687242140934096
0.1521216907648576
0.1520732583880968
0.15538157901662697
0.15903962596263174
0.15472512804871041
0.14462964573656886
0.14039088340267664
0.15634883847483066
0.17126039350114522
0.1632448326117108
0.15979551334644207
0.15417043902218958
0.1558183579744114
0.1511891619643151
0.15220502416688336
0.16148840453573626
0.1670259653552899
0.16606119463807745
0.16474891398437408
0.18181558973477266
0.1902955176925464
0.18023089824519942
0.19052114222884134
0.18747093479801638
0.1788619825847543
0.16640337348038214
0.17044285443705087
0.16507185656413692
0.14418577376303193
0.1481627597872486
0.15678911732840814
0.15164931539652912
0.13754053961566928
0.14167263083666673
0.1445204791384375
0.13499450733081975
0.13270476844051446
0.1338789889375584
0.13738930383051265
0.15607116969176926
0.14635434629293978
0.1523881090632208
0.15265352419095612
0.15069358311818287
0.16682541047527502
0.15293178606745136
0.15781283176119335
0.16479164213937234
0.1644188774875542
0.17065464783906137
0.15249469853034342
0.15823238762009836
0.14664874523274504
0.1423823129052961
0.14192168751308887
0.13827033813710163
0.13402749109469464
0.129114299514497
0.12924392269532317
0.1467026635700587
0.15469841294070547
0.14007562206532956
0.1342799171868418
0.1494430616720879
0.13691696396245218
0.1348258881257079
0.12710616931237242
0.13242229985152718
0.14816716777119252
0.1328119486582116
0.1291875255228921
0.13371344454105819
0.1315906078411871
0.12490692094570216
0.11673338364880623
0.10977305045908313
0.12354337035668134
0.12420733442536518
0.12470139416313494
0.12704100272128704
0.12637011694614822
0.12018993812832943
0.11966686712854066
0.11140925347227122
0.11279612643538334
0.10684923220701172
0.11484342790249237
0.13051475961340406
0.11918930235510496
0.11213721536026827
0.10125761093046882
0.10514293606651344
0.11492272740365875
0.10807738011016074
0.1150123218581253
0.13182578724090124
0.11855723180541415
0.12433543531494001
0.13280487339932304
0.14585535750770054
0.13629759193368052
0.12487491956407387
0.12236940901019709
0.1270224503892816
0.12694862355081482
0.11542318552613891
0.11122048187501019
0.11426968292224352
0.12088758986026081
0.12036858225616272
0.11339170461319598
0.10818409226158826
0.11860331245519626
0.12352892348028546
0.11476022238341517
0.11601080087844703
0.12393667698159194
0.13685493608238428
0.13893254787182205
0.1297494540805787
0.13564737000426125
0.15648935576692
0.14802367573931224
0.12722181948846958
0.12560383530446093
0.13034110844224264
0.11910386002464753
0.11536962584511047
0.14275670643021793
0.1378870521091285
0.12869050948705676
0.12712616327278273
0.1375664122736503
0.1433305394907906
0.15959135326143759
0.1740905340044303
0.15946865836161014
0.15051792102690242
0.14954777658064977
0.1478393555891112
0.14780869559543514
0.15264101360020618
0.1471255619373221
0.13671483422345113
0.12780984699613554
0.14130935787142188
0.14254215260784991
0.146933044330603
0.1488621618747238
0.14928431342007842
0.15173560853055254
0.17518730887352316
0.18032008360357235
0.1680611551801217
0.15285065319719002
0.1585964826363215
0.1520735067958858
0.1343912269219188
0.12867593340015063
0.13943913346098413
0.1346075191208291
0.12462869979883416
0.12506090550358476
0.13750011245419583
0.1506750991195568
0.13914504631773156
0.12397146277330143
0.12531029395698814
0.13061796953500956
0.13902011553012208
0.14227837437374372
0.1430521243603984
0.1292785009974095
0.13239315488311748
0.13828435105427045
0.1411355981086751
0.16515938035131003
0.16037861821249452
0.14531257268631567
0.15326335053573217
0.16977181156392715
0.1548896599713279
0.1578703858887346
0.18720229717616596
0.17815925772883653
0.16960854985922666
0.18074957900040564
0.17983160202245757
0.18224135639297892
0.17826730511437805
0.20052292657900647
0.20098199437667744
0.1896447802393952
0.17425831877398393
0.18123073726612252
0.19256293075137618
0.2053398029728326
0.19451216634452467
0.17091892448740592
0.18596880288427647
0.20057197453660502
0.19102296670235658
0.17428155261098074
0.16951179580650413
0.19754432391558172
0.21810620545626358
0.19331517624233677
0.17686019065915137
0.19373257211167086
0.19175599089699136
0.19469398182358402
0.18636744080653514
0.20286133588368627
0.20036867349173137
0.16373328543488463
0.16277650215671402
0.16326026103821328
0.17836595245149262
0.17570728337942568
0.1613403377004544
0.15138271651805538
0.16516487462511686
0.15675817090421004
0.1543181419188377
0.16046857654927765
0.15974890070869197
0.1706112400214844
0.1695752178897632
0.15884814502165562
0.1576943581042106
0.15648319144726067
0.17038346830842815
0.18400288840043805
0.16889577256602697
0.16944443386208954
0.1700212611227471
0.15485284966674578
0.16826893317527
0.18574760347616984
0.16931018460485117
0.17205591467358783
0.18480288965879121
0.19145174985028787
0.179880430992286
0.1892449108574283
0.20467858213041012
0.2169772579181758
0.23003021215785316
0.23297913809346182
0.22949964247938912
0.21899436113149776
0.19748175286803513
0.19904489677323575
0.19348746882265766
0.2065216864744468
0.19123123116003413
0.1987714452710556
0.19720598764269184
0.19026326805893753
0.21513274095016363
0.21869456245642457
0.21574469186375417
0.19462735765351277
0.19210919705459256
0.1810614019533438
0.18758720372833892
0.17408283037227754
0.1712616527760378
0.1927407035900407
0.18205911844985176
0.17935404048042036
0.19967198890851343
0.22365332729833118
0.21468106150230676
0.20500873457798144
0.2097825752422128
0.21497678532192152
0.20695129382635374
0.19956537247194425
0.19969488082890807
0.19402478449846206
0.18274207124842679
0.1666584171491063
0.14985979397968058
0.16352373008258955
0.18595119998188536
0.19207151318314608
0.18650646587864975
0.18273274795034866
0.19678321320560255
0.18045860715145703
0.18213372287500262
0.19311277197947052
0.1637928644869195
0.16981011086212214
0.18485289198551122
0.19202059726865336
0.1969919098992689
0.1751543625714648
0.17240546274394075
0.18516451429944356
0.16890470922308268
0.14692321345920775
0.1718135164616097
0.19827363942169207
0.1755495119210743
0.15109393708060237
0.14687439564853363
0.1573447913546637
0.1533284909961875
0.13381251251213552
0.1366187455807309
0.14151797108488365
0.12459706165272982
0.12875278454021274
0.13233451575604357
0.1411842460002361
0.14870230253435066
0.13693166645615368
0.12264121718904465
0.11548206948228414
0.1142404519600833
0.12015150208985476
0.1326571067679957
0.13987464759882443
0.1257578047836876
0.12478567929818735
0.1271037160729538
0.13651691197962212
0.1300361995455159
0.1171610440906788
0.13088177641662288
0.13237563785245637
0.13082953219973384
0.11657054092174818
0.11081661025796145
0.11566767858700926
0.10588226657353308
0.12016915411474502
0.13779650591774859
0.13572519857049195
0.1296525022105264
0.13432543948292372
0.13886468903356877
0.1470815695714653
0.15471098599570596
0.15170506763246486
0.14869036003506314
0.14522438910702876
0.15238268730596466
0.1372089985293019
0.11631777770177124
0.13401071830061878
0.1530308481167304
0.14325011988694328
0.1282569702030425
0.1368190186107324
0.1487603669539261
0.13670656539758924
0.1348854068872457
0.16095834396322892
0.1791145597212534
0.16429440196890593
0.1545595705326384
0.15901957897705019
0.1679086018586632
0.15832467123787006
0.1664528153942089
0.1746050284864717
0.1726662977264302
0.18509204994560455
0.1743825132048949
0.14817921538027987
0.16894226903981244
0.18577496792089895
0.1422963442499004
0.13001150221065372
0.1514464206685866
0.17016862781797643
0.1421565352124081
0.13455498620802983
0.1569720761813939
0.15806383568650395
0.15611637644614398
0.15219790604299016
0.16001131483907594
0.16814443118796088
0.1458297420367212
0.13693433921042422
0.15433419977016827
0.1620234381491838
0.149753358115811
0.16122961862753626
0.19602255314960146
0.1913383819335617
0.18064801923194582
0.16969374905785334
0.17925678587605587
0.18152756632480438
0.1906026565332727
0.18386604644129123
0.17489722738679858
0.17861352017595272
0.17245976111053563
0.1774906254446622
0.16534939382080227
0.15172942872208073
0.17001777069055002
0.18611301244880443
0.18421010754127684
0.1874361154293381
0.17614825676291443
0.14840442536784088
0.126198961150841
0.13865976350395184
0.137370045442246
0.12774120166972908
0.1390507340863242
0.1425160550986424
0.1412311954267506
0.14048466866111892
0.14677989892936413
0.153815632047651
0.13744419052393103
0.10857538823997773
0.10979570023744352
0.1166024679403112
0.12665251480109066
0.10972485771629266
0.09618328549086845
0.0963575757101485
0.08913693143901946
0.10015345771590774
0.10134350186621838
0.10368783415702014
0.11150456712756682
0.11514856072076443
0.10859019890380722
0.09804307945673153
0.1043685454568641
0.10761699044548038
0.11998774790941466
0.11314769519268647
0.1072761229273496
0.11178859442135358
0.10416368128519594
0.10880044980300432
0.11377341974020755
0.10956003306273492
0.09836836876299615
0.09084998033869163
0.0871667304142571
0.08810720364019937
0.08507677892849931
0.07903128630324298
0.07786980021630448
0.08496348444184265
0.0892198046736967
0.09403775712727981
0.10613818102517614
0.10451651849096116
0.08606184565477394
0.08677606749357743
0.0960994529355519
0.11054498302254949
0.11881819718868933
0.11086480489727316
0.10250259240338051
0.10311776589618549
0.11998671044122394
0.12184989506000315
0.10362149622710877
0.10488350754764032
0.12020168200490555
0.10579445178987772
0.11230167455326995
0.10996819284491915
0.10783265410135381
0.09933943104226231
0.10047931674097044
0.10236491776995221
0.11089542595198029
0.10519788701486074
0.08960584977430111
0.11223485068925991
0.1386655468430593
0.15850340267566268
0.13585939500165609
0.12451151634671916
0.13368770445962586
0.12812687498480316
0.1300404803371975
0.13360844245501396
0.13225966441660544
0.13793211597486246
0.12063752167807378
0.11684579748598595
0.11271035266899053
0.1135266490322833
0.11140832921450017
0.10731053574811353
0.11057147539268992
0.12990021020524126
0.13939395615501174
0.13098783940926287
0.13717210330988108
0.1414906338758578
0.13694976746842283
0.13622535406742567
0.13570871048221406
0.13600465154443245
0.14419396861517308
0.15532100648587033
0.13261609482849604
0.1351483912588798
0.1307062025270053
0.12380591395916127
0.12268130390531376
0.1190083463428751
0.12123113945316887
0.1216500514485887
0.13842350272585588
0.13208776206009018
0.11972446272238205
0.12426745223473096
0.1326008394167837
0.12862431303179056
0.1188920855221154
0.12505941899083253
0.12234222134774421
0.11968826519642592
0.11541107866253886
0.11934184379998546
0.12989367535650254
0.12907843177136832
0.1266661059210016
0.13773443699601262
0.1370527692914792
0.1263303949894308
0.131589533632683
0.1263564561960869
0.1267411692401941
0.14097479553641373
0.12654081858982938
0.11974852824986432
0.1275081865152182
0.1292329048478964
0.1153220544998383
0.12350483291320029
0.12876128026447867
0.12792088868120505
0.12649372552164295
0.13234031424076323
0.1208321995407251
0.12611628298847818
0.12353946600856784
0.1309031039171604
0.1324831760269383
0.12307743533236722
0.13459323706298046
0.13673878215532265
0.12504269328162945
0.12478130716017212
0.14785086296745784
0.16157280174415964
0.14554278368562923
0.14780729293326522
0.137753832288668
0.11645460495741376
0.1327599564347411
0.11960944322975735
0.10755971383511306
0.10237950215916566
0.11553007140191568
0.12722891189484117
0.10446668601088589
0.08795072208265739
0.10198404651576047
0.1221226203602685
0.12385667727540545
0.1182943676117824
0.10987519861365747
0.11288031827895213
0.1186765824891613
0.12984953904104363
0.13087337166547147
0.1346283503322873
0.13400982411783402
0.12236773400441797
0.10603581050653217
0.09906238490901495
0.10534359818986548
0.11454589801004161
0.12001472486515452
0.14137719093039094
0.1502672516845345
0.12623762967001623
0.1085761649665485
0.10881739157361559
0.11701146656756001
0.10674637651628503
0.1123766002068688
0.12613743918505815
0.12608389838937895
0.12808580939879352
0.1318288723104147
0.1437941596763405
0.15005268946601075
0.1411618615554532
0.151024349684212
0.14586673385670615
0.1288682210777578
0.11193438254419927
0.0996567718326899
0.11106228694689935
0.10684752985651683
0.0989479210393432
0.12203344165157114
0.11347802133825131
0.10103580866594439
0.10324357641973153
0.10855120217379882
0.11705759157628577
0.12116186629680098
0.11081377920533024
0.10956982136574053
0.09522344780814775
0.09308716241984479
0.09150569762605351
0.1044508580036915
0.1129035403212154
0.10244568376921388
0.10319388334564172
0.10038520714218084
0.08929054203532494
0.09639983563888661
0.10176342478568129
0.10340418931587957
0.11091443711095673
0.10883803554109821
0.10972733468982149
0.10378412863229224
0.10260153657546706
0.11245571473045451
0.09852330980688749
0.09764551038373341
0.09560217660256133
0.10486487534986383
0.10698901658597836
0.09584271130450446
0.105281598549121
0.11362677895228412
0.12037558556800648
0.11316761982247402
0.10277026643457828
0.11811284006922385
0.12929685882855863
0.11529549940547393
0.1261829747025518
0.13647280992599167
0.11153845807549664
0.09758420035356295
0.1190392274972938
0.10814855765665017
0.0879504139206084
0.09696702176547456
0.11096206717338399
0.10157651448100105
0.08894339749069234
0.0978610066359641
0.10811975378116169
0.10553035148785074
0.10507092292414053
0.10177486388680436
0.09114144482301838
0.08956158894803806
0.11094000773257955
0.10515445936968505
0.08993268248313717
0.09510580774053305
0.09506837700874636
0.09579155038763479
0.10114909356259776
0.09258802538530377
0.09360322924903568
0.0979972189344701
0.0905185330718592
0.09801344477163881
0.09629985577252717
0.08993082077028715
0.09557060942707678
0.10238333146073983
0.12997813901023123
0.12959216587582434
0.08773759368927715
0.09037765843939084
0.08668774323200137
0.08753963279125675
0.09669133088891727
0.08911534013435819
0.0807505013496217
