0.0
0.019795676913029824
0.01763685643316001
0.01788760692141139
0.03150914611996498
0.021945445887497375
0.03323057881091715
0.026512618625328756
0.039464782501804685
0.03858095958019768
0.04419184697391635
0.060840703038499096
0.047883161746645045
0.08813640551451285
0.09509586984071318
0.0979630786595838
0.10380151854531418
0.10031873093695287
0.09527516376299701
0.08142239570793804
0.06955978483954108
0.07691608704325899
0.06845370864297474
0.06398057835456103
0.05427116495716737
0.05217625117569527
0.04990521620001566
0.03975959655267902
0.03655831576423639
0.03513174545221757
0.032484036611097854
0.03333111675765618
0.030583101695695305
0.029062972859182565
0.030284855813697616
0.033078256315771826
0.04098756707623837
0.036985138410872594
0.039720397973645544
0.05055039205470849
0.0617378266377657
0.07347563456273126
0.0764642048077884
0.086587155134015
0.09450297999256345
0.11097254573048249
0.12853851595243238
0.1319018033586872
0.14134171058561082
0.12752707355860513
0.13086843144478777
0.13199926247456722
0.1225273447207975
0.11968246840821237
0.105030982910899
0.09276656031962353
0.08866114201764087
0.08641616774690254
0.07286471431961551
0.05601350796936349
0.05411936070265514
0.053963955041663896
0.04724775922192923
0.044497868729912356
0.046980056127010984
0.045261219360758276
0.04291153767320383
0.046172481156093896
0.051086072770386855
0.05492468706677781
0.056323895793603515
0.05850294582801206
0.06426438375704975
0.08117485762744665
0.09519690797702984
0.09954937390485423
0.10401337508070979
0.10219374515694259
0.11431521589926105
0.1338773449148103
0.14528076035669332
0.15572312099430274
0.1560372045555193
0.1394029763551942
0.12970411925487862
0.1339288247700399
0.12565436188510956
0.10878479056761034
0.10568196200353269
0.10005612285153818
0.08322550525286498
0.07068769582457034
0.057505978783372526
0.05338322010145487
0.054877564563333925
0.049758039829095116
0.04320417260150777
0.038881795763609055
0.03684901152464157
0.036539386785298646
0.03733958957274519
0.04174976358465416
0.046120969271214236
0.04303016695186583
0.0481352934084332
0.0564885542545941
0.06631585995948303
0.06982499957411846
0.07742592378549135
0.08239763837591026
0.08310694296295976
0.0958560008245678
0.11029807268901244
0.10060575425279278
0.10585079538393166
0.12261214521569505
0.12498572712660566
0.104887382038161
0.08576407193715094
0.08551095466138495
0.07779143349126423
0.07259950662174995
0.07004909607813921
0.06217684626158151
0.0579480081604615
0.046109887111930654
0.03774983597868827
0.04061454192009035
0.038307760393499986
0.03609148445380826
0.0361409058135692
0.03671086848447845
0.034074769477339235
0.037057556594636144
0.04283426871717236
0.041719178715634554
0.04167252736236934
0.04481288921093971
0.05238240072550602
0.05094156248011974
0.04905395666886999
0.06354205054896087
0.06018916632184675
0.0720547098237363
0.08461931233971953
0.07866006324010874
0.09199750902792446
0.09822488695979713
0.11484788825391132
0.10973446490170405
0.09509089983793119
0.0871611542943313
0.08046560403308953
0.08404846851324321
0.0729759298554755
0.06393124168940853
0.06861378449056506
0.06421744581734078
0.05473638614949558
0.04624258851558056
0.0466563239592441
0.04692807018824777
0.04491800977553426
0.04138195859217325
0.038634426182467076
0.03695239556292352
0.03707395453303578
0.041262626614781174
0.04764741698794274
0.049652267757981594
0.05071189099986185
0.05959007048437651
0.06865124301066577
0.07212211063555761
0.08755009112457668
0.08877024206577168
0.09149619348267057
0.10110868382608555
0.10999249176693243
0.12641034034309462
0.12672735138016028
0.11970895058052408
0.12097554987217646
0.11455896086500507
0.11672193789321306
0.11003604592363787
0.094578531128606
0.09622362053922329
0.09360326011091419
0.08187225262052894
0.0707676832283353
0.060700480008800524
0.05897835962863617
0.060915996743657344
0.05830212496308909
0.05069825108487366
0.044398908069487944
0.04531633022728673
0.0464504755667844
0.04541371808708561
0.041342609331097416
0.04667096807687807
0.05539642685035999
0.054598737993559805
0.058802985326680796
0.07087350688839171
0.08544693725740368
0.09283949715041438
0.09002891637465325
0.10415143691304343
0.12124406189966039
0.13300379760248887
0.13851664972852418
0.13190032421661202
0.14380508303070402
0.13223865754609793
0.11900927243619755
0.12253254124835361
0.12123946306873594
0.11185706957965484
0.10711621784797805
0.09561634586581251
0.07937233962210567
0.06722769066157083
0.06467125216796062
0.0684275948771225
0.04999094528162428
0.04825833627040273
0.04968125049478755
0.04757448374713172
0.049336436915598074
0.046737037163490154
0.05394972784351386
0.06117283598985759
0.058860377981290284
0.06399380609151722
0.0701961593207302
0.07483493805868223
0.0748724893147418
0.08200862225058703
0.0775013247416727
0.07460527581165712
0.08682239193864633
0.0788648296383032
0.07445261234957254
0.07499916798086827
0.08191250851984601
0.07733859053736195
0.0883653422685773
0.09698191504295321
0.08627311092513541
0.08961205717175894
0.07400940451986707
0.07164418758904981
0.0730717109873204
0.06316783296371227
0.059702730192129454
0.05061935296547252
0.043395955481628716
0.03765488351374818
0.034870499361162946
0.038677872378670014
0.03820981624291315
0.037442090903833346
0.03771570280563337
0.04131902533539892
0.03815924021289569
0.040425671683041856
0.04545161628839185
0.04635892369505325
0.05258953335664024
0.05906308324827658
0.0628879276200054
0.06610673265571115
0.08225101716938295
0.08072016509689049
0.09028856349475607
0.10555240335873067
0.10996362165619038
0.11018627406074616
0.1165168534839103
0.11447178632508595
0.10925847396686648
0.09860535567826831
0.08875707207664173
0.09222324426961998
0.0963024265263524
0.09200315416650194
0.07902194372340952
0.0704990293206538
0.06875178142968966
0.07025285651027649
0.05643763744286653
0.05309653595432714
0.06081158015495727
0.05844528946633309
0.06301437551751848
0.06631733117524682
0.06101752354645435
0.060434280941468375
0.06661939259043115
0.0676884909866299
0.06983165719096097
0.0849928968174256
0.08083405291539769
0.07240139099747372
0.07828201789872737
0.09361454905083888
0.10319206270291821
0.11387739263096504
0.10832809051481677
0.11724658158757278
0.12129180575470547
0.12822173119178426
0.12893574695245513
0.1205196265160666
0.12113492484987663
0.1250537900092169
0.13415577308882076
0.12774088055969338
0.11926737008387274
0.10875390379509042
0.1031067724295709
0.08531546632601551
0.08627603299217355
0.07887751990570885
0.06166867193408814
0.061621684559567694
0.06025651737555338
0.0681481658950693
0.07034440114230724
0.07539414818918876
0.07987295035707206
0.07801932988628517
0.08639982777617801
0.09290423504821448
0.09247514062212753
0.09760089964319385
0.10052532332968661
0.09908288930709483
0.09851487968135639
0.10107170708246514
0.11292888876647911
0.12015956556302484
0.11828808260282438
0.1301599083919028
0.1351533845601323
0.13606265868274714
0.1250118369290283
0.12208025149455483
0.12188143295850293
0.12200214998598266
0.11029658305815614
0.09618710039627151
0.10950640539368078
0.10734565133197388
0.10264739588873877
0.10400328875875738
0.10532767443844736
0.10742369533804554
0.10616906229641222
0.12092017644805311
0.12124058768358544
0.10997251919488475
0.11090196255970529
0.10780635227395124
0.10196601115751741
0.09897090741936083
0.10103141439143812
0.11286428510978236
0.11435994205879561
0.10846051783634753
0.11616312507074576
0.12578666552460943
0.13974888830394114
0.15611332818883641
0.16106609257603247
0.14846071973940952
0.1390098851038293
0.15602782006547442
0.14663789580536513
0.13935900278978075
0.15494432696948587
0.14306337663245586
0.1405609559357336
0.14774671018201266
0.14672758133630145
0.14272421978992605
0.13265646521890073
0.13376437592783036
0.1311101171883712
0.12898493114447154
0.11591245253062767
0.10501823696355858
0.1042029375642641
0.10342464614803892
0.09876388455280838
0.10504470115402544
0.1170479257655772
0.11269093793619797
0.10452237832208627
0.11723073775676975
0.12931509398951074
0.14244597239606782
0.15060707046819005
0.15445950542489112
0.1651130664247085
0.17134943199700695
0.16788615879049276
0.16430860800355768
0.1701219900315518
0.16068467818936225
0.15233424147163055
0.16168013686083385
0.15978929876901105
0.15286687506485366
0.1622680532621774
0.1537984606119367
0.14968141325805878
0.15645641068401375
0.1517446128325734
0.14046584659811992
0.13518141510829454
0.12695960546507018
0.12950883287633336
0.12459677798600163
0.11849383445427797
0.13135143252810258
0.13217812243981325
0.12585121293412138
0.1205166832661307
0.12511230088308622
0.1291000724050109
0.1308111636681247
0.13814905238287506
0.14334341845301532
0.15001060301238836
0.14743278161301185
0.16008390552591326
0.17599130052261278
0.1715893062761989
0.178132560534329
0.18019750733134604
0.15132064110160579
0.13274563900916284
0.1410650085843085
0.15414670229337063
0.16217344328717026
0.1597229404002456
0.14952114989792997
0.14768009745570265
0.14580053863975767
0.15060011166364023
0.15050471893838419
0.1532969630818138
0.1452104556359244
0.1284287265787825
0.1298678862910773
0.1380908878945606
0.12694404671168916
0.11935791996865312
0.1273846018934316
0.12683175306771785
0.11564073176256309
0.12075929382917525
0.13400249594887456
0.12360681363802664
0.12151149809854886
0.13634102122953543
0.14678991040727624
0.145356688858939
0.14076163810821646
0.13460789478474167
0.13580220392250147
0.13447994753478196
0.1514742180402125
0.16830107101616143
0.17166389972246107
0.1687053647488025
0.16130825459076567
0.16225690427063086
0.17379734529751542
0.1604296133591195
0.15604851823176996
0.1488110583846448
0.14938977630588782
0.12955652062595763
0.11750012858483855
0.12024042166848908
0.11150806005343451
0.10203907786542257
0.09434477426129137
0.10067996055000161
0.11202638643258513
0.10865282753552451
0.10906514904015287
0.11969409690963771
0.11634890974779077
0.12409445467975144
0.1324964757738764
0.13442062990703507
0.1284103176962451
0.1225494565756472
0.13592941221483335
0.14933925482460808
0.1394617606957794
0.14088099842187746
0.1660570997171095
0.17669655640232151
0.15755245669147222
0.1505822006527463
0.16219505446350047
0.1587026086089932
0.15994886596891547
0.15416417426986923
0.14805427919218433
0.14050678964841667
0.12872412018907717
0.12014347655537878
0.11398690898502713
0.12152233320938341
0.11256324800887489
0.11547806677103924
0.11870890154612075
0.11953858489380341
0.11817782385937171
0.11681695243348318
0.12059751619064661
0.10958020929802806
0.10549396991372938
0.11376105091042663
0.11547895369491652
0.10582828296211139
0.11276881345133695
0.11222618017479885
0.12424899344938083
0.12664710547127708
0.11239037081339763
0.11681465392572196
0.11298296089731731
0.1236462167391342
0.11739427871930139
0.13746332852150747
0.1581937935517493
0.1413801268876992
0.14172809509832235
0.15317279478111892
0.15228517096024688
0.14249502908960293
0.13206561535175448
0.12201862480789143
0.12312725253615958
0.1276536326356559
0.13321007844854213
0.14208802071059093
0.12345546400072349
0.10896106339441568
0.12400380557497137
0.12530002975149795
0.11298641247570124
0.10663067585186278
0.10775314065974549
0.10833021092798618
0.1113502867809303
0.11752331434540765
0.12615923757628372
0.12349216964107138
0.13007318659950468
0.1363390399437736
0.1456042084698771
0.15756908374106635
0.14648980328872763
0.14325675462449183
0.16628720386323947
0.16401036188308707
0.15492757402450855
0.1468416279859247
0.13728194775044267
0.14698108302253254
0.147182851719024
0.13643061338226933
0.11897355616139019
0.10532574114197686
0.11350315774711835
0.12337839461055362
0.11528981894249557
0.10400467142303653
0.1035996302243003
0.0933450031624259
0.09047311236433819
0.09927309618831494
0.0975636566915397
0.09392675292541067
0.10115432059239633
0.09461611480736766
0.09801486789261749
0.11707762483589354
0.12423039685047524
0.12581622744026125
0.13340885022839802
0.13844239971156644
0.15173326076702484
0.14554808960647336
0.14147228623760477
0.14904881492843655
0.1444866088729865
0.150509637280423
0.15309500122371764
0.14034651365311504
0.14969548685150028
0.1541665689075739
0.1387812857028802
0.1280090635848578
0.12647834310524791
0.13179620243952708
0.12251796850626182
0.1075783985063303
0.10535487275190385
0.11314288537987782
0.11118365493488047
0.10043573606184114
0.10274255232032067
0.09395330515271823
0.08550038987566298
0.08989156338734935
0.09267991946338108
0.09969637871069
0.10185103702189191
0.09414220106090034
0.09605677929020412
0.11001678323997169
0.12212230908512864
0.11865684747987708
0.11670920663068017
0.1153875085033909
0.11172798076686037
0.12404085524315517
0.12999031976971806
0.12188002687067516
0.12463314807333148
0.12667218167562364
0.12749757871273934
0.1325566436032162
0.1262209364806416
0.11509148899119538
0.11363367699995817
0.11075170779853123
0.10776472222353445
0.114950573678825
0.10866370645194132
0.10382625389141016
0.10443993750570403
0.09975025348673539
0.09082066248598654
0.08342410568283111
0.08006732949323865
0.08682799600276897
0.08735010470247068
0.08083793561979383
0.08871462893616434
0.09435008679636288
0.08813632473948202
0.09580129178455545
0.09400345185903945
0.08464517403072641
0.08917389232278881
0.08883087788507597
0.09082784294187415
0.10340996395333375
0.11777095960574704
0.12002503124842263
0.11998301927459595
0.12077498417573289
0.1263310533062224
0.1295267123061729
0.12254226728689893
0.13107432748226835
0.13110173204202433
0.10414214597372518
0.10555329907615428
0.10871984841436085
0.10542600023115602
0.10431399301751955
0.10219380836436824
0.10413451574700125
0.11172882167247941
0.09651002171056307
0.09851677249907442
0.10415003519057496
0.10724371663242324
0.11137323837480335
0.10571008193970466
0.09894914481630783
0.09995831779815699
0.11118117098569902
0.11190011018029408
0.10112525051544964
0.1137256909880539
0.1187312034755628
0.11176376586493143
0.11464257519319229
0.13752706038672252
0.12628888965520382
0.11106216905984001
0.11511572029862062
0.11661468213503409
0.1256509054616885
0.13691256264891613
0.1468871522607172
0.15313833951454633
0.1467793076381537
0.15432614981941073
0.16233851568232568
0.16180752336521365
0.13972652929541468
0.14304036928686295
0.14220754701530902
0.12159557581057452
0.12024255894370647
0.11241243944550196
0.10772276246953383
0.11273507604789659
0.10418118906002236
0.11528360555169188
0.117168435533686
0.11489525725088887
0.12238097571998503
0.11940580730316822
0.12818039580139964
0.13457117755736797
0.1395461543005771
0.1595631468018327
0.16309053735534504
0.17355761843499898
0.18523363273068494
0.17717733214915216
0.16657462366745995
0.16421504269991252
0.17725452358851282
0.16729356450700142
0.15176123447168496
0.1653495509744393
0.16281740158853397
0.14897065377446944
0.14940606675336748
0.14166229799919622
0.13576161870450948
0.14003776730160514
0.14349239206669004
0.1322215741790236
0.12581650582700088
0.12052110632495282
0.12568124098828845
0.1383287154199382
0.12529254640350526
0.12078607287653242
0.12468110995199476
0.13187166858283247
0.14124891303980705
0.14390729735474636
0.15666697012066969
0.15189315777955145
0.1573802631079779
0.15387055435385485
0.1474984255745125
0.1488121338804779
0.1509394793035324
0.15124238315041233
0.13935827275697674
0.13834577570649434
0.15139588857433545
0.1618319806677742
0.16331383760978746
0.14850855303643773
0.141004839432861
0.14152240943410602
0.1402865744300553
0.12906883504220057
0.12767182393493987
0.1216826697117554
0.1240595893248173
0.133372876586534
0.13381332860450879
0.12594687763403312
0.129153814642324
0.14293184366320014
0.14245834317629988
0.13985846914951913
0.1407613062285816
0.14916990051456777
0.1530913464310682
0.13958133136560993
0.1453414714927398
0.16283450835687582
0.14779425506342087
0.13350151970947854
0.14911485695722707
0.14688581383006252
0.12539798034940086
0.12825136132595363
0.14929599370225488
0.14860740273715062
0.1391809495744608
0.13980875053939668
0.14091211896201136
0.1348974534667782
0.12009319267708118
0.12052541874282426
0.12751912486988912
0.12998573351865994
0.12281027020127237
0.12810077263784153
0.13676310451178528
0.12349413652445532
0.11662053625251961
0.12420861885332121
0.11699552021945815
0.11239426467419776
0.11464678400662552
0.11685393537003876
0.11428882497535346
0.10866055881088726
0.11529403308876378
0.11447727922710105
0.12456809739349456
0.121587363711854
0.13068295229175994
0.14992068018471527
0.13906375700250057
0.14753533554160528
0.14283842337546312
0.14488984440413735
0.14251998839375962
0.13098005547482333
0.12572719280543576
0.11415488376427257
0.12051041192964848
0.12836319384104677
0.13668767253181904
0.14217597976764001
0.1268482272019702
0.11721978178454555
0.11216333389438421
0.12394227841088916
0.12465100312774986
0.11433376435306437
0.10815505132614517
0.10027556420370773
0.10577002770020727
0.10319381259148956
0.10407906887164046
0.1090396114270742
0.10450583425300558
0.1178222760511604
0.13128323391546642
0.1251634558343652
0.14046895519215613
0.14809339033190586
0.133736011451147
0.14795454755978718
0.1712925618796411
0.15800342169035017
0.13613005968994726
0.1397976472879111
0.1440436810271244
0.14459824975016
0.142111573004857
0.143350185398411
0.1444896182407884
0.1545902947362689
0.1472280056774331
0.1385383378602304
0.1293457645559089
0.12921294287386784
0.12490333733111345
0.1251302350414915
0.10828985704491033
0.09878367132928842
0.10349755338617486
0.10244187467295338
0.09884980394451369
0.10019592337972197
0.10220660642719119
0.11333300029971628
0.10977666145547112
0.11318463943789074
0.11854864809005422
0.1178172078602309
0.11448745412684731
0.11827899705931688
0.12010033000082675
0.11108613015584483
0.11110809863568219
0.12327019357917983
0.12702994392024997
0.1325623334045558
0.12746923159535994
0.12890008438335118
0.13766966875026185
0.1331244935180135
0.1272280002424464
0.14534978555761502
0.1500292678361521
0.12412659466072007
0.12252590313648881
0.12437280705107795
0.12010367556417424
0.10983526781411573
0.09399653995786106
0.09310098967917545
0.10090226684224857
0.09243886953339188
0.08969180664135709
0.09620233850069529
0.09675883896512212
0.08768585996317381
0.08743088747880778
0.0933405144903614
0.10355719400757137
0.10702331139955547
0.1057370240341169
0.10537512687770106
0.11363046181462445
0.11839770387520632
0.11099083044583687
0.11160351304045332
0.10605697700650217
0.10545764462406278
0.1092106812746125
0.11202394884202513
0.10843849125064099
0.1073223242919342
0.11410024641658033
0.1095702641919981
0.0928121755676162
0.09133752253681958
0.08416310340962503
0.09377864092828725
0.09045145411449101
0.07843752813369295
0.08311764141789758
0.08274157047822492
0.08206105376074908
0.07921747531050381
0.08441548663659902
0.09262721388386096
0.09205527198355491
0.08834024659231322
0.08893231733383179
0.09969868917511791
0.10296854052950086
0.09777049911807537
0.10540756450634364
0.1063648380536135
0.0971711344705954
0.10270640189645318
0.11076885536035799
0.09836754785639407
0.08142022670087662
0.07958007838095703
0.08919297618200674
0.07481286052039783
0.08065458995730544
0.08803850976260641
0.08283022134869514
0.08253913724083452
0.08895482777226835
0.09237928232137115
0.07812228446687541
0.07491010012351663
0.06807657068376005
0.06389880625347748
0.06527424473398931
0.06728512976225821
0.07693477904592433
0.07638261582563693
0.08194666253249024
0.07727546406914804
0.07758912580637581
0.08703361396164418
0.07257320571692694
0.07291586534924333
0.08765694974911885
0.07881251429923
0.07132244577254677
0.07834083468628794
0.08222233955445075
0.0751824627713627
0.0782331034946925
0.10117970692360033
0.08692560425979394
0.07877678769129855
0.08100948277486576
0.0842901045415961
0.09508450650559375
0.09886425295506904
0.10758796909164148
0.11102132742062928
0.09468695630941704
0.0901839009865662
0.10390696007644787
0.10336670751757508
0.09137417404482723
0.09600126020031835
0.09914411756320056
0.08717343227535512
0.08821592794868564
0.09597634941974276
0.08552252118328542
0.08766247735506648
0.09069668908798054
0.08879620405643193
0.09712369445877955
0.09414686580508716
0.08988115932749198
0.09268117131264779
0.09615235898435297
0.10375262636551964
0.09989227119296404
0.09712283667874055
0.11431159237036727
0.12039610276458534
0.12773907726528022
0.12821273560564905
0.12490421742599406
0.13861235026144822
0.13772359783589125
0.1223257684277684
0.12673777158191554
0.12123638347035427
0.11433477358563826
0.11296724660803835
0.10271217606202208
0.10307879963829857
0.10658996779688895
0.10622085945898015
0.10262388634965161
0.1023278994336005
0.12025655923281241
0.11930874539094463
0.12017040467419705
0.12504082007079514
0.13063253666896055
0.1295464690612549
0.12671711362604396
0.11477029194772677
0.11594141917278317
0.10587731758308358
0.10282824247407012
0.11326344431273441
0.11801022087981734
0.11181245165780325
0.11314607780744393
0.13083930949351233
0.14061558391282106
0.12335817456143108
0.11836725202216603
0.13741171757903206
0.13822444117439506
0.12108176315183702
0.12313930805196294
0.13574561176818498
0.12202735819462511
0.12210453288061987
0.12472322989098303
0.11334994124263739
0.1099897103807456
0.11665554135603474
0.11193444580233078
0.10112492441341878
0.09797312007873905
0.09080622891568192
0.08043985540856655
0.09382295037367014
0.1013659614097403
0.10523707256722464
0.10829365805018479
0.10801607216052676
0.10183321279260008
0.09933061721736697
0.10833701047655067
0.11480107317293672
0.11412409381334013
0.12033770561982236
0.12641646627314118
0.12523224075950337
0.1270055728552636
0.1352893290042319
0.13274533890746634
0.12350947281167615
0.12436806762368308
0.1262857684068348
0.12558768358092912
0.11996662567142116
0.125661453462035
0.11969603872989802
0.10971535524615599
0.11500580031117107
0.12288688281209657
0.11049093470332148
0.10222980514742147
0.10976867832317007
0.11272552084612587
0.11590443034800138
0.11127725051348905
0.12213530172244545
0.13041014098508363
0.13146965994524074
0.13313547767949332
0.12599676025430345
0.12992816096133855
0.13228463785664862
0.11776143041198152
0.12743491625192666
0.13648253901989574
0.12445875798042
0.12756039802394548
0.13660580017904922
0.13632842194046488
0.1353495650453912
0.12768828271157504
0.12977481611956004
0.14031792760248585
0.13501527251800866
0.11739251490345043
0.12001198606299376
0.12803596828360175
0.13262539777387214
0.12874171581694321
0.1226928179960293
0.11802928996007722
0.1151995998676041
0.11179643013028456
0.1115046568719361
0.13207919202070614
0.13311284908911855
0.11547385137992805
0.11701656549608777
0.12705642968130268
0.11475220222890418
0.10322106486578748
0.10267374434390311
0.10152636288258386
0.10300794437375474
0.11253504466014012
0.11204376989180127
0.10479506088343885
0.11026762031842131
0.11189111839281513
0.1061964764409657
0.11662003496700935
0.12654361172555204
0.1220520373506798
0.11555138404277236
0.12151230389039104
0.11880691796218687
0.10689999755147972
0.11544315062058276
0.12496121426169007
0.11813595121282672
0.11569527395019791
0.11272450893288943
0.11602192743175374
0.10349641492677228
0.09881820269021238
0.09837313510563213
0.09639849290511684
0.09485486501900334
0.0889618718142948
0.08932761828405449
0.09725303104440121
0.09906880206195644
0.09641638816820249
0.1002474149487861
0.11076066616471739
0.10280979622177723
0.10317773458650882
0.11259569701442212
0.11044596962089136
0.10764189725105364
0.10494107116220974
0.1001426755692165
0.09804212459826149
0.09926782886297787
0.10917463802799231
0.11119921915563219
0.10306785146626607
0.1096834841401589
0.10892911285495308
0.1025616977939134
0.10317663691051407
0.09805769954595087
0.09001539827862662
0.09317536419871884
0.08825142326289566
0.08912999282370003
0.09019026708744604
0.09017666570330966
0.0879356802865282
0.08673472724789322
0.08210909269595783
0.08245079613521995
0.08531060075310685
0.08803118492541404
0.09177606671721998
0.08704555101577949
0.09176125633901334
0.10091938653922267
0.10203213394561253
0.10110647983559308
0.09914922280210652
0.09629579424055805
0.09450698786199994
0.08494838755211741
0.08519434578126275
0.08749579456765452
0.10043310156388625
0.09170159671434656
0.06899484291619819
0.0681862703327859
0.07555727632277308
0.07462705544008548
0.07569851888069948
0.0749324728685974
0.08010806486856183
0.07646699340959139
0.06947765966655985
0.07328013642501996
0.08207721645651962
0.08515515460960689
0.08419107591655672
0.08379346067283899
0.08128877450218057
0.0841858147472882
0.09133734944304883
0.09467811941219609
0.08910615767999006
0.08575173940883603
0.10043548460004914
0.10062289875252087
0.08783618210586842
0.09793483184072535
0.1028438625156272
0.09714172938170416
0.10270847700215398
0.0944636000768015
0.08406553230168065
0.08585811885503705
0.09336030618588267
0.08411782407944766
0.07394297472598248
0.08231056803212108
0.07977338490509234
0.0660184989153047
0.07309832465293299
0.0814622754558828
0.07560286936068146
0.0752028448081804
0.07736123618997229
0.07677224080605596
0.07318390651599428
0.07243091092660227
0.06838203453948155
0.06814981622478412
0.07053617487580355
0.07177551529487913
0.07330347402455772
0.08215031380304368
0.07935047827569644
0.07299459791606157
0.08746603831618412
0.08649109600526995
0.07480661409397323
0.08111933536862109
0.0810041392134045
0.07884265769790358
0.08237429764181187
0.09460344610291811
0.10752584374782972
0.10158598020015064
0.10132066179413081
0.0962911695894617
0.09659659055166613
0.09424755000675335
0.09286105690419273
0.09241627401816742
0.0852164770697554
0.07740298838145138
0.07785913534393804
0.08168481515113137
0.08609474001275551
0.07653167321681423
0.07470132053143523
0.0765117895905214
0.08308312095300409
0.08738967158168867
0.08130326642738142
0.0825077525534841
0.08927320047320057
0.07653679118151535
0.07224994411917518
0.07803331205879237
0.07627882384041983
0.07195876426987506
0.07054171777022995
0.07411328031294559
0.07546624059176543
0.07508213679752594
0.07404860544869869
0.06888613415980502
0.06902727974175447
0.07171395205761913
0.07293763521132919
0.07365322246559383
0.08586533287544454
0.08775590290341967
0.07580902779794575
0.07489155351248551
0.07918582616063875
0.07896402166813261
0.07743164418523645
0.08284688214817937
0.08404013176309681
0.08304102881473008
0.07655362464112946
0.0801321588253466
0.08597753342980262
0.07775018122530081
0.07684152291645967
0.08499821495244116
0.07946758236001748
0.07752850710328707
0.09165585255699848
0.10678342247295382
0.10215895432974625
0.1118583824288663
0.13007941183898522
0.11733867283870268
0.12169890599094059
0.13024013994920028
0.1218063139053965
0.11597398416052877
0.12794288647646732
0.1386103241286235
0.11459449224469614
0.11661218378603254
0.13015781726800657
0.11932778289825147
0.11082678664270294
0.09981773183354867
0.09479833524713079
0.10992457309870858
0.11173057685103864
0.09488411616864
0.09027040272970974
0.09325936804246605
0.10055323234736685
0.09243441781865036
0.10344728887369334
0.11597277752577485
0.11457297397110369
0.11414237082537596
0.11990875883956872
0.13124046023615166
0.1294751547552457
0.12274245103591411
0.11635894373153995
0.10589635008376426
0.10190572892876833
0.10796832801130632
0.10797184222311437
0.11057200395967165
0.11512994139346254
0.11602858526726245
0.11003702680178418
0.11152227267476567
0.12058019507522938
0.11859209663648121
0.11598443725001877
0.11825179033996067
0.1242979962602386
0.11781276365921643
0.10807201041655722
0.10980387918319107
0.12546467587785917
0.12316544823308868
0.11825223034851394
0.11534817486088797
0.11722957045191319
0.117113681772854
0.1119139942680463
0.10926981116933694
0.10564040789226924
0.10245559918277648
0.11059844328916701
0.11539149716806836
0.10155876621684025
0.10620816856708173
0.10766884081142584
0.09718092004845066
0.10045355110166013
0.11741253497518579
0.11199384830812899
0.10804377899620654
0.11448056917548081
0.12003457094516873
0.12173175994187321
0.1267281315793846
0.13254964204517003
0.1354141080497469
0.13523353435321572
0.1373842686920262
0.13399184357029306
0.1199617499861421
0.11317028197347592
0.11894736058378615
0.12617640871972083
0.11824946434608707
0.11044497134143694
0.11732131110356216
0.1137751864716932
0.11783003190978247
0.12323669301255132
0.11699326227865348
0.12183827815005598
0.12099702139449917
0.11382229043116174
0.1200103188589438
0.13522141908564744
0.14033372847847786
0.135247936954228
0.13438419554855455
0.13292040417595388
0.134326893726204
0.11994035291325436
0.11211524257575572
0.12303956636508447
0.1120051112539808
0.11099004877023418
0.12468410124378392
0.12206043354945674
0.11868757644820688
0.11790846079075064
0.11331300927361102
0.10782454966086215
0.09905161462268623
0.09798966113443942
0.09861246099322608
0.09395005107792498
0.08856911319378886
0.08892982565251276
0.09422033405666307
0.0978359715618042
0.10224515630180536
0.1045482737574433
0.10087355907401889
0.09750774577684877
0.09472613558711733
0.10767758072276847
0.09720450399196642
0.09859562809047585
0.10675674841580482
0.1009968299159351
0.10351657225791158
0.09899008613997366
0.08828200562630602
0.10181426722635006
0.1151411162202213
0.11212048228027632
0.10484705540040988
0.10542120667706598
0.09951762951971158
0.10210273008055802
0.10162906958718952
0.10193365805139418
0.09376459440328615
0.09607632103184376
0.10797593409333282
0.10581726480693363
0.09765718713374434
0.10073055075755362
0.10392743054973574
0.10310049163837004
0.10436250038398769
0.10369825565275827
0.10494366178806176
0.11006231340009379
0.11618916992790358
0.11130590322608527
0.1104327074863799
0.11530420601680925
0.12379268237095466
0.12380472115754974
0.10748263174537231
0.09885183231761177
0.10713908892135132
0.11899107899670161
0.11872081222465389
0.12831497469580808
0.13135749896043186
0.11985184001071755
0.11744040279170337
0.12544820185124922
0.12872802560927163
0.11606424788351836
0.110387742496011
0.11261891298589699
0.10668377259568639
0.10414261674890703
0.11204276061692305
0.10803851667990426
0.1066160069616559
0.1108089745768378
0.10980181607565974
0.09979799753586872
0.0913317464077149
0.09692237555493982
0.09523083808613446
0.09134137062972364
0.09055169975807413
0.1035005486035313
0.11753213729310455
0.10128777021019814
0.09907157158850403
0.11739728872975455
0.11734858587198638
0.11032916453470368
0.10658749604683598
0.1208622386444085
0.1284369629955386
0.12556344986233656
0.12315632544506486
0.12228899866297846
0.12363347263664519
0.12625606779347975
0.12359672346389142
0.12570489616571337
0.12473372797811935
0.11395056721952121
0.11158470990244555
0.11422137669921859
0.11358139061116772
0.11072385036730159
0.11883765380720808
0.1100311452483863
0.11477478580686283
0.1341239405717646
0.12560513808062837
0.10853111283678528
0.1144042799651159
0.11958408622873576
0.13001577168198641
0.1297700193641769
0.1250723646025878
0.11987842911293323
0.11950434446800659
0.12659844299058823
0.11112150203016108
0.1145407818163609
0.11852021623046832
0.11616313259895161
0.12087439861024649
0.11579037535941944
0.1085019644345671
0.1061493698587054
0.11815773148710389
0.11335136394148838
0.10337962391711086
0.10767858164199753
0.10642004258965221
0.10149890888939489
0.10441188066383093
0.10228946294183627
0.10149015576131261
0.11882035767277915
0.11484248549728251
0.10587704945681699
0.11158018251250343
0.11064760701328617
0.10362705674517818
0.10203707839385844
0.10076998424967169
0.10132329224680102
0.09444059311646422
0.0876695971514338
0.09253256960904382
0.10037789891903925
0.11337500906164538
0.10867628797246778
0.10879741441045299
0.11625886416704359
0.10918413310057222
0.1195062108602252
0.11614080504979055
0.10963324853580568
0.11995178462727167
0.11345595377299193
0.11638077200232483
0.120644364764117
0.1104404795621261
0.11315010189572877
0.11643264775686257
0.10967315489253486
0.11362025966554583
0.1172183041601454
0.10646235328431897
0.10979867799772075
0.1161080272003184
0.10787644607504546
0.10588045229897113
0.10005175201451276
0.10559103988608189
0.11171851350895257
0.11126169048059766
0.12015086265671393
0.11384064377343756
0.11001617528846766
0.1311614027713712
0.13583346714262493
0.13251977398093953
0.12833810131249745
0.1295123945461594
0.13008319560262502
0.11555028401863549
0.10250907573611011
0.11479323082313235
0.11734816895386663
0.10214382599901262
0.10814926238384406
0.11234879454553721
0.11080622010497557
0.11358076229637888
0.11421684053690152
0.11742362561888173
0.1161892015449848
0.10812493562117995
0.10566933374625516
0.09922902903266122
0.09844983351702877
0.10164510812146407
0.11032556472172894
0.11794707760372655
0.10633479702639062
0.10519693253734538
0.11243074700425942
0.11724612657953172
0.11662633935801271
0.10782096437350797
0.10708133608345347
0.1127023051516948
0.11037002384099508
0.09717840625637669
0.0966803614726738
0.09719264030379694
0.09966409797996074
0.09251677996152435
0.08496933595952734
0.09425586162575024
0.09979174374026767
0.10046243727267466
0.09292564657946575
0.10494203018452776
0.1033470312495827
0.09200923254396778
0.09191981947873519
0.08999140205627983
0.08109591312984911
0.07180609756240654
0.06711055942793714
0.07636230937244734
0.07369766508773795
0.06710986019694186
0.06720704671455842
0.08498019489308593
0.09599129150217553
0.08514696045328289
0.08647537528607237
0.09726190647656553
0.09850343448207463
0.09673699199688958
0.09839574067254675
0.09999808911341693
0.11643020056085764
0.12024146203494361
0.10537222026491824
0.0971834707657445
0.09248111944411329
0.08469995304550014
0.08440698391101138
0.09204512143933931
0.09981451493330852
0.08658179783693622
0.08888226945824601
0.0914359467431141
0.08958450776415156
0.09471688159294292
0.08816360507322774
0.09604922563548522
0.09918162923821958
0.0854655385655916
0.08073226998856792
0.08604528634500298
0.0802709653537244
0.07305675067839043
0.079150292028737
0.06864688464984837
0.06344186605787593
0.07520188854144019
0.0705469730130499
0.058971928794414305
0.06261177014688014
0.06811685952603579
0.06720096461895901
0.06492245486967747
0.06652868037302802
0.07351774981895427
0.0764666371682389
0.07373858509188727
0.08267301142324679
0.08473026920868858
0.09323290714184132
0.09030714908444513
0.07546345783015344
0.08309098775846085
0.08936640484086338
0.09332721374735306
0.09006997171696231
0.08280013665480401
0.08199047168563078
0.06500720672669257
0.06586540915914026
0.0776366649131057
0.08114121909324855
0.07600746219163984
0.0737074178808903
0.07760461198023112
0.08351581749952457
0.08893249856863213
0.08904104681303669
0.08555208851834137
0.08365939916110968
0.08238537346706938
0.07177868616130885
0.07024394984432886
0.06705851912792495
0.08073963038589062
0.09359481080350779
0.08035672255295007
0.07267145814421
0.07092068239342182
0.07820837403246547
0.07981324390693567
0.07504820376547629
0.07090298724871331
0.06351923088168826
0.057747200008248956
0.05997782320445198
0.06593458932472104
0.06480383578192696
0.052478867471980065
0.051564308612244
0.049250922826086875
0.05022298901572073
0.050914567868389805
0.05542979188968407
0.06099117248887875
0.06224185777279509
0.0520093062171268
0.05023870412583732
0.05537253736346889
0.05364139603602261
0.05011939772886484
0.052908830866154416
0.05920395260754917
0.05187033140392092
0.04567894838390617
0.05603759002812811
0.057686277826611135
0.04962218041224751
0.055159652688701766
0.06115533179201629
0.05618075204426301
0.05504283845809195
0.06140668172254101
0.05297484442303272
0.05367622219714274
0.05405058087495429
0.057975154506432
0.057499981987359
0.04204047860354988
0.037260218278659045
0.040080389159831524
0.04095127686004655
0.04352507768606994
0.041326411862661894
0.04197203462470206
0.051477243025583166
0.05734044105479899
0.060299642226847694
0.06366604098904047
0.056876405637176566
0.04947195726186976
0.0524591309628679
0.058358637518756584
0.05510619462428076
0.04932469250131407
0.05279424559889321
0.06118221172373626
0.06882501567473952
0.05877791022106446
0.055409113355179465
0.07248714831287914
0.06900617281770133
0.05907964290474779
0.0753981669454416
0.07282711711204397
0.058499938291411833
0.059144492563096646
0.06358858719679915
0.06242264491098787
0.06074975204532597
0.0759127010810905
0.07773940792032134
0.06984882712281176
0.068058164378728
0.08057788268658639
0.07340328301052598
0.061327878441234836
0.0808453640842759
0.08959391248869471
0.07616012991616174
0.06720536698342731
0.0727251190966847
0.0698438572097858
0.06153387510317002
0.06117400419727162
0.0740749367891872
0.06844432715273241
0.0548439148172739
0.058258767236755146
0.049034330911653864
0.056786802926281174
0.05638674441828942
0.0492870008813897
0.05412056655560099
0.0536852528813314
0.06299627653599799
0.05597103261724004
0.047994123063007106
0.051923051813569036
0.045781996894238904
0.050967560637111595
0.045315141814280875
0.049961827697324775
0.051744707075560455
0.047021499289146375
0.05440027039020813
0.0613534118267884
0.06429901241440598
0.062158652786373544
0.055557371980976294
0.05814795098601575
0.058047844950657394
0.06000043588997018
0.05492875667161955
0.06074727729722133
0.06135845432302294
0.04748363433400214
0.04688035814281124
0.05613206741177307
0.05481437363049286
0.042772370091514536
0.04737922416580373
0.04761910402356382
0.044224944111266595
0.05055726785892363
0.046471918937157755
0.050008122912013786
0.05346154033520091
0.05853214220878167
0.05525264038593622
0.04347442358801484
0.0542576008508365
0.05407803258458604
0.044545633533438295
0.054613802549149514
0.05113187352479038
0.051727823510316046
0.05091063991345689
0.043145424007277035
0.048791390874875835
0.04597820322698869
0.053192589285353926
0.053270634876326474
0.05118414735721871
0.0569067133003799
0.053062555240161485
0.05376064214939063
0.05947013362336891
0.06080194758730886
0.06743738378474147
0.07481879984099217
0.07156453207328148
0.06994043576338956
0.06129448533578837
0.06232782957192391
0.06487084400155978
0.06201049935822916
0.06554702876013103
0.06679600842526257
0.06404444087633408
0.06574743570383883
0.06632915438089677
0.06597649298431447
0.0713050819664306
0.07107070725645183
0.06537747352559568
0.06517150024864136
0.0690785101427852
0.061294574493906254
0.06697468795503299
0.07252788380349268
0.06656310087990486
0.06232547664445708
0.0745604944742585
0.07294827368146649
0.06680507912638498
0.07477309807675617
0.08843389606457545
0.07567962595685003
0.06925007811839257
0.08080126522890331
0.0751089113296213
0.06835203419182562
0.07593998354575776
0.06906045266604104
0.06029202426939006
0.06666901656059716
0.058605645584785135
0.061095860367097084
0.05826052888094503
0.05942153328946103
0.06582097582819454
0.06169729503115364
0.0572326415317272
0.06124351394547378
0.07469352213481359
0.059498660229965035
0.0607373832055553
0.06332468937882194
0.05387961083596812
0.05779885317816884
0.06029904571434221
0.05896962652853983
0.0626420029245375
0.07349086607848415
0.06949856369432983
0.05927951823855837
0.07054010229528057
0.06904158033344293
0.07079270404204326
0.06699696161643372
0.06426920440635428
0.05965167666040255
0.06486752237804984
0.06946239916160675
0.06849388387770901
0.06399977610737677
0.0679357606467978
0.061396501505993406
0.060305313935069035
0.06333943020461637
0.0656510842033584
0.07627671546246205
0.06449901257076303
0.06277640202568001
0.06079781618812163
0.06336664132002064
0.06336020354271164
0.062259458770139636
0.06905375952779379
0.06675548303241587
0.060358878629075054
0.05518554400652193
0.050791175525826876
0.052952809732638106
0.05019145284084721
0.04667495618361576
0.04706345446476363
0.05008462361649991
0.05332507545977817
0.05210112721039052
0.05095981511132328
0.06082334116295824
0.05943810933831802
0.06657996094569561
0.05712253598532194
0.06083578470436636
0.06448115553270874
0.06408268348486575
0.06338161223265548
0.04979825162274581
0.051446065189009245
0.050531834447594876
0.05594985706809094
0.05566943212723316
0.0532428603970464
0.054595892198675604
0.051312238562997936
0.05737255936605295
0.06017829104918181
0.0601887383171427
0.047432817573385695
0.04433247183288656
0.04547326435676378
0.041716151224661054
0.04624139603424233
0.04387600487369458
0.04491934435892959
0.0645073341833681
0.07897413574131511
0.07209668002731916
0.06841375215410803
0.07753898651048789
0.07565219061138409
0.06575737957281352
0.06468390683342154
0.06770556212491104
0.07454256608278716
0.07488458545929493
0.07344041903828535
0.06930782848432131
0.06923945400484689
0.07983367839846364
0.08363924826800505
0.08796662382531406
0.092435392218215
0.07911793856244155
0.07469514130155915
0.07911089166616689
0.07780143705142663
0.07652702831125247
0.06904098049266136
0.07885497544341505
0.08831919694361182
0.09239874766328862
0.0923610302653767
0.10428420898858726
0.1181193894373726
0.1105784214953523
0.09794988189036206
0.10370577592225004
0.10015442313659453
0.08618201448307244
0.08431028563156864
0.09494969165194199
0.08347677324053801
0.07507344543138482
0.08589557551677586
0.08071817802950339
0.07859520386583384
0.08497384771762975
0.08926430580431832
0.0737556797599334
0.07206481949677754
0.07346365884491222
0.07671421863771917
0.07935637191161099
0.07663369772401064
0.07845823323007037
0.08802786166584332
0.08205649381265359
0.08091385691074673
0.09596210779964998
0.09878229169353422
0.09482446389911461
0.09382366709306056
0.09668131456511923
0.08961422060733654
0.08343261831291011
0.08121508925017276
0.07265294988705259
0.07106333121630486
0.07153793562009068
0.06949025181092147
0.07041080448820387
0.07449693153110455
0.08844958789338676
0.0906894269224536
0.0715242141947965
0.07171645721132872
0.07689035811674362
0.0747422015629337
0.0737193784814
0.07367308615013263
0.08220400511865136
0.0833851946108865
0.08606161296386092
0.08588465538748105
0.09173003658251827
0.10838910924840223
0.10330813889545978
0.09391728402799784
0.09511988368460322
0.08750278669889773
0.08876409925618257
0.10028285534826767
0.09679288210021902
0.08758348446590761
0.08584106524323076
0.0888261167547605
0.07824765774540728
0.07850444200220132
0.09563836698543732
0.10143109201522454
0.10098755796298747
0.10449272511906744
0.10793361518715514
0.11350637271134896
0.09937638716090764
0.09645596871472796
0.10539193887245528
0.10670098685961188
0.09715395022425641
0.1021097189613934
0.1161762851620196
0.11212461138381566
0.10929476356338551
0.11475885735326105
0.11213437833583897
0.09592670444351388
0.09180894337962973
0.09755127561809654
0.09529085961255349
0.08881214221384554
0.10098993697221204
0.09634868328903975
0.0944071285806921
0.11525244634165101
0.11160605544230733
0.10893782334346062
0.11355735928316642
0.11702663521295313
0.11002419903646839
0.11688892982979769
0.11717388162455335
0.1205148821041931
0.1303285135555586
0.13959587148681454
0.13644976460622465
0.12032050521476859
0.13001544300278148
0.12469495565535407
0.13568076245935803
0.12742752927887915
0.11458449208258752
0.1138129542514779
0.10474512585343805
0.10256145707056727
0.10658952952527054
0.10383617684661336
0.10254436667476798
0.10386259342211816
0.11873817667803285
0.12982235404205114
0.14427410216011677
0.14620697206542005
0.13652500280184926
0.15269812204715338
0.13817186040702548
0.1297134335952881
0.13354209579414017
0.11712328775774764
0.1075059807287434
0.10829431922278947
0.10534533332739365
0.11546668654696435
0.1206422948567629
0.1214474986941192
0.1075137658163756
0.11881187807466351
0.1185380447872342
0.10528472227881332
0.1012427460671368
0.08408969469304889
0.07770462315766807
0.0877606813321809
0.09577036683816387
0.09492452349560894
0.09152787671021245
0.09427031219148706
0.11670725048979054
0.12029943483944196
0.10749231625509931
0.11597405849486392
0.12756801377689753
0.10976228158286334
0.10395496992908282
0.10794302146179369
0.10032230971316916
0.10031920210709962
0.0898979665683703
0.09544873033077096
0.10515101659350895
0.10547731053040162
0.11383110220357665
0.11617132041505442
0.13370078826428836
0.12877988653764771
0.11028988249848337
0.10844415000216542
0.11989058050568746
0.1172045216953813
0.1031830360085095
0.10179762173000913
0.11281744389251505
0.12876930209546117
0.12928940684561674
0.1299047193012611
0.1270466870822582
0.12989213901432167
0.13131587597254493
0.11735685852912428
0.11542566926750626
0.10505859995336327
0.09391116867811003
0.10425075483530045
0.10750720536500391
0.1009927401060829
0.09163184760005337
0.10287273400445346
0.1044103366738432
0.10119846160882576
0.10216004230261558
0.09720282951747855
0.10373835724609703
0.10697035516104458
0.10232926938210911
0.10059181828589993
0.09346052711163039
0.09698148611343442
0.09827043405570296
0.09537511420725842
0.09403767539498982
0.09562652432784279
0.08620744889527018
0.10216504487324424
0.11047229063349895
0.0967167337520188
0.09698161258850659
0.09477163075726154
0.09200539862867488
0.09843435549447273
0.10285562308031061
0.09964160043269993
0.10559294660292085
0.1184842892706245
0.11520979224369078
0.11208436529098507
0.12247119279308594
0.11481776555824956
0.10365483853543166
0.10709546828614706
0.10668403445329316
0.10600607372438835
0.11170585746172983
0.12810629241009136
0.1293281393730395
0.1318601494921921
0.13019318143536732
0.12292790209464902
0.13590500538143618
0.1281882995197232
0.12054747873737075
0.11916382932944215
0.12007980050467748
0.13090529773368767
0.11867581536934396
0.10723584064215601
0.11613769759542654
0.12814204775015586
0.12299374624200915
0.11353747791434783
0.13994876215560204
0.13964725335309733
0.12335864993500203
0.1289205837424896
0.1259057913748264
0.12197411654286303
0.1122225002680503
0.11058906466618143
0.10644022818253124
0.09098425266064208
0.09814972005035176
0.11035482942736291
0.10413314744507494
0.11251879987454981
0.11736395946127831
0.11469808946987067
0.11155667336885525
0.1245494339008999
0.11538889568174904
0.11667519905299943
0.1308755319088299
0.11236343290773884
0.10468861834855278
0.10840600867975506
0.11525923755863278
0.11411161421789869
0.11445709338198627
0.12291809738466333
0.11189858555231691
0.10987589219430836
0.12367762444752811
0.12217553620367293
0.0991954545927832
0.09909704324769292
0.10666516906253631
0.1032026286367972
0.09897745031384868
0.1070299006639437
0.10329969391298277
0.11401389081588321
0.11224035872433105
0.10856450644904195
0.10934085514813197
0.10641796305879726
0.11974772384492884
0.12141247931709973
0.11487287162796428
0.12285782103752406
0.1215089095392893
0.12785094789797477
0.12803971967245784
0.12059616996162753
0.11741723153150246
0.11194391804118538
0.11821778550656684
0.11522677455302033
0.10415624330204602
0.11393534327637139
0.12685406398556442
0.10955939730535597
0.09830093292689583
0.12395777429720349
0.12843553933066632
0.12443810677723871
0.12314700948027761
0.13426334735135695
0.13610432571300463
0.11780067724191173
0.12313653905824806
0.13298715096968333
0.12726063318613648
0.12429659495641628
0.12710451233251047
0.1314929982597295
0.13220698210000262
0.1149539607791712
0.1203317626766412
0.12205112170080124
0.12026731756270746
0.1196587706123386
0.12260051904007477
0.12397862136338723
0.12209433057146879
0.11933659878943559
0.11760557859649952
0.11313771762788834
0.10850139506059134
0.11140342280926982
0.10970539505813962
0.09306569229646042
0.09372680746060841
0.09672555673346707
0.10230901034743449
0.10324531336359039
0.09836119291829737
0.09572048480114201
0.09172215879375478
0.0944099335807117
0.08848579442829581
0.08173862365435636
0.09009497082366336
0.08896033957748489
0.08405559362877038
0.09160465507948043
0.08590009032218869
0.08917432557574691
0.08977712492527187
0.09091849315071827
0.08942188223486315
0.07716638314154896
0.08949903539628741
0.09358820048280717
0.0975462926140338
0.09271465123592429
0.0875911711954637
0.09291265429195164
0.07915863426573409
0.07924599907200441
0.08107696044613742
0.08269384355221905
0.08026535777982191
0.07444783402021704
0.07724928986189733
0.08059927689653267
0.08395512795343206
0.08895056811208239
0.08465536757529218
0.07129351421226643
0.0740530290183649
0.07789756634018595
0.06465385717801982
0.06344496967888688
0.05683686423629569
0.06840036101398196
0.07697322994186775
0.06946544638903922
0.06158129539737321
0.0669592668196936
0.08045497160960012
0.07071469249052885
0.05775176490359893
0.060913027779720415
0.06479400350709183
0.06813327983350496
0.06102959678632982
0.05925434639735955
0.061400319138197816
0.06518670874751398
0.06824568322900579
0.06354773955312054
0.059406326551823874
0.06923480989540011
0.06575588833230372
0.0591381753039506
0.06412517856251929
0.06571551187502979
0.0713755673045807
0.07078400276977014
0.0688709589101473
0.06353122126225626
0.06234123464476762
0.06035736713850039
0.05698254437722076
0.05473795512656584
0.06397806240364508
0.06295971429663132
0.059454800334877156
0.05995457615882773
0.05952305882917877
0.0731132084775952
0.08161755480854894
0.07200698184578816
0.07163658724334976
0.06833790418486199
0.0643960118766514
0.05957995402684907
0.0653394333697523
0.06727837611248218
0.05340123487973537
0.05252319453758948
0.053295449549845976
0.05865431398767737
0.058149720482796576
0.05575530448137695
0.0524090611074477
0.040951772996759804
0.04612529874634137
0.05658955742081008
0.044781526616158834
0.04009587193282377
0.045270940224189905
0.04240489154692214
0.04437150179633858
0.047150947793774496
0.04387963152765425
0.04658741718907832
0.047890700515370324
0.04610617234092145
0.044542808427129564
0.03804066828937942
0.04108180802250357
0.039029641797910394
0.045156799959274456
0.04514344111749722
0.03925668740964856
0.042623106087434456
0.04374526253740281
0.04530885059838113
0.04227293320153881
0.04108173976069975
0.041810564869518056
0.03707153016701375
0.04032588205589462
0.0331909103167484
0.03353840641671664
0.040597481351821854
0.0397620998742252
0.041483583145695085
0.036713880735803124
0.03935130043054231
0.03749732101873628
0.04000062864433949
0.03441389005366867
0.0398074942277979
0.04077301901837738
0.03208518181255112
0.041600122783554745
0.04280685670065741
0.044945278758820456
0.0428540224833325
0.0373261555940685
0.04310222192125995
0.03708219967733761
0.03778258479775579
0.045197881360740724
0.049430812662654575
0.04711775921018925
0.05192798137773312
0.05546885933584245
0.049371837796516604
0.05102434497263746
0.050322582733364936
0.043983677857314274
0.03965414617260196
0.04598472896725936
0.036553952605249726
0.03735600816678347
0.043836804422125064
0.04027641209207228
0.04274547622029501
0.04301788648942591
0.04445490849774262
0.04726255839261897
0.04892988456476798
0.05491981535978294
0.04897274873951647
0.054511815196831834
0.054615105139206796
0.05454304539042045
0.05540382105892158
0.056557291161719946
0.0604911916855876
0.05908180753051669
0.05791980002971116
0.060782679012362464
0.05925254970487722
0.05494211184549591
0.055754322746089796
0.05243099491781307
0.05590028406950758
0.06810104443300395
0.058432676268845116
0.050377568449450544
0.05543924914074076
0.04993631687987138
0.04578450949130075
0.04936054905025147
0.051897154889892355
0.047302739995139835
0.04743829413158199
0.047636752875842174
0.05284255626338365
0.04858587069420708
0.04481317760547407
0.05243567779668556
0.05071671205898171
0.0495488576887183
0.04753644709376912
0.050813913321749574
0.056621184200117566
0.04946744707619071
0.05160565743746326
0.052591434407843196
0.051003987850363114
0.053000839002448806
0.05080849833287498
0.05162468545335669
0.04937695229169159
0.04671868700460274
0.05817850616436444
0.06086899486659948
0.06364877286350229
0.05550354377268553
0.05602690786966798
0.060602298859138606
0.07224924443127233
0.07430857868553312
0.07412957065414888
0.07366504794916907
0.07000849237336192
0.06698168466675845
0.057838936876880354
0.06501614170316518
0.06181355331932252
0.06421068907818289
0.06429898316704828
0.06852971993400656
0.07838623178432966
0.06747294607487168
0.07788018814928974
0.08647930663382127
0.08168170973187007
0.07860003915829464
0.0730992328049794
0.07516561181394503
0.08045868121699158
0.08160352565067433
0.07906001114075942
0.0825577106577215
0.08592666089858353
0.09185107419811114
0.0803638162884105
0.09504896938302722
0.0971794698647228
0.10699857542199837
0.10959136510077427
0.10404649302966694
0.09795873835335416
0.09707021936835517
0.0979757866520711
0.10428722927512712
0.09787835403458675
0.1004153674463955
0.11846495546866374
0.10787628598910844
0.10220041299942065
0.11761393156972422
0.10595799127141295
0.09391532658035669
0.10739756291273325
0.11388692972080151
0.09778547965632234
0.09667567798294097
0.10539120007191417
0.09326222391497511
0.09361743862672942
0.11058098521059403
0.09760911552872802
0.09522769828994089
0.09288954762342785
0.08960752536322426
0.08874786862702651
0.08762432719639947
0.10611058495846712
0.1074500032732552
0.09644447049458242
0.09790170564437829
0.09904164392009375
0.10419119188391397
0.10288183897763424
0.09830096468855624
0.09275217619038519
0.099137895000107
0.0922962363449332
0.08577132153958435
0.08537175432698953
0.08481163388420584
0.08350439504704205
0.08599180523034303
0.08246490788031426
0.08537190629116834
0.08447240031664159
0.08910360186425385
0.1028022601302341
0.11551913481270494
0.11206258716977321
0.10877670831084732
0.11006546575270848
0.10728796532714627
0.1006161658190715
0.09482280707949148
0.10492902088575085
0.10319671350437074
0.10028401267214404
0.1039989472390954
0.09970160082740782
0.10380509754382006
0.10540632707528785
0.10268708519332667
0.09714622590855344
0.09305797208690049
0.0990708542135483
0.10664298358228706
0.09715771381413706
0.0822345443168815
0.09094122213249996
0.09918879454528999
0.10102052375547435
0.10725485155935986
0.11745332989940535
0.12062922523371734
0.13176273411468578
0.11917646419048725
0.11723843397783226
0.1268291603896083
0.11907574675028913
0.10718094942973862
0.11853893087300998
0.11979403115441953
0.1063669864498685
0.11071195011267343
0.12122101619830672
0.11944434521952128
0.1209243353082768
0.11111104243055912
0.12248816631848518
0.11741099671393532
0.1119863462471932
0.1095356072629097
0.09740148540698407
0.10167052852860127
0.10595379247564785
0.11325482857927084
0.10736765068068897
0.10383057993400076
0.11333006781249043
0.10987091979347499
0.10186458531984066
0.10833178415613165
0.10307447726373728
0.09474673333658731
0.09117788370732874
0.09396395987925552
0.09099258650590973
0.08664349223161798
0.08677745180437224
0.1047981607167406
0.10685468172838317
0.09175280652872443
0.10045049127126773
0.10339327898880249
0.09977631491320803
0.10210429256192248
0.11233053388742638
0.10653651757833968
0.10058110844947539
0.10669601810513861
0.09152554645530031
0.08787683751789026
0.09213238044966988
0.09317976045824174
0.09698072377580713
0.09426371756241284
0.08508096185155108
0.07541660017554172
0.08776045511210975
0.08463773244012031
0.08512248872171124
0.0898248640336505
0.08204152261741261
0.07310995698870776
0.0890759231840735
0.10049301121750487
0.08596737109150539
0.08599177008489632
0.09846894475163259
0.11142842110375895
0.10183368541512708
0.09596816480764192
0.10239539548436072
0.10636313142445457
0.09436348471797207
0.0868117512579511
0.09113364629073278
0.09086063740137365
0.09344228589101622
0.08743168857207033
0.09578804998791274
0.09843140257856478
0.09283022275888599
0.09200848408628554
0.09166007771685203
0.08619489347563719
0.08572878400050783
0.09542272315655817
0.10212031402165105
0.0882975333551197
0.08301372525311942
0.09650450635109144
0.1008303238967818
0.09157373943045646
0.09711562741680414
0.10559390651791065
0.0962197669497932
0.09102048038478044
0.09835858671447703
0.0891468505582358
0.08459600175605518
0.08890235983827136
0.08899430322323715
0.08610905926960394
0.08663782894378479
0.08862846445914666
0.07718267937774957
0.0778550879417136
0.08094806030335029
0.06315504174005997
0.06795663851697711
0.06553282341317206
0.06070067142178969
0.06511414048323905
0.07597017154760316
0.07888182539423484
0.07109987425486435
0.0792530124810215
0.07744986745086448
0.07729471980697876
0.0805411181335945
0.08207026336484996
0.0795317914268791
0.07234488411485167
0.08016163981179081
0.07999722046221969
0.07177084161558446
0.07626552994663365
0.08415910969595905
0.09315033263366972
0.09627576145504346
0.10148503838282527
0.09604228057772059
0.08575074803052504
0.09808107816002908
0.10384571360783212
0.09926512490753128
0.10188387013773326
0.09538584456339441
0.0870585093980747
0.08810559466092008
0.08332382844992545
0.08226481066992586
0.07892799797936205
0.08440756451824329
0.09075996395539489
0.08833694156875467
0.08414747770967107
0.08480556063001848
0.09512337683745337
0.09609356063373264
0.09404113013069242
0.09690447055928475
0.10447299352871516
0.09144205906188295
0.09370164950217981
0.09134236821211765
0.07936482194659408
0.07123594161312669
0.0665637322437593
0.06260222826003659
0.05393815494862327
0.06337069458358713
0.06454966245405185
0.052002559882045024
0.05312927176548677
0.05897508946578207
0.05598561415467395
0.05796876396907996
0.06482089717634246
0.06795281962606081
0.07431389262722171
0.08616579974206191
0.08963843691074795
0.10139341143454524
0.12076814896310938
0.12982884874158343
0.12429304290410756
0.12159586641806767
0.11805961643669961
0.10199656744585116
0.09627392406133797
0.09121366508214514
0.09033581605319804
0.08451872644430342
0.08466717548997416
0.08971496331867207
0.0990413682172431
0.10609940713377433
0.10904010753891585
0.1080638672353222
0.10897640645783971
0.09538546496757913
0.09868754970982725
0.11007701105560615
0.10646038592605767
0.10884775472862673
0.11260130284447598
0.12279881677481322
0.12996383216309662
0.13351398476756568
0.12115785748592757
0.12875762109993133
0.1354509707970931
0.10912019903581466
0.09467980394019622
0.09692385334033715
0.0982178028960238
0.0914901695364175
0.07696774983490702
0.08166480909673694
0.08597421435114086
0.07498599290136711
0.08000753325170705
0.08085421408734207
0.07634222379903852
0.07133710165777513
0.07260448605585497
0.07737738649192749
0.07573242700733551
0.07577962223144788
0.08260062296779298
0.08829377155319472
0.09795279646296177
0.09583026923703343
0.10211492206512209
0.11250657472855435
0.10725343053373639
0.10594396828400705
0.11119356256545229
0.11430362810263431
0.10939766169687024
0.11117504936283064
0.10978359815892454
0.11313878917023257
0.1138726765898597
0.10971272296449355
0.10316697521947965
0.10850649239407845
0.11167583943300705
0.1014872688855629
0.09738765400344677
0.10787427794575506
0.11584183549606122
0.11648811912828033
0.11675058260904661
0.12221744345835822
0.12775484598108014
0.13522757630610627
0.15041294801740615
0.1464939394581796
0.13003072074378488
0.13144060653760742
0.13484599051844195
0.13347318021675716
0.12366245501246956
0.1276933527313631
0.135993970807876
0.13247452230421708
0.13091904604211382
0.1271661077143582
0.1280536440008951
0.13253306968954204
0.1382049817220942
0.13702628037715392
0.14274549151972696
0.1488867780417278
0.14819893692842012
0.14053752339937822
0.12429236506127192
0.14674913419032812
0.15817375897214983
0.1471925066388693
0.13481545937600073
0.15322976494845642
0.1599247364157945
0.1495223571898905
0.15433187699888704
0.1569356662537233
0.13773171652945176
0.12190351972059878
0.1233346303670691
0.12490809780989073
0.11914268265060614
0.11364000936401467
0.12449483335450802
0.1269963171478529
0.11419088172058539
0.10771167134794217
0.11867802883548814
0.13008642776645413
0.12343063140204102
0.10949711355267858
0.10667032110612037
0.11753496323280459
0.12164207156415734
0.1243873607926643
0.1320373699474799
0.13843339799852294
0.1367232765011012
0.1362170929683236
0.14123576165470772
0.1448711227154965
0.14541717237604435
0.1414136948174488
0.14217457927129482
0.15671418333246315
0.1458449939071323
0.13678411280017325
0.14458898648330004
