1.1742324973860241e-31
0.02232970698224867
0.06083067334966225
0.08986854090971502
0.11222528791624432
0.13716756162650162
0.15668019606780978
0.17441301588230115
0.19160473957993454
0.20607631267009802
0.2224451557617586
0.24781264796963673
0.27904404642336295
0.3079821627307513
0.34364275271856676
0.34411468660227706
0.3240670548803827
0.27308653013997447
0.26173624072648477
0.2599998693411744
0.28956682824958097
0.30171984313896794
0.3011422475726562
0.29072355741858713
0.280315641426193
0.27465009881447516
0.2628731178128376
0.24260010487032055
0.21113921627519586
0.1780928584778808
0.157446341848719
0.1530117157938227
0.1539103329673287
0.152770630674314
0.15120037870613257
0.15399438648703206
0.15642089649490867
0.15041741739042783
0.1437136995776183
0.14594073615509814
0.15315528312327598
0.1712508302148089
0.18181038726024548
0.20078896798097648
0.21644013888936675
0.2437202848181762
0.24606609329279486
0.2446686696431846
0.2469729679612644
0.24979606387080763
0.2458978337160825
0.2531814118954923
0.2728741077763787
0.2841174019575803
0.2888993166547566
0.2772722478832802
0.25919258314841315
0.24982488148463877
0.23121367068756749
0.21204146744419058
0.21770079775219112
0.22880187850497702
0.2307785186372225
0.22240985357482784
0.21173588587215947
0.19115462157846372
0.16821267802126388
0.15134891987205837
0.13836763941474944
0.12759502656645325
0.1269624154706615
0.1323568360824356
0.14500814354859726
0.15685563637680044
0.17318302695231813
0.18038838040381255
0.19528848065377824
0.20074229962491705
0.20034423639369273
0.19989206037812524
0.21785615629072427
0.2438543897066755
0.27257921124885665
0.29327025829141473
0.3214851414195285
0.3226909080170758
0.30134537504770526
0.2783889842674764
0.24715396331819633
0.2212455844681287
0.22779085168796245
0.22425417853170646
0.22120389333432858
0.21436314749494673
0.21765416680404404
0.22189017060164154
0.21922968629503703
0.2126216790614818
0.20827932128438328
0.1986766034619387
0.1771545309190188
0.1658400302097488
0.16710883217099104
0.1672544657961571
0.16417268798582174
0.17047276013891277
0.17848948573300463
0.18646783831771335
0.19252991514193146
0.19667162971478946
0.19615312218863173
0.19526273186836046
0.2001473702065485
0.21050641817776883
0.22827254090613566
0.2455625092171379
0.24462986875314893
0.2308905674233335
0.23363263297107653
0.24380968347207618
0.24170198513838206
0.24104311982260648
0.2387953335836257
0.2329438223047303
0.21113699332553834
0.20083211603701892
0.21438872643642748
0.2461838942739861
0.2599768248149372
0.26910504895679715
0.2585036596683749
0.24556466536100657
0.2105295736727284
0.18517709919647335
0.16383145971225618
0.16319368314423008
0.1648509517350155
0.17224062244901095
0.17575897958823064
0.18663904603314463
0.18931766793271262
0.1865747817210333
0.1807609367326881
0.18376157236935045
0.18832303467187494
0.18598106561251646
0.1813389821373462
0.17425451789262456
0.18371119008890835
0.18982961176042784
0.20800759049535805
0.21992734923780996
0.24100346857063032
0.23712724626933035
0.2512747907907782
0.24890007291434268
0.2649667223937182
0.2610785534027003
0.276190089074283
0.25457956312271335
0.24342985198611278
0.21463373934111848
0.20368116865846791
0.1925072165671913
0.186099737844802
0.19143264866973114
0.20454497344614753
0.21148732176022958
0.20870507582037562
0.20508178498287147
0.19466855750709808
0.1847526231185617
0.1706163059401521
0.1567241411972484
0.14738595443162164
0.1458696790264503
0.14459724466029147
0.14586192989529784
0.14475097767576223
0.14480457327296578
0.14204837710156729
0.14943898059616484
0.17486733473107124
0.19767536487569903
0.22521937305218212
0.23603256544947532
0.2347732638232433
0.23272484662599727
0.23389398379129742
0.22673504393583588
0.2227351442584961
0.2435932628532656
0.25700897810020135
0.2719252094966564
0.2646921929188295
0.24445156556983186
0.21806767555659837
0.21757208573517245
0.21313431600712543
0.21930103433166195
0.2161111627985877
0.20487679105205345
0.1947791180751209
0.1869452878348712
0.17969530960144064
0.16561253722868524
0.15190683637172686
0.15045943545568813
0.15034376356408388
0.15012698702569074
0.1445878406416844
0.14557332994383318
0.15592923109382234
0.16477348425266705
0.17870228067483424
0.18475627681706266
0.2017290014920315
0.20607388183344877
0.2208666573751557
0.2159010917362698
0.22966887466954677
0.23975445462898023
0.25503343536189504
0.24370510459638822
0.23829933726665387
0.24757619477503387
0.269671721314628
0.2685094314272365
0.2540273034148877
0.2346426352459285
0.22178382515473707
0.20985398666855962
0.2025661110301499
0.19343435074181106
0.1858520072054054
0.1784062070639051
0.17805461360839234
0.1727265116899759
0.17416584188831932
0.16864519904431027
0.1719831996176956
0.16627859125273947
0.16986642509824623
0.16890953217271218
0.1765418383751849
0.16882373532685638
0.16067903248925514
0.15046454388767985
0.15393749693417014
0.16837224063977352
0.1858658796165138
0.20705155960330632
0.22621239938826931
0.2569492763014851
0.28913662248635863
0.3143959659302555
0.3102437039531664
0.27452698455004365
0.23734035558882274
0.22728207892552504
0.22996222097814933
0.21696830593945907
0.21063550286270802
0.22063956363995157
0.23489472792970784
0.23421620737597976
0.22307042039827982
0.20138149715646647
0.17570953924354094
0.16847866872940354
0.17037955136182334
0.1785703779281847
0.18432869445439645
0.20346075269344602
0.2060954209264302
0.20513981801263606
0.19435225674679016
0.18279683481979905
0.17606146427479158
0.17980342795521403
0.18924913173105457
0.19392104530693557
0.20479708214412226
0.20844640646394394
0.20694894520821203
0.20349381702689975
0.20799069181783308
0.21324355323186864
0.22719504779913677
0.23613212029146322
0.2475356928006203
0.24309026189753538
0.23843329957502238
0.2443991176988848
0.23826258366678768
0.24127861036848142
0.23867147425693208
0.23969463926441226
0.23497533223148012
0.23854346538804655
0.2279697410671079
0.23743742526553785
0.23130615185575018
0.22375712737902165
0.2035886193663518
0.19960901491307248
0.1918275407575571
0.18952752769674477
0.18163634891156605
0.1827521108310766
0.1816330975616554
0.18404130299101207
0.17469520532816726
0.17371689785730463
0.17468240764741824
0.18199224713706363
0.18401668638377114
0.19950277478675138
0.21932188158924495
0.245832127094708
0.2613010482264561
0.25667058749936655
0.26814241212110174
0.2812392211696178
0.286913339802436
0.27264819209823987
0.26111038336408643
0.23489021715859468
0.21559439653574783
0.19518098990867544
0.18846428765670536
0.17939534269247812
0.1973731108924635
0.1985508711205116
0.19933712370088902
0.1884363382695947
0.18428513138129038
0.18157609893851728
0.1845399717937793
0.1798612483668787
0.17519164179833902
0.17513734800146208
0.17461402177963964
0.17716800596637436
0.17830744811421312
0.1907634839656303
0.19879851747726485
0.20172273437736887
0.20180844241365078
0.1995213634610409
0.2002982481383691
0.20853199990219462
0.21373957073588856
0.22365006263613935
0.2414191482293269
0.2549154227131107
0.26510020041237903
0.2744501075691219
0.26341296657230745
0.263058251390971
0.25317142076819354
0.2639031684313775
0.24914567123316514
0.25087980341851507
0.24303411272040315
0.2540921981893041
0.2781330999064094
0.27965493863148766
0.27196667395004204
0.24624349992233396
0.2304837591583263
0.21510823171101415
0.19528954278580385
0.17604051563025325
0.1665651489032177
0.16186171779981112
0.1532570460743014
0.1516032109017353
0.15829798492021538
0.17222079872489593
0.18517858765633993
0.19861944442654095
0.20209637104874004
0.20569686029469303
0.20189602668632523
0.1916158221424641
0.18288752364198982
0.17361350883217389
0.1696192023151338
0.183992257024615
0.20821821089700826
0.24896281974894996
0.27642865099190306
0.3012464146114035
0.2877533109570102
0.26795334903014706
0.24355499125500782
0.24026697982401893
0.22992541898016727
0.22440245749656226
0.22634798840794143
0.21318654046734378
0.1897715481940725
0.17181626141483186
0.1651665522053093
0.1500931581769481
0.13624611081439414
0.13643401038529854
0.13765334299283685
0.14327411218707795
0.1514902622721493
0.16764464103420093
0.17484127648968742
0.1789070034413653
0.19205408373282992
0.2005220505404734
0.20921411539066845
0.2034028674077955
0.2051070549405688
0.2026461520575288
0.2060930274104941
0.21238231260970108
0.2165147918346131
0.2119456723717146
0.20964235388592237
0.20864128965089238
0.2165893795987683
0.23907871986290274
0.25148136028721413
0.26467690898849294
0.2693955040626001
0.28611910669989227
0.27549212207150253
0.2532080423750749
0.21630867092141204
0.1843638367828699
0.16125026681797563
0.1529255511535995
0.15137377179654718
0.16088166464689685
0.17952584094319762
0.19082262644091938
0.19796073714474116
0.1898433734291122
0.18955565830970622
0.18600414417212213
0.18823705057194154
0.17215817776508113
0.16150204799689794
0.1606333353528887
0.16726820338152976
0.18663169042967415
0.20781683373928608
0.22545338973102017
0.235564274760073
0.25427004764617966
0.2804190635594482
0.3002095963962846
0.3092892452920132
0.29873777691968284
0.2818201982574384
0.2783211705002154
0.25343770954729056
0.24388573315635137
0.2321975910035604
0.23572761617272994
0.22665681523502237
0.22049840072176086
0.20544394685955655
0.1989002579943692
0.18309284652142963
0.17444764825982412
0.17275329773765213
0.1655003039687258
0.15766865429644428
0.1409409783947927
0.14064733429277723
0.1539413211805188
0.17104462018603456
0.1839547946959864
0.18884836170387082
0.18948969600073703
0.18150389121096963
0.174777158091904
0.1713343945147349
0.1876864274038828
0.20140847627318728
0.22645256729488453
0.2576087203356745
0.2790912122565406
0.2826015000921861
0.27835763082885856
0.27952514832067854
0.2748435244533611
0.27410686612158564
0.27637525351593195
0.2602576609958459
0.2432180009244313
0.22669998510078823
0.2193841190513984
0.21910854391538917
0.21858319287829647
0.21531491746844628
0.22696928386421075
0.22238053020624837
0.2104281264367501
0.17156727223922577
0.14871197225215463
0.12991052437216083
0.13210933949783216
0.1334535218107341
0.14759279251469754
0.15823965606537352
0.1769147175680468
0.1783491378106241
0.18886529191057763
0.19393100071430514
0.2020760903485095
0.20122210452265543
0.21148410660103945
0.21768414054062415
0.23334295605014693
0.24444955278671757
0.25419451999063947
0.25027194234521505
0.25711589840038
0.26849533579603996
0.26893089579192714
0.2752705284474754
0.2688874065292785
0.2688289121931449
0.24937956459855706
0.25693052430970287
0.25398972275322745
0.25417098385506554
0.2423719554516816
0.23768437917360352
0.21569617306032823
0.19945711085447684
0.17599343101896714
0.17396286136168693
0.1727969243175829
0.17570792158652973
0.19163444887657577
0.20087266758526268
0.21074226551931824
0.21172341767294459
0.20701002596384707
0.19509527107754196
0.1919754366169137
0.19336109593574408
0.19792939884129201
0.2026675876163911
0.20373294333381212
0.20687142502640132
0.1959202222075322
0.20049634252883258
0.20185032540707998
0.23217053794410572
0.2517181851266103
0.27226806851325747
0.2671149137270035
0.24785933841017682
0.22926255344583366
0.209699529846839
0.2041792048165107
0.20703142954448744
0.20192811100186867
0.19296396594184437
0.18531643636071754
0.16828359613690738
0.15927302944954383
0.15324619162664413
0.1510571574789915
0.1437037363332749
0.15007369167529963
0.15902572859028372
0.17580987350142704
0.18487346378694314
0.19200113482794864
0.1823768889872568
0.18080257407493217
0.1775566242740538
0.1834659965837784
0.1867158672571068
0.2061421789886602
0.20537925536149612
0.22131548346698937
0.22700662043943484
0.2388458675024172
0.2263857034352321
0.20822396985278901
0.2028579573302394
0.19395156807030967
0.20378166680762538
0.20917906189176758
0.22213059713639743
0.22382598043366597
0.2144498525264518
0.2025996736416269
0.20446048504251935
0.21492202055820905
0.22177270624274617
0.22374751342837398
0.21476511655033226
0.20380201455062394
0.18578869763990935
0.17660200968512402
0.1739595439317844
0.1610735186969293
0.15512615236655078
0.15973709915353146
0.18123001115302523
0.2008033694576654
0.2140721843983231
0.2161298953195645
0.21794441981918486
0.22136136231453793
0.22861405319585779
0.23366088127576953
0.24333283701810787
0.2545198468609178
0.2698908836708483
0.26760189140725626
0.2642239977580665
0.26360685745327356
0.26203598584292176
0.2649931908040616
0.2530059361067355
0.2632992155039937
0.2622740696300578
0.2575476458479483
0.2514256492376348
0.22987056476957485
0.20269914420089402
0.19113630379152288
0.19425266208409325
0.19119787380535466
0.17766817750615738
0.17499411361333933
0.16620915037208497
0.162809308211099
0.16502475209742976
0.17203886938433044
0.17731203814163768
0.18617087226788917
0.21024815758955756
0.22196562716752008
0.2258918361674138
0.2035622897960439
0.1895905498055239
0.18714209867790055
0.21036952163032144
0.23773415902513523
0.2486844477941442
0.2434627823381788
0.2429295705733524
0.2403051880337292
0.2426843843312174
0.2355659259102324
0.2366439491406294
0.23552195251381755
0.24489677082881278
0.2434031849745274
0.2593215428870981
0.2616900333020585
0.26855187785269685
0.2590503687718357
0.24616586808362267
0.22294612259270108
0.20859456098913506
0.19698699207632345
0.1969558242125921
0.19538543055676816
0.19442630690971188
0.19318730700701225
0.17913313178698703
0.16651465211184796
0.15325897075666045
0.1569627181048768
0.1637181121860118
0.17746565395759809
0.17743744056195676
0.18760227930846182
0.20289165930570918
0.23188232204243606
0.25757270068831556
0.2798603747011964
0.3021896335108156
0.3052375515747387
0.2760532255467563
0.25122453024515934
0.2210530476462442
0.21606888883092235
0.20589615385317167
0.20095174751514105
0.19662946983946494
0.184467956872027
0.1831075943328812
0.17322729899666786
0.1846797086890202
0.196875200555984
0.206653938261127
0.209423376109906
0.20131176065953763
0.19892752569055092
0.18825959854379978
0.17559892053484155
0.15929996452232978
0.14574590028101078
0.14785785005091162
0.15176329284991555
0.1650161516411306
0.18305302078020044
0.20712905690011296
0.22245943319940012
0.23331936292052244
0.22886407461190855
0.210284222795382
0.18859981579028398
0.17627447197046947
0.16634895395832117
0.16392788673144806
0.1717863202089181
0.20247693525459962
0.22667179097866133
0.24422963432976805
0.22458406488583846
0.21161591190774826
0.196915044966772
0.1939553174042377
0.19350576021356408
0.2127414432951788
0.21819614452301914
0.22819651124244017
0.21957055954189486
0.21732473187501128
0.20849898121358876
0.19804869839831662
0.1957838464882134
0.20002217211223525
0.20996666269167744
0.2163077480451084
0.21035159005637236
0.19861418884531967
0.18226584478819258
0.17535948377379768
0.16491502770609215
0.1550037677207817
0.15970816435717392
0.15986660533927954
0.17504220364937728
0.1903186943603295
0.20216984941236427
0.21298755952451026
0.2127182670902484
0.22387738846626531
0.23179731333921413
0.22888085963782506
0.21640552354153036
0.20490217713985764
0.20190439858232817
0.20222497655210697
0.20205815122309242
0.20200772463644345
0.21570949879402374
0.22718213507845664
0.22832699824657998
0.22719690147155996
0.2328806247799833
0.2400797524235815
0.22831039153329485
0.2046620112763529
0.18664198971918503
0.182390812348404
0.17431927677752818
0.16329043370377663
0.1627247295803298
0.1654393339479224
0.17371021361924555
0.18217913694577245
0.19394941130904575
0.19952013497950227
0.20625726884311726
0.19401586351439437
0.1874366757101465
0.16555781064935204
0.16315282087872487
0.1703416167757396
0.19860778496103842
0.2117394089746331
0.2079966595470048
0.1996364253078117
0.2065013451190076
0.22571832910899398
0.24456361291501472
0.24477663396346916
0.24008199696469157
0.2197552545691252
0.2056464039469845
0.18451000083112135
0.16460973126761774
0.1610686235451831
0.1640325054941586
0.18557976108329732
0.2035090581683473
0.22139226403283
0.21664644153001972
0.203597737012443
0.18479599133253702
0.16125238778692763
0.14933656432141493
0.14815151147768188
0.15121261406719363
0.1580040800623148
0.16780046715415736
0.18760839322279294
0.1968231120687943
0.21839250229738408
0.21851949270933313
0.20886583544971193
0.1963314564334805
0.19663370443774641
0.18755587916045816
0.18829311932185247
0.19843329444304464
0.2206348588640301
0.23215783612195254
0.25192783967226806
0.24649512632046688
0.23843324256277576
0.22737328804452014
0.23224053792684476
0.23159355622563405
0.23172163906020263
0.23865083956854594
0.2407036812305613
0.23290917078306628
0.2166820047991029
0.20894006812669216
0.1885699141510096
0.17123801585691467
0.15677300962302002
0.15636947657853867
0.16221779452945506
0.17310066521494447
0.17639783982878823
0.17930770493789458
0.17735474167291887
0.17366225724088574
0.15896809860715208
0.14806086055793596
0.15670719152320817
0.17413202462005845
0.1931218641913731
0.2122832726128165
0.2251971130936391
0.22912616617977707
0.2292179709405891
0.22842368238346344
0.23704094718915938
0.24094110525629842
0.24744448514361914
0.2415924374217449
0.2443271262277803
0.23800301289147827
0.22547111489334395
0.21132526930979412
0.20546382234983016
0.20449350879299635
0.215391604114013
0.2246937970239613
0.2238890999721246
0.21712223810252765
0.1996620679108861
0.18048325370118545
0.1650803490684387
0.16151030027129618
0.15268201812922175
0.15183052429336513
0.15061194685351886
0.15980194039112966
0.17317910652172794
0.19580440628077486
0.20821793503654237
0.2142797369724721
0.20457244441562447
0.20141474041657315
0.2142813981921785
0.22714880499020904
0.23240348119781223
0.237747701276862
0.22996745245795755
0.23021307378177017
0.24545862692401407
0.24610372828986044
0.23006748808802227
0.21686544722992138
0.21764190991197024
0.20997039335571774
0.2147192447871282
0.2069205134935169
0.1956165466605848
0.18452781393931803
0.18481299883340646
0.18514794201767037
0.18688173091927723
0.18064502349970868
0.17239470425183678
0.16610608389744363
0.17620188677578769
0.17423391039711703
0.17147773643834138
0.1744787608952434
0.18866084167190442
0.19270910939463856
0.1946246156148788
0.1986564646220005
0.19882086988546957
0.20277420115014652
0.21753722676283807
0.23577104681328728
0.24379147798907436
0.2403073335329821
0.24023923719701107
0.2468248021434448
0.25265029257810534
0.26137719691549605
0.2564886282136826
0.2522092643946501
0.24789010148416038
0.23536193146625362
0.2285499179125249
0.23558488055744936
0.23409446273048104
0.22810804622250735
0.2149814428707065
0.2145289711716638
0.22332094958645599
0.2322629935408378
0.23063689946476873
0.21431157920825547
0.20256984270139294
0.19183809828056375
0.1808687665844626
0.16787504368876888
0.16553695237702137
0.17004682106431365
0.18949090375274863
0.21543702462956998
0.23846397976363698
0.24234566275902183
0.23855884024880117
0.22362149304060594
0.2135687412824767
0.20341682425599494
0.19609902145744787
0.19152213730476314
0.1937045377367353
0.20789256020768976
0.2099828842680874
0.2155435179041867
0.22699661761233106
0.23790362549764835
0.2339161801164939
0.22842035502744845
0.2212249786481362
0.2036100083788825
0.1751665651935573
0.17353821335669511
0.19136018793183907
0.21621924207204227
0.22172362090942557
0.22527384011986368
0.2253182187124467
0.2371269332198608
0.25415960465849213
0.2627785258546345
0.2468618488021568
0.23257025298379036
0.2138232568108874
0.20847291483747746
0.1998449702474898
0.20609791471870034
0.21221923172825904
0.22102949365289598
0.2277252090968903
0.2118241938746763
0.18890271623964502
0.16989001853702917
0.16401559991707576
0.16860437226096017
0.1981364765446207
0.23133762529662358
0.2543203721570029
0.2505133110288474
0.23448848357650656
0.21325419000759044
0.2062427622612422
0.20033560515033078
0.20830745708031764
0.20500057022762022
0.21728583652799904
0.21669802302138041
0.21841947192103736
0.21281458828573124
0.20861619217804858
0.2044337835688247
0.20115277234024134
0.20510287351021567
0.21268841168750555
0.20967182633435083
0.21601977787489546
0.22231907039180224
0.22144116540692188
0.20070884058320915
0.1896059678109892
0.19517875607802676
0.19934366262120345
0.1986730472654856
0.20459020883749995
0.22872131879926091
0.2422945899649343
0.25411054326052823
0.23709669395937533
0.23513822281072494
0.22631631820138065
0.22115839439771526
0.2191101299112613
0.22840371113474275
0.24615256219279505
0.24842967623236772
0.2472314879874003
0.2376844260125556
0.215884339677905
0.1932494570101064
0.17068521482510496
0.1568663635128087
0.15078153246998383
0.1550536956804173
0.17397736449406925
0.2003898194455155
0.20740637165717773
0.2030092664534429
0.19484316741571117
0.18851000762459566
0.17571120841118798
0.17229501850094336
0.175821758457209
0.18796453959163656
0.19958031057263526
0.2085326327783849
0.2180879289397886
0.2164761925329503
0.21203371851041422
0.21156953680300783
0.21401089702402645
0.22330974626354402
0.22237903684931964
0.21903864726976413
0.21711113386792166
0.2102206276219592
0.2046164064407733
0.20965279000843498
0.2101096287192556
0.2178735646274049
0.21757535568455713
0.21284702189933463
0.19671241121039884
0.1807969747769069
0.17966806560511098
0.1994771601944723
0.2243063872444858
0.24474081447261392
0.2516675952732572
0.2502692089694208
0.22849056313834423
0.20747559953355998
0.19716650853320725
0.19301500590791695
0.20797742566931365
0.2122370797699168
0.21305969407018815
0.2043715726680267
0.19268841266741524
0.18733742985026855
0.18999147038223804
0.1930874608222523
0.19819992695254268
0.20620788137478038
0.2274061313933815
0.24533195492538246
0.2541846904819151
0.23565661213249556
0.22920436572715766
0.22199192543483698
0.2184209817123609
0.21746137073617963
0.21952314140898718
0.21335791322299308
0.21534248536712294
0.21059574130238917
0.2023010939301138
0.18830086956470626
0.17963420842163802
0.16704024172008772
0.1604533303545601
0.15350721781211876
0.1561858145781275
0.1638650058759517
0.17764352891817287
0.19396317410934483
0.20731772222427997
0.209943891865411
0.2099976691365448
0.19946112036179575
0.19409748765267817
0.18507834447166008
0.19421374937206295
0.21846937784262146
0.23420404270635675
0.23465061648224247
0.22377727503591502
0.22560821137385464
0.22846877094060627
0.22389479057052802
0.2343066932993708
0.24127303636922948
0.24618825827915788
0.24116902734106554
0.2248002827806467
0.21663849232553484
0.18478067820904423
0.17028312358933473
0.16170686875879914
0.17199858534449725
0.18434719848208453
0.20084435548797408
0.2213947903153887
0.23574496953234247
0.22850769286170533
0.20808829040403265
0.18686295027749508
0.17441327351792166
0.16326060498995082
0.16087831426495364
0.17239982095178663
0.1858670796453712
0.1932413780521008
0.1902884936345817
0.17073928242837502
0.16609683282258858
0.17705707557896405
0.1999996608144433
0.2246359939794636
0.23848877001544921
0.24197078917916517
0.2266182287152491
0.21709904938519803
0.19223428341796533
0.17414699147620477
0.17500128992476002
0.1903665021530709
0.20169032592874644
0.21133743076048056
0.21298310821305844
0.20030080531975433
0.16772614472620725
0.15100833711397998
0.15054826232140084
0.14668712668445502
0.1445792472337236
0.15101447701204182
0.17163198734389248
0.18766203051993402
0.2163281566976329
0.2299064411577327
0.2303858451481785
0.21845908491327168
0.19974950149605195
0.1788456337029826
0.16577577741013294
0.1633723020797908
0.17109523630057255
0.1802572536303434
0.2187147847615803
0.23904365045387868
0.2577994094070238
0.2602474814333538
0.2619961148715002
0.25251503245163764
0.2509515625830626
0.23308246617830286
0.2324906621505323
0.22786567680559455
0.22852876684489148
0.22396697539415167
0.21360751099828237
0.19598873594682034
0.18274064804827822
0.1718940499469618
0.16324960665143468
0.162715963589552
0.16308530998743595
0.16605464871132936
0.166131264742318
0.1626929770205091
0.16012579129666507
0.15780407660153623
0.1622243106802329
0.16322055731765617
0.16598311836362645
0.17320028298111356
0.17715481051624937
0.1734763080241146
0.1662651675424126
0.16914988919108942
0.17380429615909707
0.18824081112554203
0.200871995608335
0.20667210581273585
0.19965465399710852
0.19325635275660052
0.190020516165022
0.19934433240227867
0.20881343431574498
0.22552032129441163
0.223961691943174
0.23293335871033843
0.2250489298045969
0.2240219963180757
0.21404513082893661
0.18957853123626864
0.1627891951677434
0.14493307705862327
0.1368790106139921
0.13877109370960464
0.14338249666880304
0.16435615677468662
0.17110502432002
0.18593652347736364
0.1879380848960883
0.18485697999365241
0.17857690673174303
0.18113286898062544
0.18518528728857023
0.19899324509365643
0.21493190304283027
0.21761564597402952
0.21861352243641227
0.21443239651421753
0.22076399401268587
0.2190146766830002
0.2251172204601176
0.22636458391298828
0.23635443578772683
0.250305439950679
0.26733924426798206
0.27785844391692677
0.27330133735935047
0.2675238281810332
0.2550354949737039
0.23433987570515724
0.22169751302438298
0.19862728177931457
0.18694979308857274
0.19266929600788635
0.2053898784901153
0.22720326751958506
0.24032774940609342
0.2483380088056634
0.232746757158694
0.20986409608764975
0.18353122567009675
0.1824387693943987
0.17273992196386684
0.18625315325150865
0.1917185370777939
0.20748251910103357
0.21466698900672396
0.22830530836676063
0.2263089574214978
0.22428854144005936
0.21032293188073606
0.19950066704080205
0.1865068680526348
0.17418173041272583
0.16545848625404116
0.1713398518372034
0.18011208630383194
0.18519629877330865
0.18528484828345249
0.19037871351216615
0.2001022110461944
0.197839281139067
0.19484416422958808
0.1967400812667975
0.19808095179795457
0.20117059715231764
0.1981749458752795
0.20273959224023663
0.21064848210905826
0.21646980263485496
0.2306029671650795
0.22937000561809173
0.21089610027500372
0.17611561164885822
0.147875622720164
0.13782429099241972
0.13502581010301953
0.1507243383718474
0.17667043824233417
0.2023378924762088
0.2254570897975984
0.23407581060904306
0.2269540286606547
0.20925299743497294
0.1944055194704903
0.19653176512444379
0.19534220597504698
0.1916946739937047
0.18397907327923435
0.17925979183369364
0.18622951888781425
0.18062898660139456
0.18379155266547642
0.18301496843101733
0.18375889432579406
0.18544517988386566
0.18866639887791914
0.18459954079971297
0.18468053853870475
0.187104119631788
0.19312796001095303
0.2043413858584625
0.21833417179915324
0.2388642413145125
0.25144807897343663
0.24907553334211405
0.25189619450569806
0.2475598485924221
0.24893204276245628
0.23311737284551567
0.2208593176404671
0.19996393705482268
0.19298870771628915
0.19657989028978354
0.21614010007369588
0.23290929185621043
0.24663458270706215
0.2425681694789792
0.21932474280708514
0.20804787243646594
0.19664996157472586
0.20165182511475221
0.20634321022271598
0.2231885178935763
0.22596969483007195
0.23419761819386375
0.22252560468635033
0.21775039206957036
0.21483493138278223
0.21997353367389766
0.22055722298870556
0.21737442058462805
0.2140576308296651
0.20631817904035157
0.19876369230070864
0.18835906693983692
0.17155913114333318
0.1553581075136737
0.14958656736634926
0.15740859319574194
0.16550164161948924
0.17326009785774532
0.19074984970144865
0.2136552087749636
0.23191086683188608
0.23178682125996541
0.22013707933771562
0.20338841847986333
0.18005708406117907
0.16808323677532513
0.16292358911393642
0.16739321634915574
0.17646402292795746
0.1912378965807724
0.2222105366797741
0.23922280007248567
0.24366860319089156
0.22851844420298778
0.22237528661561648
0.21664550730435747
0.2050666349853803
0.2067175238689088
0.2123109723219529
0.21702585061924853
0.21720918396779945
0.22036428194485072
0.22865360243396898
0.2288571466317565
0.22218386996647876
0.2055185419632955
0.19613665932509164
0.17446106761574048
0.17362721228253036
0.17083829877154272
0.1713763975777718
0.16912388622072405
0.17353651066987924
0.1764826483154035
0.1820796998970694
0.18843950935356993
0.2003031226298769
0.20421805167495674
0.2254709642016353
0.2335894228249989
0.22953944159397274
0.22873917289764503
0.23240938149073784
0.23131764926347032
0.2194171036476152
0.21164232791490714
0.20590163002843984
0.2043260914569175
0.19648363080389114
0.190846337262045
0.18432360824338168
0.18627890585735768
0.1905907616141885
0.19362765253655115
0.1905553084059348
0.18747493114227406
0.1856466417617395
0.18540677523707813
0.1748417160056839
0.16151571800395229
0.15165623305447254
0.1446185762521514
0.15366485970334715
0.17655062216785408
0.2023871300055113
0.22288218549941555
0.2447336809240363
0.25167331796380804
0.23941483797985597
0.22527302297685417
0.2099259223739738
0.20447459448235772
0.18952320545087917
0.1942724713735727
0.19402236445924745
0.2058639604294507
0.21079594292608553
0.21739569859624738
0.2213088032803961
0.2169877718376076
0.21606121165412612
0.20566007793274482
0.19789283629246354
0.1736092056153067
0.16193378752056425
0.15985963044295745
0.1685090428435273
0.17024042069207876
0.1774715799813044
0.1812085179954908
0.19851585547010359
0.2124664000083907
0.2380501701336713
0.2588327534045913
0.2738237149686702
0.2618090006631715
0.2600913660974061
0.24593442567186224
0.22573058721338235
0.20542315948279732
0.20163111572304893
0.2048383749355063
0.2022634773515139
0.19942742783887596
0.2048499140423068
0.22632618705769172
0.23372607384757116
0.24739244841204008
0.24512572772828012
0.24551100779596755
0.22383863854183736
0.21570276792337204
0.18622932531316927
0.163090262443206
0.15870038085917942
0.15566155133692575
0.16783813830167188
0.18224034103402467
0.2042399088856504
0.22549744751847448
0.22436216350277582
0.20613203228619184
0.19362386876017662
0.17963378179507913
0.16972982329107078
0.1648994587831467
0.1834966662923179
0.19334344052339375
0.2210730406502104
0.233656838139169
0.24646289988724893
0.22874056994655645
0.20452563077876057
0.17662535149989006
0.1696995533481393
0.16812682136997015
0.17307259586501128
0.18131075362315732
0.19749798319482978
0.19703308110304663
0.19250605734459592
0.17817603386273917
0.1721383978792079
0.18089782091622145
0.18835092438195383
0.19184177957796866
0.1880440444931798
0.19751917977826663
0.20329530385687658
0.20352138564524097
0.18951992480247373
0.17589514179363733
0.17121066428141862
0.16567389107382152
0.16573181415519508
0.1768617581421113
0.18407370653146007
0.20329398026116785
0.2200959578507609
0.24328097199169277
0.25978427622087696
0.2615877183885801
0.24908857428832598
0.22345967629692645
0.20814215580433867
0.19739271084697468
0.19352712580184736
0.19167222170156945
0.19775882792783822
0.20640561504990695
0.21932021062073923
0.22251087088639246
0.21430488749132476
0.1966607361811139
0.18142228418375256
0.1790873513385487
0.17443079220404104
0.183098828002841
0.18243572095329502
0.19645087493796282
0.212085259280748
0.22641853241101323
0.23131462405674869
0.2248117718748685
0.2106548607768703
0.19048260588105065
0.17545788389503889
0.16781892794571884
0.1768344055498891
0.19489491557320113
0.21880546916963775
0.2312249406055716
0.22714292295982674
0.20526801902635597
0.185848494507808
0.18293737517921374
0.18882266308590315
0.21575258213111473
0.23615006994489995
0.27198503423558623
0.27256568036228396
0.2787167720598917
0.25550784955789024
0.24280088232593655
0.20781739488641712
0.19682554375388156
0.18418588189012397
0.18887400801249923
0.18296232954100564
0.1909993382370874
0.19791474546985757
0.21414121010061113
0.21759858597393322
0.2121649233770584
0.18612761445646206
0.1837543415478694
0.18873580983878044
0.21902245902261902
0.23800666726949984
0.24588160927475314
0.24303981585243994
0.2467659981862174
0.2508065493698304
0.2510009673179409
0.24732947650494666
0.248061370116579
0.24017522175568792
0.23807875634688336
0.22448472762752034
0.21112331320405564
0.1966922980970946
0.19094073591367317
0.18682710615255024
0.1861515611926231
0.1971207189923574
0.19935318003217595
0.2036093670797146
0.20111287938116004
0.199210758764771
0.20353191625459016
0.19968786918317585
0.20619972077235077
0.2127951168242175
0.22048268971104734
0.22800672674557293
0.23780125046728373
0.2429945841756745
0.2507670502363051
0.2468330425607992
0.23328818025968678
0.2211501866704971
0.21631199574555587
0.20159049576561025
0.20658574784997719
0.2144987788948971
0.24042858878673345
0.2664491555548395
0.2638854369527505
0.23785150042249478
0.2164483267104578
0.19242918437433745
0.17895794797958847
0.16354413599314346
0.16753047489605497
0.17680690830245963
0.19900291198441245
0.2183666522222163
0.2323933604711588
0.22451630828494734
0.21492334957839687
0.18853849329725067
0.1753630841582662
0.1686825891213774
0.17933039389127547
0.1943867058898847
0.22098455892896238
0.24894513911203683
0.2688015493494088
0.2751482317777348
0.26178818034119905
0.24984567673874356
0.24213594485881187
0.23036672861948176
0.22759134774816245
0.20357188267249107
0.18496282878763545
0.1713119617446173
0.1634236116106297
0.16448916894415336
0.1671898660537482
0.17014654063501916
0.16750540752138768
0.1773288661417136
0.1840300737718381
0.19705514475939756
0.1905393316186182
0.1727853068178921
0.1472879520996348
0.13288800500592726
0.1321153444400954
0.14675416196463092
0.15866584631169314
0.17812474276540752
0.19499955227766913
0.20154939344957298
0.1998281326148009
0.19911441214465966
0.20695389525189686
0.20934133515206582
0.19355985417415972
0.19566759619695065
0.20127290212223253
0.21820191264692573
0.22046931666858063
0.22805656440494101
0.2193957802648828
0.21016690351617084
0.1876670709941612
0.18576597722062055
0.186386909021776
0.18296971779518706
0.17418526576375146
0.17869896940586305
0.19714625798752064
0.21175974519356908
0.22274106251376935
0.22586564321256053
0.22324351188571673
0.20139116545269856
0.19200895622523784
0.18403421163115752
0.19326310227550247
0.19699176919813755
0.20556472643488852
0.2111426713985519
0.21273555658704216
0.20131027744419602
0.1892668188915441
0.1909281345277448
0.1937553403043629
0.1889164262425266
0.17994073172071337
0.17700131653888448
0.1666605576927197
0.16215089719284534
0.1636505369680321
0.18110563574052063
0.1921999400494887
0.20525582797531253
0.21665802885694188
0.2159356073167115
0.20996791244357993
0.17875560113991407
0.15912320835827298
0.1466657392744297
0.14525946531355402
0.14399888737565192
0.16239797363624864
0.1729890177825082
0.1855490436588048
0.18661185267106464
0.18726231020998316
0.18755926768118328
0.18865748591988743
0.1785542426453396
0.17511627588285
0.18809560422297983
0.19980666672765765
0.21400693960188732
0.2189089939633655
0.22597382531873267
0.2438550725511345
0.25754535606070034
0.25828934454994973
0.2685872297145498
0.2444053969213287
0.21722184502005193
0.19328291950136772
0.18173428392934204
0.17376332679048895
0.1840942751019073
0.1933186666628155
0.20758260606108536
0.22504691976896604
0.22921836592347294
0.23080777816399897
0.22021092045698515
0.20497513654088773
0.20058834825349095
0.1964759348644159
0.21462375620839053
0.22084547166839932
0.2168106078881251
0.19957689902533235
0.1894737374174675
0.17567051064031777
0.17594942472996233
0.18945972399252448
0.20836949682992004
0.21112665189242313
0.216625180343371
0.22519553634487954
0.2283017267441872
0.22515445744109727
0.20830582524285265
0.1957730863980323
0.1953938880692387
0.1990877644836106
0.19537625327406605
0.193915725998899
0.20646827693704337
0.21959496584106072
0.21153651233322804
0.19729170876746502
0.19058741038461874
0.18484900738365279
0.1904019187024421
0.19026587079785165
0.19971492866044807
0.2050578575026879
0.2068350401708541
0.20971446682839562
0.20543741693871204
0.20894995109622677
0.19976782883563152
0.2003860267019292
0.18877584318244922
0.19251939940504814
0.19192501066340564
0.1974817630498628
0.19641721982278437
0.202086813711863
0.20726262047471986
0.20289408162501418
0.19499523215524261
0.18480130661494365
0.17816504551206522
0.16951773967926503
0.17423739506935937
0.1854537673655153
0.19990879041074278
0.20606257770219463
0.1971985122471573
0.18465345924027854
0.1748098514391949
0.16260271521162253
0.16980375156832275
0.1965959643345495
0.2344951618965666
0.25039166898215703
0.2604630178815864
0.24357320941238092
0.21379764941699536
0.19168769763632348
0.17597694374071857
0.16092658471447388
0.158834446131086
0.15612274698690515
0.15785533735543053
0.16168362705877795
0.1672562511202359
0.17714347770869301
0.18213757845613737
0.19040091153414662
0.18840963824316762
0.17954459651776336
0.16629658121922994
0.16165365660684763
0.15600719433209623
0.16740769339191314
0.19296854364213614
0.214037911389547
0.21623555376819298
0.20897027229720685
0.2003801014342273
0.19355337782769633
0.18781681093463534
0.18915528754525654
0.19059986887461916
0.19401431775229563
0.1890576572277794
0.18344374449756473
0.18878437536575282
0.18537708081253507
0.19058984001787657
0.1928474378219076
0.1933840146781705
0.18491984928237062
0.16442707779036247
0.14918263474168206
0.15079617417092275
0.1608568127300532
0.17371995160812145
0.1797576983892241
0.19123546631203275
0.1956717657150062
0.1954289632460807
0.18269745946988353
0.18947673456216013
0.199429650887356
0.21657992864398593
0.22764988571302117
0.2412134705450235
0.23355324126906463
0.23025419399712568
0.21158539574081023
0.21175367627231126
0.19587127294359108
0.19646645150499145
0.20303891086146325
0.21483100069382824
0.18573413944071324
0.1762982600175633
0.15958429504545174
0.17426119305684928
0.17826663281605606
0.19116969917589519
0.19274677386262462
0.2041955277161122
0.20792204211095378
0.1921591053328506
0.16740602288381298
0.15228394240504453
0.1488732093041122
0.15686839063727565
0.16825210819814712
0.17624520833691554
0.18399677156325406
0.1901337844505337
0.19752491211488293
0.19895817708784674
0.2026171502726051
0.1980159247018427
0.19827642400245302
0.19039955624891833
0.1865723100972115
0.1784328221418779
0.19012979495650523
0.210726946151523
0.22504688347428908
0.23382205528684732
0.23534430410850235
0.22745343177423846
0.22916182314831643
0.22832711115292606
0.22809482913101709
0.22022056591907577
0.21247719523783923
0.20791691573870047
0.19265350900632605
0.1845388893786849
0.18363306692674936
0.19995365623919686
0.21076138108074755
0.21750074092534244
0.20674852382627634
0.1933796157434802
0.1766157080176444
0.16591171320783196
0.15843198119398552
0.1587385684010762
0.16470269190363374
0.17587857934218826
0.18552158023154092
0.19263550910249455
0.19208172146740451
0.17895419927540637
0.1682644968126839
0.169062257708676
0.1838695361453195
0.20465357696512088
0.23240541044186672
0.2521112122921131
0.255725579581724
0.24277555817522392
0.2087310926756973
0.1799639407353628
0.1687770781264147
0.17313936108374564
0.1815701033977599
0.20114301220955508
0.22415421121491447
0.2540413966750269
0.26491137021133687
0.2661041572424351
0.24198370567221084
0.21307608968824138
0.17981005091826843
0.15558918113896256
0.14068413363897636
0.13614694470911307
0.13447883189770632
0.1558750107150272
0.1794757370206423
0.21549171386651
0.23861800679367837
0.24772504494062203
0.22915287929555225
0.20827309983557818
0.2005615285149534
0.1963799138279105
0.20695810923004695
0.23281174301866098
0.249997638343101
0.2529597274424123
0.23764136366304162
0.23882822957154803
0.23807076930284976
0.24403632233861566
0.2430885428968286
0.2463121351363736
0.24283125383052467
0.23641062166753213
0.22668302947884306
0.20966511788209988
0.1802139086624805
0.17766390017599473
0.17716429236910783
0.18807640133932707
0.19444341209863972
0.19125242118233793
0.1833658774690713
0.19984354161440485
0.20831773034617096
0.21832429611732898
0.21263747166080024
0.20801825949087793
0.2027494518076656
0.2021249372138044
0.18717163160532485
0.1762343470580743
0.17663944008776972
0.17970491538891528
0.1850427240217064
0.19379129871320352
0.2152702569698391
0.23219593267886332
0.24844824307334956
0.24565261494800655
0.2308564588049507
0.2037979894035182
0.18265925142230577
0.18398821170249613
0.1946282524722331
0.21287669841249726
0.22716613499920243
0.24040380231464054
0.2517603789150742
0.2466248805871939
0.22730978017262485
0.2141575760331959
0.2057169538214805
0.21135089847654
0.2100545084394159
0.20176070490493006
0.19569028044231643
0.1830109190434882
0.17428056288904945
0.167622693979795
0.1631226741124935
0.15866246310796317
0.1651684059127538
0.183199491185161
0.21092867389010406
0.21948556084495843
0.2364274811280072
0.23664616698245294
0.23914720496619682
0.22093113820188628
0.2123618217145792
0.1925676802228578
0.18140804128218332
0.1728328850734509
0.18252348181860742
0.21383636840452422
0.2394558652338704
0.24300911214117732
0.23457212805738317
0.21911194975756368
0.20903718131621807
0.2116219433522587
0.23153244050769434
0.23541567377692188
0.227758278005289
0.2050326194023493
0.17300573346021178
0.1491211129297246
0.1435967599410789
0.15607456498840752
0.17307235567880144
0.18633994662524966
0.1918855132653919
0.20493774759019756
0.20717881718588693
0.21159486189367438
0.20403090507552324
0.20398879964498684
0.20591082049812479
0.2116714280907049
0.21487162161680662
0.2108044943448279
0.2038166505443864
0.20183094790374667
0.21077882376908752
0.21610397588142966
0.21860879267777308
0.21422985997940877
0.21525969761083685
0.21676116841984525
0.22933508783597037
0.2281562672915305
0.23715633792915786
0.2234915820144742
0.22770032328681925
0.229610274746543
0.2463023774169644
0.24595527037115297
0.23969175237282717
0.2101199314941717
0.1960904205944575
0.18724469383421954
0.1893166126573016
0.1904271920361497
0.1845974640346221
0.18103714941923585
0.19337521517371914
0.19731028992726415
0.200136451752647
0.2008539655342717
0.1973485885354555
0.1785111897772807
0.1727835629578225
0.16876586622396347
0.1724776725539298
0.19656909138444223
0.2212744848905323
0.22250395377146095
0.22167746862819776
0.22628566109976145
0.23221341007869112
0.23510628900815003
0.2516090689891095
0.26941525336838246
0.2583220135761496
0.24695882443394776
0.23203905039691494
0.21498438833077857
0.1898485375151861
0.18749990831421567
0.18153074296965782
0.174652811392573
0.17625491224416273
0.19713324957017012
0.2158755634456322
0.22751955658076842
0.21844882137104846
0.2130122754103784
0.20468574397276637
0.2121144114227473
0.22448515477260378
0.23320678820467147
0.21752709411059187
0.18950076226314003
0.17901408898190826
0.17482336303291568
0.17924168825835107
0.19221472552277297
0.20674018269105732
0.2138410868054152
0.23106213255767644
0.2515550450629362
0.2790261867489797
0.2881906797914271
0.2844680618596477
0.26041161240489696
0.246976582201135
0.2293285367064205
0.23128943171819322
0.2391309203058125
0.2615898386802317
0.26558390870148324
0.268929574302851
0.26006482186711355
0.2605808234970949
0.24332080106648946
0.22092018202130237
0.20758043752191438
0.19509279394873108
0.20305833027629466
0.22157232262826032
0.23416591403432613
0.23709927919229515
0.22734998546845028
0.20481929200497473
0.16750594898571003
0.14588524243193207
0.1304794703289756
0.13447653270450058
0.14924105042117267
0.16776926253744628
0.17821288757851284
0.20270107840355506
0.20107601494363433
0.19497200860685043
0.18777947017592986
0.2011411403417286
0.20935233468301162
0.21525791617226223
0.23267967992262503
0.25729910272154294
0.2740049783447171
0.273739063821101
0.27731410154150826
0.262643795129864
0.24479454726879427
0.22185038493070777
0.20408707667706022
0.185452581334157
0.17508771144415758
0.17799942847925426
0.17900107106051835
0.18902278453363203
0.20382860800602484
0.22548290722985476
0.2272810219535666
0.22165175130009018
0.2175004695811915
0.22436011873210326
0.23177770252331115
0.2440743720919393
0.25196111122125653
0.2463606518850933
0.2249341416947332
0.1920462289018076
0.17812746424457315
0.19098890582251135
0.21514820104598784
0.24456842068394496
0.25256707436685877
0.25487741561971455
0.25266907675956485
0.23907946605286579
0.22143685397475546
0.18975661619726608
0.1672755345466905
0.15795692906916145
0.1768927468950198
0.1995286722835482
0.22387990061168786
0.23338258165105602
0.22549881916628525
0.2167119687595644
0.21595836437594618
0.20917253466983393
0.2087331814694838
0.20111152923519243
0.20767909443785687
0.20791056350433607
0.2021653343785628
0.1968490581979343
0.19317742487319695
0.19898798385493996
0.195990266512332
0.1939082256696644
0.1881227920290767
0.18799153875379263
0.20418751954659495
0.2218028966695541
0.22912937028979732
0.2280132406187796
0.22176092641931341
0.21730589359905286
0.21554860588948271
0.22355768288972916
0.24501459429449327
0.248008678799696
0.23025947845048494
0.21109830053691206
0.20895834498880034
0.19766954634303205
0.20125489244520706
0.2079098568828554
0.21167713130056912
0.21859115841166718
0.2160447731458774
0.2187332219945112
0.20763923046613827
0.20969472206130782
0.19160565890173992
0.18099777616215101
0.16532963950041074
0.17523850872641497
0.1892838752463499
0.21401015563205963
0.23262610039367163
0.2585106031936572
0.2608870644549161
0.2508627941492417
0.2271373605488737
0.21597272755788646
0.2096904594735317
0.21327391559864234
0.22074993574055693
0.22815215692861202
0.22491921067685938
0.21966982560513215
0.2244506617080946
0.23200914021449248
0.2327870525144201
0.22682797526452353
0.20899345813736692
0.20700577724047714
0.209745753866041
0.21795244050648677
0.23141124991968126
0.249264751163077
0.2553835461263367
0.25994414234616625
0.25404282733931444
0.24132721054904469
0.21980884987684204
0.20978192003763865
0.19664897120003244
0.19393508771972798
0.1965796889105942
0.19722313148550227
0.1967507965851516
0.20252636461162454
0.2063408999375094
0.2210405481758611
0.2307293883586067
0.22924436584884034
0.2149184232441726
0.19967236462039836
0.18849547271796685
0.1927176634845601
0.19481301136396323
0.1963735022401644
0.2035410972215784
0.20879221114459812
0.22728460686651686
0.24979373538944752
0.26545235334313044
0.2544785177112165
0.24673362819810415
0.22924125276265506
0.22450767519813886
0.21702495744986983
0.22127376916660438
0.22766837242976823
0.22574498626814482
0.20903225592959213
0.1982033164331147
0.1969681461318504
0.1982294134152025
0.1990492952104416
0.20366160162641864
0.20778555001716809
0.21100895968414501
0.20086735429643876
0.19531128396380582
0.18944489862876465
0.18718778065291589
0.1877229702570852
0.20282210726773486
0.213963454508763
0.21643044807254266
0.2203934205762713
0.24100564759411233
0.2589409219570729
0.2740494087772286
0.26773246797315214
0.25136961642143524
0.22511270967361743
0.20615841067042323
0.19072578537930326
0.18605678694841316
0.19264232916429994
0.19103690309426202
0.17535941126974564
0.17065164063444901
0.1760125706151703
0.18542466644269218
0.1870784781192317
0.17289337750542236
0.15518391809872198
0.14546485378980029
0.16978708053641128
0.19625161433542926
0.21458705389910177
0.22204159094306122
0.2176842629537301
0.20690949934790903
0.18998678729688206
0.18473370242235568
0.18071292301796565
0.18014997070019853
0.19112032295447487
0.2056884645195448
0.22917968332079663
0.23741444520037389
0.24260120870139731
0.2362062291582529
0.23165932598200348
0.23008864240937213
0.23339881472066729
0.2314515065488312
0.22938072692587563
0.22201425821899115
0.21070376270548755
0.20276284166657327
0.20496205458708833
0.20766512515659752
0.22163305616124515
0.22499139852954742
0.22440018890187333
0.21790258178053404
0.20683415475782796
0.20283071692865912
0.20839266111336585
0.2213993305206884
0.22664697335463047
0.23450623345158164
0.2313814883062288
0.22153938247302843
0.20725003889314303
0.18970057983457536
0.17494327642661972
0.16643054548152342
0.17431244811360688
0.18379335578064546
0.20040013790645203
0.21036061978607948
0.2119712101547654
0.2188094166022948
0.21725669462345343
0.22179413072088638
0.21528229353175746
0.2048460979541234
0.19589529080281884
0.19833508093869
0.19881110094232665
0.20929664860241454
0.21536637615710497
0.2283876517507825
0.2340837091666693
0.22623801518212963
0.215832611867224
0.21029715833192317
0.20882216546511043
0.20739473973692177
0.20480253263641196
0.20402400504404025
0.20232969682445107
0.19727265033894412
0.18730770735336816
0.1810664490736424
0.1663689649624351
0.16469695057984285
0.1692027076801018
0.17655955280826854
0.17704718209268142
0.176020528417482
0.19193187362530292
0.2092922066820916
0.21963425207611856
0.22143714219168892
0.22076829629388367
0.22076265222208757
0.22279307629186057
0.22234755344105095
0.22799046796290692
0.24027431687267914
0.23962422536529387
0.21746504415150986
0.1968364724500537
0.18842347850457464
0.19018524443060036
0.20318544724855153
0.21923702483609545
0.23231134045397642
0.22974963396228412
0.2346052623681736
0.22915007780887642
0.21429130498197066
0.18957673596167526
0.18621254868339193
0.18263212136045234
0.18353110129414626
0.18300601991810422
0.19288242771435465
0.19669387617909762
0.19015058549811675
0.18800013355362039
0.17770538129468705
0.17200293553953058
0.1685242844575509
0.1792348905270136
0.1865275508282935
0.19023906709521418
0.17621870565001696
0.1663225121628481
0.17852739990206795
0.18019274702492724
0.18128132232462854
0.17935963974969216
0.1850265928208685
0.19582887723537842
0.1992316826255984
0.20323897446093053
0.19461816412514452
0.1862844853054505
0.17523739827447862
0.18587193340738606
0.20171730341703156
0.22682944717104886
0.23476183827125918
0.23436013384454313
0.21292167531347445
0.19368144643020352
0.1883554309754207
0.18213241092893231
0.18352361965027658
0.1970579380291953
0.20466991045870525
0.21762446994134507
0.22204090451404804
0.22458239492023138
0.2342717652868771
0.23288569720253624
0.22369231132138345
0.19521687191082626
0.17258482652425344
0.15982987697458065
0.1644350835056941
0.1621383170018222
0.17539924929762846
0.18182134866981325
0.1949917428568988
0.18737335136863045
0.1925354272874206
0.187949949953405
0.1849933709235794
0.18188350515970875
0.1862191467958234
0.18155409972602365
0.17135351647229535
0.17132435135737945
0.17947847499537276
0.19111970348338636
0.1960602360085386
0.20802839969005968
0.21331332147447407
0.21894476871210602
0.21241272845624373
0.2089750893458801
0.2020182945979218
0.21485141679304282
0.208855298555321
0.21393493792559373
0.2103035024076226
0.21911104688481312
0.20676509919805483
0.19445306376941865
0.17603519628412714
0.16290913298761117
0.16214453006023352
0.17868393977320915
0.20633161304343015
0.22402075097163865
0.23885968677897845
0.2292807644885154
0.22941284648241317
0.21592477324307538
0.21450862181891048
0.20815314928472067
0.2024055853958949
0.20787175366139896
0.2105263119154328
0.2104956408052847
0.20114408967217104
0.17493836174275354
0.16002536610696833
0.15311756620005101
0.15054787809504128
0.16112010058927462
0.18377298889529456
0.19487606540541574
0.21212840625448298
0.21011336132517205
0.2233023704777426
0.22618480933567817
0.24984011200774486
0.2625541105869981
0.2646957618196472
0.23851202614683165
0.22962365137994192
0.2219997596044902
0.21227241961327145
0.2105408106112825
0.22464541610466854
0.23845332420001725
0.23931583604481302
0.23863435951561973
0.23479238913259912
0.21562372605442895
0.19395037720186287
0.17674384018044298
0.1816213374909582
0.1946163204840382
0.2181473375633127
0.2210731905364291
0.235503505857584
0.22885115077144114
0.2311002206940922
0.22848289886514117
0.21492860995167357
0.19797207382630788
0.18157173348660008
0.17417194241177708
0.17071969086112324
0.17627099130715396
0.18459570736470146
0.18861933205660378
0.1833659147474404
0.17612103289259243
0.1618635755390028
0.16288886936335661
0.17480073291941647
0.17948901542825835
0.18940890073308234
0.21411972885703212
0.2244261339638077
0.22385371931235606
0.2103525587839054
0.20328998298680012
0.18612646790056975
0.18380967969236203
0.17355379259925188
0.16762864142723113
0.16809601142551336
0.19426436377559772
0.20095897059429407
0.1972092813366193
0.18870097230884
0.18737435042933387
0.17660993767085328
0.17203846495006553
0.17616798942837086
0.17518859033311088
0.18219008392563937
0.19998974927868285
0.2135719053933365
0.20720217039017635
0.20199840103486272
0.2023359388435891
0.2134074233888625
0.21707328123769656
0.22027015303755965
0.22102235617745464
0.2198319357840312
0.21848278060850254
0.21518257050043468
0.21159317275436587
0.2027322344325465
0.2019817961643142
0.19787095627999945
0.1843174560552815
0.18203632883772752
0.20323093361385705
0.21571298019610358
0.20702802271646156
0.19169775141588363
0.18121132230313944
0.17164259880057608
0.15994803596204582
0.1550282080914535
0.1442502375079201
0.14567839118295814
0.1698198059871893
0.20138507877474576
0.2258086905397307
0.2240026991543637
0.2171684706755458
0.20542565172139557
0.20136333064434186
0.1933815488779041
0.17562431743856008
0.17800647840574813
0.17423116447384052
0.17373518347627115
0.17380224018951876
0.17690794526365883
0.1722099977266409
0.1803460985807366
0.17423724533415313
0.17807330162272528
0.1786297786423031
0.18526340509962133
0.1849857754679976
0.18657987238895604
0.199884813421642
0.21013646174132122
0.2165490633148736
0.2162583366811267
0.22067525129014853
0.22306692841367493
0.2230831022011389
0.22048679781898028
0.2252048405807238
0.2283611840066415
0.23196682164959226
0.23137095179011674
0.23307424159702855
0.221443025746405
0.20540623720590875
0.19234366902225836
0.1963895807540772
0.2015998116552
0.20320303676015808
0.19957905325968797
0.1995924065603809
0.1851576192912603
0.19156674978749003
0.19210928593124807
0.20151408478921948
0.19796270724230636
0.20343590456562546
0.2011847114727997
0.193793045068916
0.18795708784632845
0.18158367537130493
0.17726861804793212
0.1805040818196549
0.18433923262128507
0.18658975165667777
0.19919114048817338
0.19971765121870733
0.208020621910681
0.21317674446125215
0.2328317825266915
0.2242622598973983
0.21199294883344724
0.2044130293896153
0.20322932147190384
0.19356222101724632
0.193730465337903
0.194893406148396
0.19166345520393635
0.18924482321267216
0.18726423691667463
0.18867800842901952
0.18178288949103422
0.17170882900912648
0.1638024529616914
0.17000527702189344
0.1910553837117321
0.2023045164859914
0.20012633090424478
0.1966705131762382
0.18179198745777086
0.1741719029624778
0.17246933705044845
0.1869686771096034
0.21489580574251493
0.24933617248869133
0.26871096323995797
0.2636550115628732
0.24817498439869393
0.21941906797306968
0.19640259435941693
0.18388999250280216
0.18611275781335024
0.1926840932512629
0.20995909364485732
0.22684261636024614
0.24213799264597646
0.2393136813091782
0.2395797703967593
0.2252831457884916
0.21846157688695364
0.21405165720793815
0.21837130679159764
0.2160086344272293
0.22488861519550746
0.22268052438185157
0.2182318662193208
0.20802828287068792
0.19665384100290104
0.1830802817049934
0.1794111140741747
0.179255268426406
0.17245715279622648
0.1637792779573738
0.1552572532479076
0.15145276077250008
0.15068084767950674
0.164141762185183
0.1799530561418922
0.19834821816724169
0.21018577683607956
0.21386000691263318
0.21900690878506882
0.2143203934015172
0.22056768021473347
0.214516735697836
0.20545496238294225
0.19470586909056334
0.1880391870641698
0.1820922983755113
0.17494064767321385
0.16245478504127672
0.15739089957992303
0.16076260417425595
0.16559388074616832
0.17168606453719867
0.17293689435502935
0.17400521568855484
0.16454708312778318
0.16004789243750833
0.15340265615679707
0.1565469146357144
0.16284423693028358
0.17605240887244875
0.18427751241535134
0.20543903910996722
0.2211308324679779
0.22207892631039705
0.21231970472016307
0.204818549472727
0.20245095569598553
0.20434338511447558
0.20707789708815993
0.20855019823776727
0.21407387338285036
0.20983191504447707
0.21074369485259742
0.20444324775840392
0.1927448260929868
0.19656892263252554
0.19336817659516833
0.19959716202612957
0.21593537747797745
0.23960432767381798
0.24176771909642028
0.23099485218556842
0.21145344214844836
0.1921674063213347
0.17814207824526185
0.17965812947811974
0.18982675818677525
0.20423132479365294
0.22324876829638257
0.23240775445726197
0.2356275102861189
0.22819854245130738
0.22905821761225428
0.21768291980552681
0.2261401519477604
0.2113618802163887
0.19625875221827938
0.17463620299672747
0.16231625582886708
0.15852800123083724
0.16265619247858354
0.16622589361465462
0.16787273354793522
0.17437105197015088
0.184070892437867
0.18280883947761867
0.19247572980007013
0.1996858142834979
0.2104462245939708
0.2206028177543225
0.2444479791062162
0.24634776423755148
0.2482736930214691
0.23765158395804534
0.22247213485594008
0.2074682630240386
0.19029636824754528
0.1815816861354432
0.18227891272786093
0.19908796261522543
0.20210736197863588
0.20987433948267092
0.21843237600249166
0.22834325331365418
0.23136383807961325
0.24093809659656318
0.23339718152520483
0.22186809782240102
0.205560159801328
0.19651559758214
0.19496962772688722
0.1983929934497218
0.20184832047490348
0.20994763524645155
0.21216951638296347
0.21211961842697424
0.22022899445924096
0.23048774686206203
0.23474565086896157
0.23012919458801726
0.22550005191299452
0.2229417872439641
0.2155755733036633
0.20826094849791252
0.1947887971875525
0.19726073402541364
0.20231881859671358
0.21014016491230755
0.20876710721719052
0.2106588863009366
0.19487160944398124
0.1830404441085686
0.16770949333762486
0.1714950250112251
0.17721870959190672
0.18222490064871988
0.1882291793708621
0.1954820785590803
0.20393818703986222
0.20615145283920489
0.20948972470181937
0.22058734355462714
0.2402315804572907
0.25768997265198157
0.2681169436097021
0.2594914731648898
0.2466793260015613
0.22428775069438966
0.2097331217214606
0.19609164687936168
0.18957248013665218
0.17310948075613555
0.16263635197868972
0.15235731023061522
0.15351606411255433
0.154466249177842
0.16815780957771312
0.17970065853657102
0.1960264401468466
0.1995498611279715
0.20220250961154174
0.20033038968619946
0.19879526868623068
0.18594796023284557
0.18057097983764958
0.18675883778316613
0.18573941481976852
0.18125440708961715
0.18373251760115014
0.19027186632941645
0.18270635876461785
0.17709699917111135
0.17747839420461894
0.1808111195698626
0.1812564406501485
0.184496846153799
0.18567219293938256
0.18246577808910847
0.19227499643831597
0.1995229433863535
0.21084947081368563
0.20508763589502726
0.20516802861794295
0.20250158369092983
0.2000583989014146
0.18557424188271962
0.16752126265400888
0.1609218114902281
0.16511992375043832
0.17779536167817067
0.19367495352188063
0.2063399490050469
0.21592696448236987
0.22136691817196769
0.21616834251579778
0.20979623517366455
0.20405075722743649
0.19495665708808546
0.19539305025890039
0.19607320534616693
0.2144094333758143
0.21246480446246502
0.20990094156065506
0.20851734995977791
0.20019103191963408
0.18027629823837152
0.1664623217422465
0.1614624459930409
0.17318143896040072
0.1943020179371033
0.22378274227760625
0.2501241341248557
0.2596400727172058
0.24845664057458539
0.21465412359345012
0.1850904493878777
0.17563862664812321
0.1833682726669329
0.20921895750012057
0.2522124091416157
0.2885922678118801
0.30120408451727404
0.28097126628882957
0.2389905686446098
0.19732282163726922
0.1700171664240195
0.15836622698027916
0.1717073357824689
0.1946736119775507
0.21551926950136724
0.22696655750074077
0.22049114903884187
0.2085547797145863
0.191231813375882
0.18926437007658045
0.1882962782892036
0.2011332050515776
0.21339397996955403
0.21052545561160974
