0.0
0.06630880493360991
0.07161203126144922
0.07581685922967227
0.1182240911960919
0.14028323117340458
0.22697238677810547
0.3306325567364744
0.3953707099095131
0.5453589222031223
0.6826071974490491
0.8214408237079247
0.7680954078771804
0.6421742982550795
0.5163680204051717
0.4800541096519345
0.5028764651077599
0.5088919348819997
0.5174993581675031
0.49421362512254774
0.5151847390216756
0.5161950142375067
0.5248687840936768
0.5222719474820674
0.497888662450081
0.5084309586427982
0.5246408808238342
0.5406732934675389
0.6036789532266971
0.6143243457350603
0.6175927702503071
0.6171170492225656
0.6053998953981163
0.6360734404554089
0.67630587573346
0.7260864533033523
0.7701624715537003
0.7381443919797077
0.6952677017338359
0.6877662129344198
0.7300385779179206
0.7382977825638816
0.7272876894923195
0.8086336668108995
0.7990725920931302
0.8027276520897247
0.761952187434267
0.8064624312825118
0.7444939680979317
0.724101020831208
0.6668665748989485
0.6396393585905189
0.6734443164951258
0.7156325162373061
0.7336051467949812
0.8122158472762523
0.8067852068478492
0.8351173197426437
0.8325942209103301
0.8904974142131666
0.9702082770213796
1.0002880790525848
0.9851323330965038
0.9011202095979198
0.9572255269386576
0.99079603484605
0.8960473254520405
0.8030648167843893
0.8063224574450355
0.8183965143781996
0.8927734319568958
0.9071747853040211
0.8809194163808273
0.9012788267677997
1.0229499790574716
1.0379646404937888
1.0200876937716268
1.044376682569763
0.9904241305629687
1.0202672942262578
1.0040488434818167
1.0494595572107352
1.1391240007236398
1.1486319507676328
1.088667970794202
1.079083081639441
1.048698746107502
1.0448153701932013
1.0920132071257016
1.023811884325646
0.9535027286447583
0.9116022355015918
0.9222566910370367
0.903117155694407
0.9659779223580971
1.0189835926792004
1.0296164884101282
0.9858172785520195
1.039012763249039
1.080070969446154
1.1152834270586514
1.0949893131488921
1.0956210787056233
1.0955406495016822
1.139945636170874
1.1706743491922698
1.1807703910418317
1.112709759337796
1.0740528950704165
1.0932053930485421
1.121938644996821
1.0998643164206716
1.0939911581839827
1.0153452062514252
1.0421990239678698
1.045707001925086
1.0418225503810314
1.0601894127274067
1.1316025265243004
1.178804250106368
1.1638293498598222
1.177226699518566
1.1723480900851528
1.2469702155542188
1.2460110333387469
1.2356158986735872
1.2277896721974961
1.2268500544219363
1.1883925447114905
1.1641914716793433
1.2439592332130096
1.254039224674516
1.2464692656581102
1.2825829848769479
1.3273489686388769
1.3835746128088144
1.3815096655026466
1.384489543876974
1.3055715267550265
1.2828039482121476
1.2450786283886588
1.244130338907306
1.2355711075914562
1.1785599819941073
1.2161113053930979
1.2016850425438748
1.2076118804017821
1.23683964989064
1.2688359133339555
1.3112326590409704
1.3423353528871185
1.4325176657466119
1.4488745743377458
1.410566155127548
1.415619071014392
1.4978176403117205
1.502461645483114
1.49450084518867
1.5717263170104068
1.6524072414959508
1.6596660663240235
1.6462698127248936
1.6505236241755228
1.660923095717157
1.656102246186056
1.6879499611592124
1.775754114366108
1.823746454507361
1.7918157601159144
1.805422042480602
1.810952573485181
1.7713648088326996
1.7106859894004054
1.7515619897808503
1.8295992858086798
1.9335513769273402
1.9283726670467625
1.8245735472243043
1.6891860945339936
1.6694421301330056
1.578664505192831
1.5703860394996256
1.568550628874561
1.6144475693595444
1.6840162774583984
1.7314005528416008
1.6988997721455423
1.6547064829452163
1.6107392514698007
1.6768023232754123
1.7529675837381262
1.7651514318928823
1.7599563400564633
1.8555675849569644
1.8999999936031777
1.8139890727915224
1.7233763028997506
1.7064307216099268
1.7202690917914465
1.8306286619418282
1.86805715212978
1.8684648047099361
1.8180042092408175
1.725820466286209
1.7924655709838804
1.8647260376202688
1.8991470875749343
1.8230070266483982
1.7453171438312496
1.609902968805053
1.5988977000545292
1.6033170897447688
1.6143303578514314
1.6243587351327333
1.640193960806395
1.7226799660964003
1.7955330703247694
1.8451956781554877
1.8126499470343802
1.8598197729943444
1.8485496173369655
1.7394089066440819
1.775788873072551
1.9583408384654422
1.9703012503319863
1.9490376109098815
2.017257848760488
2.1084704074545617
2.1312816051047716
2.099749981177972
2.0236041798498783
1.8982205327451702
1.9617389786689161
2.0041640888056436
1.919376728326157
1.9025737274777403
1.973935468432623
2.0361052517940887
2.0459783040928277
2.015546875248349
2.0184935511198794
2.0620667912369868
2.17181673833837
2.2345774560761127
2.167669004605646
2.072082631456797
2.0250080061710674
1.9983752260888845
2.0567739180456215
2.110092741374779
2.148655657691344
2.1327275955178657
2.173096149381272
2.185358164945688
2.150387959533767
2.1484757527359917
2.145401467064705
2.1650811956018705
2.1918219453732806
2.2767833725474116
2.2923666630847053
2.3321412113618076
2.3333465231329447
2.3475041311004476
2.3775203284245645
2.308323059456345
2.2582841445364026
2.3121704006536334
2.3843575866592523
2.358144956301866
2.309577886917867
2.306796241269812
2.3099293254820767
2.297719315718123
2.2824041377174553
2.2720394660969494
2.3398054711105054
2.4062203176591814
2.4753386005196254
2.5291621525430137
2.541473853473343
2.5114383300550442
2.465216276985194
2.492482377195648
2.558241033850624
2.5665897193785008
2.5632483427102546
2.6585157960703474
2.6092523840327275
2.4877435907832375
2.4646652912653466
2.413047884430129
2.5137725282485817
2.50024060251186
2.4623149679685428
2.42788874620943
2.4055569090832485
2.397104817516924
2.4455248251209416
2.4811458906328254
2.440107315937237
2.4174865333205298
2.4386936098279204
2.4269023152644724
2.4324165918643583
2.410634362371482
2.2966495157029483
2.2863211715375256
2.307558350793836
2.3185681441061154
2.208958449296118
2.2989504400027077
2.3089296246222153
2.362290275535661
2.379635770079241
2.319575635433643
2.2780929670401804
2.315414256683747
2.339519014609369
2.3112239633927705
2.2284876784097607
2.248986619842796
2.2869026435320445
2.2763245260937843
2.331090624479914
2.245034632504612
2.1780036411344788
2.3563766899699914
2.3642051329057407
2.2545405570441215
2.231433809044973
2.3061024547318527
2.4615805524696803
2.3790869408411712
2.352233231643211
2.3126718723404016
2.313706690944876
2.2984883215092253
2.288350844498377
2.268105824666535
2.3784533829577814
2.4112028830037326
2.504518941882437
2.4509938168263266
2.3203032686243534
2.2510021779520883
2.1652298981757823
2.199847440921911
2.277172348164941
2.361770234505601
2.467275144001123
2.4572513170492893
2.268938309288939
2.1178824982669897
2.130417551672722
2.2814968440943435
2.3725698763430407
2.3858489674268752
2.371360968559558
2.3386310238730057
2.252649554889899
2.2054600569612557
2.140233319963029
2.1276175458796702
2.1148483530965136
2.2000869335087256
2.3387301789386488
2.266798383411243
2.2983689963938922
2.4145509246123322
2.3581406651266734
2.3809288024202337
2.323272877527508
2.229709085326068
2.2369565599177426
2.2678038399288685
2.323935822310302
2.359226743115155
2.318703660150427
2.2442155797810135
2.2159191173242716
2.1628650151819686
2.1698590510313602
2.1560287558996207
2.0711560253542642
2.0636741543948003
2.1106521352053416
2.138615448807923
2.1041534576003715
2.0862232311068105
2.166149094535836
2.2186141381426405
2.2175369226330526
2.204530748529904
2.1629594291477776
2.1928563394290417
2.2949792029551466
2.3741198628000593
2.3143480680502044
2.2293720637368297
2.2248787181107517
2.1707830308138427
2.1668593708089885
2.27969959020685
2.3182638461396534
2.3192151458724464
2.3302486295299354
2.2648106306260405
2.2081827101051834
2.122929301953092
2.1021452632604185
2.0799837209883645
2.276099461668626
2.44730356038519
2.448955428675714
2.425290587000232
2.3664793517140423
2.3105247568866543
2.274964759995331
2.2904334929351307
2.290901313033253
2.2983555605920354
2.3571554526094425
2.4463505097952387
2.5659121982619726
2.5383643911888427
2.5657117496685684
2.5614840810587216
2.5115266089770993
2.5061417946640865
2.430171389691391
2.4752756848245747
2.353831677613466
2.313622131719756
2.2939471967418763
2.37787394431409
2.4107496631712713
2.3929327178059845
2.3854587277000987
2.3160199179199608
2.303939864470356
2.3229264937572247
2.2908554411927082
2.27784518240752
2.2514530217426705
2.238251744110714
2.2449390509466247
2.193809640490729
2.2412472055493837
2.358973724269654
2.515729433485164
2.5126747593079144
2.527297682192541
2.509795934951963
2.4886090553012656
2.5175147789487866
2.4214546391780836
2.457920814856047
2.5485922350913333
2.533113640231761
2.441458663944527
2.3326005265881973
2.315709706742083
2.3473745052624335
2.339001744254532
2.3390747320833114
2.3252199982225163
2.350619127603246
2.345065628351539
2.319131424090315
2.2902236837126195
2.305810041874427
2.2756891653080276
2.243084287967728
2.306588511171847
2.4053478171052873
2.3961959733932248
2.3481004329397854
2.225881028705691
2.2577492119305225
2.2849335840278013
2.3887728150337724
2.3137038932097913
2.278755431444119
2.227381925027141
2.176382987796684
2.2048958779622425
2.2054624007500663
2.205890382542982
2.35926701123537
2.3602148036721387
2.261961835615504
2.1733536398228925
2.099634559359997
2.174987829498915
2.2918275949031264
2.323257621520185
2.2353960568449236
2.1954451094614846
2.252219347328643
2.296933809506041
2.3063792804852774
2.237266809188431
2.1955695639975956
2.2463832669369856
2.3606781615969634
2.3052256836337093
2.1896046686570583
2.1339385787322085
2.102295694663925
2.1362830671660826
2.167525550385909
2.2317542859573916
2.1719325731521946
2.180981925502878
2.1785141446823206
2.157805916426084
2.1947259358743207
2.2324704559748714
2.2187538869068124
2.170707698071757
2.1833415290954394
2.17559865413366
2.1720904876422114
2.186779117502534
2.1785141333437203
2.1289625579235514
2.149880313214195
2.2859435767347946
2.4110112800006296
2.4565076093351133
2.4250851564734823
2.4244680583695164
2.4373717927442313
2.414142278834234
2.289932006021089
2.214887522020028
2.3737527123245843
2.4075656303787056
2.4128827143605047
2.469074581871667
2.399419846228939
2.2677829742346445
2.269348852924235
2.2725919815017175
2.2993299379344103
2.400465449823507
2.3739617452807535
2.3214940487028346
2.2421217220248906
2.1250680980850296
2.073738916806814
2.11931644113162
2.165089185087953
2.1895854538316235
2.379668580729447
2.46773027842443
2.3963278404051858
2.212276957458634
2.2407527878345705
2.4315722876547867
2.5281605959576736
2.612553331014421
2.6808286777600228
2.5600034752267695
2.4335168796356386
2.3826205846257222
2.3101146671254056
2.3171023025783204
2.3433630774041716
2.333767919819153
2.235040162482429
2.133921502571321
2.074356441692434
2.166868162073418
2.184956027686351
2.2171935194261163
2.2974035015528
2.295751659185985
2.29300388600817
2.3115818021155525
2.356324057357654
2.4165393994291007
2.3823954545968107
2.3405592740719143
2.265832805833115
2.1877196543706563
2.206995485888643
2.350742378999369
2.4910984110123553
2.4297073765559656
2.240444467657067
2.1554368195080107
2.2342457671945914
2.2814359182655606
2.2593485539566043
2.1589312796320295
2.0484011103298605
2.099918771971566
2.2190277828449494
2.3275351537789195
2.3429071179306873
2.3462056972995904
2.1998158428510655
2.147687136133339
2.237802050546243
2.423769287791624
2.4815094217929765
2.369240840111804
2.309234770148527
2.3161890093367346
2.3880538748956104
2.399978429802816
2.352090451544838
2.3109652450996805
2.1930004213898897
2.254989711177235
2.2637100948265125
2.1611656455548762
2.2564179652080045
2.286299067904197
2.300843434026383
2.3197610238871005
2.3065941920234936
2.3297622156213023
2.377503681361456
2.442352534665993
2.45028868144005
2.402291712337959
2.2814309751906285
2.2492428819044457
2.288027727669668
2.3711149795389415
2.4905239309959795
2.536249036005672
2.4487774529897077
2.399323104262115
2.4270166759815357
2.377646861930981
2.361173151395023
2.4004855100761553
2.411191767934855
2.358337409723576
2.3290078921902966
2.41610328159687
2.3776638742062985
2.33158046140487
2.3436528179523592
2.423976281915611
2.4694748544301874
2.40662516051355
2.32580438605362
2.2284906913639735
2.3085942302129454
2.367547260082479
2.4150103040323176
2.4194005050671534
2.466771739225381
2.5088625463630634
2.6210989070590536
2.6914693969656422
2.565073449426241
2.4978041346459414
2.4624919714397318
2.487910790974153
2.525435858350419
2.576584064586083
2.535545088810474
2.553767468764762
2.509537446163364
2.4746876095759314
2.371330080394466
2.3915603764436475
2.4674709673234028
2.4685474611638614
2.5214143720730244
2.4752065858669283
2.4851677720398064
2.477635706977895
2.4599586107551623
2.5305061147959047
2.564092276117697
2.516278175797958
2.4431383780117613
2.3750415309531228
2.4280471284909413
2.462414846189005
2.4506803169693243
2.450131157100181
2.546059973211879
2.515294476091164
2.486411325989038
2.544738344140796
2.453428556784957
2.397750110125063
2.21868429567191
2.080902343669081
2.057485463575876
2.1751402439221095
2.188681128912333
2.248743570945018
2.2533744316033806
2.066588569153484
2.074809224470858
2.119537293262923
2.1859258019487555
2.1801872251568453
2.1748925073613345
2.270399467533348
2.3292900183967906
2.2714294605578926
2.2504432809866137
2.326947680986268
2.4288222211444306
2.5240104290377894
2.5772672660805185
2.531068888032429
2.4281244594101676
2.4328852529109133
2.4954764257247475
2.509191209849932
2.5028112326380416
2.5027890955729033
2.486028261357422
2.402020506173326
2.3244996041120287
2.3200157638865933
2.2152156937959706
2.218781395357432
2.2957569058451988
2.4028238767327417
2.371690224652093
2.2965675263475407
2.3298332973260023
2.362989076946351
2.374399891527113
2.3383090884826947
2.2415836313994517
2.279667044396843
2.3904878919584953
2.4234732874428886
2.3309331115829397
2.210189231859104
2.141391269724411
2.1689259060524635
2.182923385669966
2.20263659677019
2.2675613235002365
2.294091924994241
2.3110926716208415
2.27119997697915
2.1043604361610164
2.084889658731006
2.2431585363304523
2.3826172134120296
2.4448167759742305
2.3828254236549364
2.4210514677136112
2.441217971110755
2.266239036549403
2.2393009091784313
2.3313478447903675
2.4237183004767915
2.549740582365596
2.4708026996484134
2.3667046328200554
2.349387858070695
2.328669159158221
2.34582395494634
2.2623327633682613
2.2503873351552213
2.3450140379817754
2.3761576850389936
2.464354231113101
2.466458121159209
2.420111081995174
2.4083365529455665
2.3799953228135187
2.3735469351529215
2.4708351219886224
2.4832171767818827
2.5194832927029878
2.46320610947043
2.412789611157742
2.3692001252999537
2.3888023583194573
2.359622406886306
2.3270403552424126
2.292901528262626
2.3170298142857413
2.295360999635938
2.296584675451312
2.3663997682710916
2.288129459531317
2.3291916803834245
2.36893504570067
2.367970213245583
2.2570907019636275
2.1137712080975217
2.122749713039262
2.214441435832522
2.348710883038079
2.452032628799816
2.422442757720336
2.430146445358923
2.5004988611945898
2.450020340027495
2.3504941810322753
2.2675897140245316
2.3732848111948863
2.4786369807354425
2.571272363309352
2.4587263936334924
2.311264255505788
2.3031893209686802
2.3125059339362872
2.244413781863794
2.1939651724118323
2.2111166204310195
2.2602610168353485
2.2112887999988864
2.2328213482664876
2.3147811353555774
2.339037395980115
2.3370524528854397
2.3230040901922027
2.357975067947136
2.329113264548213
2.293588443251026
2.3111216706712776
2.2287748285826314
2.22006886714557
2.324754088246626
2.353868946845865
2.3533229272024605
2.324427633218613
2.214271141525593
2.275512031922765
2.3951003953183068
2.381705337105867
2.2746596774790064
2.217148042300015
2.200826660350941
2.1792514852943565
2.226285828976025
2.2466615553178104
2.2481129722279714
2.2283622644339993
2.302552088316922
2.263652096446526
2.2511492579694803
2.2159994011212767
2.211025863464584
2.2219156154274136
2.2317458786861653
2.199837555503617
2.1094063092257005
2.1685670658681286
2.2399503962503107
2.3744353219077183
2.385858131686268
2.1972296642458624
2.09667992723915
2.118426570834561
2.247339512797696
2.2450376447559557
2.1459809806989556
2.0863195053117165
2.05227615431798
2.0863080145527952
2.1051929748603055
1.9993083270902838
1.9821894863912672
2.136865815988918
2.3199091125508
2.4156203429513
2.344086988229976
2.2871433354659487
2.297714867998777
2.431061584906134
2.5283066156713563
2.419439635466662
2.3496254395504335
2.312891632232687
2.339356978715601
2.4322521163292903
2.389163454383697
2.3492460513485565
2.3806677585369327
2.2438854150177123
2.1891147848816135
2.251872148573411
2.2891125351232886
2.2929278037486216
2.270864330112814
2.238702078837091
2.1852254296342317
2.281185452574838
2.3310850541519383
2.337069799002916
2.24648509009787
2.140357552577779
2.1184539005738805
2.191456859439466
2.2724480294789027
2.2845443571061184
2.221229498996375
2.2540780283977115
2.277729474828709
2.243008130730351
2.1856563402598965
2.178914525260168
2.129432762528969
2.1358857575729373
2.275668061992743
2.457316128529613
2.5034168081457766
2.4346431537965465
2.334200432717129
2.230082862457778
2.1729609222949415
2.1499385758087146
2.2137133140039884
2.3083584187634516
2.3377180585166464
2.3459145263757466
2.3018099617138312
2.210103652408703
2.2254881073888435
2.2629039224900462
2.2747252734364647
2.130295267629034
1.9934564616937387
2.016637334266887
2.1024510622509704
2.172923550382905
2.191687623165303
2.1262433901193147
2.1379246654715565
2.1868839519300867
2.287574133351343
2.327694821054894
2.3591759690678673
2.2635995443611616
2.2366579306144647
2.282675992468034
2.339784111763678
2.341654279640936
2.3324604090166203
2.365998176323944
2.280448667299382
2.2211748302312344
2.1410227700505207
2.0884058631444113
2.216914436195414
2.3367943847040618
2.4769616189548653
2.3904060031991294
2.295400611720381
2.3241440010561845
2.3447218241294268
2.374099411522049
2.499353166674377
2.494248194296016
2.3772413345336423
2.445847787318841
2.47060139530806
2.446729545704349
2.3885205757449874
2.3023837208593716
2.2263414731393496
2.2195138018482177
2.2890456186548507
2.238601410286946
2.1571396386486947
2.2007701414811747
2.19780606958758
2.240646787571486
2.3348696354308176
2.311149574637933
2.172343476237912
2.0516486462744283
2.175454365303396
2.316148388059296
2.455451785260849
2.3780361279195725
2.302159157565058
2.328213707068884
2.413160224274934
2.399635227292462
2.335704136920142
2.260445328606713
2.2924217870389687
2.3722698585912707
2.3537222087902308
2.3371408621845378
2.298455902148308
2.325338961281095
2.311435391988847
2.2577910496643887
2.210825252325284
2.37980742461351
2.481407325208235
2.503980450298468
2.4522191161899793
2.3027213759295075
2.3602489299432805
2.39208948310694
2.4271528525504884
2.4349349404258276
2.507166790251108
2.504377909006521
2.4990085547226912
2.5936120159266816
2.665205434918011
2.596142661759802
2.6524112834962406
2.620192869777641
2.61053770541355
2.6248256167532693
2.527623109375268
2.5259586201524735
2.504829173692187
2.3132943302798274
2.2972058078299646
2.296685525797188
2.299512104810532
2.2715845305418845
2.2101785594482233
2.1391524148932826
2.118147861831952
2.223503837141938
2.3043834270139723
2.2276682121174285
2.2464791985279997
2.3458793530304534
2.3264432030311717
2.395056077060024
2.440668799522337
2.481560159761253
2.5069499332243224
2.4971860912217685
2.34620260248697
2.2975196660422905
2.319339840695331
2.3089306186773477
2.3354670776347772
2.3106995315716445
2.189433303439018
2.1491887905459888
2.189662020023249
2.256909251699859
2.362814308359789
2.3442110575306545
2.3713500576886086
2.3325335402260348
2.405153541601453
2.3785172776571404
2.2999023039953315
2.279905877511802
2.2605235532097523
2.367024358802854
2.3256135180093747
2.321824556676938
2.3891774294692247
2.4212705016146607
2.4670930803196236
2.4303856560802153
2.3567685142242323
2.3149110459605717
2.4190076836367296
2.6059742633098546
2.725615511098707
2.6997701397332046
2.6122591955902514
2.4196547450051034
2.370636120324034
2.4097233382562964
2.416477751470976
2.4540420480748697
2.3998522020612207
2.4041982587621784
2.401523006896011
2.4137468911555406
2.5217377005255783
2.5626396476136906
2.5098494086723404
2.486500215866504
2.4309904906189956
2.3859611338154747
2.3964822238551866
2.3581682422476393
2.3323413384884124
2.2533057489764112
2.272228935706149
2.284669376000099
2.1504505235596856
2.1697336420062134
2.163229581333288
2.1512573367498455
2.1124276110177655
2.1002060751370952
2.2015009023626457
2.290020767927251
2.2662794657421084
2.378550792427851
2.3521195848312044
2.363504911640054
2.3254391199574123
2.396047866112897
2.2932714619324512
2.2521975570618915
2.249629067424684
2.2655918530173293
2.2559107496385593
2.2843940863747307
2.176058666652836
2.1387647426372096
2.1627583651785747
2.2053489591457907
2.3213980564081473
2.3328591093805096
2.2550874882451635
2.194993264725431
2.2564702853714373
2.279313317184906
2.333496451459155
2.337816390396272
2.3370928522722703
2.3148221044544317
2.3036651567124884
2.3590952638450746
2.4159915622462793
2.4719524118460843
2.4996918995352178
2.450685896925737
2.423814386667454
2.3336197832799614
2.4196687999256152
2.394004594012541
2.39898314493336
2.3475097194353607
2.3018464182377536
2.311554197258586
2.27814281905596
2.2466270972123046
2.295870675820189
2.311524501198236
2.312244469717624
2.2279074316059817
2.1906029651105583
2.16876997614911
2.297873875144179
2.3254686991435056
2.348667262682006
2.2944831349056636
2.2330470739292894
2.2935871609844987
2.3906383533491407
2.433799867993597
2.451679476668634
2.409526021297943
2.3564404603092015
2.300330212324221
2.1990260259825725
2.27786975978158
2.342336221092728
2.3594093522178086
2.3344647802108693
2.3487614157742445
2.383877005712113
2.368549426376343
2.3396916476187144
2.328500757003538
2.3227276867965467
2.3720527600222576
2.4933400021002843
2.495429647518325
2.3642065069037828
2.3439768499421594
2.3889541086695454
2.4447161959942023
2.4353021710599174
2.431888770768532
2.360605413806246
2.2892410599206254
2.354591984107505
2.4623052982684657
2.5140407630249157
2.486525809331683
2.310003300000296
2.2152009141265614
2.263498077133375
2.321967861592053
2.2542081485463172
2.2154121998657317
2.226032924785006
2.216017513436936
2.1807592420329893
2.2154690229402245
2.2483330638549406
2.1946625922614675
2.2171410627480688
2.190654626844678
2.202060294784701
2.222047771242625
2.2463165248535715
2.2894094439379904
2.393706386049673
2.4789329679391865
2.490077859289333
2.4993974991300165
2.3977781559219995
2.379161818051308
2.4037658804357047
2.4730139960527255
2.4617627269707953
2.3393402904656853
2.2792398215245244
2.250383541277088
2.202126771956546
2.0859491624523296
2.1560778804868
2.1986801224821724
2.14527470604277
2.137409796806735
2.1025862357234204
2.12036263638747
2.1663132565322503
2.1714043015193325
2.2390153560903476
2.3417457170153875
2.42317519555174
2.4423980936537824
2.3478083872781
2.3236630966837253
2.357176395913632
2.307629670299005
2.268477305523194
2.2801210366829374
2.208599588696079
2.1191687265150927
2.1875635404275022
2.189310469335031
2.1368627599516965
2.059265120787806
2.068634164023772
2.147493735844329
2.221512809698844
2.1611476926081092
2.1050234765878004
2.1783948414341316
2.288316211762062
2.3100034668471254
2.298066502792903
2.223898855084595
2.151945166595826
2.19191647112005
2.2418029636074093
2.288901446549832
2.2434321252138054
2.232707878943295
2.1520001237953226
2.154638121920327
2.1928936429898305
2.2040144250628178
2.2205535472807316
2.1843566340278837
2.1599581136642825
2.1701385019166155
2.190173901769324
2.278063660677917
2.2966490727183495
2.2512890478431933
2.087730405643947
1.9866377955858199
1.9666005126884651
2.1025397254384095
2.2529189065885062
2.1332767300138835
2.060235279439578
2.0547094684706315
2.165541848114254
2.161792474442809
2.1545953888638683
2.1887864682813825
2.2890849199879693
2.326539844334376
2.378988443428641
2.326716986379459
2.1882180186167672
2.1713074934625705
2.1344423707285864
2.2298116762662366
2.277265743671816
2.3035146706499314
2.3870069948834756
2.4178667518075754
2.375625929535671
2.21199629940434
2.143504783641329
2.2254006716312973
2.2669690501945507
2.223321682275691
2.2490447056323846
2.2685372415103355
2.2457971935845737
2.226753352376159
2.2279504425652887
2.149797548295631
2.2419685960982254
2.351171068838408
2.4205696874441633
2.407823685775304
2.3734399864920137
2.428060237924248
2.3408388542108245
2.3430826901183788
2.311301944438085
2.2513602232030694
2.194341740617876
2.1748147704562375
2.136932118759056
2.104666052658381
2.058301299674145
2.0055566101926012
2.0268030737186957
2.0905801548274967
2.185139816388843
2.3440808133161037
2.440429684523411
2.3064785733391724
2.201207826909151
2.196105766541278
2.1869282986452974
2.2722497156604167
2.2571188260734663
2.320476149269072
2.3738006722940805
2.3815211551157494
2.3597064184344534
2.2493077210506005
2.1514466066836206
2.0463833283653265
2.1110259893182444
2.2912857721851334
2.429523233399941
2.507216975061392
2.3637862621035133
2.2731193489967323
2.3202196881255297
2.381025015477104
2.4188959574361917
2.4207145903703506
2.3987044035508176
2.464713356076593
2.6096662599623097
2.679415553918228
2.600214838778485
2.449052868431372
2.341004865685593
2.3629172133471403
2.3895186237723616
2.3777979600626953
2.3573093218053334
2.3191389449669524
2.261929410253359
2.3421267322855517
2.3250662495294785
2.3061096924055122
2.380573316587521
2.5511428358386308
2.6782002860582503
2.5834804556960678
2.4163466287866697
2.350131056145372
2.3786351925931433
2.4152695275054463
2.3602636944533235
2.312383423202215
2.314569654967149
2.3058691917025618
2.3411673885629742
2.3515679393953453
2.333518972548575
2.289611974053341
2.3517111975405767
2.462092511315898
2.4436053974231133
2.3512059822152565
2.284365251930562
2.3236073790218126
2.3518590045190204
2.3009496054161422
2.225173057504337
2.3183369318167006
2.2337614537372334
2.1113253116471067
2.084070614833734
2.1988993968082675
2.2576247793052806
2.229823626815446
2.155534929432557
2.153482261835343
2.1737678923241983
2.335809564913918
2.3122105710545244
2.2506375833896257
2.188637264043912
2.2069672457187557
2.2737904095296892
2.2708971473872968
2.286913124530881
2.2211989791475713
2.218143599926288
2.148352381001275
2.1528441685910926
2.1935089127303256
2.195552575577929
2.2222659283774164
2.1940553843641175
2.1975027617923986
2.214995140593895
2.2519321466824995
2.3049125925018092
2.285046447872038
2.217911320042827
2.2962365741068367
2.3297660473131803
2.3491237151992292
2.1970683300988787
2.137349888056676
2.137240737388859
2.1956330267577564
2.292689016624768
2.4355351303281623
2.4671492066925405
2.421019391549591
2.386791207473888
2.444608717329533
2.513603790686172
2.475793324074995
2.3789469850672753
2.4140659515860525
2.4048714499737365
2.384636651124323
2.506346869520276
2.4503601826920822
2.2773286750315034
2.237520997069858
2.1889659712648952
2.2645430457293236
2.3948397340103322
2.3851064197928067
2.4033857539129517
2.3119538461711127
2.2119619273725304
2.197256531597088
2.261548209231899
2.2910473053114653
2.2777958357666375
2.3120988438640317
2.3529404576244937
2.4091735542028845
2.347381430502637
2.3341409162193862
2.324031363377403
2.2819478164845957
2.261735212887075
2.3054860491809395
2.3858681286155496
2.337642176945214
2.2531138015546794
2.1756064115557745
2.0894947931068186
2.126034879805534
2.2837650808005554
2.462930546943665
2.487815849653962
2.4407758000315014
2.4520329999894646
2.4101097047241375
2.4549265867377863
2.5134859597958177
2.508030161791971
2.4529979553295354
2.403224144855551
2.284823782376866
2.219809494284245
2.274827154261446
2.3042545565827592
2.3249321687032207
2.2621585295312636
2.218876053106161
2.2577719170671555
2.2730814017550847
2.25710662123305
2.295673307587223
2.268372867787477
2.247477689975832
2.4025038374375365
2.4272966829178304
2.4188670248899737
2.314877213103963
2.2618544337516466
2.3171116323163927
2.4098440754485
2.4495439797112883
2.3741997901131855
2.2219634086538016
2.2412279085625317
2.326729021945047
2.3245952984139406
2.3208375149149125
2.24234983026705
2.235632439723116
2.2722098544088873
2.4374997354100905
2.4711112368869053
2.4449759235631117
2.349148869415677
2.3572219285829306
2.499224362760632
2.636063881647227
2.609736356796274
2.470710641158162
2.4658802099849364
2.5473136361951454
2.59202936294506
2.5463893255634273
2.428629740915702
2.3075414506962733
2.314315312203108
2.3820110806339727
2.3464576569070283
2.2302952052234795
2.167606634328485
2.145779618338977
2.2055262463374543
2.2582952218824457
2.268907393363795
2.296979108822251
2.3600165404728877
2.44171319146894
2.392988349511119
2.4408118344843195
2.5008443940443694
2.5827918619911494
2.6201587358871925
2.4953591312623664
2.499166409180272
2.4952453419277827
2.4516872691525156
2.380097782761916
2.2463684666754133
2.1367724090156903
2.1222708580414413
2.2455197496625017
2.3996891861865306
2.3585198472678592
2.247609729597504
2.2595493652747516
2.2689484656976977
2.2424055135905143
2.2792110597350614
2.3307466859970507
2.3324353885371134
2.4082053107849326
2.54600844777696
2.5519188535730604
2.4688678395770087
2.4665379089710355
2.456327839316347
2.43399846642018
2.416857505832227
2.402239136463419
2.3347595991788994
2.2890411081980746
2.2861934214867525
2.3553089309386364
2.2915028102850274
2.230628640403777
2.254273145774966
2.2658475244523766
2.239500782551383
2.231094564386473
2.3318868407785014
2.5219917921650548
2.5354055952052894
2.4806520727837986
2.527224578075325
2.576026163228985
2.54161198353997
2.538331615159535
2.624010334684287
2.715078069131772
2.652345665475123
2.4813168623145643
2.4415432532796784
2.372917166444919
2.3903389221394713
2.428179934583064
2.4415546961923176
2.4791978848843157
2.4028619027586267
2.3135479024661985
2.2467451616917526
2.2010095380108945
2.225812610006727
2.2558069925605175
2.259688881894656
2.322391614278594
2.339463955005734
2.380758197083906
2.3227907337996
2.2887698072121587
2.4064753125865908
2.515280749846506
2.4726269611489484
2.3923321271462976
2.405432161680655
2.4432088873547464
2.437557462818295
2.3705024221143947
2.321259233433651
2.3232511691462534
2.4945051354225525
2.478356299245399
2.354795582150332
2.2249157190350584
2.1059899235490676
2.186283277055447
2.2511311870448316
2.2927253435974206
2.285083661579563
2.354583587811916
2.415613146179374
2.4707139699895673
2.522090148381278
2.395108221710054
2.3396482898173154
2.3089637600567836
2.2525932059739784
2.2885517273266434
2.281338858112804
2.2660153558829474
2.3431471518749833
2.453001566275814
2.4177868489676775
2.3345212525789196
2.2917301451203507
2.3406086679826
2.4288692123362146
2.438141514757179
2.406596327642054
2.3177045058570425
2.216219978293026
2.1122330767863238
2.151420346750541
2.2812240006813873
2.363531506777618
2.325968542660856
2.2030933728601014
2.182703270015126
2.194511838736489
2.255913241538548
2.374547036587417
2.3656502435123454
2.3969443431448614
2.4183413628512196
2.4404340282563997
2.4569618832535225
2.4112798129170296
2.4179192147759303
2.4698661424181423
2.496743347154022
2.40350867416945
2.300663011127518
2.278877266584218
2.357738999230111
2.487697528150745
2.5357942634871415
2.5082127119106334
2.3730558472195025
2.3133150142383236
2.254282198874841
2.261207664713916
2.3070101946644743
2.2607386655536827
2.298985385703588
2.3535782832612826
2.4351464912026723
2.390707678966686
2.411585782417903
2.3178115086742994
2.2802015574417998
2.338907528586896
2.3620735873565892
2.3821890550202833
2.4210607034986946
2.3946734208504643
2.31200473897822
2.3452805382688227
2.38775797250029
2.4158074374639766
2.4089682967695554
2.303784888019992
2.256524232843844
2.3258043627556138
2.2545784735393015
2.1977096012514243
2.23428055761357
2.306116305477012
2.3068901005042375
2.2631174535176
2.213937164641978
2.256752717441609
2.2979795776912284
2.276464618020986
2.2804577402128507
2.306567761081308
2.292710624100448
2.368101621685385
2.403429751870387
2.364408561525466
2.3413409737740416
2.2360771795115983
2.2092187718360856
2.2284523407694303
2.3034714535309897
2.3033828005592163
2.3383736225540455
2.293575903923951
2.245818771551271
2.223668786005712
2.2752700391372174
2.318334386841539
2.331238316561445
2.2874463541593557
2.2984419310119586
2.426217750542159
2.533861877908029
2.448708723376636
2.344564204575182
2.2983838956611433
2.3562351522328497
2.3419932787467643
2.3822499353596727
2.388660561597968
2.3810679106352715
2.4189661176563164
2.381317519741252
2.4864112693831384
2.4149943517017123
2.3989492226395233
2.414087861055075
2.3371543825856227
2.2366948108400484
2.1098460157276446
2.1447443601730822
2.3415689492352083
2.3777554641906504
2.361918831997219
2.21122175621172
2.1688544071087392
2.234411521584566
2.2969742434009457
2.360673976588636
2.351160650410418
2.375605160505614
2.3699025369018916
2.295029972615958
2.2233112577596805
2.218559707491878
2.2642190051679
2.3190826504519246
2.4226321568046676
2.4190867344305658
2.296661672130262
2.23264514875844
2.188190054502524
2.246566081088287
2.3431564396843663
2.3579871854261985
2.3357314162706366
2.3766911752829993
2.303389484281719
2.305049661333773
2.427850119217871
2.4765537191108447
2.4764928009061684
2.429837179501065
2.342532581015667
2.4311051704268682
2.4698886810797944
2.3622099315970466
2.411374126808647
2.3855946739710534
2.3926779223443444
2.3974548691279534
2.430574834173952
2.459271656118021
2.458628539092464
2.431177903847855
2.469654715998055
2.5244328781952325
2.511350944625944
2.520054744453774
2.443961883843837
2.4156015121062593
2.4382128337230555
2.3948286103533376
2.428212356018993
2.404293372898465
2.3553507735324426
2.3844541857343486
2.383570425091645
2.3303825313939215
2.3853744465397315
2.4022801393133837
2.357076657523532
2.4175940056607645
2.4580226584693334
2.4367790124429307
2.485728233032039
2.528038474740862
2.621313765879152
2.62611934828861
2.580151207705699
2.4717146321093812
2.449220651184872
2.4834311510383396
2.53386179381985
2.5228187025838023
2.506898755556301
2.382625593826274
2.3235026607103384
2.402342657677642
2.448858945677644
2.4594059228264022
2.449387656872794
2.504698351313648
2.523859217665405
2.4920841877249438
2.448829484066273
2.4812154390735612
2.521015527535815
2.652964050845917
2.6936309899913127
2.6281735313356824
2.520632223716326
2.4459706255507685
2.44989970031685
2.4114434513187026
2.413028906414792
2.4815627374384444
2.518344660628779
2.456548859855253
2.477887922777595
2.369252230242935
2.3074623125992053
2.310018169868666
2.458394946546894
2.612613090950584
2.6458509257369114
2.594209624828063
2.5270013622855414
2.410631261973703
2.453962737913417
2.4035810618662383
2.44782027477134
2.4660330637624575
2.406649915050252
2.424450727214254
2.481338450673692
2.510563101496392
2.5756222025920934
2.629820187162893
2.6089774562646895
2.5565216859308526
2.500103832192386
2.5688456963453596
2.6918281157298813
2.610117844538715
2.4068038191335477
2.385559383904869
2.485703335876624
2.550767368893445
2.5411370877085546
2.4811010868386862
2.4259835149886104
2.34912386406517
2.3355734698722515
2.4179016114781073
2.487772162340646
2.515582498451764
2.484065835596229
2.5426714681823213
2.5470109153004215
2.4486403516062234
2.4276317373572804
2.342515263922929
2.3153819611114073
2.3618043691633464
2.483533223901503
2.5618629560222996
2.595071278949184
2.666672646440409
2.7480902013480195
2.681910673937068
2.5669240951127215
2.4636694316294476
2.4017289177581773
2.4148458934949875
2.4483543959929097
2.545445468421698
2.598988925608414
2.4613358571042543
2.4718339411229318
2.5216710086050584
2.6950341932037643
2.7089677673762624
2.7079336143544546
2.7303152087004454
2.718544784390693
2.7139584244978803
2.7789466581643705
2.7877927314169773
2.801421049965932
2.960359949408397
2.856609094637321
2.770970596091614
2.6887933379445084
2.633434712201882
2.6767720250942446
2.685869743997199
2.7582461159691714
2.722472804541824
2.661886377027199
2.596582343071141
2.5948539506500965
2.6723345404988836
2.8125801520259177
2.8069098504105483
2.7333925612412044
2.7746622633458218
2.8789339231194915
2.81727886785595
2.7127892659378054
2.690898016547717
2.683548881976809
2.8066798262005865
2.874646083278874
2.7220068419660706
2.6470127353303505
2.57141021513725
2.5242679495520077
2.566070466549522
2.547339150003211
2.5290616553612915
2.473388319519271
2.4795929325800805
2.494871709469654
2.5021919663246015
2.4978870543990705
2.4456588888362667
2.4135285963193134
2.429477789669801
2.505927779157516
2.606800940534741
2.518278305034131
2.393943467789249
2.4719122474666593
2.6301721202804624
2.679536930871357
2.7988269187832304
2.733659152944789
2.676140194855368
2.772285424023345
2.8602891204541256
2.8320677555523344
2.657840915229859
2.544195288325682
2.6411544628474086
2.63515961709627
2.597266351806122
2.5410562664725447
2.486933619649062
2.528336771100729
2.5952849119343266
2.7184101603234527
2.6837023617669846
2.624259612967453
2.6002903705008538
2.6577186683549088
2.701525990251839
2.718286746700323
2.779371218200277
2.739460870314021
2.6220240243440553
2.6817467456252735
2.715523743562359
2.8282401554598633
2.8017914934863972
2.724162790575146
2.626798144094212
2.6548121016055704
2.607581499978617
2.58552512070503
2.6087773231634346
2.6473863890678597
2.598903781871861
2.5312097129851923
2.584747178373997
2.6326135735886385
2.704316065231887
2.654644459597459
2.5225457773711404
2.445845938852542
2.487957448596471
2.5772408556187796
2.6351005451145446
2.644037275754831
2.6270273272103717
2.58167493232908
2.71232790371579
2.801548654791345
2.8027272126871634
2.721812908715467
2.744447014497916
2.8489625940117924
2.863676603854095
2.7624797117350712
2.6705527406271115
2.56783475191159
2.486649166773668
2.5023545108943472
2.5456059305218686
2.5812934112624615
2.6235910031644334
2.604581633776337
2.6265972909933812
2.6434680428291277
2.626672689409131
2.668206712334973
2.7779361405732037
2.8385212752368107
2.956235844608231
3.0186190214317468
2.8581843799611937
2.825308537040543
2.8574262819385843
2.8684054674370563
2.8834927117408675
2.8182372135303244
2.829013069298388
2.865400378758413
2.7951834815441687
2.71794561886264
2.599769742405622
2.5572008484348685
2.508719060024494
2.5163198063961056
2.45931414861017
2.4938234835214934
2.622500861726395
2.6316735718692303
2.5225478346731016
2.3821570269550896
2.4205825127338647
2.4379869395786304
2.4556963313979963
2.4035564648550998
2.446638381864945
2.448128127420511
2.4787431069076034
2.537427568741821
2.5000847900181147
2.5889897130615553
2.6319727356917575
2.7241709121058184
2.6253580248287167
2.554542989487889
2.545930614817238
2.5659798249723087
2.70501670713043
2.759106143078558
2.7072010362957815
2.6939789442755533
2.682534692941235
2.6706892334669954
2.681458651214401
2.6905106797805027
2.7613029973936327
2.7232767542732788
2.593565894771044
2.595108551145163
2.600184660808191
2.648905932881403
2.636037227640843
2.5114974579525686
2.4873156572851167
2.525992875795265
2.626893305727057
2.6772445838788976
2.5890668154416927
2.5014481733474403
2.4292951369494777
2.38653942808632
2.485800614979658
2.563638188617409
2.5550049414751563
2.5241667577634646
2.565648694890973
2.639305587009996
2.58416809424807
2.5311808979322707
2.4825572664752382
2.457113963330957
2.3994989953840253
2.433419124946816
2.5093521353096047
2.58489769166492
2.502407922500291
2.50385486006063
2.5697700416599627
2.5926521024256832
2.646537711595024
2.6215013740199633
2.6691669523736006
2.685608767898482
2.609036362608645
2.5681299325378673
2.624858065658387
2.7205400194072036
2.6184557565863233
2.6970100736585922
2.605567019108044
2.5214832137268437
2.5313688352250594
2.4488274846705185
2.4261913137483195
2.404555474110876
2.4645035088265184
2.4615800276452333
2.4983659856823213
2.4577771210789074
2.449416526442001
2.409017542784009
2.390367414780068
2.491935567175195
2.552320809331464
2.58818536745402
2.585288489644892
2.5968924587981483
2.6931667283649823
2.683094029392557
2.6497301241398326
2.604443947182155
2.610972143734551
2.6635911435013453
2.643259787518838
2.5541051155538654
2.433330388760012
2.4226549327070113
2.4504139522112265
2.629952706948329
2.877673776640603
2.7978623859614884
2.624617622665954
2.567029420079634
2.564235997666547
2.7088364429485243
2.7197698387373443
2.7433171438034254
2.8269011480040853
2.8561517930594755
2.8962723217235613
2.881195934735197
2.812341479392502
2.798397460525832
2.6900279869620904
2.682801604878781
2.843970262378736
2.9560598105180147
2.915902838992535
2.826704955054268
2.64203174669666
2.58383929893644
2.7070719506794814
2.8862091375331405
2.914663168203556
2.871512963989571
2.7386845822730463
2.592762378189213
2.601524562783613
2.6248022402818485
2.751100434451867
2.8304298848786464
2.871341996411477
2.866963162522755
2.9543555844147633
2.9587236193348576
2.7917441118210804
2.71262615580332
2.700115184251088
2.6628193793093775
2.6779918043531055
2.650897393671654
2.679722224251323
2.7125889625479984
2.807595758938835
2.820257774230512
2.7110984997484917
2.6198488096756787
2.6581481111818235
2.6854058096374267
2.692325425028706
2.6880707419300798
2.7282255651415146
2.8477636431062225
2.9251719863720345
2.9659075137340847
2.9095200971460664
2.9305763321450535
2.9517295376415316
2.9869105012048465
3.0043433713269923
2.87938215898988
2.772779368939682
2.79341264621422
2.7343086305481745
2.7022696957115717
2.6833108492992204
2.7465931759319107
2.724735438080477
2.5676656428932536
2.4858679816033042
2.554344963319841
2.553248022916091
2.5700182220157597
2.6291718798914037
2.7498256089692177
2.8336545285460333
2.7912636444537626
2.723159292540535
2.6596149975204018
2.690679029620793
2.7155586108712084
2.737738494854562
2.697855080510526
2.65382343999127
2.724120556768156
2.8074706588055536
2.8807793188436817
2.919739202436274
2.867633364042171
2.7632954743114224
2.759074177984917
2.7581858083341273
2.809591109971315
2.766300519325926
2.736284138939384
2.767917351686366
2.756497312074933
2.7972805357988837
2.8399236483201005
2.760557642248412
2.7761540322368257
2.74056041298783
2.69427379676683
2.634732167772509
2.619373599024816
2.6102265364616253
2.545484943802709
2.483372245441558
2.5345582990168842
2.6309441825134052
2.650286299775146
2.6758044366202522
2.6790246877650117
2.608275392575431
2.5695764950273046
2.6400253819448563
2.7757262686814608
2.8231057565758246
2.8419229302789097
2.822279224825927
2.8284722487401566
2.7709594142734666
2.7676808838744957
2.8061510559398837
2.837441177780597
2.7979371857657034
2.832411064095667
2.787955745789697
2.8141357541165988
2.940334693721062
2.9572859278487096
2.9123661933528844
2.8009400729958105
2.776781122110669
2.816908287924946
2.7285951574184732
2.627175997424807
2.6857579434484027
2.7839670068018125
2.835566669061458
2.841260654024617
2.8754602660689663
2.8527707619694556
2.9419284524306493
2.9361416231626056
2.8666023394035256
2.7310765659383196
2.6838751544274055
2.636504034890741
2.6756534505197447
2.696137476168936
2.592423917472515
2.545807871257539
2.5016274373283984
2.475070780247054
2.5137033383630434
2.395102898663751
2.392888481243511
2.4959177319861228
2.508313520470074
2.505849159164429
2.4691634373570963
2.5048782252325963
2.530608249374581
2.579288504276939
2.678936905025739
2.576689598511075
2.5371061418885796
2.58790698134682
2.6599336201984833
2.6576100673076968
2.6382269169458983
2.665304166559179
2.6939245718381106
2.7373764453794283
2.7040085566363246
2.606783923498936
2.550581532726011
2.551837511784688
2.633724825296207
2.666233240865539
2.588199618370035
2.572111112541196
2.605252278745249
2.6024285650316252
2.603893475049405
2.660431488587013
2.6825614800900692
2.6184912618072733
2.6335027280828647
2.623551147757064
2.646915723310702
2.6204527368891473
2.579709116380568
2.49363118924763
2.4456708973563464
2.41220146924054
2.4263976821699136
2.3814330967296584
2.2944539887045314
2.2481856898576114
2.315307138557754
2.388358033848571
2.4771720753669944
2.5465320886972913
2.587965709322023
2.5947200019242183
2.624180323494654
2.6577998993711307
2.659708335965096
2.644622998347841
2.6836122560843227
2.77736781941579
2.779051733996008
2.7851602478114263
2.7528489726476715
2.778186259869037
2.8422913255512285
2.7579613312776976
2.6924244690141927
2.6402656809033753
2.5087239761389646
2.52428923336211
2.60827051671765
2.7102054771571966
2.774226413637889
2.8021160588509
2.622236734336301
2.517189611461416
2.711691389325579
2.797049554059066
2.847767004048256
2.7180505827918884
2.6679354505142325
2.7433929516019093
2.688992450551448
2.6914686577170257
2.5845975126769476
2.489287127677505
2.5423028545139483
2.574606862593805
2.5427937121061572
2.531670120133096
2.470610735114405
2.3674384681279332
2.414116436856415
2.500218504743428
2.5345782249657396
2.5051948370347144
2.4888279373469366
2.56036224616351
2.521841472890319
2.5927368712538112
2.7177678409146404
2.6963810279174
2.6267389765583595
2.5616172884902513
2.436852713642762
2.39236058326611
2.46068956149921
2.558360545292135
2.6562936835665707
2.60188364222514
2.5165307548829317
2.4005769779566424
2.3282244388610067
2.363679761935411
2.383497508379528
2.3904270837037385
2.422214318904883
2.472289666361564
2.546802443315962
2.5850060574412845
2.430640168906604
2.340060829070662
2.3280824053301803
2.5326938537729426
2.6374262432238407
2.7202506581250754
2.6904099333074813
2.6060165571342546
2.61932075536493
2.599173951784926
2.539918682068424
2.542672348932774
2.461965029687366
2.5475719206485583
2.500279542924844
2.449853369730491
2.5207926925278645
2.563981041533726
2.521522818263295
2.45927035251991
2.4680769187189964
2.5892763596920116
2.6740378875650106
2.707292851723736
2.7569720230813117
2.732491012512634
2.7028276286801844
2.699355693855296
2.708279806736136
2.7173139702586004
2.784324306776115
2.7840178156837507
2.8300593561253677
2.7608335438543237
2.641166301270097
2.5361171898036967
2.43678628461778
2.4791000306962396
2.5184582063778986
2.559341649989332
2.6347403927216213
2.5698820795720456
2.3924210100839574
2.295800498992605
2.3906822674790638
2.4319157709673416
2.517538763816303
2.5989983521824
2.565271684954888
2.5186875803248725
2.58480062236944
2.702965851055623
2.6876715958974247
2.647805015131998
2.5767356765323846
2.5673062282021784
2.6613301576983304
2.700171814060966
2.4761691833568773
2.4594571828056004
2.4399895948778494
2.4732853731983133
2.4411901473171445
2.395549705360182
2.378826412250901
2.4325388704911592
2.587339397130623
2.606748318926831
2.612696962192869
2.6245240619896157
2.7260338933453654
2.820548325768597
2.8108809638847596
2.8321747060674856
2.769317012156454
2.828898535171697
2.891749403967396
2.810300805347979
2.6966295190864544
2.68137989630491
2.6381053581130764
2.646999062863707
2.6987323544893873
2.6608238167675857
2.6103191593643627
2.6070108099454368
2.5603452896234336
2.532511095894975
2.58927932764721
2.6238422111396487
2.6357851177346405
2.5502310360666085
2.6569191652522104
2.7579902440619084
2.8240394352498095
2.824145914354165
2.8076495379571136
2.7710751539092437
2.7002133695641595
2.621749235573969
2.646682219605617
2.6958255115593923
2.8223897191549034
2.868156599303299
2.723539999027693
2.690808263513249
2.7963704516389307
2.821939558595723
2.7382331143048693
2.725040858906869
2.743598371870529
2.6525718721078166
2.643868158892615
2.6665170292378195
2.647484939449636
2.6495154551997047
2.753965171922758
2.735914969472149
2.704167544520999
2.7833890632143867
2.738143466250548
2.7615428138975227
2.7973650154886585
2.7722771550214884
2.736401197872276
2.7072373206199694
2.770662885315994
2.9375548009744
3.0813458389458384
3.0241480993548606
2.964167569335329
2.9372145774625182
2.9703988444522627
2.9765480284076626
2.8554165310525996
2.7184328685404684
2.6647656549642496
2.6149412450965555
2.5760770428479254
2.576329671058426
2.5701613469650524
2.540125212499656
2.5123440148960796
2.5559823493560763
2.6352344356941626
2.6835569113563738
2.6404827847928254
2.677714264666708
2.685046062216107
2.724896021604878
2.8131173394279707
2.7421252384430166
2.755496624659074
2.6648716665099323
2.7235807254323796
2.79120123760265
2.7229391195437698
2.614520687054655
2.626725751516898
2.6184098510203944
2.6013281258573464
2.5040971858986625
2.442909010906097
2.4969783313194402
2.5476686141508953
2.4911674524276286
2.4456258808340703
2.4929449562326305
2.5617370826801675
2.635283502175084
2.6669773921377917
2.6496773881955327
2.5450285275501714
2.6091635586529867
2.657895365178798
2.7539207452268792
2.7180461125325857
2.76137406090992
2.691824195712614
2.7085940914048483
2.752818446169426
2.7578523167340636
2.7371520584410534
2.725868210508567
2.6224495300378385
2.577704894449558
2.6009858710103684
2.6144089633955643
2.7125184635490918
2.8239676615844904
2.8491253857707273
2.7623103956486763
2.678363580827285
2.6958992938594153
2.7654782865667484
2.8527942315802086
2.8072490034103605
2.794196419695446
2.7647340780512137
2.8629145677206718
2.90304030555793
2.9095289363420798
2.8405266185860927
2.7122217155952306
2.6992546011863525
2.7301755468700577
2.816467542221335
2.885442244380511
2.9149795851638665
2.8517181840053754
2.821924756657844
2.932960434449289
2.9572406361215933
2.864392362116293
2.7393971342866714
2.6844502239311994
2.7453818664805905
2.810857518582206
2.8443772266148426
2.737710240513376
2.6225487457550813
2.687781122093634
2.7556112686194045
2.7900541104454413
2.7482355656765574
2.648813024432612
2.7449389313358714
2.7744353119741842
2.8876975359092687
3.085799248946807
3.1583291147318593
3.0319684379833314
2.9126872234095726
2.8638053622091095
2.9240166859115577
2.984004431204099
3.0465432080416996
3.010061502549837
2.971828002064414
2.9687957040876727
2.969521512064036
3.0134882098311087
2.8304280221540514
2.77562562623931
2.878814421474494
2.8250500548095627
2.8297705990195077
2.8300572811610065
2.982974906467039
3.040228198773731
3.0515796554540247
2.973371191503107
2.975018217637346
2.944161235559222
2.965735734653199
3.1469656637764976
3.2075981572662053
3.179875306471935
3.0382376017118875
2.9894511172530813
3.0407116516589396
3.106842908067103
3.026149102023635
2.9135695031498274
2.9306052147779056
2.9639359829762704
2.977491824992186
3.015883472405432
2.924364297331696
2.7839335424157015
2.825553503888415
2.904930422192197
3.0206458765368738
3.085169705556613
3.1088531677155435
3.0807687373709443
3.0553671429061144
3.12270018735442
3.115207007563858
3.153114282847924
3.191003957042265
3.221526748029931
3.195667913635414
3.1616965316424612
3.1072728567775942
3.041532219333394
3.049259634102197
3.115352902778193
3.1517492578934667
3.0950927023127006
3.0347526699188316
3.0346523134594006
3.1260512698094596
3.162464368121863
3.2129733424163884
3.151382761275527
3.1599104915870493
3.2050098997692937
3.2081996963112447
3.2453250430837133
3.312715668350568
3.358918820441634
3.444993305830039
3.464041830204033
3.328328054076125
3.2250501580901454
3.2905087548373917
3.360403028619881
3.467264032654998
3.3897848226859724
3.328163558350788
3.296455051661115
3.310554032953807
3.2937228957607307
3.245489061706263
3.1827652887721323
3.218621529781292
3.3065860383634686
3.2469457314676164
3.22290247216028
3.20430821319464
3.1530490761595864
3.195059540121234
3.2849267352130855
3.2679533778874026
3.1917357601360514
3.211033588826237
3.2260690003053427
3.2905104034767647
3.3232102538366055
3.2655272623005094
3.1726530142867593
3.282186910121972
3.3501428571419556
3.3245231381871325
3.2713814525451625
3.394932015114509
3.416444266971608
3.3831231875021457
3.4130160631780333
3.3112746024967668
3.3425343963505587
3.3511218130097578
3.260140770906505
3.2399292639355566
3.201902765318205
3.201425071870734
3.332363318993023
3.313934795287909
3.2368147526518207
3.1921894315890715
3.2714100823871357
3.4301644390420405
3.489764768228037
3.5466831246146437
3.5773582162949156
3.6248449938663265
3.530707554363911
3.366288997461572
3.2816400709908713
3.3308625692800473
3.3357839819560207
3.3384198140357824
3.3681194609919274
3.37557209059709
3.366636781679302
3.4568086732538856
3.4385261281646984
3.435391966397937
3.4509303906903823
3.4361208167991686
3.508610855090234
3.4728862747860414
3.378551498937604
3.3539906547113416
3.3977104454894906
3.4252736010566114
3.3527318148951553
3.330846944237636
3.3011748015266584
3.263230399638857
3.2997342231192146
3.392550349353305
3.4429976660204176
3.486700019893686
3.4813760431695497
3.539506935026796
3.6275470643704266
3.6365280356603185
3.616856079286387
3.6789668387690537
3.5426505311866823
3.436267940911822
3.3697429607688623
3.383814054932229
3.473862068263137
3.6121615993458955
3.594493500182384
3.500481840920913
3.429771260569243
3.489805701269551
3.6212197449515697
3.642918239171943
3.5631182185939116
3.5818512149177963
3.5833308150977907
3.644223225284624
3.6801814471589087
3.6250439183529055
3.4589827364152503
3.377167544760773
3.322971577396876
3.3177444729280756
3.4642851177409937
3.609811801109452
3.585666968450681
3.6366533769267724
3.616469746769579
3.574959130293563
3.5212977860659613
3.5624223259975816
3.7530117921389334
3.7605726510646775
3.641621066774799
3.5661828514310745
3.619184886952067
3.6891570998985745
3.8571902317223636
3.80262211612553
3.7923437430124176
3.710588515439592
3.621213099275388
3.535725415584573
3.415834289228083
3.2680446197885487
3.166449156705277
3.1853692467735306
3.335133097832918
3.4537915995370274
3.4753021438703673
3.5042671732934996
3.4973339830296637
3.509235452202364
3.594604001816778
3.616999385154207
3.583938311086888
3.6562134764345915
3.5690283378771848
3.454402343935859
3.395953860039169
3.4077917837322973
3.5032148558149565
3.606877799194666
3.6327073386478657
3.6121850134185367
3.5396949997265925
3.451809340942797
3.3962985825936
3.5089839566845558
3.5146707734199305
3.4040606871763757
3.4598467138279947
3.612220756145688
3.7310885971163112
3.7001018758658835
3.5975804870802706
3.5999311236394873
3.7342635781335205
3.777746138164868
3.813409530072005
3.8759707770738077
3.8723704080929893
4.045741799213822
4.180479350095987
4.06835670400323
3.9440522652328402
3.8576215990617477
3.7874005187748123
3.6942833757556777
3.6389386019301524
3.6371999682761773
3.627119962148703
3.603744481198551
3.6012043465362655
3.4435590994891605
3.3618050141495917
3.3143851821488846
3.304366616462337
3.223317268912521
3.2970359883592857
3.4342897347262493
3.538833699719449
3.439418541437118
3.307962395458069
3.238125345559699
3.361422603796949
3.516476867954831
3.6433699385805745
3.6510434735473574
3.520431695946052
3.4861978785176237
3.439452604444127
3.4553862804181446
3.3837814724705426
3.32945999542317
3.3508492899289135
3.3535926912958427
3.3195927688573965
3.2553629777199187
3.148819980689056
3.1352532036803207
3.3283549195851543
3.5009567319436696
3.6960699122773324
3.637794189753152
3.5918138441020555
3.517520589327732
3.4198908743015974
3.4145215906045876
3.3603860539974133
3.3394323793846588
3.4026928432288543
3.5087293678578755
3.556261253630004
3.4410038087084494
3.360562097932496
3.3642167239066993
3.3530748293369927
3.45455672591425
3.5220977551944492
3.64067618352492
3.551610965010073
3.460196879910095
3.4093042195932353
3.442126478504281
3.5683520509941618
3.742221682706222
3.750612362083092
3.660629739291488
3.57127682855566
3.5379561885296504
3.658266962147191
3.7065117959638503
3.6801303351877332
3.593700837794957
3.4284933720838633
3.439077887722293
3.472023843264653
3.557135537203972
3.622583811083501
3.578803503254577
3.5589560835847545
3.5188318629285216
3.6562202150448666
3.674784637677535
3.737503773275919
3.832674099989546
3.8635126083235516
3.7694732898620202
