9.16497521978175e-32
0.011907272545612899
0.028863795290457548
0.040119311682201036
0.05680652975222486
0.07876256820750327
0.09152871292194668
0.10257289475098623
0.11199565403535106
0.1160099680146571
0.1169392724567808
0.1180445563238592
0.11657978541780031
0.11976148138726216
0.1327563312057064
0.15129659396415887
0.16830175364674316
0.18596651006939344
0.20515137082861998
0.22048477436305333
0.23149796609432308
0.2336003572686376
0.22981391469060172
0.21797624507726832
0.21571438781613259
0.21151706445239124
0.21951956433353328
0.220062107144385
0.2121649031313317
0.196057159234375
0.1837543860004866
0.17687112631738053
0.17020701842346364
0.15935658380114168
0.1457258795512435
0.12982888530288986
0.11785809594340595
0.10832503976883648
0.09603436820881625
0.09113005843735915
0.08393343610860686
0.07674154201775846
0.06890924411257972
0.06448823363567735
0.058523776279983314
0.0544831138100912
0.057173588628561624
0.06428325479566066
0.07452323288473207
0.0894154352776433
0.10668504247211683
0.1214183749437405
0.13463474766088315
0.14461263235169622
0.15140113098844338
0.1451734993798673
0.1365881316856346
0.1293177035923905
0.1320181261603464
0.14035773275842922
0.15401312300132766
0.17563218164769637
0.19341707573383504
0.21552880984766476
0.2230709422584062
0.24061475268047977
0.2540267211265978
0.2600263305923489
0.23208342255237663
0.20085615732869452
0.17415266523899922
0.16931244736376516
0.16246795589079122
0.16782897836424096
0.1641145886391649
0.16274375745777467
0.16490772518128272
0.16112890870557442
0.14973709398257481
0.13699829491053736
0.1253888841389144
0.118078692462981
0.11301945543621043
0.11150530678500367
0.11143919324964432
0.11375684408553896
0.11921123509060548
0.12070592694065878
0.12139953822204384
0.11936323085342332
0.11459967410557391
0.10860215689431288
0.10030834577590099
0.09483347892166699
0.08768093985066908
0.08479852713954654
0.08259011131052572
0.08304443432524074
0.08436871957500568
0.08712306020380392
0.09088560585375453
0.09934476844606704
0.11128885667573628
0.12430705556074752
0.13467749664872417
0.1444042298326879
0.14909888119257064
0.15345572160134271
0.1587448945360995
0.16699442749310148
0.17942144928206102
0.18153538983199857
0.17591189621707815
0.16430768306780333
0.15625877090651158
0.14754159982429085
0.14914108592106248
0.15810043771990176
0.16784075278165145
0.1748996952792974
0.1793474198565792
0.17481312397447368
0.15902615293474953
0.14787612573315712
0.13657398674324003
0.13347371574268385
0.1328315895049472
0.13698012505184534
0.14002907165327905
0.1517251165197545
0.1529748045034444
0.14778992868298282
0.13506664912279212
0.12298784124739985
0.11304373802966464
0.10846894960487759
0.10521739611449538
0.10326003192625738
0.10274590261338498
0.1034124589772659
0.10298938163115579
0.10541273316565539
0.11037481669720516
0.11158210626752306
0.1122048784033217
0.11447476187315507
0.11820629667149608
0.1217480077841078
0.12168554519618208
0.11933307265894051
0.11614794575382491
0.11807312291025686
0.12245471570047345
0.12647753582322976
0.13283021496611158
0.13822269244944457
0.14701194013972643
0.1530105053462335
0.15251065818718368
0.14482386540654457
0.13968250597914383
0.14009308860744077
0.14994453881458397
0.15779310184904421
0.16484379781447112
0.16919272464887894
0.17796153929542594
0.171442672418662
0.15617341849967095
0.1399823438474183
0.13520745309799254
0.1375009124402455
0.1457018375576997
0.15412350867251728
0.15657974462118973
0.15123126801565784
0.14611055408212512
0.14131212828269307
0.1399557633627921
0.1396491514319749
0.13364805468111357
0.12483860335520842
0.11764497267541263
0.11342776840328074
0.10863874046237974
0.10483147443152595
0.10208249587475154
0.10186622536459877
0.10600119516348332
0.11213579268238841
0.11477997382231485
0.11550704195025889
0.1133773904558685
0.10703036980360768
0.1002135560689706
0.0937643449721728
0.09337285528998371
0.09702648987175329
0.10523431028038877
0.11403900189152157
0.12741853238467823
0.1380139529305633
0.1521667626407932
0.162019063966056
0.18066120928116972
0.18552778496112146
0.20331792972227533
0.2163595119000753
0.24468880378137442
0.24467301826609403
0.24406032646627862
0.2267197899011239
0.20378494249827203
0.18208382225003714
0.1642779819416067
0.1586757768876449
0.15272860294446677
0.1563185481700446
0.14417121226788215
0.12929214540243564
0.11343313494982853
0.11110844849843027
0.10879236020198346
0.10857427537266107
0.1064478318604701
0.10261277638355217
0.1015692959169245
0.09991211314677996
0.10177661957785546
0.09902362629604648
0.1015798591375548
0.10077081780275504
0.1020770200346469
0.09786536932219479
0.09892071662101362
0.10011439506710422
0.10814141984338477
0.11393722578439139
0.1212762982397816
0.12783041344879764
0.13522463779393282
0.14029521270021564
0.14204864830635694
0.14097161275232487
0.13133265047891765
0.12845350046767762
0.12523657497136562
0.13346307396581494
0.1398910686975078
0.15566236535860145
0.17033197490210134
0.18514147292617472
0.18255736287920873
0.17587028519512368
0.16889502799780085
0.17058830309507025
0.17431177869814066
0.17529913961726276
0.17674378602365529
0.16769530228187043
0.16722144947506637
0.16102716063901665
0.15329323368120298
0.13225616218742509
0.12309361182788292
0.1214719263653653
0.1247666327530684
0.1248116983456934
0.12685290516361836
0.13080107643694044
0.13509655656037223
0.13917398698440628
0.1373857770690229
0.12840776834981077
0.11266442135103283
0.09643834014655653
0.08215778159755929
0.07701645520709763
0.07832764322489895
0.08340649316460687
0.08657887335279758
0.09041963997961304
0.0934644800871542
0.09541965449171785
0.09572548711281618
0.09796417407696636
0.10048607192254141
0.10020536639180111
0.09923638313982923
0.09470552000936726
0.09251920601252554
0.09470507246139041
0.1047159924091384
0.11473757355022227
0.13394819032464006
0.15494800578747525
0.18153094656234092
0.18300028016201883
0.18380022686050462
0.18202443844601365
0.19746525054895955
0.19791187354416487
0.18928070462484312
0.17743400735374315
0.17815619851080147
0.17792755486817155
0.17557948358453931
0.17066185016222768
0.1711955423598024
0.16607267126457625
0.1622026548592803
0.15204325945148195
0.14135736004066016
0.13229959261414387
0.1311378942380722
0.12716470480235065
0.11752871322926661
0.1133500745405792
0.11159499330320206
0.10850638632493949
0.10376523255997351
0.10437768089131569
0.10678876338522572
0.10949261213423911
0.11223901544753156
0.1157393488604215
0.11745031692722152
0.12095706005371812
0.12207991319975305
0.11969054913534183
0.11745719774687309
0.11610150337250769
0.11514057510023945
0.11295974179694959
0.11290665115251972
0.11479427031750099
0.11757087266617455
0.12446252057268653
0.14048998165374166
0.15703958829625939
0.16900533291997172
0.174595755688938
0.18227325854018275
0.18072639871598828
0.18303995503542683
0.18439912767024116
0.17876564454509664
0.1803287087042846
0.1847676343509985
0.1825035647266252
0.1660443869825539
0.1593325805041398
0.15432503780988677
0.14557369289212718
0.13835554388668597
0.14067564851545217
0.13985210195027173
0.14153980688906873
0.15494470175124703
0.15981969381704514
0.15184627969703207
0.1374015977266526
0.11752749178785857
0.1013329805326028
0.09313137187117274
0.09526991051857117
0.10097740421577882
0.11113448449669891
0.12312021935234843
0.13518404761044364
0.1440553540462245
0.14565941910495023
0.14096412392413246
0.13312963805670738
0.12782537035225955
0.12245266101277658
0.11932269846113189
0.11482139326353367
0.12010807764565812
0.12852554908165434
0.13751517532200588
0.13977837792118625
0.1434578113792717
0.14665209520683348
0.15475906670276943
0.16206185031236434
0.17525787834181014
0.18686255100597285
0.19601971132538742
0.19409781030616435
0.1879235572600472
0.18041784913750852
0.17789845352674227
0.18204734689139523
0.1796827899784067
0.1738990801137165
0.16804263573590417
0.1574267488155506
0.1445535762243463
0.1403106681008842
0.1419519632933803
0.14907986607961396
0.1614131519615494
0.16750790374884894
0.1701072377472754
0.165454860546294
0.15912701808306012
0.14669642237861652
0.1361298306038453
0.11934951047959352
0.10885190469363915
0.09891925107699344
0.09485939897212993
0.08864959429677303
0.08660049734876289
0.08925361993719261
0.09638986152994135
0.10564348424992787
0.11611603883553387
0.11947898333873455
0.11792588534549268
0.11264098801559501
0.10960564408020529
0.10943507273976191
0.11191434194600582
0.11827578308672985
0.12470478270930946
0.12971375956244813
0.12822647436105886
0.13106540643320552
0.13341186865233962
0.13399184001030212
0.1360159611013304
0.14521773942092842
0.1631660384178657
0.1786816084120034
0.1970104518035945
0.1978741732447565
0.19855921937876164
0.19304575182148787
0.19150976093989264
0.18058984815065
0.18394430591097322
0.19001299004866598
0.199533675920737
0.18656701126734634
0.18000554972879784
0.16777783774541674
0.16132083586449356
0.15523980307488597
0.15142862006823876
0.1405917877133648
0.13554369704960442
0.12727063947912132
0.12035207456362895
0.11205140123105495
0.10740816791080163
0.10261414371603221
0.10261096848741556
0.10472600647686148
0.10971810334249775
0.11209136068256971
0.11672263387888375
0.12302729192203095
0.12861776041383846
0.1282966934561887
0.12368505815981654
0.1165250690996722
0.11062676225488399
0.1023804783612151
0.09926000592936185
0.10215113185077847
0.11244720547267027
0.12456521123939843
0.13828907624940584
0.14481790473771552
0.15078903416400916
0.15348923322035585
0.15616190647000236
0.15876126806291124
0.16915594446575713
0.17989314766661585
0.18903887050489682
0.19742842556721216
0.204833147969861
0.2001278029339059
0.18266272705060416
0.16937093040855217
0.17149577630986518
0.17877267583618286
0.18105556430777953
0.18551121050030214
0.18257607291788366
0.17591270237406326
0.16986651688642193
0.16554225229555647
0.16033599289028844
0.15889431410658497
0.15893876621748143
0.1557926005783481
0.15160747263555158
0.13658482616243164
0.1224928469682875
0.1105893981435109
0.10688692905761497
0.10008714165835608
0.09851691866896863
0.10102223387137893
0.10873923726849907
0.11441409278957967
0.12396616363271469
0.1294259195319954
0.1307470122226576
0.1246037773836565
0.11850740210752941
0.11158168111728806
0.10875638547539135
0.10728312877625633
0.10793454932948587
0.11036190919871151
0.11305730006311196
0.11708801811716477
0.11741797547622083
0.1205545814168995
0.12401952354277193
0.12406138996197476
0.13124101813080796
0.14744043957363112
0.1673589376944975
0.17801310520294206
0.19191782352953948
0.19817100619267827
0.21179573250577388
0.2129456579169122
0.21816399848957652
0.20494517716058058
0.1863761287237742
0.15650393254928413
0.14114609793017732
0.13243467915145327
0.14039983697752048
0.14063828689016006
0.13588927240046542
0.13044283646817062
0.13398976701857793
0.1366935037220672
0.1367025574939673
0.13911848774978244
0.13495388091089444
0.12834368079354375
0.11579739900245313
0.10544754503813204
0.09558762775105199
0.09270850036122334
0.0889882201197792
0.08899467178935003
0.09270326779710535
0.1013861111562285
0.10578013840827843
0.11002555337652623
0.11218840217521507
0.11539156007857625
0.1171465653469404
0.12314749460470197
0.1292503432140357
0.13577956636579633
0.14376628930896998
0.14916093259874177
0.1523599950876289
0.14554182137817265
0.13814601381678304
0.1269958695852467
0.11484405930887201
0.11013785925932036
0.11867853971586151
0.13389346498239624
0.15107834017265437
0.17198184864726201
0.18409102498270283
0.18635124668548875
0.17338268600949713
0.1623326313946381
0.15298963399272977
0.1505646028773876
0.14559084769925668
0.14827807027708284
0.15513216064936275
0.1503440732985008
0.14356340424339845
0.13837497068906832
0.13156106419085878
0.12411992553293771
0.1168977444334901
0.10357474937889029
0.09284125339504498
0.08816601868427154
0.09065739004126465
0.09264799568158229
0.09662990548632582
0.10097657128044608
0.10587241832466397
0.1048940571969457
0.10341916838041662
0.09852382762625529
0.09890718835393972
0.10158161155245722
0.10318198816533583
0.10788991964203774
0.11756357645607436
0.12739924861664123
0.13883651954729065
0.1466910520407274
0.1476621388335898
0.14621269499617584
0.14469256943099976
0.14586970226630208
0.14836401613925407
0.15086483975330692
0.15164213748110744
0.15162093755675848
0.1456451310099812
0.14280779409838187
0.14592999422546626
0.15889083012765726
0.16771438050080864
0.17889755765801651
0.1762799199960013
0.17421445311987177
0.16983529042498074
0.17202406812038956
0.16433142831233621
0.15624240356579724
0.1491951993397353
0.14400083174571876
0.14660140296077917
0.14723414439147187
0.14488182834971006
0.14365862049091996
0.14517880667105737
0.14284415181790616
0.1400789054000651
0.13572358785772587
0.13066228846662492
0.12327267354725881
0.12087942633479005
0.11729337644957702
0.11474525633448578
0.11345008890873017
0.11582021316220233
0.1175119328173164
0.12264597685443945
0.12729357030105856
0.13264399047857967
0.13632165258700985
0.13920384479517758
0.13382890364430766
0.1252992552413644
0.11773546296045413
0.11182699126717893
0.10922926118894728
0.11577757162501556
0.13173631929440663
0.14726434367621044
0.15941224842868768
0.1690448366189034
0.17107847207964993
0.17334864828143542
0.18291265685659774
0.1921157184258544
0.2026683385330229
0.19826171033176157
0.17947612174738353
0.15823637837923268
0.14719130752597712
0.1449730603443903
0.1435064894650206
0.15041147853538925
0.15518221494533846
0.15904941025837796
0.15428310047623484
0.15347054855653122
0.1499343681618257
0.155176094492291
0.15800148012543686
0.15669260788212966
0.14447931071967599
0.12933045234792293
0.11434595568752438
0.10194341835151512
0.09210416802692471
0.08439336130239854
0.08111349018254205
0.08366664961324462
0.0897750597295937
0.09413502024616395
0.10309278477955577
0.11370906169092511
0.1209451261991392
0.12574491149485148
0.1269072111601117
0.12671615925855276
0.1209105641805901
0.11443127122888218
0.11194199218733962
0.11735917229864715
0.1239860501535138
0.13760732833066436
0.14937042415149934
0.16285104400583186
0.16940691839679856
0.17290966426793794
0.1679107464145069
0.16948901128809649
0.17413532111909513
0.18883194580887772
0.20205511822729877
0.2151010284407589
0.22153510569556636
0.2176577782717049
0.2207020170541263
0.2123899496849509
0.20457400671396306
0.19242130256524065
0.17858761305112286
0.15873132449357155
0.14242344392625236
0.12578849491471747
0.11977893071067248
0.12034884190431933
0.13159203257891072
0.135430252536669
0.13670109049821835
0.13272126997285708
0.13115286327003475
0.12765362322185816
0.12715315244324407
0.12775905699971157
0.12561037067770267
0.1262775794239617
0.12746599442014056
0.1263291156185876
0.12284438678749891
0.1222350046413392
0.11922060495329753
0.11666505302859959
0.11196479598954848
0.1111222140838168
0.10718881844096226
0.1092891386645774
0.11335272182995891
0.12349564738902744
0.13481729711382312
0.1473650212356245
0.1484307595547058
0.14561911590124685
0.13619295028723416
0.12850232421602825
0.1256179954724024
0.12666314421426553
0.13781181962878392
0.14298773141154358
0.15569748760714197
0.16808438196831518
0.17986666360938894
0.18150539685395095
0.17540197415420827
0.1712948145512097
0.1655247688302531
0.16586973846266864
0.17511233310678953
0.1845535958566152
0.18588768952367615
0.17700027284778105
0.153633782917407
0.1377023023699389
0.12252126276355074
0.11030537238470112
0.10563862069809399
0.10748401784378316
0.10979970463147287
0.11021905741591047
0.11216685389259584
0.11561117475428712
0.11422665322175826
0.11362672481695169
0.11181340894279282
0.11259780872712766
0.11255628969503566
0.11056193456838831
0.10784677890033036
0.10644886895929223
0.10730812199127866
0.10963028890004597
0.11014239632695197
0.11004848498369303
0.10409318548566639
0.09839084189731026
0.09304218870401633
0.09190243650445892
0.0966272848042706
0.10704756260863026
0.12262895253456282
0.13868629630871865
0.16006108195464835
0.17478374211749342
0.17676660010619905
0.16632450937763726
0.1480958478669518
0.13658620929170603
0.13590587419545694
0.1435062681335575
0.15593169830475723
0.1745495945920927
0.18401340983781875
0.19636374165920997
0.1970391246757605
0.1930736064723097
0.17720257339683665
0.15961713693236235
0.1498549829328391
0.14387831571573367
0.14579244526053403
0.14311158399500004
0.13631329862080566
0.12338600135988345
0.10977650046464676
0.09484176468105696
0.08213391124318509
0.07855445850355898
0.0846833056487807
0.09297471413350007
0.10436712838364347
0.11576856437286759
0.12400274357805059
0.12820037572408502
0.12786748576700602
0.12627483958723124
0.1212274749901791
0.11873445967921822
0.11468424641185238
0.11251923565968987
0.11671435051115248
0.12643238418959843
0.141209451977228
0.15623508624058974
0.16557424157922107
0.1653750269241511
0.16070100938329412
0.15673880576224505
0.15356732848271587
0.15404239071873393
0.15862286253834254
0.16496317187257714
0.1695290043926744
0.17661736054518348
0.17321075766592328
0.1669181141584929
0.15333469097257013
0.1457139694804819
0.13566656490638906
0.13075036707061305
0.12588827752451806
0.13290267507007025
0.1443200023990729
0.15589059040163453
0.15041782148330354
0.14827420135839048
0.13798828980483804
0.12803593473175548
0.115498606429606
0.10946110431955948
0.09859605396099683
0.08906616483696014
0.08243470625967797
0.08601552895975022
0.09492499380469888
0.10306935029393689
0.10809698921460975
0.10940606286621571
0.10950903740184528
0.1050473720255072
0.09732443930844965
0.09081314839742911
0.0890181073169531
0.08739667777502245
0.08707015163393805
0.09057687271269822
0.09761176201579215
0.10735349987900737
0.1131538238573955
0.12400072665711549
0.13337163681480663
0.1453246098572533
0.15360007679560556
0.1590361348037004
0.16427978875294724
0.1770544456531058
0.18385184437290178
0.1835234920882367
0.17073452222563779
0.16127818062977825
0.15088032444040317
0.1438389867728501
0.14733451983846224
0.163896263229321
0.18187398575238797
0.19348666147350554
0.1972267754516935
0.18773527582936936
0.17272692198521755
0.16087492411990179
0.15325107557890502
0.14696158333579085
0.13659190981748134
0.12905352368394957
0.12555553390403715
0.11892313912517738
0.10826221813294341
0.10398787064819716
0.10132395029732193
0.10019995313297954
0.09707729776215795
0.09639165072373093
0.09302478250478065
0.08794817704157094
0.08779445941688983
0.09151180989553216
0.0930011906671983
0.0953996123316142
0.10307031489974706
0.1127164135681124
0.12217602521854025
0.13081702443960255
0.13755905829651638
0.13567031488449374
0.12760163790367604
0.12041716526131954
0.11951825882532577
0.12803761373794867
0.14109001112790945
0.1584441175708247
0.17354686218324392
0.18088383436480787
0.17925317992204196
0.1689194244673408
0.14729489316616073
0.13441027427533
0.11912583070518659
0.11730024036071866
0.12087908789073716
0.13747775304409887
0.14977649554005362
0.16536813723271118
0.171894456083708
0.1729931388715186
0.15719978649324645
0.13835827996079972
0.12717995021665388
0.12161746732331749
0.12742855985273907
0.1360677702564408
0.14977260994978275
0.1611207386384206
0.17844946847138216
0.1789267883771627
0.17047696475054078
0.15001580047245372
0.13747266208131176
0.12187130583429578
0.11565223825392577
0.10889007031463349
0.11045336689401725
0.11108289989139153
0.11227668496711471
0.11559747694426163
0.11961121401156478
0.12502614988089375
0.13072265468015692
0.13995382265248577
0.14883356580057583
0.15512142161643064
0.1509764560955809
0.1449673342653352
0.1369224194260654
0.13154162252605017
0.1312023470491654
0.13536903138837164
0.1472950009291199
0.15950455054584822
0.17094535227200144
0.17446302514558146
0.17746645817561763
0.17811433863362208
0.18444181820262512
0.19022753546658258
0.19376649957735678
0.18924669458607193
0.18137948516141264
0.16470316460513007
0.15170052922299296
0.15038949498796306
0.15430233394421877
0.15556550561163818
0.15892992555998697
0.15814362275382282
0.1432083608892431
0.13547201285394586
0.1231027318983562
0.11493868386814246
0.10403581344713632
0.1063882152653554
0.1068480180102415
0.10806130220797441
0.1061084305708891
0.10762845424383449
0.10524538338667926
0.10394955524922578
0.10218967578706871
0.09955086346755117
0.1002327811608088
0.10671086917294761
0.11593342136309126
0.12480882484190263
0.13696445215762856
0.14402340266119365
0.1479423843838339
0.15326309778444464
0.15967829560261707
0.162341768904359
0.16278826450062533
0.16067567610073547
0.1561839039684697
0.15488050075181886
0.1531241078738907
0.15290322007602705
0.15379619780750098
0.16474162968525455
0.1693745377850823
0.16640112783211342
0.15835111972109103
0.15281692910390896
0.14017038641776933
0.12807546239597295
0.12871561278241156
0.13363819363775406
0.14754977721393095
0.15991913626272442
0.1737103132590235
0.1735586697882245
0.16678465256571975
0.1522989586580475
0.13855401183628396
0.12735188441638942
0.11626684084455405
0.10479389960197442
0.1007536434208899
0.0994456423136914
0.09617617639312165
0.09797887245722872
0.10354359361899908
0.10552458420734322
0.105462929525733
0.10681003849027393
0.1042729273338384
0.10482917045982355
0.10894999338148072
0.11454989306721577
0.11768141352616208
0.12635661379715252
0.13535074850987475
0.13798398815224655
0.13508641261891097
0.1276525701286367
0.12264670532666493
0.12522502559541937
0.1312778864302377
0.13540833692146537
0.14310638707193804
0.1511204657786061
0.1542613855634931
0.16000120210936752
0.16311286618195148
0.15826651816563964
0.14439632993713933
0.14013597019853366
0.13773585711892183
0.14019951856934196
0.14077251564790974
0.14241929431656664
0.13848246990770577
0.14370931990616223
0.15187010259605419
0.1547912035787982
0.15338595944134384
0.1554901078625624
0.15825622597431677
0.16244930952746395
0.1725574940101369
0.16935670804273914
0.16483103190519
0.16084070040824355
0.16224567156328762
0.15611312498800772
0.15267898805734656
0.144878034346727
0.1377353035366787
0.12206997849627095
0.11162465975452526
0.1043492802099826
0.10255124831545068
0.09887282557648996
0.1004724874464444
0.10334772473122093
0.10744802558312684
0.11711190775281463
0.12597614821620462
0.13421833444793255
0.13612051509112685
0.1356402068734899
0.12699179080465797
0.12128018694392736
0.11277304238253305
0.10881092934744982
0.10374821185946712
0.11105270111550604
0.12348850494864104
0.14206528509806282
0.15166962873532588
0.15365782247277948
0.1491608042302622
0.14558817553802833
0.15003505821734348
0.14996476173881332
0.1449981799250415
0.14502960955333122
0.1517361813683607
0.16137453306567734
0.16941377490510165
0.17877417319785677
0.17940303922936923
0.1842656408891469
0.1878682145437969
0.18705709667094259
0.1811571754685588
0.17403165327571854
0.16339959983886393
0.1492318621348339
0.1332502532064508
0.12459275667147111
0.12208614575779113
0.12186290655680085
0.11726111455126562
0.11721805896423122
0.11802691122160017
0.11717642973947123
0.11916046768081004
0.12239451282011937
0.11902879837820124
0.1189197036883242
0.12222319802806805
0.12382180609487611
0.1169823754726587
0.11489713005319921
0.11773522106376898
0.12264544700377371
0.1295430692833276
0.13810202125803553
0.1438789911061048
0.14706204395732905
0.14498019362481396
0.13717152387860082
0.12621686114992878
0.12480023194815923
0.1314647684270466
0.1385062953966657
0.14358849437508373
0.15403887978591577
0.1610875634689187
0.16290733067797009
0.15673272008381733
0.1499955535593982
0.14577557421581758
0.13707740676111133
0.12715399583550505
0.12384337886149098
0.13043637965827953
0.14741123695652114
0.16482025220076313
0.17619194753409514
0.1771863167077645
0.16935271193300921
0.15300208156838307
0.13467297620387217
0.11529432652546415
0.09754443059233668
0.09150429916207928
0.09157964032407102
0.09687899206854715
0.10121704034761714
0.109804241378109
0.1161705611047845
0.11973941641766564
0.1183431702737977
0.11314653919632682
0.1122931570368797
0.11331981294666918
0.11639301874997553
0.12500603930915807
0.13545749186260558
0.1388308591240194
0.13368659110503683
0.12712586997516218
0.12185308967901622
0.12117958952464955
0.1266308304168693
0.14436765659645148
0.16159416782080696
0.17935622289270564
0.18567023002127073
0.1866884301089083
0.1705829506243781
0.14842816176757662
0.13511824695177146
0.1366781737968471
0.1371438572596979
0.14608632366747573
0.1648641501014726
0.18614440738358473
0.19377220613836812
0.19260677039921958
0.18354927473595903
0.171520634487679
0.16882854487205817
0.16780658265680998
0.1747840957796178
0.17675130405582892
0.17886794833384703
0.1676769449311595
0.15144328699570722
0.13501574020572807
0.12301277558233137
0.11634056711390502
0.1113169677196912
0.11046400552137123
0.11330879685339065
0.1198028012309422
0.12362940023296289
0.1254778239302492
0.12894389356699898
0.13452786014033483
0.13147879720089187
0.12278406237275562
0.11151462146751447
0.10476019803812617
0.10083788402477559
0.10239609264874314
0.10731543366979086
0.11411197283506834
0.12294705535421288
0.12703605155115819
0.13521992675255498
0.14480035053831694
0.15737882583244278
0.17037501241152042
0.1766938171599125
0.17846808904635506
0.1785417158541432
0.1720506734004532
0.16347998442299622
0.15891908381416459
0.15863110068332664
0.1634352138579409
0.16818331753143184
0.1639390449146968
0.1633563214665342
0.16325944587794694
0.1649885891300806
0.16544424889715084
0.16620278537059602
0.16040470002661267
0.13680891001149714
0.11571103621919382
0.10011457452740852
0.09450440834528975
0.09766275384099112
0.10356095129077744
0.11055764118285576
0.1223900730699429
0.13199459671939226
0.13571827114908352
0.13187656870910863
0.12845766219285928
0.12200339587571037
0.11837917512206758
0.10826981342501887
0.10325530233082204
0.1004057010072179
0.10352976785316917
0.10832120975785986
0.11852799327625489
0.13130397375591726
0.14316825736984634
0.1535454153342133
0.1596921132345477
0.15911706737530623
0.15383601108298234
0.15221518451457297
0.14743489731703793
0.14255053085890196
0.13370783683773585
0.13163642325696912
0.1405137182565282
0.15659458477248459
0.16773569202247351
0.17182849852853768
0.16665489396403932
0.1637837571995654
0.15968559961597178
0.15703072979510388
0.14968619290832572
0.14774078622637138
0.14740378537457274
0.15429501308864207
0.1668653340271428
0.16597842509083877
0.16231868290073867
0.15484260880485332
0.14979703364692493
0.13933724282838314
0.13465567752266303
0.1277406688041939
0.12217618290437009
0.11402391112460274
0.11195861362571435
0.1093430249994258
0.11471064087713094
0.11559873067844494
0.11756484162779991
0.11443965041348275
0.11228841986028429
0.10709619533464942
0.10740524101392293
0.11096811788415112
0.11768454594739848
0.12663493953414812
0.14044617991007935
0.14781283557915578
0.1494459303813292
0.1492345400178711
0.15485463362942814
0.1601509465571964
0.16441315138888793
0.16496616511844117
0.16903631061712499
0.17258686690945638
0.17122077706146463
0.15999004077687184
0.15662856340002307
0.15650456118683265
0.15410578676807338
0.1455439919837469
0.15051402506915262
0.15666991065494926
0.15600027934644264
0.14396315343769342
0.1333775865944606
0.12736693270221527
0.12060280497416676
0.1216751246524826
0.12295682703111084
0.13011596430236474
0.13571029993187697
0.13940313105815924
0.13539024108562703
0.13804733838348224
0.13676547949491608
0.13600031418557795
0.1330518528405632
0.13032409253496788
0.12680795297176722
0.12664509441786476
0.1303903447034026
0.1354549046394787
0.14258861720270166
0.15055401695727816
0.15334111404264208
0.15244708154286607
0.1478542330664875
0.14182697988741758
0.1356699067594883
0.12979713800214734
0.12334235348457635
0.12006214750990674
0.1183082017729959
0.11921656640576594
0.11900191303729427
0.11850107036920127
0.1196420284172608
0.12484911808422017
0.12827037056538915
0.1288112107285233
0.13122842466436557
0.13773015859367882
0.14377307824940633
0.14345601900624952
0.13979066213386823
0.13721723011586942
0.13521359263456798
0.13878899066157013
0.14174965153291214
0.14810897032762993
0.15529683870420496
0.15918465208771915
0.15982318638337542
0.1566760658009169
0.15463315080867257
0.15821951160470704
0.1580446676418753
0.14920320233840006
0.13671419323723424
0.12579994130985447
0.11641407171349817
0.11854469585943174
0.12308871822838872
0.12940289489415369
0.13475882423123847
0.13805446752355352
0.13359631285854198
0.12673072597635454
0.11741513862477627
0.11234048465930033
0.10840787128289182
0.10951901678124627
0.1060653398053932
0.10594234358996443
0.1066947284007635
0.11062335058973463
0.11169511795502171
0.10992382369668556
0.1097497648197319
0.10760712340528035
0.1091820677685188
0.11757939833633642
0.13050903881052942
0.13887150030260265
0.14344184116315262
0.14409932552406104
0.14134375956529957
0.14244728968836648
0.14992642782251983
0.15339834488735216
0.15272974475908171
0.1506755351994161
0.1575006698479735
0.16748460153617176
0.17167530795898406
0.16870250452151694
0.16042400760947018
0.14978270401890378
0.1361216530347119
0.12917154726012045
0.12411457779042737
0.12686885742068021
0.1307674988282952
0.1338618899492723
0.13909485598763774
0.14110733189579205
0.1416958404802901
0.1385637648555203
0.13435401806652983
0.121697624780829
0.11140483353081232
0.10844461005910778
0.10759107452053612
0.10729220620966294
0.11256468165316481
0.11900506743837823
0.12319500414213379
0.12252651729872692
0.12738470722850434
0.1327545074353489
0.14145220141583095
0.14222886779458993
0.14268383464188128
0.13761607396786477
0.13466534997278673
0.1285581115750351
0.12083904169261012
0.10908279410876541
0.10186240586340493
0.09812414755947062
0.1013036655958869
0.10700970976832068
0.11981213079774686
0.13220275725801994
0.1452280298648492
0.15510028815329174
0.16753934929243783
0.17970359345496398
0.19088266461015857
0.18803034475081948
0.17468065172341954
0.1603847798737459
0.14005845454919444
0.121700430726665
0.11531941246231947
0.12150226200759437
0.13190986882515007
0.14698672019502318
0.1564886281520763
0.16045240511680706
0.15295696239592327
0.14420666051115705
0.13776469269370717
0.13513641695827286
0.13341448767910896
0.13483605210674066
0.1397967705329008
0.14290139082878614
0.1395545363894694
0.13115368317704756
0.11985508706326704
0.1089230612439411
0.10166072738549765
0.10430406815421991
0.11337252699208117
0.12426707284736196
0.13437421424397422
0.1458257105159865
0.15354873049807138
0.15289353263250743
0.14323881290118792
0.13319165697564536
0.12629466053737096
0.12279866942624046
0.1250368654722138
0.130459957634422
0.14040286657720852
0.1517748793662485
0.16084669973241478
0.16141569165737274
0.1565397092683837
0.1476298121669445
0.15125318283897873
0.16210730741983426
0.17426670239196176
0.17537286699106686
0.16554904952985047
0.15753051999786766
0.15576502491787522
0.16029037268462254
0.15990994719494978
0.16288518447587658
0.15852945822330652
0.15512503996991706
0.13781076137920067
0.12839514141852365
0.11932035716829476
0.11486069960194557
0.11212922640928177
0.11317573404075959
0.11783738612146546
0.12493024610408067
0.13642677586550986
0.142833964841261
0.13846587912656264
0.12835246179936288
0.1140140223310645
0.10190407103582282
0.09912557920756508
0.10070455712981854
0.10657813740450427
0.11200315946605902
0.1140713625003367
0.114576703827758
0.11673946946955983
0.12126042854698603
0.12322352995898227
0.13062318833926845
0.13368948179480403
0.14145313894462214
0.14844124606865028
0.15616947519588825
0.16181371096437752
0.17082839207832243
0.17081060321779235
0.16738738130364159
0.15832241702503277
0.14798832886484742
0.13547547024150514
0.1264607955880315
0.12340885054882243
0.1185116527007237
0.12307814111455641
0.1305487188259548
0.14347758267747432
0.14305946555754476
0.1347169882407265
0.11988243059144853
0.11412429719199255
0.1143353448788462
0.12392797428485644
0.1344217215066068
0.14771139971037445
0.15157899979508888
0.14952270534550896
0.1456114514182764
0.14665078188242384
0.15340816473726895
0.1596595520214084
0.157045468792207
0.14845494273750456
0.1411145638117185
0.13645617834798388
0.1291899107304333
0.12006113107727602
0.11213133604475439
0.10893395082199181
0.11059383451324363
0.10788725433374147
0.10803873855935817
0.11045907171869437
0.11391024449639722
0.11132705093520848
0.11266079977808724
0.11446518059665138
0.11516526244787446
0.11291389025057087
0.11131944278653629
0.10977003915533873
0.11523202542987845
0.121508042802469
0.13115031770323402
0.1422854940015099
0.1545338177000483
0.16623514325141636
0.18055354459331954
0.1897029893335282
0.18765773319315124
0.18158702196961538
0.1833484099492322
0.18483648182045917
0.18230068264120547
0.18047679923554658
0.16791043966625416
0.15853024297691343
0.14463505980087218
0.13427458985181762
0.11454786197081598
0.1086902391366111
0.10774285600852064
0.10479280609763168
0.10314670515912698
0.10533669947639425
0.1055612959972568
0.10321819794716464
0.10736453758253897
0.1107055522411245
0.11841602234196376
0.12450973427503052
0.13211692407193978
0.13110560192208962
0.1323466651701034
0.13491489849456634
0.13567132699000173
0.13220203683018258
0.13131347083312175
0.13030092926247244
0.12857932240727024
0.13273907853947106
0.1390175397684848
0.1523279235370709
0.15218042469553134
0.14652806776415797
0.13164406810237428
0.12426698597915495
0.11880205893860117
0.12248228099733491
0.12238030553371124
0.12719259286974968
0.13193186295424167
0.1373721323936277
0.1430028212517635
0.1572256769813402
0.1722006662505742
0.17578416897670343
0.17464085288948436
0.1730126694101717
0.16562381204382678
0.150945084801863
0.13447175322333882
0.11327383321711745
0.10124568692769688
0.10238435800658978
0.11765772726946383
0.14162367042461102
0.16640753572293265
0.18445499521771655
0.1740194794157681
0.15099805718170187
0.12831873365681024
0.1197101843956138
0.11381097930131867
0.11786756753516146
0.11807667344703206
0.12018354720247222
0.11796676847190596
0.11617549078191151
0.1090548895413099
0.10935334434420538
0.10641588570264374
0.10577295984489497
0.10219749392283292
0.10649422042643289
0.1126654525550409
0.12242853221704098
0.12835176019739566
0.12962287383550203
0.1287431963366268
0.12767555529929028
0.12144370893441227
0.1223884870957009
0.12944468635827117
0.14224921905389123
0.15125950198788496
0.1650901436672827
0.16915785877651837
0.16486561834796334
0.15543940315127586
0.15538588043777884
0.15512628852210988
0.16035487010268215
0.16600972390462426
0.17358032673378013
0.17769655999992437
0.17463682269552774
0.16850887063561587
0.15672312957763296
0.13903643117265266
0.12055577176912896
0.11468100321023723
0.11879403183593992
0.12583186453205478
0.13151105805356605
0.14218537982308044
0.15022158150151266
0.15425451178133998
0.1476375360675754
0.1459341849804073
0.1421691249205382
0.13271133075900504
0.12161682483034347
0.11806065672714197
0.11921117036862093
0.12444658674283182
0.13493769858165736
0.1441046454310897
0.1486039277828955
0.15068014054776552
0.1520427990114727
0.14801003698810813
0.14571304599935503
0.14620076855180236
0.15125323910823765
0.15200478211405122
0.15066302148891206
0.14132274593249758
0.12737352885927875
0.11316196075973697
0.10263318046848399
0.1056450272008111
0.12150431947510161
0.14230065876109407
0.1540303481400271
0.14928163927383076
0.1353775160696458
0.120060616575576
0.11218743976014674
0.11243700155700154
0.11192750861724522
0.1139078993318716
0.12036288086261958
0.13174795451004415
0.13875977813794152
0.1445622650057417
0.15360159518222744
0.15470058539372838
0.15803399645639904
0.15794211846691456
0.15940016429789877
0.15741192607895155
0.15987258241089755
0.15929916465218547
0.1568302535279586
0.14438430628079857
0.1349644340360927
0.12485370194817619
0.12142732317406628
0.1204986502374668
0.1277454636727791
0.13424084441188802
0.13844400078069635
0.14045644023506482
0.13910421302440046
0.13714732430907542
0.13329195555353404
0.13188203444732255
0.12721505512129846
0.1231838013832415
0.12440876598583184
0.13253781418045135
0.1384607902021598
0.14422796535031346
0.14979090252637123
0.15687658826676615
0.15918013959370692
0.1533984988336126
0.14674184425700298
0.14094266408353776
0.14638987046253546
0.1524896822499864
0.1576945424404515
0.1582106353226054
0.16392614391824029
0.1718359087174345
0.17053506111722772
0.17049564728814598
0.16146074756056306
0.15578336016842861
0.14261086682340623
0.14690065082105244
0.1510338646012982
0.15864639675327466
0.15647299572019896
0.16467015315036468
0.1621994913276451
0.15819108920538658
0.14272739463866765
0.12866705129378156
0.11442251000067738
0.10828255743561799
0.11666875534658797
0.12707661506136753
0.13452041954753682
0.1394516311745373
0.15091018146179064
0.15433879332607459
0.15326805852731196
0.14555374776108876
0.13589780987693265
0.12844671251097867
0.12322777840799241
0.11564556945087301
0.10784487023969234
0.10299039814980097
0.10014635895386666
0.10496547968749581
0.11497690904633429
0.13021081549230484
0.13965726044302695
0.15834269141987936
0.1703164908394167
0.1778580887794745
0.1693149995115836
0.16085048146822242
0.14991733557873096
0.150394499652443
0.1445422659173562
0.13849108941096105
0.12793320017546175
0.12251333064183725
0.12385676328592955
0.13088679648415286
0.13370365133232376
0.14280555058055136
0.1464446797172041
0.14374184973737333
0.13175625636537297
0.13442100505803714
0.13796836647294047
0.14114185942055352
0.14301324839411755
0.15021577108641346
0.15146582314464302
0.14762206945816728
0.1411553088369036
0.1419960341654802
0.14360230349297795
0.14120138826036896
0.13263228783249403
0.12352060207056251
0.11625213503397962
0.11072787532172518
0.10582318940271436
0.11049242642566734
0.12439829859624973
0.13923179610931483
0.15412556876566272
0.1692761199745623
0.17691620790325358
0.17050223206361934
0.15774372912932325
0.1392340309959824
0.12738294686107132
0.1190479832443164
0.12174799818024949
0.1332429606621794
0.14726877300448582
0.1616450659964681
0.17134828949207517
0.1723252642591286
0.16744917328425118
0.1596992210557199
0.15280326144861292
0.1460773767569592
0.15085677748982257
0.15691855438869132
0.16741266645242284
0.17048048883177863
0.17209209938183206
0.17274931635718677
0.16537884862648022
0.1522357564444684
0.13680219448669495
0.12966081782725541
0.12131767855212307
0.11417464146870175
0.11179479940121591
0.12236973733841607
0.12976287123123784
0.1343981148315232
0.13787823014516992
0.1340794233331368
0.13063636515642335
0.12739438481114837
0.12660132969106208
0.12395951570488965
0.12373297178482905
0.11770300395621172
0.1086030480927819
0.10906583562256864
0.11578663397227139
0.11700936819888107
0.11966315892474243
0.12891175589832982
0.14308538003682753
0.1533514348776709
0.16330549336324002
0.16247878506060992
0.14958306837866966
0.14166003439967215
0.13482422613192524
0.1379817893815225
0.1374004119933076
0.14253089183750564
0.14039813098054513
0.1413427512492103
0.1343808794573439
0.13219809537298882
0.13563844250274246
0.15188245659650754
0.16454561047597296
0.18079513539877035
0.18959974728927714
0.18670724632048583
0.1793201646428858
0.1700304939383533
0.165623229317262
0.16459378878416794
0.16912269001837837
0.1658108932702742
0.16384425294039162
0.15573402825004415
0.14799027530040884
0.13244480588367777
0.12118495871038219
0.10910490172352194
0.10044900419520925
0.09103796950280454
0.08779210696370898
0.08878726235627941
0.09435679607982539
0.10226720183041381
0.10473749233065884
0.100412953876071
0.09550281064750199
0.09725361143592204
0.09794408067188994
0.10109010875471386
0.10196663102177914
0.10451139535813232
0.1087527193118818
0.11370064351950085
0.1244938059591187
0.13208582968385513
0.13648114407717396
0.13608683994571674
0.14166465301190181
0.14716846514747578
0.15115174649856697
0.14998050766802612
0.15407590213213604
0.1545532596105903
0.15729403927094532
0.1595481772011577
0.16388865574098058
0.1682861113893065
0.16449840252397596
0.15915302935413717
0.15229624478895526
0.1577155217218796
0.15480471675644375
0.15264007787510608
0.1426555574378402
0.13754404012671215
0.1280644674901154
0.12437682087449002
0.11854460921994586
0.11873103590533189
0.12698006420222788
0.14313044438020997
0.1483199776998075
0.14676608008618014
0.1406285273654582
0.13479394194805824
0.12602173568337902
0.1177999737541027
0.11236675502828934
0.11011423264174053
0.11080772884755767
0.114737237250734
0.11869954860455716
0.1261180708850098
0.13310769988063317
0.14430665880835905
0.15237371930101776
0.15683972121871576
0.1570117772592672
0.1557054616039437
0.15540650753914853
0.16016898768754184
0.1633326842530357
0.16648759195801432
0.16122217496295277
0.1472270376305457
0.1275758427815092
0.10716605148069287
0.0931890331186483
0.08793265957289471
0.10271812216637403
0.12058308234878459
0.13971069405552455
0.15750086885970344
0.1785451835321385
0.18584059657796617
0.1868575884084915
0.17773826150622285
0.16329857559728841
0.14265213070030516
0.1402669959137093
0.14313397148703155
0.15648683276350933
0.16218488558123284
0.1747448405076282
0.1703408009136946
0.1620925830037778
0.14132084010928822
0.1266035796237039
0.11174221240025353
0.11145824709539259
0.11060256739366602
0.1116709821814185
0.11599646132463463
0.11795051611937832
0.1157119991568704
0.10823257219107235
0.11115190119947915
0.11436183398355233
0.1220312047356675
0.1285228711368889
0.13435062929782238
0.138113977034716
0.1440273647760967
0.14804690609873275
0.14553730998115977
0.14232524608142358
0.13674208494854842
0.12919666548069111
0.12483955887192694
0.13102017187961143
0.13338494331327377
0.1353375349694253
0.13792340779589984
0.14949489607619082
0.15545351377606917
0.16381160543225057
0.1649986012334975
0.16268261685466984
0.16023647109390363
0.15944944758705443
0.15248672301108782
0.1485916968472697
0.1502496832655966
0.15620746738721727
0.160303188881202
0.16060054706829147
0.15781114857024187
0.14685331198660145
0.1360739859539632
0.12352947907711999
0.10879333990005488
0.10111672402998231
0.09896445639136182
0.10121355512490753
0.10635680089280856
0.11491839268959751
0.11341745545803837
0.11169856129013461
0.11162520755643521
0.11337138285507335
0.11350413470836294
0.11545500653958195
0.1185564483895821
0.11924725775830812
0.11833348729506203
0.120272784654464
0.12610861443436394
0.1336940247391837
0.14066976956253763
0.14943042510615068
0.15804001020458172
0.1606287685188589
0.1607987876292237
0.15964287973602145
0.15878772882033002
0.15249273168306077
0.14232923021034813
0.13053907288383765
0.1186880220043703
0.11011598773762966
0.10904454764800262
0.11433179512668909
0.12016060920574999
0.13420005044467873
0.14222618743833668
0.15066671537065848
0.1554375412852843
0.16257044110937968
0.15997676664896054
0.15667787419171508
0.15364251954210173
0.16042716435818738
0.16945076797084327
0.17497091896088918
0.17301791956112145
0.1657428494667789
0.15730624998240206
0.1441561202487881
0.13462457572453576
0.12792588981129116
0.13142502628106315
0.12927457549520097
0.1394429706054858
0.14586984344937104
0.14805222902063203
0.14312209745832843
0.14287636792484062
0.13967884456037155
0.13881289506531092
0.13860678181497427
0.14239397298215464
0.14295781522876796
0.1477435208314974
0.15147366610145105
0.15129504205549463
0.150367514115568
0.14823267900102322
0.1476464863611006
0.13872258748924896
0.13471256057788622
0.12843469197531004
0.12696279480861805
0.12281554915580484
0.1281518215994132
0.13247214560307458
0.13489764488255754
0.14319660106766793
0.15076801018237526
0.16144128458775492
0.16635021206826928
0.1668904895091467
0.15583090875539282
0.14609905460750053
0.13868742821030736
0.12881908794830285
0.11768126980412286
0.11592420215639171
0.12310530536480829
0.13194437098831316
0.1389693302215101
0.14506251367438203
0.1449845029581315
0.14135279048198893
0.1372869763779079
0.12910840801861054
0.12177576727799748
0.1167256935629018
0.11821210266164138
0.12166863524307583
0.13694849167035253
0.14523451292104753
0.15050402446167238
0.1456219589732127
0.14037886693231627
0.12976355300344267
0.12344344885733201
0.1182895966583339
0.1185320347129762
0.11915298497029993
0.12269431786990762
0.12513738384999648
0.12502016323847626
0.12736713884008502
0.1345895765828575
0.14075807209950864
0.15130085304911062
0.15898504470732822
0.1602068860440494
0.1562800080896483
0.1471906993467591
0.1407223266466282
0.12931303310872497
0.12450871076452069
0.13270044411169168
0.14346653105127405
0.16238098640405932
0.18114454106374503
0.19073243228905046
0.18982221765968296
0.17967437638261283
0.1665394642875413
0.14936531271623513
0.14408805228074825
0.1452223749931222
0.15290138668433403
0.16265473234823752
0.17161398569399042
0.16776258557312218
0.15484663926615314
0.13111379218566097
0.11346651875915104
0.10169896321299866
0.09821011618865083
0.1020487102495806
0.11097980777821628
0.12044683990618271
0.128569592592267
0.12971304917420254
0.12336485107871882
0.11336541015611876
0.10963774674079031
0.1057473511487484
0.10041956453468695
0.09976598443848136
0.10788434112243059
0.11710933277858558
0.13225617430637646
0.1453138906033066
0.15475935458194529
0.15459888866762783
0.15642709106898214
0.15889583118234274
0.16336994733154328
0.16209348189079148
0.16207036944858216
0.16189930032688254
0.1664381210728683
0.16936669115070094
0.16506239371673814
0.16003197595286903
0.1565001355880105
0.15285513242968934
0.14503763153878563
0.1368551452546123
0.133804078480381
0.14162205244533413
0.14898472694989057
0.1578433324564306
0.16293910452162438
0.1561914557669354
0.14085638644135942
0.12179301724032299
0.11138455754163458
0.10178546184985016
0.08751920574842974
0.07413747660599668
0.07133533155942849
0.0738741638689898
0.08182671431391891
0.09159080875294531
0.09762679664888631
0.09793689804970024
0.09816274926742789
0.10342306475004381
0.10783093932643871
0.11288293864474716
0.11447335242699819
0.12423884994721615
0.13325905580869404
0.15045213547300157
0.1577213714406786
0.16265364844327423
0.15980725039231589
0.16562837664408306
0.1632425546189713
0.16546465804022337
0.15653771957256207
0.14898750762842977
0.14216429881198345
0.13446531065634373
0.12851155716714388
0.12724751208301252
0.13407689283083973
0.14470963846478996
0.14995610319407926
0.1522335891064966
0.15345733897191394
0.14778707608523023
0.13504514989997082
0.12937337255737452
0.1289810670321241
0.13148238814560034
0.13536481608424553
0.14158633223054415
0.1442990669396755
0.14419696016404712
0.1470405349481554
0.14680093090503007
0.1450556897320753
0.14827002688639174
0.15044588363708108
0.14216841314612072
0.13056939080212107
0.12371373812875919
0.12072244499895547
0.11911178449255208
0.11101380131247479
0.10214251180716911
0.09670275773488168
0.09614872585741069
0.09547592078274031
0.10160156937217424
0.10782957206712995
0.1153634455151986
0.12541990284795132
0.13543916714723972
0.14764400902026886
0.15112768448273015
0.15503709132507762
0.14838253075255733
0.14434367937466946
0.13110530707647086
0.12544521195828912
0.12048349050927633
0.12398794560845673
0.12938731670824793
0.13934326718877493
0.14684241976901413
0.1540710126267626
0.1632550251614243
0.17178004966977445
0.16922167228948645
0.15706217698417485
0.1501272487120636
0.1489559875848237
0.15298432836751819
0.15563679672455644
0.15424397931401937
0.14328914901541256
0.13732480649013215
0.13318245103973944
0.1332925891269535
0.13883054734790215
0.14570076437832002
0.150444389429792
0.145507077820435
0.14043770644939516
0.1275417134026228
0.1230905967540129
0.11786408817910461
0.12030472752545614
0.11785601083386313
0.11924232966473289
0.12081316424306424
0.12643129927394067
0.13281773212644704
0.1365488807087862
0.13713430830528078
0.13602903497875565
0.13751259109915498
0.1371441267235035
0.13735448813033907
0.13696810588407904
0.13847504183550186
0.1393154203808189
0.1463117316138033
0.15217776540158412
0.1590479652594121
0.15365939794244415
0.14931954618563606
0.14149220008202468
0.13741596485471672
0.13052466217593794
0.12773905402266608
0.1267223920056338
0.12583519132317522
0.12533933126762603
0.12674294814240492
0.1246794314922223
0.12219628404009601
0.12570933793017577
0.12588913037508725
0.12936374410458965
0.13643913240530023
0.14315269168278427
0.1385632868095926
0.13438995319509522
0.13133923850055473
0.129740808014459
0.13394761936881944
0.1482864657724597
0.1544289661207175
0.15562829004916284
0.15578483322063505
0.15652395406309846
0.15334012806707414
0.15102346430361482
0.1509220334188426
0.15353885959470337
0.15789919600780522
0.159310334014041
0.1499899441914242
0.14176350652676623
0.1337685220061917
0.12549818645970126
0.11658160915626518
0.11200394787700609
0.11139680408726688
0.11211282161903961
0.11272229483921178
0.11465885590117816
0.12110945965628807
0.1280147808575521
0.13452374155439473
0.1324005684253152
0.12428622846937386
0.11465339694360706
0.10647253562501366
0.10335527314857253
0.0994040050049235
0.11001697190848635
0.12945069465492373
0.1536388374657272
0.16871862655926698
0.18082703295925023
0.1892944395354767
0.1962150659348987
0.1916829483722362
0.19010319655679997
0.18394102723797606
0.17870510738430556
0.1669167852604967
0.15709934317754212
0.14295639430122156
0.13528721670916408
0.11973425123206279
0.11316438732988414
0.11676858758418356
0.13063393388942057
0.1422981144171014
0.15121290638780105
0.16125150131891658
0.16651710496756597
0.1605129774204825
0.147996546560732
0.13687911709447392
0.12552483615057292
0.11450293931020757
0.10636685844095761
0.10791520464910558
0.10657532139864807
0.11161832994487055
0.11575772224312096
0.12249958464293792
0.12299683875404156
0.12642443403867687
0.1241647167775555
0.12404650188200479
0.12423394237483212
0.12678782254583762
0.13089286693406407
0.13966218742806882
0.14803226933621697
0.15238308572952033
0.1582270120033261
0.1595904023977959
0.16037465229900216
0.15600549396913121
0.15120195069554845
0.1462427953744551
0.1416735998223035
0.1297324739129325
0.11795411064289615
0.11237327882806149
0.1130910057681793
0.11399029083690888
0.11857718247913056
0.11821523101362254
0.11593722404571402
0.11562014063249441
0.11881011343637311
0.12067974734581224
0.1192585840890338
0.11955492023353001
0.11928349788083147
0.12036928402376437
0.11762092482917257
0.11299991309200175
0.10978815951830195
0.1051690966397283
0.10075454258205425
0.10555829938076315
0.12346223122255294
0.14385072815465766
0.16440627720636605
0.18067821990885802
0.18404582220298185
0.1782281286148936
0.16434530021568122
0.15487067697149912
0.14438690641777616
0.13463993735245816
0.12962855715127428
0.1273789437748231
0.12768317510931979
0.12560538084966433
0.12235944209888296
0.11859424364289982
0.11180804237095497
0.1041633281709409
0.09831815398763259
0.09816376024054442
0.10276810061735685
0.11066609103242775
0.12045141503075528
0.13438949568169323
0.14759973816501606
0.15932131930497864
0.16199894172012863
0.15771302558613998
0.14695847169199147
0.13379204936474184
0.12230323784950181
0.12074971101178893
0.12482220365760592
0.13812238366549773
0.15160776626653846
0.15751914459489438
0.15930661315556996
0.15348769450124303
0.15105215812406275
0.14226328743160027
0.14078768790505486
0.13881725111751578
0.14265739483036846
0.1454598181624008
0.14896883742291409
0.14598422853212256
0.14151874388595778
0.135465057094837
0.1279577324774282
0.11993638891614794
0.11264718677368951
0.1119785851150977
0.10921914781427987
0.10953757843376512
0.1096693578674512
0.11175892712154809
0.11294486370306904
0.11233734770993714
0.11394651705938023
0.11464974049843223
0.11674589808920859
0.1145684449727728
0.11585831356467587
0.11317162795995547
0.11378918332909138
0.11954147762116074
0.1326337988201571
0.1456546370522842
0.15381998643507494
0.1589223839575258
0.1598259940205109
0.15504170754764868
0.14179163791057361
0.13593654618232548
0.13758660202488174
0.14977762364553945
0.15702585367499433
0.16642813581843674
0.1675363284871338
0.17544280126925216
0.17701358396515554
0.1736513863761701
0.1632017974674863
0.15554887207788265
0.14635650527924204
0.1382843774767078
0.13123587909993548
0.1239810312000207
0.11957713336187223
0.11423224762625862
0.11854148927100704
0.11698589323072724
0.1166404814027859
0.11403488709112931
0.11799243454167789
0.12598168347016914
0.1412763012508686
0.1489785819589878
0.15148713802165176
0.14233715084844312
0.13414682190302188
0.12584392994789415
0.1236311861093988
0.1268867501945252
0.1356408964593485
0.14359755861427587
0.1523425014569013
0.15743917450301992
0.1676417188217833
0.17205051314033556
0.1730736778958084
0.17068430445138744
0.16823251585004853
0.16029223870295742
0.1597411542730065
0.15230955327554707
0.1468576471491842
0.1394153267850072
0.1420135014085453
0.14871306692170136
0.15921508954617716
0.16609225067744063
0.16476662026188205
0.16319870878657108
0.1588055927388433
0.14926354231933112
0.13706055482683896
0.12793612751709316
0.1212896399216699
0.11999478778673302
0.12473092507082356
0.14108226817991398
0.15128136280096474
0.15840577740213962
0.15636069840887246
0.15496023062020758
0.1475089291552742
0.14259818928661858
0.13980370800318404
0.13769432942447024
0.13670623880157698
0.13651121880422723
0.13405310458091832
0.13074150074967622
0.12474863417384648
0.11833467929665767
0.10792369776168526
0.10486705740613207
0.10499053153425257
0.1105937797220087
0.11832556975832234
0.13110499879499288
0.1359811041442109
0.14267412191933806
0.14635315972704457
0.1541741398714029
0.15670421051424963
0.16343937565197916
0.16140767752629614
0.16627290872842362
0.1711671764924838
0.17101523881749847
0.15406071916584732
0.1387247372178978
0.12129326377867669
0.11336833340292747
0.11628167213403356
0.12843230238413436
0.14338679490202125
0.1533683968500913
0.15797154753276837
0.1583745368874504
0.15434423185673168
0.15034931345603067
0.14352962419938886
0.13581327800628878
0.12746206045670228
0.12201267105872207
0.11804824927783958
0.11826925699818419
0.11717174965950396
0.12160514565159736
0.1270425012014481
0.13381865022871767
0.13458368677978402
0.13439730092405058
0.1341500028856751
0.13751947721714142
0.14357586202493122
0.1485707240142138
0.14658094464779456
0.1440894085384835
0.1404074841294119
0.13702504723165349
0.13921298958213763
0.14428168382909543
0.1461102366494569
0.14629822099655404
0.1446068610375703
0.13941281115581888
0.1315605230526245
0.1257925650832609
0.12080985189893899
0.12630027317063763
0.1345580451369741
0.14397822182882838
0.1459824773656632
0.14483281182371535
0.13546226816927986
0.12997760975055778
0.12567802555454285
0.11930888845606695
0.11025950003521762
0.10789102322290159
0.11515691858541603
0.11838418134315593
0.12272050893814494
0.12115414640313
0.12021932069511905
0.11529907744380608
0.12036383506452075
0.1261193903801685
0.13778852092721608
0.14633590919879197
0.15455986712600855
0.15270353090238353
0.14712886394117528
0.13747232720101543
0.12239981798337837
0.11034233589434152
0.10584362826780673
0.10662041133083192
0.11398589775431554
0.11997188581448179
0.1267141108318037
0.13530784653323744
0.14452957857104146
0.14094930895651758
0.13338295292054067
0.12479981429688448
0.12239998862824827
0.12251009711759875
0.12705591474258673
0.13116193873365314
0.1359514284123054
0.13413326464554412
0.1327109785945111
0.13051962830981448
0.13046754302698924
0.12902017894213128
0.12375211217468657
0.11802909326152115
0.107451810367267
0.10983594126507316
0.1179321732438905
0.13665091984268155
0.15353620854236946
0.16216553795248012
0.1545993905788188
0.14908082438898718
0.1418447798527879
0.14018692749188022
0.1444479853505908
0.14934421485889274
0.1449874210519775
0.13791010584100535
0.13410024594136902
0.1280428930011615
0.12071699112145379
0.11206350994052668
0.10661247357499608
0.10355071794464045
0.10796684060432805
0.11248272223242257
0.11225512771325644
0.10698140556654591
0.10536813314466441
0.10368006378766863
0.10548497081821469
0.11282024533040412
0.11858648696000612
0.1236575791167853
0.13173420464260419
0.14528828713232902
0.1605805238557968
0.1754609623934412
0.1949653562346772
0.19934065274159699
0.18828654111346357
0.16692201816287824
0.14626707524467336
0.12826253954716396
0.12333377905021888
0.1290216462181014
0.13564351033048236
0.14263278097625995
0.14922297419492214
0.147497083932601
0.13776789598414846
0.1231696644138002
0.10767463777771757
0.09600007540397405
0.0910956707178683
0.0915487723635614
0.0939535587854314
0.10763347583789531
0.1242827295552723
0.13225658014308883
0.12646798344078647
0.12947025445896235
0.13293645610668328
0.1296501206203511
0.12676766909291673
0.12157648509235432
0.11509057256999897
0.10964426874164312
0.11112199430559888
0.11840655088226282
0.12668339400622283
0.1327885286255488
0.14446478177975855
0.15581288029186022
0.16617275631427328
0.16744744679727483
0.16687377087429017
0.1625182263597666
0.15367204338071805
0.14508918785091493
0.13935517440434836
0.13558029358458856
0.13357789940754144
0.136634120858431
0.1376594889920666
0.13618609355485575
0.13807878138776386
0.14649263334902965
0.14516153273612686
0.14460815400808924
0.14363703046825602
0.14826824251139045
0.15303352414468163
0.16281594049057224
0.16486108197741178
0.15303834421802864
0.14577737977515848
0.1433711213265939
0.14637762022351422
0.1554697053926728
0.1695223732457601
0.1707943662731315
0.1653366982296452
0.1554834732876656
0.1460983991965534
0.13502803192291132
0.13467897054811248
0.13983584001485141
0.1433660430724388
0.14603941972742157
0.14894012726792485
0.14897430915265472
0.1444586289038108
0.1378258782713394
0.1273710395375841
0.12085280101066802
0.11959716719456823
0.12300374250657448
0.1222319021614354
0.12165041921197943
0.12401464433879242
0.13194747914362845
0.13378943475181057
0.13155127667122476
0.1252841992637673
0.1255980052301936
0.12252540484424497
0.11850391826456787
0.11710090089525788
0.12756689774144866
0.13830030404718502
0.14906976355487705
0.1588600011061735
0.16309154164431272
0.15365437798756515
0.14725123294211614
0.13941984665671475
0.135568755343266
0.1297322862589074
0.13088994242390892
0.13503549661685418
0.14051037014612555
0.14985697579272983
0.15452829998972162
0.15043733371241602
0.13655328012084697
0.11803703816072987
0.11312569702985335
0.11571296453567699
0.11227522843458711
0.1067457479235616
0.10700342079474232
0.11705120195951232
0.12880117738065458
0.13826361570456855
0.14170146792135
0.14600607808576394
0.146844612382086
0.14127952262200374
0.13540481219412318
0.129976626532361
0.11618499551001475
0.10552500493720726
0.10473322368014856
0.11358126902725221
0.11740311951646733
0.12217956811532278
0.1287581389596215
0.13407257940078737
0.13701142315174852
0.13833414821865078
0.1367791087799622
0.12887866089929242
0.12087057878252637
0.11369138047889644
0.11061759926545385
0.11103883077379645
0.11957810344380361
0.12527339164068305
0.13610279361659108
0.1438289160023604
0.1469795790442246
0.1412338956536136
0.13687625728080005
0.1254921734503298
0.12080142101687279
0.11473158914103249
0.11619719618725069
0.11923247232779412
0.12588896563598803
0.1242749499677883
0.1249200733381596
0.1226117026041661
0.122469013417187
0.1209399983001987
0.11935805207311576
0.12019244401168534
0.13044789184604233
0.13804868662965894
0.1429199630103838
0.14314839796013068
0.14338749710417006
0.1394874799641777
0.13424035289669117
0.126458372202913
0.12265316794073106
0.11995790041577922
0.12193775383248211
0.12352409370670779
0.13379928205393563
0.1430513127101405
0.15017707526594698
0.15557554713485067
0.15928325170320312
0.1581193200110462
0.14703051787378185
0.13863298999660376
0.13294257952542723
0.1328861024622995
0.12846900072821935
