1.4336280845263655e-31
0.00908071912893789
0.024595589944475967
0.03641032273880524
0.049896719568827866
0.067517943712276
0.07651507609033553
0.08325510573739679
0.08777165374824424
0.09187863960344192
0.09484339913892895
0.10394637106365338
0.12038724619139023
0.13457341909926757
0.15352724088142708
0.16875663268860594
0.1862884535123742
0.18889453293212724
0.19424783453167865
0.19304096793427117
0.20152687677694375
0.19730589020241776
0.19429456809618825
0.1890307357789353
0.1905732303017845
0.18977542131329292
0.1771724792866509
0.15968917607019822
0.141662913858407
0.12736852351830563
0.11218058208326576
0.10549636453864314
0.10155588333952621
0.09683424310747356
0.09352506920998203
0.09197998953177902
0.0910296111668127
0.09174351737348407
0.09244332798204227
0.09327659311206733
0.09606515234212233
0.09749244462083578
0.09525691272580725
0.08858313290504942
0.08560218527757602
0.08326722092953316
0.08231693340326128
0.07890294884403073
0.07714144022606416
0.07759319706538116
0.08068171704524375
0.08591749407379118
0.08711623964898633
0.0893418920108995
0.09063101429219782
0.08955721015637734
0.08454912692386653
0.07903662275524173
0.0777742044503397
0.0777455426988012
0.08132560829494644
0.0897574402408462
0.09926293605893464
0.1052264954452923
0.11408603792458298
0.12462993711447529
0.13995617168376756
0.15163051724835377
0.1720045351430789
0.19596988035264223
0.22592943478512337
0.24086982908751464
0.2332606973443835
0.21610035048862575
0.2015366860951995
0.18953108941211194
0.1793867800482658
0.18147923596403673
0.18553329989287615
0.18740744046779154
0.17606279022039667
0.16747160148523538
0.15312485179217333
0.1409960308307835
0.12991535714804164
0.11899132536039246
0.10426138298337465
0.08995142459812622
0.08297474806288735
0.07771623022918905
0.0750482675554394
0.07484798487504178
0.07607982655923573
0.07527939322544294
0.07340662380461689
0.07296927186857913
0.07043950103444697
0.0673013413111091
0.06485335722602972
0.06260600475703382
0.06164793457050764
0.06250748208880226
0.06699106918822201
0.07471213665796356
0.08037734786108228
0.08512157719858558
0.09066455392663658
0.09180971093371025
0.09050307074228536
0.09389009944705008
0.10537088718053457
0.11434567418945811
0.1275527748120129
0.14846135630982488
0.1634172299790367
0.16599316740675132
0.16559482868609185
0.1705636592198808
0.18437267314974073
0.20055822496487102
0.20875838368713187
0.20328889106359374
0.18910199906956612
0.180936937236174
0.17410591265282338
0.1680968793665029
0.15756217711654874
0.1625552006518478
0.16724930567911003
0.16600479603674884
0.15363510092228888
0.14061764861575624
0.12189948107431037
0.09938725343200386
0.08764903340125947
0.08024640703732316
0.07577642913845409
0.07422241598585838
0.0776110954846274
0.07582053334187551
0.07379732154743371
0.07288133033437329
0.07326870439625724
0.07041595849931682
0.06919427979161864
0.06761056452209485
0.06983837311882404
0.07453561032189837
0.07844844049466024
0.07782227932421362
0.07298828896661705
0.07353909526454236
0.0767789223073863
0.08500084550049715
0.09083014765795974
0.09748950424200845
0.10476401967331861
0.11159543288906121
0.109351443372811
0.10436800300949903
0.11122651945163621
0.12604991462188478
0.14499197489263335
0.16694673544778946
0.19443475952784606
0.2061520327647302
0.21116816963528817
0.21204664288976766
0.21806667995526968
0.2170436883737933
0.20762643548086138
0.20158567375630745
0.19217481398821495
0.18186643434501978
0.16679845990929848
0.15146620503534844
0.14220314423279068
0.13897633700641232
0.12667376056535426
0.11104417938702625
0.09936882148167003
0.09143252960086269
0.08559956987219416
0.07982131159918808
0.08036705403219734
0.07926353417322551
0.07738502189985094
0.0733066237820714
0.06907860361919037
0.06226463924865451
0.056975518052269525
0.053764927156025655
0.052451152766067134
0.052071300257352716
0.054316492906148525
0.0599344662090774
0.06459611012003715
0.07068104031390919
0.07875327392084991
0.09286934938415457
0.10074336543476115
0.1034715566654767
0.10611048781313412
0.11576860165182032
0.12533016657373108
0.12642836178361094
0.12474188384095261
0.11896270049129117
0.1125626066057264
0.1169676835134579
0.1278471164856882
0.14870275857746407
0.16182329193052003
0.18055972288997546
0.20123032714933836
0.22508146056569578
0.23519771722264313
0.2222332957678898
0.20203470003955495
0.19088573797395336
0.1859691616666523
0.17119658517499486
0.15212917680151108
0.1396230098842534
0.13256722685638883
0.1311495957994794
0.13191221022379127
0.12851099189891055
0.11359352679293265
0.09915183429617988
0.08893947035187402
0.07972823102095118
0.07287295596582924
0.07076451411502316
0.06833885385456068
0.06682394784329483
0.06968852576570798
0.07529392143562999
0.08102095784776776
0.08625303650665068
0.09225633692095579
0.09519195536986692
0.0925733908450063
0.08825724914840526
0.08271238992949077
0.08057194299594378
0.07626890279921852
0.07311128657697996
0.07559659613651251
0.08431337041915962
0.08863020562139261
0.08910258504689596
0.09424998798775104
0.10500185649862738
0.10942155584451423
0.11296470780409326
0.11942511658461405
0.12096691499060612
0.11218375629400137
0.10619748025896025
0.11276630374449899
0.1255863170825247
0.13960346913339913
0.15310460525126954
0.15974553910619277
0.15688103424626587
0.1525973892343424
0.1506559056866814
0.1477844976125481
0.15153578365393947
0.14839884173344345
0.14516119849730347
0.14661229697925932
0.1534696107951026
0.15571021177820107
0.14605176265641753
0.13725729418412974
0.13022311408713388
0.12230788860749815
0.11388154559037102
0.10195866969126903
0.08898870566745369
0.0816085106269748
0.07697895516658611
0.0746135124632759
0.07358931977396507
0.07700689405064273
0.07807377025912805
0.07884004986372264
0.07926350318544814
0.08112738834127513
0.0794803463179146
0.07926733554875436
0.07679403561143146
0.07435457700884189
0.07271969021863753
0.07591044896745379
0.07874559196630226
0.08449836453332758
0.09282287263152693
0.09841828552006866
0.09963212107567113
0.09970062819226157
0.10299815346688797
0.10850617334656501
0.11627002234817005
0.12806697284933707
0.13900806426355652
0.15124749268148496
0.15858835009013522
0.16503884365607624
0.16931172443708684
0.1777204562795941
0.18564495754243107
0.19567879834440316
0.20311338875493454
0.2038190536688107
0.19008921468228338
0.17329575431028246
0.15739435570251523
0.15729949740128726
0.15737491459595832
0.14853128140066782
0.1363624641122939
0.1354974489278483
0.13417990505933877
0.1272513563720336
0.11707316212209298
0.11187574912788129
0.10610235475269303
0.10505573814043907
0.1058915013821011
0.10501222586035881
0.10355281457015961
0.09827638842195097
0.08661223995482467
0.07453680249705105
0.0663955876717332
0.0608954705068198
0.05608693127621781
0.05627720360368223
0.05706295036706074
0.06030986389767173
0.06606764189893148
0.07179571018267082
0.0751649542665744
0.0784155045765979
0.08107917877986895
0.08414261576341146
0.08424006195406836
0.08505077528693616
0.08021545387098405
0.0832969549006327
0.08871797194137675
0.09954127324470816
0.10372823625577601
0.11653461537190667
0.1388451838501523
0.16667380164600687
0.18242918089021756
0.1898898611927374
0.19594623417302642
0.19447381363399194
0.1929092693228466
0.19165817827127138
0.19811862397368346
0.20015306935077729
0.20184035387260818
0.1917187106129541
0.18040925878901135
0.16211131268138812
0.15300451570582793
0.14981874060331735
0.1512288533440505
0.14647859233020175
0.13048230477534659
0.10895549175158346
0.08992806801312403
0.08165119279282557
0.07500530724017694
0.07162834090215746
0.06874711081460341
0.06736547546084105
0.06698746681680948
0.068861373283711
0.06697063458105865
0.06596057496515666
0.06448173861621087
0.06125872680056658
0.05888524405771536
0.06544074265482383
0.07453424272855944
0.08713805580541245
0.09826929666170141
0.10864053669555454
0.11146926169204205
0.11030354330829598
0.10767013340632704
0.10441603965520234
0.10475581159480382
0.10828146550916624
0.11264758840300589
0.11658389502117783
0.12284256495838095
0.12988177973750253
0.13813066428436194
0.14123942696818576
0.13404137758069284
0.1319898098596087
0.14326905231904724
0.15675592705074903
0.15892988711713743
0.15588561804843296
0.1576652100360334
0.15996226908718827
0.16024154134884805
0.17436151980201522
0.18588678674065323
0.19688978981568295
0.18894594459548292
0.1803386061299074
0.16127382465512086
0.14704468490859016
0.1392571564078529
0.13514649326977926
0.12989700733036413
0.12148228793819602
0.11280056335680483
0.10157809209795095
0.08987486732875745
0.07692973599907833
0.07342518778989764
0.07792019639028053
0.08502768290353753
0.08664360357403585
0.0867689164471384
0.08515444914097019
0.07848525437933446
0.07128952691900697
0.06774320673104715
0.0647632132531026
0.06389194243392421
0.06718238759680116
0.07236440920859294
0.0771607958409279
0.08639359110140463
0.10084649473680643
0.11159253974918737
0.11547259281513583
0.12014206146712926
0.12702956961043774
0.14094477522951956
0.14390059407433886
0.1480214848987863
0.15230126596421797
0.15707742033491262
0.150461759374852
0.15112560639149342
0.1557778633809992
0.17554688967442697
0.18494351443936013
0.1845588216983764
0.18670863070879476
0.18727816333456695
0.18290895094109816
0.166050052540982
0.15885226723770673
0.1523198231412821
0.14899368223087825
0.14619591911095253
0.1483735606619601
0.14508268690885676
0.14375842263287353
0.14339557334993014
0.1334706040561951
0.11596368289684292
0.10085410649800947
0.09014738122296218
0.07978323361365673
0.07203471138222714
0.06586963282808617
0.06345646882958036
0.061259046597524465
0.06398766734799326
0.0694695573070348
0.07302519826049707
0.07335913903557832
0.06985547895224514
0.06983122691239407
0.07209774117590749
0.0752643894424698
0.07611383080707962
0.08290581819137346
0.09028111518695846
0.09958433199062634
0.1091161212373325
0.12381481822711991
0.13529088611656867
0.13725409548476644
0.13937225392598243
0.14047386971871578
0.13900214190506613
0.12772840329568258
0.13410710578275623
0.15587879156455758
0.17945234821237005
0.18909582763148772
0.19175495645808155
0.18603696001629116
0.1768479796829436
0.1662143499578946
0.1597030179033633
0.16138348115102924
0.16425546943228372
0.1711832959812205
0.17317135306809284
0.17465695218576602
0.16144017687597437
0.14924101404758072
0.13384666727945474
0.1225683508590847
0.11674455372358356
0.11686039720992163
0.11537114745695388
0.10968185543258963
0.10369969632624071
0.09865445228314722
0.09548482377082072
0.09222707921180347
0.09332178039753167
0.09187028537790057
0.09099410239707158
0.0902898499076675
0.08996859012289364
0.08661647314711635
0.08004585039002945
0.07726950583206092
0.07908845863232436
0.08645344218685594
0.0926405326807538
0.1019716385564198
0.10502545806279508
0.10637042039837277
0.10723144646239718
0.10687995743056886
0.10026820725329197
0.09636845648121138
0.10100555501675548
0.11203311692165653
0.127947994239741
0.14460055057862922
0.1569190551870105
0.1664245053493504
0.17452530492613277
0.1755495669148415
0.18671176357045347
0.20473253208162445
0.21778201638015693
0.22199203534242803
0.22116375975647257
0.2138223845587917
0.2019586182277045
0.18184969032450535
0.16014039505351257
0.1389753273449319
0.12366209257605315
0.1172130493761214
0.12007058150413283
0.13075195046512617
0.13725314361140617
0.13729653182272555
0.13065497346640104
0.12278923079537718
0.11449076697834266
0.10770275398867145
0.10008340629689522
0.09628179328879134
0.09454920803943356
0.09438576950376791
0.09210148312127292
0.08801968278690524
0.08076141283232911
0.07086735153774074
0.0656389231701354
0.06505644117619207
0.06766775275487874
0.07664557170341263
0.08939047425637821
0.10268684756746
0.10844352822683584
0.11270451474296538
0.11296290337589744
0.11060426727997068
0.10909092141209556
0.11051947932646601
0.1122978441812853
0.11721903667421431
0.12182621486252163
0.1243280116287204
0.12803538173632198
0.13802047893504227
0.1461786001133483
0.15029784804887172
0.145462218835495
0.14917412176175832
0.16398823684239647
0.18573817054321337
0.18953116931076283
0.17736700951943432
0.15471014649908518
0.1324805926859073
0.11627599233809736
0.10551115955867493
0.1046716026164001
0.10683276582272978
0.11053572981481574
0.11963094509427552
0.12745986337105064
0.12575016787002014
0.1149071008861686
0.10382755668284288
0.09254393438686496
0.08637548817499299
0.08564489033099061
0.0859064290205247
0.08526396768563428
0.08439506993950142
0.08248089370561255
0.07781356952519777
0.07459963316453884
0.07571628291474644
0.0780680471035345
0.08173517636107185
0.08809154516574386
0.09695375606704794
0.10062828330012387
0.10377567315797362
0.11004342220846969
0.11508045271073179
0.12348936490934923
0.12827270434706708
0.13229360852915356
0.13231681259208303
0.132370348958644
0.1330553582377331
0.14378337260035887
0.16460454851895542
0.18738779912608264
0.1978200493159627
0.19189133876968215
0.17535457911043337
0.1688652385790145
0.16795502550909233
0.17590515671621626
0.19193321162959026
0.2115451507582129
0.21196551696038105
0.18957607419387137
0.16851517563223684
0.15268956654833818
0.14036178195553595
0.12538219599167327
0.11430514571919294
0.11246331666105179
0.11657915260357093
0.11531850075561496
0.10951658624907455
0.09838559171397697
0.09011107872912133
0.08791556676167828
0.08859318173957798
0.09130992609323295
0.09795357605243334
0.10442792555738897
0.11496807125045176
0.12035129457898373
0.11839206046175384
0.10904108150963757
0.0967508536583292
0.08859267472466612
0.08002723737432893
0.07655463898915492
0.077510485090798
0.08354194831192867
0.09384292190300411
0.1019100376666794
0.11349786393203383
0.12352986969697709
0.13657365623324041
0.1392764707370448
0.14025477485410076
0.14060559982831758
0.13936123392146607
0.1427086800241299
0.15343338655117975
0.16532976136721514
0.17354290312905554
0.18265382821530446
0.1928765732703245
0.1922077892580599
0.18815609821663448
0.18449040413718304
0.19228158686859084
0.19989802379303548
0.19781167821072676
0.1897303455248079
0.18907743356645673
0.1829368398609563
0.17182729108825964
0.15814358970908451
0.1486725225577447
0.13883920073886055
0.13256265127071115
0.12916984659184785
0.12529018564039554
0.1194230800517231
0.11359644765651665
0.11160053194290434
0.11351738672706371
0.1109630116253415
0.10822614062300653
0.10714709468729461
0.10387062044120321
0.0967588456465031
0.0907289074694689
0.08301503410424377
0.07697485094961806
0.07362474750730043
0.0741374900463949
0.07456151884366626
0.07800368429210752
0.08310745108932276
0.08726953781614523
0.09049376416767634
0.09420478263784587
0.09812133061013253
0.10008197471820178
0.10394052730955668
0.10468032154528721
0.10564712650525107
0.10789475332595945
0.11470943810143222
0.11919802771261868
0.12533488807105245
0.12817502995514057
0.13011006397985717
0.13346208815260913
0.14412352270996948
0.15841296783958653
0.16833382955406376
0.17712383690697825
0.18286915013480756
0.1790493958574119
0.1578415936145161
0.13456160296933134
0.12269798337974044
0.1130400843708547
0.10435026400247906
0.10617639146814987
0.11403529848450977
0.12099354846481458
0.119712761028007
0.11700594458986584
0.11285917166051947
0.10917501492556272
0.10700384460906234
0.1072112054923526
0.10774570162119958
0.10761845046306671
0.10834219495259759
0.1095813969312316
0.10850029059014266
0.10639155945452654
0.10491454487225
0.10365072272301804
0.09775047752525914
0.08859425783781925
0.08268992067990806
0.08339762687430875
0.08675720186558065
0.08614162764780522
0.08694576378271003
0.09062029271178827
0.09697933338562183
0.09740665675129156
0.09812992940627004
0.10606326947086116
0.11777135998101329
0.12237865263043626
0.1178621651877038
0.10988449229746212
0.10571722380782601
0.10846888089476965
0.1174412437033705
0.13206532745347102
0.15300309093117723
0.16983603567859043
0.18136605637055064
0.18377901917884013
0.1778889599771017
0.1561858546934887
0.1420445297805102
0.13232228796797882
0.1265473549475139
0.12121608783112738
0.11764251677266867
0.1217872863401487
0.12411938252526629
0.1246805757108568
0.11897163376474168
0.11239826027582041
0.10429128903923698
0.10000135517747967
0.09310582977057248
0.09027774164697412
0.08890072166208852
0.08447278123813719
0.08045494506239619
0.07821207332178608
0.08139580629523088
0.08056534445569208
0.08001837950602904
0.08126301197629145
0.08599337116229136
0.090568330103998
0.09653374777983412
0.10140209520284217
0.10572556744414734
0.105758940524815
0.10392025699777377
0.10153550705005997
0.0981543425676474
0.09554602468281288
0.09274080810356529
0.0928781863302733
0.09142741959674681
0.09234009061788923
0.09718710040631084
0.10967409998079139
0.13112935133912948
0.1457985046761351
0.16380370554479334
0.17949696972901466
0.19404013966740552
0.18933632841338346
0.1812748429339926
0.17476485303214725
0.18441263433380145
0.19136156724467507
0.18828461296306143
0.18556725178258493
0.18703147037594442
0.17729576589449458
0.15571414915143905
0.14230511289962847
0.13119221387430066
0.1206148376020697
0.10886941228178187
0.10844539678999399
0.11112585546846436
0.11259438016599231
0.11103148044886513
0.10274547330666339
0.08994931021494246
0.07549467508854658
0.06793570967415528
0.06530445106932971
0.06713892938974489
0.07137058122394867
0.07621477230658084
0.0760582321188415
0.07364411597425928
0.07038858035128102
0.06998183489451731
0.07386439165356752
0.077880673604202
0.08453214670518018
0.09363401197143792
0.10774363806097141
0.11827228592227303
0.12420414703585847
0.13613806541706266
0.14714444963870718
0.15525340184597824
0.15881556396648577
0.16446805290543215
0.1694908057932179
0.1782722852128953
0.18233976691167883
0.18310857357975519
0.1817909268175819
0.18231587304846714
0.1852793697161719
0.1868390446435494
0.19106089394979128
0.19162727557165007
0.19466298339822402
0.18768480523007833
0.18189453384364715
0.1652497546483615
0.1532483805816312
0.13656707560709277
0.12372940124692629
0.11284483053497393
0.10526321381897809
0.1011768095074479
0.09901469301943908
0.09467640846117364
0.08831655693253544
0.08746951236296603
0.08362479607736603
0.07842348705573078
0.07090103433400487
0.0678534619061364
0.06943194241575958
0.07681670656856754
0.08524395216857385
0.08638140928872388
0.0870766788105791
0.08649951202946833
0.08929287860477053
0.08896204277417588
0.09206387556739767
0.09466845944877417
0.0993654271008569
0.10241567976782025
0.10962289521512766
0.117140207897451
0.12456316862106051
0.1366375385882384
0.15414441694123696
0.1705715370529872
0.18154248597227127
0.18766998078467287
0.1806905039993996
0.1621610625906994
0.14185218658897966
0.13709802300525634
0.14414200056694956
0.15921673830603383
0.17543301466817324
0.17904794733722257
0.17474720040183797
0.16178854381339453
0.15702013524395633
0.14155933727026285
0.13723896033516558
0.13629347214067536
0.1396110175486019
0.1305674082353882
0.12088646600410946
0.11329083666410239
0.10316531302871473
0.09010602321237536
0.08433486589926224
0.08645535260569756
0.08786514754195157
0.08975987280444717
0.09832002549861314
0.1066194108677519
0.11245253759597879
0.11414851238977684
0.11746673429641408
0.11852269042774727
0.11649804934511905
0.11240172161112391
0.11009100632624677
0.10238724656430574
0.09985063189350675
0.09774508074487909
0.0995138525192635
0.0953369541210524
0.09825427415473617
0.10329786516717548
0.10907595029550475
0.11375734178387145
0.12031738986712426
0.12964453077549049
0.1374682071332689
0.15209634663783808
0.15879429340474913
0.16196083132727632
0.16068365412317842
0.16441191443346362
0.16822416668737666
0.15885561016068456
0.15344301583702608
0.1490689799197531
0.1483066801290982
0.14426915609348864
0.14508252613627667
0.1411836552893636
0.14319940197452102
0.14602878310110165
0.14795737948116233
0.14678944598054963
0.14373753459273597
0.1351093504370389
0.12085060354574019
0.10645698743663201
0.09524285945561917
0.08433842601228243
0.07346297692069242
0.06804896314530508
0.06881933251152085
0.07109727023490257
0.07555253355915773
0.08122180188114973
0.08558999765300862
0.08721597031712738
0.09074687535114859
0.09090540445647953
0.08909076513492925
0.0888089915749043
0.09170464087313573
0.09213066348107075
0.09776298330380405
0.10743259869271851
0.1150446676519591
0.1175267911107664
0.11663227851893598
0.11207850624377753
0.10415806048816414
0.10097275787169545
0.10156011338144263
0.10984131389674934
0.1273103689414039
0.150593312781326
0.16854619611454605
0.17144830764536417
0.1637727718664901
0.1497525213656987
0.13940138833936278
0.1352776354100095
0.14076514918045224
0.1447664347363235
0.1474703463284071
0.14754633092989033
0.14412798084412162
0.13568752280965393
0.13190617104746744
0.13503869693396836
0.13565935944570565
0.13678034724555352
0.1400033363760704
0.14681220062457398
0.14065685927348445
0.1296987466999263
0.11787654937871372
0.11110982208170521
0.10708407743192469
0.10179079714658491
0.10199757996602551
0.10215578223250481
0.10308544316487349
0.10284646465912729
0.10093191505196483
0.09651760897696107
0.09307197400909345
0.09292197161705838
0.09750744917568341
0.10030506586260413
0.10381855567620979
0.10578986812899159
0.1055583666808663
0.10388739184095933
0.10139243701572893
0.10386022217605108
0.10452767210180097
0.10774821667741803
0.11491813796135668
0.12515044849143203
0.13165581304700552
0.13077000124116597
0.12729507763956505
0.12974548732860441
0.13672354496949912
0.1513824959397576
0.15710095133815002
0.1552481169518577
0.1462582564501093
0.14326174996643554
0.147242755339681
0.15376163360735193
0.16434903727877248
0.17534543078322604
0.1755439201205177
0.1586423933265837
0.13841354942883852
0.12244395685700653
0.10977674185608804
0.09974305782443328
0.09328408091031852
0.09125312679199026
0.08651428782223845
0.08360122107413663
0.08495144629855421
0.08596172008737767
0.0846203648214004
0.08476188751767114
0.08824959398294402
0.08918385919007264
0.08705775081728902
0.08595066486365156
0.08745926287001814
0.08966771299763192
0.09601854345089983
0.10278673804924374
0.10449608111829178
0.10321731466110984
0.10027727839392542
0.09815098393058819
0.09651846947019767
0.09805321107691667
0.10345545591476552
0.10724871294277376
0.11217572883864298
0.11379026425811646
0.11488999901806078
0.11612190922974375
0.12682085301355311
0.1357349176975662
0.13579034499569217
0.13051304992206345
0.12497230740351155
0.12031494924175956
0.11318018604558226
0.1123499954389098
0.1140945178739869
0.12855178923270627
0.14569405829340812
0.16886702752647703
0.18135070243832818
0.17727135635804436
0.16473523762010336
0.14548284271014283
0.12236510982390714
0.10277303576344399
0.10279631191925497
0.1127837620670701
0.1256391238511816
0.13311598624776777
0.1340572030687205
0.12799168526295882
0.11838353404236701
0.10686739460797735
0.09867455282339804
0.0942716993063494
0.09525261439073063
0.09301138116764575
0.08713174080003205
0.08350923701911796
0.08078091829325182
0.07927662833605546
0.08311157605968127
0.08917610265290389
0.09711557487565026
0.10360092971189976
0.10967221500190862
0.10961039247538833
0.10511586695341649
0.10827858126094354
0.11704454140502592
0.12102381086790615
0.12674356580698326
0.13431068626190046
0.1368604770613015
0.12970951610763515
0.12446178459271019
0.12095710652305376
0.11541206226371903
0.12242631621026642
0.13961263853829442
0.1527782941013032
0.1631824714861956
0.16773411873452643
0.17595340717317232
0.17858305755313575
0.17815316504717485
0.1728896064050982
0.16031373174931274
0.14088239562111643
0.12053973899412386
0.10979436753843261
0.1068967125237658
0.10555206111792921
0.10960132151700161
0.11375238434255269
0.11479562317619099
0.11109715985256544
0.11147892486100891
0.1127375631001886
0.11028873707731526
0.10554695922102926
0.10496190487674477
0.1041488973028467
0.09827829421036477
0.08846635367752274
0.07915534416655001
0.06945538788462528
0.0626711909315087
0.056445090481017715
0.05820103875433044
0.06266467868266194
0.0708044372790045
0.08216897256646032
0.09644935811641289
0.10763098808022604
0.11829906719396487
0.12667114095928242
0.13261699465428473
0.13500757684257775
0.13153856531727212
0.126102132148553
0.11409160609285939
0.10661567319293166
0.10516790213407368
0.11665572304218276
0.12967158156192835
0.14419932305724575
0.15142150368060572
0.16667328334741988
0.17837077455093098
0.1876986766573018
0.18405044795919073
0.18186130350189555
0.1810529803525151
0.17672952185794327
0.17177148919125526
0.1622367859705118
0.14804058384288976
0.13463829243636885
0.12890399229649946
0.12888665920987902
0.130722066960922
0.1278543910119508
0.12566689051012275
0.12851352625469117
0.13132294388497534
0.13128805419498868
0.12365287482468686
0.11599201659856745
0.10982845187297673
0.10597374130825563
0.0982604695199143
0.08653483097393005
0.07754969055297375
0.07436803930472448
0.07316691326133419
0.07804355411790556
0.08959365326721921
0.10649235178030567
0.11993908753112997
0.12757563502220495
0.12471013346604587
0.12119409210542387
0.11782674675365208
0.118176190797388
0.11386753793528924
0.11165370432903499
0.11248473697585026
0.11860646335950045
0.12259606061478975
0.12356711154721331
0.11864957347285637
0.11549156016003544
0.10927550901368578
0.10589935397207711
0.11282903703694995
0.1316063256900427
0.14450862605897816
0.1468823492369141
0.14793561540442193
0.14859705054566233
0.1485182489876877
0.15816050494207567
0.1653894178079524
0.165227071547937
0.16330727243815027
0.16435232569722527
0.16105700718030957
0.1517424999143336
0.1447364190124672
0.13856849502640656
0.13021704840683593
0.12106176778312071
0.11204073592160489
0.10098003808779901
0.09397303891184897
0.09161161233754271
0.08769924205257995
0.08334373384720081
0.07865821992546776
0.08002452523149205
0.08191249746539457
0.08462445046074178
0.08686914435821
0.0847799052038186
0.08391185903387598
0.08449907651252142
0.08737580724199787
0.08877141036833229
0.09409928628589177
0.1011167630220251
0.10836051769763574
0.10947018619427704
0.11000253192468487
0.10978437541446069
0.11542148531735352
0.12078746898655958
0.1259972356100959
0.1306215653970039
0.13893068978970785
0.14952667425862892
0.16050982405230468
0.1616381993237046
0.1593846331065162
0.1583241341995391
0.1568580249550004
0.15090826583718384
0.1410902567778127
0.13103797639898918
0.11832704351041226
0.10608947847171583
0.09972549583446401
0.11023651549045803
0.12550004373919998
0.13438918593412275
0.13484432703195345
0.13003634634200753
0.11940001659206641
0.10728365504994894
0.09355737603741587
0.08326981902620201
0.07837439448825047
0.08156031377275556
0.08740437275487582
0.09232063813690919
0.09444436533894235
0.09748075948654769
0.10010653054304622
0.10179413001141017
0.10808185032204566
0.11564369068102502
0.12406982953230715
0.1269051542586463
0.12451901492694308
0.11656981786177421
0.10841103695299185
0.10113938944662813
0.10053400873583641
0.09984812850136832
0.09733450399172189
0.09749912449851438
0.09796491543459901
0.0968909367491869
0.08997980597026307
0.08343772286834783
0.08369228933335904
0.09091951199850037
0.10833433140475585
0.13074359444271627
0.14449642125548764
0.1530286176442375
0.15073637690610056
0.14479740823423543
0.13538737376914958
0.1300818990312349
0.13000477561292792
0.13088896973216055
0.13281272311713896
0.13528849749817062
0.13671773728198883
0.13319040026859919
0.127496942292272
0.1191883548576145
0.11772512772071453
0.11779135200007042
0.11963412591002351
0.1218724238446779
0.12158271030603107
0.12480498225845435
0.12072704046692131
0.11315660957141035
0.10207053908675998
0.09522029528540167
0.0870237006089076
0.08211918041348766
0.0830778550684419
0.08922847308067433
0.09270913225404177
0.09396512997690355
0.09443619017329977
0.09446001776575379
0.09176097162510179
0.09314142328724324
0.09974535050205324
0.10960895936307052
0.11960860619150118
0.12675970414211035
0.13200752222096895
0.1344403257639484
0.13313980144246654
0.13014618826305865
0.12230010154485145
0.12044280641664436
0.11979585914875948
0.11651328890764075
0.10708642428287217
0.09885735996611862
0.09622767916594331
0.09520334668254
0.09961732001412857
0.10721657939949823
0.13234354461039893
0.1555186604384428
0.1696744883334821
0.165927612881868
0.15997962327784332
0.1465483965684526
0.13650923837482032
0.12652993165027243
0.11657815951649886
0.10729561851536543
0.09601989970618915
0.0859718586694095
0.08402505729962623
0.08620180989835742
0.09055152328590194
0.09242069156803669
0.09518359438533294
0.09666831467182227
0.09971148031746815
0.1035758684463349
0.10103932708368285
0.09330602144563936
0.08636796656619004
0.08344857940670483
0.08022688763950481
0.07755183310665142
0.07733899764711978
0.07945788624729484
0.07739078179923037
0.07473704656837145
0.07381552227985261
0.07580160189147928
0.07909778650672152
0.0901277927633978
0.1014450409726813
0.11725748050678593
0.1357601523221133
0.1554921084191906
0.16672292487190302
0.16469790330107958
0.16019036729210231
0.15112717403682624
0.14505824419578467
0.13878427840834456
0.13641174374662757
0.14175205618257092
0.14980438334224577
0.1526118547701963
0.14324535262124938
0.13459130187084284
0.1325603536598581
0.13681064643207477
0.13776317129413237
0.14166170606409798
0.14582631438076632
0.15283328165392948
0.15329466118984608
0.15231502125825783
0.1491443628644048
0.14404935521736478
0.13852194847307747
0.12788681748708658
0.11673175665373707
0.10068101762240439
0.092933606384271
0.08462690999337585
0.08241662309599365
0.07772573740944937
0.07587374575159425
0.07181802824510329
0.07326968706965412
0.07192951223640252
0.06909735137183218
0.07029363114261286
0.07749628407756899
0.08690286528599471
0.09571618165676143
0.10534800889071734
0.11285311258990602
0.11721664578941075
0.11873262011539742
0.12136560590422123
0.12396417725345897
0.1327871272957569
0.14066127422177865
0.14014661959219754
0.13799908034911146
0.13697592384912619
0.13914135901920452
0.13816676844317838
0.14607288096321397
0.15281157791945751
0.15861286785667608
0.14876848033980716
0.13850659344573749
0.13605162784535857
0.1357412009851514
0.1305118121712228
0.12898978351912896
0.13429373707280184
0.1302435797439604
0.11917810165019356
0.11067588271041114
0.10491508861970239
0.10052146747681578
0.09688090339873716
0.10031182489864793
0.10350566313280815
0.10493751980889007
0.09960607414722114
0.09180079222228718
0.08487650820291141
0.0842790273116847
0.08495454746526081
0.08297637528408237
0.0784971974538497
0.07905474839642372
0.08610468042654439
0.09593898839436263
0.1009817409270955
0.09928466299043788
0.09144972293208113
0.08280960781726156
0.07516694589345539
0.07299100013752868
0.07276880855275783
0.07738268383920287
0.07866725173344284
0.08377861983197618
0.08986617787207744
0.09573683541812306
0.10504976032728895
0.12100535433097569
0.13198169223612077
0.14620352658673935
0.15752275529475793
0.1606677756045368
0.15544908515788783
0.15437625387974319
0.15849616830869523
0.16343217254669512
0.1665851351307029
0.17180738535762716
0.1696164183419526
0.16461777234156255
0.16085564853122125
0.15243379157643763
0.14178709507413115
0.13781955035027982
0.14425125649302867
0.14688091549435475
0.14136693721013593
0.13334346697617283
0.12616847507771006
0.12164595336049286
0.11151435295644904
0.09923159947593235
0.08696040274968979
0.08496852673020465
0.08419022785922652
0.07985745102299996
0.07208934348161065
0.07183527044295192
0.07604564579807002
0.08291183830429175
0.0922369592127366
0.10293978003137634
0.10902686074358167
0.1160236712672041
0.11805318757400073
0.1112933285369609
0.10244661668155329
0.09962681768666103
0.09676014994458879
0.09459364189310768
0.095189515823879
0.10420544069798596
0.11901563169201042
0.13703463908764948
0.1559715045785937
0.16163021919577084
0.15176616641086155
0.1321419533748216
0.1203456355193562
0.11924640311455979
0.12814495871725692
0.1369855966128143
0.14326270493661689
0.15136646568789514
0.15964479271774729
0.1632525261486052
0.1625426689720435
0.15288047581182482
0.13532938831636562
0.11292578446066052
0.09543912004270531
0.08481670159474555
0.08104662391562767
0.0830453789499301
0.09313850280352792
0.10672532065308621
0.11294013079517277
0.11143333915966686
0.11139226560730443
0.1074976012021662
0.10338069971200037
0.09418939029850197
0.09217734603788648
0.08452870588844742
0.0772268699388827
0.07533499533917619
0.08205700635383607
0.09180361948973627
0.09998144928266747
0.10885451109048747
0.11516423929368602
0.120496108478366
0.1205734185205157
0.12099840824300387
0.1172231057541636
0.1185739811628145
0.1202964537809377
0.11935277657633511
0.11759300856292279
0.12380925658959487
0.1318032143001133
0.1357840252260959
0.13582989159218664
0.13354297643087784
0.13232370968398216
0.13166634803588353
0.13321882796210502
0.13297329426114882
0.13761529696250477
0.15472675938188046
0.17115249027945947
0.17841068323278206
0.17280954177276506
0.1638413548803005
0.15449563444291314
0.15249519096712982
0.1438519567541091
0.13675920866418856
0.13106488488127838
0.12894953495352393
0.1228247942982648
0.11943872986989876
0.11891187059671932
0.11761224483034248
0.11850746620188331
0.1151526602691162
0.1166577724851072
0.11466746433629063
0.11473825347600311
0.10799900948662607
0.10254494537556517
0.09666853010543532
0.09649716257705056
0.09283871479691079
0.08590145331026708
0.07937519320248038
0.08093710054318808
0.08889184822356852
0.09558879129082747
0.10598615356887398
0.12113145450700451
0.13965277629179468
0.1493436745591066
0.150888267518591
0.1406069942017435
0.1314592867812743
0.12359778982157651
0.11051721107858593
0.10121756305603549
0.09485617405031763
0.09286855717670044
0.09550691980036974
0.10750070277263687
0.11779529194487338
0.11972127327626937
0.11882701928814926
0.12064625574224018
0.12641692543973346
0.13429739045049033
0.14537573151919583
0.15064623031967245
0.14893633759954694
0.13862198193627284
0.13423329107389853
0.13110294918350918
0.13015819993884595
0.12515125074656344
0.1244450895110679
0.12389190330940951
0.11563560224990584
0.10334855045707658
0.09340598694968814
0.09138204478396715
0.08775465339555176
0.08208075855504994
0.07733443623609958
0.0750204572408949
0.07162303077552035
0.06576242860495071
0.06339289399874971
0.06269120129027193
0.061840311254712524
0.06730658482789366
0.07708725600319144
0.0844883639586301
0.09062121769427196
0.09517387989168415
0.09566239475090794
0.09624397705006779
0.0951914538393695
0.09530203671998945
0.09451549404364396
0.10416789404988376
0.11091901271471474
0.1148310438070171
0.1183832980804514
0.12432106498631548
0.1270727248940731
0.12958728099087158
0.13051390206165828
0.13227288873787568
0.1409538915420311
0.15257826314778627
0.15735070822142638
0.1535643633212594
0.1507982599531057
0.14869051108772977
0.1466149670034283
0.1551057285402436
0.16743827631101105
0.16572162590001435
0.15222552150478838
0.14143377710286031
0.13538559620817744
0.12577242403272226
0.11301429910030039
0.10076548468766489
0.09578076073670486
0.0942992745640315
0.09611054829720418
0.10150827782850455
0.11519619438249906
0.1267980433566709
0.1284046043841183
0.1193072095019077
0.10508076815590495
0.09052027994033575
0.08173772559245188
0.07604398513504976
0.07702964098871587
0.08290312144394518
0.09016346544850683
0.09711946632457875
0.10201510291343491
0.10342104058851635
0.09949897840929743
0.09417595774788541
0.08914440176341747
0.0843008233678245
0.0837968132277107
0.09479397565805711
0.11522274567817681
0.14108652809934727
0.163402902282251
0.18034762890605238
0.18700871172383585
0.18384504573371985
0.167476841222651
0.1459700954577865
0.12684377755257564
0.11786911289899621
0.11417620954114567
0.11357172214354194
0.1157337674584922
0.11831129037193737
0.11617829394762096
0.1177167233758602
0.11684295636637397
0.11116567089014175
0.10586175462398321
0.11484161932825505
0.12719028485189937
0.12800606522937338
0.11501879127443913
0.10630782320351874
0.10208178638891008
0.10457064409548592
0.10878240800336994
0.10905092400665886
0.10738989143740407
0.10586102135489134
0.10407808830404024
0.09468113869108294
0.08387155973718069
0.0786930283996425
0.07415549950508984
0.06989149836308661
0.07076748109535236
0.07220547360408103
0.0748824474372454
0.081282332019829
0.09097111557913064
0.09637812030666225
0.09804944301895357
0.09749024112726239
0.09748755903416756
0.10115514476997586
0.10107390255557204
0.10482347671528684
0.1152025940752058
0.1257255305234879
0.1281248468294202
0.13279763403271946
0.14552285340764795
0.1576475166581183
0.16221814867246412
0.16139039058436516
0.15393039347845353
0.14128475591092432
0.13598839134806
0.13473337133466584
0.13804248409051417
0.14932254758640848
0.1606464397962953
0.15542816925195876
0.1402459836325297
0.13069509518621367
0.12375455225711154
0.11701214510844082
0.10988650156404424
0.10452919318954539
0.09803415536200567
0.0944804684516976
0.09291645391169805
0.09186647344427727
0.08604619776087051
0.08011472435464131
0.07680190810538709
0.07317942862183943
0.06913314687442053
0.07280626815253588
0.08183336006830548
0.0861520461957225
0.08541950651883452
0.08552028326562819
0.08774503966893558
0.09308823238901544
0.09526208087874723
0.09709421461658953
0.10052137436449522
0.11604398978481982
0.1305746832754567
0.14123883403555232
0.1381795107475096
0.13474631557418118
0.13134190271057689
0.13193075250308994
0.13648542797585025
0.14300275919220082
0.14388395460958506
0.1424113315453488
0.1404052505289882
0.13503314651419937
0.11970538204851816
0.11478397878892609
0.12503014274728422
0.13182145480575022
0.13956378194686972
0.1475541258599634
0.1517647988220021
0.14742604291471423
0.14668445153759815
0.1379994543836967
0.13244683991022732
0.13876775338023242
0.14481692640276167
0.14329445483081557
0.13445432808919683
0.1302015136138078
0.12239177283403739
0.11423082163867629
0.10377570834789125
0.09607951499317091
0.08702530412913224
0.08605256030576201
0.0896676218330141
0.09674844791520879
0.10116290969661743
0.10196392503110964
0.10293057796869048
0.10571114006400718
0.10585555919331979
0.09994172380450782
0.08953962518355625
0.0843481433178773
0.08293430105409444
0.08070407693891743
0.08609310876720981
0.09492480489444569
0.10218893551507849
0.10792894098334097
0.11474587927133577
0.12255548256191508
0.1218888486158594
0.12571790894062335
0.13024634718198838
0.13216709776145477
0.12327100430930617
0.11631508911459024
0.1260518051923432
0.1427369549870842
0.15377578079222617
0.15726463696000548
0.155311584191914
0.15552782496905534
0.149410795145577
0.14208330865775348
0.13783173127003032
0.13837509044828278
0.13381665503064355
0.12425068104789382
0.11806504340811286
0.11682353405388296
0.12112212520632872
0.12997793942009525
0.1398284559196295
0.1476270655123936
0.14559451853526634
0.1366730875521788
0.12233291948154364
0.10891498953146345
0.10217980337529194
0.10130608490090584
0.10209644659943627
0.1010610327554445
0.10158259844333321
0.10229733889617837
0.09996196432032699
0.09278097352747476
0.0916237297558698
0.09139125591286978
0.08700816485113684
0.08630005227886263
0.09062461391726524
0.10110481577758382
0.11461760900930133
0.1322895609151321
0.1473470813668142
0.1542948313765359
0.15629744621356612
0.15577689674463224
0.1568647448102428
0.15489778951827865
0.1548610781872262
0.15203081449431202
0.1478958357332606
0.14793060863532642
0.16298571809087534
0.1790441793353358
0.1867742200691783
0.1796636164381682
0.17203465051615502
0.16204766722379962
0.14460849085742503
0.12361271221081668
0.10747828501189399
0.09327771027666941
0.08447990115982768
0.08683221055914431
0.09193717639004839
0.09310187265302651
0.09582051967301337
0.10879227212098705
0.12289729229980884
0.13419466357790913
0.14132547198548545
0.14383465608599158
0.1424571933494478
0.13640006690830137
0.12705446772960893
0.11375211593431693
0.10166345730252047
0.09279725710706331
0.0864828237862845
0.08260914518567615
0.0835525391105195
0.08775426201904073
0.09444612678484451
0.09474040694333163
0.09332499077808319
0.09154728435957375
0.09048195463685255
0.08839021414907298
0.08815050207142647
0.09616291735838517
0.10808439948866888
0.11681994407818647
0.12194672524456142
0.12351842159990532
0.11902867988626083
0.10789800690640183
0.09754351769923451
0.10054896075972161
0.10565747868298073
0.10750956089416004
0.11331855821430292
0.13066410617078728
0.1448723607612174
0.1449820942258808
0.1368560405395168
0.1282810774676839
0.12715978414793264
0.1275819120833494
0.13183431224695286
0.14149550415314768
0.1539776305285079
0.16120906813145533
0.15571809805263637
0.13850067128213073
0.1221506597443853
0.11435066290954353
0.11441047035046539
0.1150437083398277
0.10952040695466786
0.10866593541127625
0.10977871710552477
0.10936342284216083
0.10637817678430565
0.09918833159990027
0.09651345549940109
0.09836019304960812
0.10362579477527281
0.10345003330004754
0.10389677766023289
0.10773581619214981
0.11006437400842217
0.1063205401015327
0.10181672019717138
0.09986583633447785
0.09778866279168079
0.09605945833072375
0.09526167554300018
0.09582649941251076
0.10328263455225775
0.11717792999835923
0.1302111065561056
0.14236355342022503
0.1500740640648846
0.15382931357059976
0.15118755472905432
0.14040947186280073
0.12815710888999154
0.12613906902564725
0.13430016402796652
0.14668662405613145
0.15450599139750712
0.15939420819762015
0.1625747912787673
0.16029187587772142
0.15147842931457836
0.13863956448380907
0.12835090514327183
0.1296125841844824
0.13772006572715856
0.1480731696112414
0.1531992623363551
0.1506280609306225
0.13832875575737358
0.11627940583802975
0.09507544745975993
0.07932901822977459
0.07761775198328384
0.07854351764849743
0.08301103628145862
0.08627541024570984
0.09463254734926217
0.10217696305664198
0.11058357622673967
0.11439410616959655
0.11294298516581427
0.1092825148266391
0.10030789758818906
0.09208227153033374
0.084343396288109
0.08192138104461441
0.08933010262099993
0.09958980637960502
0.1099414096694091
0.11518538016289619
0.11975820979297747
0.11901910445697295
0.12105133803118823
0.12285704684882646
0.1280472796370808
0.12532424067930922
0.12610257637470754
0.12396449621424757
0.12273062219999506
0.11925123009341715
0.11972461495943654
0.1248043282158569
0.13883803627403632
0.14301045761722347
0.14106416509900133
0.13367287460900737
0.13339679023515708
0.1347482436991356
0.13259124195947733
0.12281420207487907
0.10659719202979095
0.09402907249613558
0.09283005182839843
0.0981578774830354
0.10150458326559887
0.10024653476631584
0.09715909760787436
0.09012560884517827
0.08219869081973154
0.07498105524321817
0.07096583308596739
0.07267774562753657
0.07503563875781503
0.0797916259024327
0.07897231445202621
0.08499886455681295
0.09595578470532284
0.10614659488700168
0.11371870232176134
0.12037206775498721
0.11989833426660448
0.11947784265754409
0.12030307330116845
0.1259618957024055
0.12639708240838843
0.12348895238587261
0.12103821182039397
0.12139327597384618
0.11815730033925992
0.11198075925521145
0.10427169688001663
0.09416859103249524
0.09093890115179662
0.09237827039326091
0.09614547607800272
0.10400981448311986
0.11118231503417181
0.11713221932284802
0.12021366656130593
0.12817902893798533
0.13550350323651678
0.13894017373739562
0.13285213907801527
0.1326077133549459
0.1370558423525641
0.14612212681674688
0.14850064631194237
0.13991932938447632
0.13353275274764764
0.1222525208025746
0.11914530431936057
0.11196233441769146
0.11015533504502566
0.10719480317368148
0.11339254949697772
0.1196713667445927
0.12073250985407584
0.11562024362731474
0.11311520566760135
0.11096616385987514
0.10768558454229565
0.10791810383431497
0.10684194586926954
0.10575770254939332
0.09939669184808188
0.10052295361619222
0.10148726225642325
0.1089723010158597
0.11658314508508118
0.12006909117599601
0.11772420395887796
0.11677318981168804
0.11935857785286196
0.12296718496258753
0.12290277328416968
0.11775935829698389
0.10872654494545379
0.10509693826317244
0.11307084933006194
0.1268176499995444
0.1419208238671588
0.1567530838834876
0.17100024865322067
0.17259585476494385
0.16414947908112978
0.15372180879467506
0.1443246670513628
0.14542269775478855
0.1578912780012138
0.1692402380188511
0.17118165788091005
0.1715202154906049
0.1658313558596375
0.1481172883487825
0.12684043477490328
0.11297818351325295
0.11141571846788616
0.11361241417885012
0.1170528087673812
0.11605462761562306
0.11270979260860196
0.1049771817612924
0.09138521249393569
0.0804816939351461
0.07803020096270086
0.08278223697674195
0.08808542856835652
0.09446242795778781
0.09683525778922294
0.09338377106130434
0.09254435463741299
0.08781471231819742
0.08285032797225302
0.08175753281308319
0.08528074467070229
0.08939518167606855
0.09235461822781103
0.09472090039672515
0.08976628507498233
0.08250097077281389
0.08068584340046339
0.0807964597812339
0.08036510760368246
0.07748189825244665
0.07792394973388295
0.07933930459295334
0.08807804414554411
0.09696063625622138
0.10934415218617889
0.12019469312071052
0.13471892178210249
0.14944599420595212
0.16300733973080683
0.16599620172661322
0.1552745037315933
0.13975943669390847
0.12961403137988955
0.12548741137070554
0.12518094900695612
0.1351393945234933
0.14689789931375724
0.15099433661613235
0.14624918597218273
0.13843704851648203
0.12519260543482813
0.11609180570876591
0.11357349047289304
0.11480367989539769
0.11527237970513014
0.11596681376643762
0.11477728737970468
0.11290781084530424
0.10929782063712896
0.10167537673689396
0.08923082068490441
0.08320761113369794
0.08362566351344226
0.09121535186842869
0.10121501274217068
0.11616901367244017
0.12804226578292732
0.13590773399907702
0.13397746969508278
0.12852989382656632
0.11870010125499501
0.11220169588053765
0.10664995779464924
0.10419466884336061
0.10180313021671931
0.10510575818681248
0.11328580170287121
0.1262334291863057
0.13975165307752266
0.15139479703275957
0.15930501073987077
0.16118633534338114
0.15404159333242018
0.13624893360769189
0.12250042289707197
0.11460644571746147
0.1145014335175603
0.11794870013693372
0.11692765715912756
0.11113767572316055
0.10311935647037687
0.10090919118487791
0.10225944130237624
0.10732187657734021
0.11455462451307089
0.12021421613774583
0.1284874440071483
0.13761169885328844
0.14520502350057982
0.14875416936783178
0.14701418383888565
0.1342493522812897
0.12198575441847513
0.11104858119256479
0.10493250420011534
0.09688097396453955
0.0947367029423857
0.0886697130115915
0.07988649662180476
0.07398174562277615
0.07130245763898395
0.07144521722340262
0.07509038927245539
0.07833814323744935
0.0784200973339489
0.07792500546208356
0.0824730407735372
0.08699667771298086
0.08918150214198663
0.09427253865830032
0.10407081538341183
0.1109480473174431
0.11101207382669272
0.10444168270348533
0.09634695628097416
0.0900287700336894
0.09287062214823387
0.09909325607709579
0.10221263525799523
0.11009397940556907
0.11795540098051589
0.12105679687384144
0.11814663818108297
0.11385391231826521
0.11370368546889663
0.1150638787462208
0.10785099768049002
0.09864173987050258
0.09863143068222976
0.10765268681857126
0.12536172756935288
0.13808196550826368
0.14157215897622608
0.1364285791445586
0.1371764664004879
0.13965777274659735
0.14356994757000277
0.14053659649090758
0.1401743475913803
0.13270349173007054
0.1252952249337006
0.11279129561241905
0.0977144856026571
0.08722677973082565
0.08500352307230898
0.08968906685759227
0.09534316631074499
0.10044119905761417
0.09961108475680452
0.09888491423271902
0.1006951803427448
0.10646009818219673
0.11092196784160033
0.11225888498804666
0.11267265227919128
0.11236855628589183
0.11282251710076507
0.11144994665060444
0.11470466824249238
0.11585041598224712
0.1195920031423975
0.12065673068843667
0.11741818933250361
0.11156105641070646
0.1036758010253602
0.10279552563831588
0.1029668459427997
0.10405432862171758
0.10334267814601678
0.11188452420499943
0.12447225382177043
0.13916049899426855
0.15181284873400447
0.16630354857065005
0.1711817406309642
0.16482544633540872
0.15451193971225569
0.14356147220834176
0.13289281408354336
0.12541465446327543
0.1228508771454431
0.12151425674312756
0.11447592067724563
0.10651640831597675
0.09946235494174527
0.10197778284358949
0.10218434999808333
0.0991577908390809
0.09322905373424101
0.09474481190408765
0.10254921163855786
0.11237584068817497
0.11422702078099002
0.11436810947602824
0.10661925190410335
0.10082329525024342
0.09058732761590069
0.08086154841718576
0.07030196875884957
0.06465466429477712
0.06250754912760097
0.060842739824933934
0.06694134912324089
0.07897686960883354
0.0903628084399545
0.09694242567537391
0.10016447348127379
0.09864569137682502
0.09649531205659961
0.09781152945355395
0.10592189156630435
0.11864353707913794
0.13062113006134124
0.13576048524212478
0.131562456544223
0.12694396106898845
0.12818983480606191
0.12762488554801243
0.12385071729748633
0.11296733580356567
0.11031457783921876
0.10996997455475266
0.11429743818204417
0.1207670829301634
0.12900886343372966
0.1355809397270444
0.13814129586060608
0.1381554545469138
0.13098570014054703
0.12557908427861816
0.12593972874342393
0.12633643676255904
0.12060485292460234
0.11509422220609968
0.11437684582606307
0.11487277583625083
0.11608866585053283
0.11811093602018989
0.12001060157471151
0.123281602535206
0.1196129464437167
0.11394037943007194
0.10880863314427293
0.1045366820676152
0.10259085835949364
0.1003534479180888
0.09744254814125931
0.0946045316005303
0.09780691130746141
0.1005018415079564
0.09820573435101404
0.0974665341181597
0.09989018191009233
0.10237342459495544
0.09523425878338511
0.09236963221996979
0.0896053258892694
0.08996287500846423
0.09174013234339458
0.10212541120497744
0.11036962191767749
0.10822651478176061
0.10141990461567228
0.09334171087842717
0.08801604231679115
0.09001807227930744
0.09758659527392663
0.09839735461514838
0.09649802648063893
0.09619486423363066
0.10066125786541522
0.1062994475810086
0.11393004200895697
0.11522354923093212
0.11838487824316493
0.1206175612659429
0.12054219341588004
0.128213364342851
0.14305702406626128
0.15545966367143213
0.15612068387626968
0.15375432098745043
0.15119893294712275
0.13792471738157977
0.12362376208153412
0.11328737760465078
0.11181400784285626
0.10888796375134575
0.10432231701888695
0.09731979801963801
0.08910789627726766
0.08515133165685218
0.08323153599769069
0.08371406231077652
0.08203270629621705
0.08652111615743556
0.09215736055234984
0.0996685130647548
0.10363045453901042
0.1033274943478032
0.10233218761464334
0.10773146714359777
0.11365076691078389
0.11894180330576251
0.12281814395684369
0.12980967544403182
0.13043211664988408
0.1283797278611019
0.12707072976831124
0.13020123208921705
0.13226147525965543
0.133728047235932
0.13659892707123827
0.14371601150645008
0.15004688477636322
0.15117976150421267
0.14483659272495733
0.13777012914186748
0.12495159111662746
0.11736756213087787
0.11933832991677883
0.13087083157273516
0.13660123015158918
0.13979776577513492
0.14249668647229008
0.1364700373158837
0.12185999585189822
0.10481118775499988
0.09315757634459296
0.08915968095986014
0.09251026238913872
0.09793036902250006
0.10254824547071228
0.10646035108194209
0.10918303402777547
0.11363133342528232
0.11355907668416239
0.11045208838122308
0.10523723639302199
0.10529821132201099
0.1017309937913046
0.09433123087824455
0.08883039383325336
0.08721310607749767
0.08582373147291537
0.08982645007364971
0.09978348953117315
0.11578936072508603
0.1265308246036608
0.12964394535187249
0.13044455455409976
0.13149563276582105
0.13232384529809255
0.12851931916790474
0.12438352368812546
0.12306128435229562
0.12860527091453905
0.13244569167867365
0.1361505726761921
0.14282114605571786
0.1503688059388088
0.1534002232936639
0.15348690845158214
0.15545233870797123
0.1520972826978292
0.1503506727904917
0.14853568859643365
0.14593955161052155
0.1371055141553213
0.11937214809358974
0.10620319530102489
0.10381506496598605
0.10344501128723008
0.10571514679379722
0.11502377963965772
0.12812875741835958
0.12882789527654398
0.12786684674973275
0.12324156289465656
0.11258454500429224
0.10105944726732358
0.10001829079034608
0.10084295127526381
0.09814451012301685
0.09660369761152084
0.09405286773556655
0.09551957552741733
0.09504302725724438
0.09847805211040418
0.09751159880085844
0.09762096377309638
0.09785439211599488
0.10070571138642277
0.10398423574437252
0.10582999800860196
0.10671368669274038
0.10818244669770685
0.10511867435288527
0.10380133123375551
0.10250633242041028
0.1016308535941833
0.0956708286408584
0.09760436321128577
0.10641894223710797
0.11436870552257843
0.12001308282490498
0.1217764196494079
0.11775773468461845
0.1075913613795295
0.10198526931002133
0.10571905348289229
0.1110210233279207
0.12144685962286929
0.13240683980324047
0.139488278352148
0.1425880442174697
0.15182475915816443
0.15975510633927997
0.15911282901357351
0.15048597115342732
0.14527362004920688
0.14043986272837292
0.1464813483454807
0.15063448101075913
0.14832107346463236
0.1388552737091149
0.12384696637581098
0.11014702714241016
0.10146190588927148
0.10048365683035411
0.10252822353132723
0.10614055462027293
0.10710764366913769
0.10311245794034869
0.0996592220392972
0.09549077100216188
0.08869540085416389
0.08290634323360377
0.08444636822468088
0.08811294038327928
0.0895213273952043
0.08849526962610586
0.09075029791177419
0.09220445233123481
0.0933553135054928
0.09378940152937393
0.09339811688486806
0.0925340817608242
0.10108329640310872
0.11620513679748454
0.1340706321943853
0.14247134232418987
0.14074697435554667
0.12937366665085928
0.1214981997385085
0.11734974435904996
0.11894306068015771
0.126334679711331
0.13663285484668686
0.15065889399512797
0.16514209670658336
0.16413785604743167
0.1560471831949132
0.14393223471289654
0.15006430146479652
0.15316268963466584
0.14969349290060846
0.1339323213017733
0.12073739936396306
0.11351738402507408
0.11611174503155579
0.1200031671887941
0.12437783000811872
0.12585994415102028
0.13111716792335512
0.13431240054926946
0.126914555853695
0.11076326579541472
0.09408483894932348
0.08529833324911126
0.08454849311052473
0.08679476313384955
0.08900170797282912
0.08892380692647611
0.08957213790991596
0.09213341469135186
0.09518960524556459
0.09760701524256128
0.10342951236028161
0.10799281894989163
0.10594654880898006
0.0953852400193714
0.08890314224557731
0.09024034667294727
0.10010824199444214
0.11644058058807748
0.14245545873356205
0.16130818977935715
0.16836047126028497
0.16303995809672828
0.1515503362518475
0.1363150708184
0.12387818981015303
0.11999342685924194
0.1246037353475215
0.13803632655104658
0.14794104778036343
0.15574412523075185
0.16123270696222242
0.16428827493674233
0.16552817877079004
0.16237506056669768
0.15310280160974724
0.13944310381974023
0.1268285472331932
0.11126882754980723
0.09829693140229787
0.08875905531506792
0.08971186666278741
0.10149147434366275
0.10982723012338581
0.10327970421990944
0.09216486916311267
0.08872629747054316
0.09322268229260725
0.09940772960914364
0.10272832229686672
0.0982661055186317
0.0886557182815684
0.08497098626619705
0.081302428652983
0.07891459288115779
0.07558716184079697
0.08160050222728214
0.09129440822423926
0.10288440035707248
0.1162681865785651
0.13025008732230967
0.13751798676492222
0.14421340248907785
0.14684695975611664
0.14411404928778873
0.13976532212352563
0.14218706067870993
0.14820484221178065
0.15431938364710365
0.15630477813178742
0.15554226507761196
0.1525697856025369
0.15196095142976482
0.14576385736656158
0.13864265323297587
0.12569819340022817
0.11715447613760481
0.10867441672388906
0.10723521522166676
0.10990885183240727
0.1168965590623919
0.12132949651492504
0.12110490730566108
0.1161405106477409
0.105931092845966
0.09004991560912226
0.08213679588144651
0.0855340016346877
0.09295557344438726
0.09711070267124682
0.10469171042618029
0.11278315731663047
0.11257775361786355
0.10518065851060272
0.1036307128239991
0.1055650107858265
0.111887386232764
0.119088988006694
0.12993227102081853
0.13463215255823338
0.1359040624077449
0.13532647185636587
0.13159431627477863
0.12500054009702302
0.12006172450722503
0.11583368831369305
0.11234082161490871
0.10688662026096879
0.09910123629458883
0.09560493169645937
0.09694399178900967
0.09914614183867972
0.1031155135571557
0.11386273083746153
0.12567149675327188
0.12709067116461953
0.12273340387522333
0.11760148891253983
0.12106285320846294
0.11967685813568692
0.1236889251544827
0.12096620893774805
0.11931839573834972
0.11633472402258713
0.11518824633060983
0.11265968037845461
0.11103985254557577
0.10923145078393169
0.11445275529565584
0.12183172192504435
0.1334455562112499
0.14181387388974037
0.1427674334645555
0.1327466963528066
0.11590567054364662
0.10097429477726928
0.09596740670777086
0.09626396524960892
0.10096205662173899
0.10747302107853111
0.11536653006045461
0.1190169281474457
0.12124724256814305
0.11890639613423586
0.11621553338512886
0.11305188031449083
0.1131608395884049
0.10752388391355414
0.10336531425940161
0.0997155788643135
0.09639397878952329
0.09121076945440151
0.09289036376690621
0.10301782165458095
0.11550733564705591
0.12508451692338535
0.13141680059779917
0.13785515866817896
0.1436521876095081
0.14794387172790022
0.1445607105622899
0.13676082116565938
0.12449626105321311
0.11371051974210322
0.11097108720157522
0.1210526561624922
0.13339873759363952
0.14586046514872741
0.15771253777639602
0.16202665311613412
0.15689941756032358
0.1371680403412285
0.12019005511116973
0.10724735393061662
0.10345498877382422
0.10589639539122138
0.11604668949940734
0.12574869361904054
0.13095836817458859
0.13903712545400315
0.1561841752653933
0.16094690619607535
0.15489693471404165
0.14677070768481612
0.1399231120429584
0.12848265994455046
0.11432964077890637
0.1053088282129773
0.10048436002550269
0.10056490712765108
0.10557245960599818
0.11468610326418159
0.11888841343527706
0.11287663836306103
0.10753870888012418
0.1002459658404607
0.09052398426717283
0.07931858531872252
0.07113197484514752
0.06366674461333025
0.058280128926318835
0.06325126303235327
0.07377936751037163
0.08023823667544334
0.08770338969019413
0.10113575700544043
0.11433490303250676
0.11599531351743524
0.1084662137759467
0.10204766253273324
0.10124999398077489
0.10622676766317858
0.11424807374654244
0.12459150288770347
0.1319238057145679
0.14762971763420718
0.16109983360626434
0.16963966572289432
0.16669063859690142
0.1690185343070713
0.1584488683769717
0.14142731707884043
0.1280320599797234
0.12050694227014347
0.11686511061392175
0.12064280827108925
0.12210008204905493
0.12042130210682075
0.11508565395277418
0.11684698667940661
0.11217162449208924
0.10569081346218985
0.09899409484202706
0.09170493436712354
0.08827356964231367
0.0923864831500703
0.10044339544934228
0.11051366377416025
0.11906127882689692
0.1308470570246917
0.13156932034534896
0.1251987358862304
0.11470861156839499
0.10755090021896052
0.10489268740857423
0.10700186524752037
0.10803629972738588
0.10878941974308447
0.10561068685778156
0.10522714845803084
0.10382832569278433
0.09912104189717379
0.09144308796465545
0.08816018094144049
0.09279826415018452
0.09819290785184744
0.1025094628077242
0.11116159555191729
0.12150211382947512
0.12412987076722956
0.11681055973903055
0.11198393179325376
0.11395929633290183
0.11867705099034903
0.11865658836009428
0.11776765775950854
0.1217875116967168
0.12278435173768543
0.11465086426827867
0.10971054800388992
0.1109590816170106
0.11270629508026435
0.10478210450556373
0.09921575541698874
0.09335643261762482
0.0858645743960467
0.08118242743189347
0.0782447956510343
0.073940413108533
0.07526709449493346
0.07801636235566478
0.08056515219484961
0.07673410236463332
0.07262475235545623
0.0765456001910653
0.08693694818583025
0.09921128289066311
0.10383366963021498
0.10194984373072483
0.09949994920682483
0.0978573108248355
