5.056128044027397e-32
0.002048895810428636
0.006527346324729326
0.010380783476396647
0.01178626468975009
0.011797623361627605
0.01252861514438217
0.015771981179090733
0.02096242568541922
0.025695723903478983
0.02794812489230817
0.02832204484115353
0.028256074267298016
0.029958469653826324
0.03263782453091526
0.03477916025469588
0.03532071725356799
0.03546073234476523
0.03536642910818908
0.03422378850701333
0.031796600341515394
0.028219959881489745
0.024322035058392137
0.02031679408037615
0.017641341685102514
0.015771450627799596
0.014459817852607065
0.013103453106920576
0.01176913245039384
0.01087873597085409
0.0104063492676099
0.01014698334475258
0.009936413193767273
0.009726076388260528
0.00983930884260399
0.010051866149970943
0.010277937949154796
0.011049605261207674
0.012514820601238388
0.015295012703750008
0.018272084478382643
0.020550508463632544
0.021789382618543195
0.0220649262654552
0.023581909476467197
0.026889973308944853
0.03245426674023173
0.03708071886218445
0.039584485681802783
0.03932510233278159
0.03754665166210038
0.03446573527499685
0.031103955893910514
0.02771802280288897
0.02463077768551192
0.02212490521329088
0.0200183433001317
0.017715160289765525
0.015186585902697867
0.012823764427787609
0.011196206701929919
0.010424016019424817
0.010200020547637065
0.010033368445742822
0.009740621769941915
0.00950531277627525
0.009822178616838236
0.010757095796439494
0.012197238248400228
0.01369346444546433
0.015083012800294083
0.01668198759783147
0.018601326967176035
0.02073759327425089
0.022433541234645367
0.02444265125791195
0.026969779294547205
0.030697316843030474
0.034620490872460115
0.0381934442664586
0.04026342787311028
0.04119595508969314
0.040107898428261395
0.03625993351665373
0.03156157982635207
0.027238579461116776
0.023629446330782112
0.02015103299771335
0.017197127241317344
0.015074697137679227
0.013617687513930114
0.012367996677637692
0.011288143691828659
0.010390388455977211
0.009739849790521077
0.009470709795732953
0.00952652798032398
0.010335878824086554
0.011619667142518419
0.013477721064811408
0.015429040988919843
0.016978795234087535
0.017698321471767982
0.017224549934414256
0.01651208703239958
0.01719849451439967
0.019945190372670726
0.024157705544204496
0.02761039213136087
0.029137160282716842
0.0283487520396091
0.027424693326660206
0.027022717489697968
0.027844878046118352
0.028584553871063744
0.02849063018790885
0.027857483558117773
0.026609724986846713
0.02476531509564757
0.022638161508629254
0.020188100605494818
0.01784229840160494
0.015007341304812172
0.012204919087855225
0.010095764027376953
0.008968548970999678
0.008957602929955054
0.009380342514163526
0.009875571165724035
0.010039538213535107
0.010312061381032604
0.01084463415620367
0.011928050556578286
0.013226336111268276
0.015334363663576617
0.017753387257483207
0.020414401903143288
0.022434618512945214
0.023743884904701522
0.024952575105679282
0.025970728058045744
0.026583937676575957
0.02780471924761936
0.028333218645451935
0.02783408442170177
0.02693222768157503
0.025008759743601
0.023758594116217144
0.022052402493485966
0.020009360603825604
0.01730267972150527
0.01490517876715013
0.013796960873546631
0.013838715017982244
0.014159526647780859
0.013924601799923022
0.01309927836455257
0.011914951484312809
0.010910071754761322
0.010269257916585282
0.010212987701539304
0.010940235084304315
0.012283177217351185
0.013753214650068155
0.014801009009930909
0.015645059256772533
0.017132593499955738
0.019414483400402804
0.0218655798192516
0.024481938814633696
0.02713128703299553
0.02938314283205787
0.031404071901859544
0.032425010897793066
0.032095623290503056
0.03130776199142066
0.031725550725207025
0.03243184460999309
0.032643026833845915
0.031152528459160146
0.027702160693686837
0.02495859705297318
0.022196048081974548
0.019794541038051023
0.017248329679036625
0.015209992514597873
0.014161222161101727
0.013852322986882592
0.013802622299354247
0.013402442111768626
0.013191139365557774
0.013068993218949698
0.0133230334294464
0.013395515023014382
0.013387748289604583
0.01320565928492841
0.013528993836556077
0.014719622193116538
0.01678775442567989
0.019286084081012407
0.0220225119266287
0.024237981379474555
0.02653347040853143
0.029137603162789575
0.032281007395566746
0.035643638226092386
0.03777787791535504
0.03759336266575168
0.03629697493840135
0.03428809206596638
0.03141405262118304
0.028086818165141973
0.024301607447725658
0.02184859138992848
0.020228457118616552
0.019375565650410872
0.01816128052963317
0.016668361989792903
0.0153402405097188
0.01453418631890975
0.01435641416819696
0.014168914859380943
0.013741421060142279
0.013123335781688089
0.012854532488498065
0.013177932503503801
0.01373895822107643
0.014737499204685589
0.015598706481274939
0.016690220697872966
0.017969045194253293
0.019728762161750818
0.0218227777645351
0.02446168884270519
0.026805284441620864
0.028381508997591762
0.02923182211006628
0.029323556737605606
0.029893223020897412
0.03077164538135749
0.03163176949598476
0.030889045683819224
0.029295427014953027
0.02683531771073939
0.02466138952909946
0.022887644170209102
0.02084597768665042
0.018876386181337128
0.016929246880022588
0.015733064767867375
0.014993628265520472
0.014321148034806929
0.013815699281910907
0.013489873215594615
0.013471233976776647
0.013710504839695317
0.014126315865758346
0.014738161855273012
0.015159557234891192
0.015445268666556163
0.015657285597455505
0.016119971317746312
0.017635324832018833
0.019637502467135883
0.02194107178613044
0.02371061332168806
0.024713752448569423
0.026066296462421142
0.027566356897711378
0.029582539879908717
0.03112956196962529
0.03200122645728825
0.03237228443462203
0.03230979549649636
0.03219278603048191
0.030654440423668335
0.02830991846008392
0.025147556761524102
0.02239849649511635
0.020318410385668985
0.017917559429279892
0.01581025868467971
0.013856868675622509
0.012490564511544205
0.011423292139260462
0.011324130928754481
0.012028564695881904
0.013219941942404037
0.01447443115071374
0.015076047726025969
0.015331030595221173
0.015163560170446672
0.01575764199230271
0.01735833450573602
0.01996765344355211
0.02278616690426243
0.02512106071835984
0.02668765031118125
0.028512944272838937
0.03047623557527504
0.0315208500443738
0.03071507441222517
0.029521404629529336
0.029297787079924087
0.029920965647299128
0.03037887598115486
0.03014996912868015
0.028759876154708194
0.02600197249329255
0.022980593130500777
0.020230139495183496
0.01837991620969077
0.017008165919728792
0.016229334379538503
0.016043485574525455
0.015935440400013438
0.015876253966916155
0.015507874058537058
0.014854569269028298
0.014400811702722817
0.014013415367413408
0.014246838367558532
0.014461698525428458
0.01496748064847169
0.015443145942439942
0.01636620559329895
0.017646653612984002
0.01864322291429358
0.019735171160563843
0.02155858391927736
0.024362768445338606
0.028259495061744196
0.03095940054752541
0.03228376222159673
0.03158725597759669
0.03161697180913852
0.03128266112606636
0.031204700479673223
0.029569352853776633
0.02708314814500946
0.023921317415221778
0.021172526451982338
0.01919857833252775
0.018164287031872766
0.018174938667482807
0.0182680566019385
0.01765489232537644
0.016117169197586132
0.014770319569435085
0.014089810880549182
0.014367768296394733
0.014524276013772373
0.014521332438149763
0.014115333712700883
0.014002797010911273
0.014596454398278485
0.016031575004720435
0.01774976388325666
0.01932834700568323
0.020463065178943696
0.02237596739159275
0.02477268687897833
0.026771332081682173
0.02723095803635755
0.026463752233450127
0.025236489654256112
0.02470810801607272
0.02542652902330722
0.026706896538650948
0.026958711428840973
0.026616694008570065
0.02553819382684914
0.024358857668713683
0.022067736563699876
0.019444589613936993
0.017240923054261628
0.0165398313816033
0.0166288328348248
0.017002486413237903
0.016604458221289427
0.015675026649904354
0.01439404603563346
0.012976343355683885
0.012330211552471694
0.012386147405429005
0.013082745974385322
0.014287936010305554
0.015861502450573214
0.017863423194468632
0.019800715245377222
0.020831465521525844
0.021279399185378987
0.02206739923289442
0.023343691478967164
0.025197037377883445
0.027011439156388244
0.02873822480153057
0.029572812984189224
0.02881349017193142
0.02715876019978084
0.025299193097484532
0.023962483455507243
0.022362672502180256
0.020999534116449198
0.02010019732902718
0.019816393608779476
0.019631763918744407
0.01869682280832033
0.017354685153058665
0.015375824882119759
0.013581055906558037
0.012470214756610115
0.011905868329180233
0.012230131039002553
0.013082801582463135
0.013952523789559848
0.014839069575932779
0.015017149277927015
0.015491455448218856
0.015900955001991766
0.017400697037274333
0.019816067236749
0.02194475926154345
0.024305809583995933
0.026378686181731635
0.028906447439174855
0.030216368070011865
0.03038154323804267
0.02914472557975432
0.02805877560383672
0.02718251544034944
0.02728545950500218
0.02721163862813829
0.026075387507698524
0.024049282144072776
0.02154648292321384
0.01980214179771316
0.018605243513645068
0.018440506903875702
0.018378353033066046
0.018140840733176095
0.017091031599880468
0.0157057039082403
0.014360781652284245
0.01345731847880998
0.013589191179815009
0.014924780864922355
0.01692430497696031
0.018803658871467975
0.019492278857284575
0.018597701650408194
0.017648218999209337
0.017898819841634894
0.02000035066896029
0.02211136373899583
0.023445381260382838
0.023681346508557084
0.023427740734603273
0.02215979756142402
0.020593623157184972
0.019509547103647117
0.020157060321392587
0.021980495199125216
0.02332296324577581
0.023440379466334097
0.022985452788728638
0.022402671219245336
0.021958039186080937
0.021352275873877672
0.020204945097062256
0.01850481687903134
0.01714426538204769
0.016174617856073215
0.01574361119014018
0.015470329261294104
0.014904584470684826
0.01405476789941634
0.013640741297892053
0.01387680558935563
0.014827459583470039
0.01546519384243543
0.016776808977069006
0.018162601966527872
0.019874905430636813
0.021172844664603938
0.022014989526664884
0.023186419417345356
0.023485388137601537
0.023414925005121892
0.022834544455490276
0.02267026968039852
0.023834501747708074
0.024832388106277376
0.025366010212027022
0.025315421697235132
0.024667055806896588
0.023536018983173077
0.02226419666083806
0.021165821654724203
0.02015427642529197
0.018791351603783826
0.016923513212141507
0.015389368354349299
0.014887889837983441
0.01546498490208208
0.01610892999527174
0.016023106885778175
0.015307203017910798
0.01425255569263454
0.013886241602312124
0.014041906049115782
0.01461372901476098
0.015249013932125062
0.01535650053448522
0.015401192320392146
0.015839742423011532
0.017372876862777088
0.018895768156643684
0.020026711035039186
0.01989527392814646
0.019088381016303786
0.019262236972832754
0.01969114702716518
0.020430525343080704
0.021055159232526727
0.022021986205325444
0.023375352019596354
0.024213683720009368
0.02405595577833995
0.02291162218670347
0.021370223315803964
0.0200121512372235
0.01862120270644504
0.017058563096443373
0.015434609193486926
0.014676775671501134
0.015052274195647917
0.01627562735038139
0.017180495485216062
0.017334408512366384
0.016820969160920615
0.01606082738267767
0.015163622199027275
0.014583794611007549
0.014970546836163702
0.016092552311867712
0.01769414974436133
0.01886536183185909
0.019717652324207836
0.020738545064611313
0.02148891467537193
0.022117236576872836
0.022539739895568275
0.02239116826862322
0.021645210454088334
0.02107920647135048
0.021186188485776882
0.02175632585593109
0.022003901758329066
0.021770289694522355
0.020543691053503798
0.01879812214239562
0.01681888259473028
0.015537601561537166
0.015214238080049451
0.01594726397309983
0.01720823876913055
0.018509666982540116
0.019309563893502926
0.018736622473888066
0.016836925345152503
0.014549626854534606
0.01355500900054704
0.014295577935530563
0.016312452836665044
0.0180580137154436
0.01900089376638606
0.018784130256695866
0.018400588126971297
0.018217509300440766
0.01872082563325896
0.020076217941865825
0.02226089321677825
0.024352150715136765
0.026036449232270668
0.026667367322742764
0.026357363783006786
0.025971696490794408
0.02558046657201394
0.02578558933713327
0.02494933931005752
0.023350979964707027
0.02059830514902024
0.01811792608982339
0.016025391380160958
0.014886402067972326
0.014064835580431487
0.013700166493775283
0.0141198996943635
0.015136481913789922
0.016932796537678627
0.018551406753076583
0.019592007992083122
0.019271218527637243
0.017850381610309767
0.016385245548977228
0.015920928727961428
0.016689674419459125
0.01795742180752858
0.019392645706166993
0.020129348863938322
0.02063911043447164
0.02076792463814545
0.020626712149861087
0.020178354795372767
0.01953627014580428
0.019047350725884427
0.01958588693787037
0.020988221917088053
0.023102064010790166
0.025167509159181672
0.026713903921748428
0.02668506531523388
0.024704138616637603
0.02181989870208766
0.019341441596592727
0.017982691004605325
0.017447947976827586
0.017535262744310595
0.017478104935100644
0.017574177969591435
0.017754635342459933
0.01816164863037271
0.01833704326376521
0.01787001326994205
0.017194101585469298
0.016427430196525292
0.016268416016749
0.016737352092439275
0.018299783311609173
0.019832417520003934
0.02053535606106505
0.02000481675227784
0.019389449828870215
0.019951041581038068
0.021062758010151453
0.02255370861247637
0.02372301086989402
0.02421936427919812
0.02402309353650738
0.023342097037302098
0.02275509008389273
0.02239128681928678
0.021882710421901087
0.02082814371417976
0.019826011019599802
0.0188985410565908
0.019262781240314508
0.020468610403174537
0.021607462708668954
0.021862617019409294
0.021092084900905025
0.020061180231603366
0.019203911214350115
0.019060266873108488
0.019054248343954795
0.01947264213973492
0.02012829675960727
0.021151197303119953
0.02129275491274846
0.0206047029512885
0.019542433346776928
0.018948167458451008
0.019956137134489176
0.02207036532766943
0.02435783933582337
0.025683213933786583
0.025719682464441347
0.025681119559089808
0.024895371437880134
0.024456354261118373
0.02412601031753226
0.023983843707970545
0.02392655666014876
0.023176513667380917
0.02238155499522352
0.021294042594899434
0.020359340417034157
0.019026186048811615
0.017214261560943453
0.016021559652476473
0.015422504331726416
0.01593093726992011
0.016246706079411807
0.016439027980110786
0.016049840871221837
0.015859597106838062
0.01587464836185288
0.016283153045349892
0.016413048675914588
0.016513391892466495
0.016241647925821175
0.016129767402897812
0.016048238900549405
0.01596848771073185
0.015850998426738202
0.01612860226924541
0.01707176265215006
0.018395494710506114
0.01952343373458987
0.02006004171281978
0.01986814986742039
0.019953287001724784
0.02027786126595576
0.022010730414963913
0.024736646031082717
0.027543194728755414
0.028581690611413527
0.027506495461947247
0.024961194367599745
0.02226754463440374
0.01970189263309454
0.01771247483679062
0.016527220316729103
0.0166771697229399
0.017520285811909113
0.018279440393501878
0.018577300645716187
0.018494645532549207
0.018260209606846163
0.01803622005776623
0.017653824688795318
0.017431760882045063
0.0171647425348593
0.017224652387629966
0.01735910049872272
0.0176221863537423
0.017426191465452903
0.017284947438003982
0.01668306013273466
0.016522807290958938
0.01771390719332963
0.02056851290445085
0.023813383544985692
0.025973525500528567
0.02633384378508921
0.024572826817375673
0.02220443322586985
0.019791619008961182
0.018732905764926148
0.01873233711283031
0.018866564706009847
0.01835083085807783
0.01734835638910455
0.01673092885425774
0.016150455210816844
0.015382108402662976
0.014597854400865617
0.01448622955119807
0.015326930838694847
0.01644964753543754
0.017397501618356313
0.017368162316674096
0.016581717840221773
0.015624486621180681
0.015284879914107256
0.015543946443995427
0.016609354826847545
0.017484238503704442
0.018134185489715807
0.017647161278225756
0.01719618815466857
0.017340792514959354
0.01819996516632146
0.01962833938206393
0.020618715602324065
0.021071986443008263
0.021225463383484015
0.021388122364687644
0.02177695850890431
0.021858017015925473
0.021539123599724607
0.019629855947417472
0.017922357528406135
0.016928597314712683
0.01719117455212635
0.017365036154070226
0.01693329739201651
0.01601551231310094
0.014934935626294985
0.014021531511913623
0.013725413954623397
0.013993333493905245
0.015109863078748596
0.016213219022367227
0.017162868399131986
0.01761301722757748
0.017986521756596898
0.0181401144950864
0.018264062476722704
0.018589971911136354
0.019142842216518647
0.020162407159678385
0.021193953754802597
0.02195196223879156
0.02291015434107246
0.023705772247315914
0.023490256852365995
0.02277677863353823
0.02202173455446189
0.02149286207906793
0.021013818941022708
0.020384602930423337
0.01923847032749798
0.017924582357060806
0.016805346748478042
0.015825604863490883
0.015326367091108765
0.01493967604601577
0.014986525750393134
0.01500236286230951
0.015600336806925214
0.01660961955555307
0.017483306598965034
0.017890383170880077
0.01769270058357437
0.017659391359651007
0.018115407714356893
0.01863104484580019
0.019031518661010504
0.018854214441071715
0.018642655135263825
0.018496749017644632
0.01860318094099914
0.018409667951380916
0.018393954230273603
0.01850694710251398
0.019302322794068856
0.02014569853065224
0.0214260084806213
0.022592796582053085
0.02342905018198803
0.022673602079777387
0.020545121850885376
0.017680830938965046
0.015267441864110285
0.0144616129302008
0.014787272650383274
0.016099898658075894
0.017051803299101293
0.01708336585392096
0.01617087388829862
0.014834324771691809
0.013806027902471985
0.013653678167291818
0.014395582274736744
0.01573780743203107
0.016738970341138207
0.01756305206105153
0.01809425579000695
0.0187328206206393
0.018572561744475673
0.017382409151099305
0.015722459634179287
0.015076378520120892
0.0163457401116913
0.019049265946025018
0.02144817607542419
0.02246978808221689
0.022009659203070558
0.020939651472957184
0.020419021720513273
0.020715684057022284
0.02115581330530259
0.02095586044121998
0.01997174396708431
0.018656705760920177
0.018154457956079884
0.018489667046342265
0.018864287057073003
0.019050745370807875
0.01825575754968508
0.01753351011264761
0.016694378331475173
0.016364120737138332
0.01639135086851698
0.016370682615327
0.0160833395573269
0.015540092822120426
0.015167473665614155
0.014933912119503038
0.015053295827246627
0.015531574168583102
0.016704989466095766
0.018947524192609484
0.021362637693551526
0.023259102365541066
0.023535215378913166
0.022757596140527782
0.02131302548686026
0.020439480335232605
0.02060268489568689
0.021571534288937346
0.02236982974833394
0.022633393862143282
0.022945824555705478
0.02294420602964206
0.022593103026437265
0.020594003057167295
0.01804718238141626
0.015079885990553068
0.013678610342836116
0.013980425588271849
0.015918492404534454
0.018169062994783443
0.01941350252078717
0.018915345426530474
0.017099643710317306
0.015528027289235396
0.015269142576589411
0.016477081778179945
0.018816406341463893
0.02081306820295027
0.021927449769433883
0.02188546999959448
0.021398867356667864
0.02086368525602274
0.02060071187061509
0.020613277231042688
0.02128153039348192
0.022036171943988835
0.022799492051306672
0.022909854123457495
0.022837270002329497
0.022536126855780072
0.021398929416130932
0.01957041675664781
0.017557379966900287
0.01700290089125725
0.01774000637255065
0.019264310580048998
0.020816131786699027
0.02143275423089457
0.02110936124642634
0.01957590740678286
0.017410183497803402
0.016208206968744816
0.016459048772474262
0.017649418955326773
0.018193351472347234
0.017422489941998003
0.016116303407523975
0.015010229003006026
0.015133669625046694
0.01578747727662877
0.017289126815051487
0.019069637380043903
0.020573412024267847
0.022189462238623194
0.02358701768336541
0.024809975558382474
0.026098997124418245
0.02762466467453535
0.028875365900766205
0.02865090408920532
0.0273745154438569
0.025558975696191786
0.023962875540512407
0.022896823045437917
0.02193226392548042
0.021601410327720127
0.02136917685351199
0.020559656759479124
0.01916184373987037
0.01797307885451488
0.017368853111469403
0.017435862256944275
0.017740493123516176
0.01769494302188187
0.0174319618310772
0.017246069937797797
0.017748852093802107
0.018189415391332106
0.018407350563798063
0.018544712321625006
0.01896128978938475
0.019696838241269735
0.02083082290029982
0.021646768964833887
0.02204042844371244
0.022063184304156783
0.022138927387074545
0.02260421541752504
0.022886133975433716
0.02330672768515324
0.02397247168628249
0.025076309317406915
0.026386126862389753
0.02768889169066605
0.02818372565953139
0.02770930326585825
0.02636863672550996
0.024218590432509717
0.02180428543653969
0.019895210182755193
0.01938165580314721
0.01963890913011021
0.019999523083650394
0.019864503577423073
0.019279897933479367
0.018310122784802162
0.01753392680101119
0.01744596232344393
0.017761759076850497
0.018675974134122624
0.019396331670089566
0.020197693638385975
0.020351413769579264
0.020391323949646194
0.02031047374459875
0.020805132350183452
0.021303854758220275
0.021748582207645546
0.021427995821363306
0.020705163200571385
0.02008684876473221
0.020163726004241593
0.0205870673226785
0.021581201950588803
0.02268581362235271
0.023573964325602548
0.024212328126534843
0.024083207845771754
0.022847715811358804
0.021193078824701114
0.01959055180914831
0.019217588971782055
0.019588007836432813
0.020576521043495163
0.021374363993830078
0.021151152580391814
0.019922972839681006
0.018435699338905667
0.017383257669244458
0.017433728251679596
0.018397989551706854
0.019241633927448386
0.019541898964742174
0.01915584726028007
0.019815881438180874
0.02127997124040178
0.022634738133298943
0.023163804878774893
0.022171562743979835
0.020842043167775964
0.02019914605756927
0.021271035042740284
0.02377195766421601
0.025288107425799886
0.026114015679772316
0.02554098961604534
0.02464969920066384
0.023254674567126876
0.022487814607148257
0.022134563499054336
0.02173141451781954
0.021601581798416297
0.022143828681042154
0.02275282738148307
0.023325251470281888
0.02333386901107653
0.02324020584775428
0.022278726278634083
0.02068006188160773
0.018983824078895505
0.017652043748981636
0.017466583414049826
0.018415172421688414
0.01974108303709669
0.020201413388165602
0.019713062779895173
0.018894906002029543
0.018880089778948894
0.019912248738149393
0.021846857152346275
0.023520826371612867
0.02444700011171526
0.024385872008117884
0.023748807523775665
0.02291685512248969
0.02219270296665373
0.02240041879637653
0.023121830963756335
0.02401807654912183
0.024221580582598056
0.02423293142623348
0.023400812216872086
0.02276363483090381
0.022440119975506528
0.022664116165910013
0.0228228555057654
0.022780861210263976
0.02260811942052241
0.022334807259585747
0.02219636460129547
0.021352185369881933
0.020578155965913232
0.01975987987287258
0.019277887514573416
0.019480589945962263
0.02035189337445405
0.02195686888640668
0.022965431893857455
0.023364310470093304
0.022911240831077897
0.021921433581670435
0.021074863224680475
0.020359600157180264
0.020192403601037266
0.020831471444883048
0.022079488068090312
0.023294364292403797
0.02390860057322708
0.024168282115829342
0.023693551167036506
0.023415067195466977
0.023590504771709823
0.023960875432879197
0.023889879868630726
0.02362257753940574
0.022793438680060615
0.02147189337091159
0.020416658662085422
0.019687546858676363
0.019476628235119326
0.019794683603977063
0.02004128411967463
0.01956568484804339
0.0182136061832518
0.01625170848367563
0.01475508699764373
0.013868191838442706
0.01400669257494171
0.014709060390192737
0.015455626045432538
0.015717426741907466
0.015667983782140238
0.016009992172073512
0.017022956966819814
0.018755124993353425
0.020671534767443045
0.02228554970747914
0.0233407856521976
0.024163548101970255
0.024250501222500134
0.02256953626094208
0.019824522334891865
0.017422992745515304
0.017651802545460563
0.01928342950778163
0.0213600938490449
0.021827219927095173
0.021222782019253494
0.019599481804991135
0.017989531493254687
0.017448550889719694
0.017854984937028764
0.018608135268300553
0.01880259533594309
0.01814026878957385
0.01749087724707157
0.017352339369115708
0.017911148170729856
0.018835205097421526
0.01958995143304519
0.0201756903987971
0.020543288154719896
0.02099180712400675
0.021236432073448577
0.020728828611315225
0.020043514186013012
0.01911638729717266
0.018951212405927977
0.019850740382875914
0.021768473493771118
0.023763141362581078
0.024693252388436247
0.02436748978706442
0.02311820251835353
0.022335667155297844
0.022158274384333144
0.022234233093704057
0.021763510614089362
0.020949903556393958
0.02026742481559691
0.0204560592028084
0.021805867728295104
0.023629495575129732
0.024731010150447135
0.02416911508881793
0.022281910672547874
0.019844780037704783
0.018356569910273384
0.017877893606051645
0.018585667649273396
0.0199538828592276
0.02092522705057504
0.02112563539125712
0.02069281587260073
0.02050749844193936
0.020865330029991285
0.021414558662747548
0.021695293747275204
0.021666429086000277
0.021317260921841136
0.020946737057094413
0.020658044278441878
0.020590711204968817
0.02130719160145849
0.022683656472223684
0.023860098340504995
0.024675804719199293
0.024468698405862566
0.023597095517771356
0.02184156850357264
0.019933910053577485
0.01841841390678364
0.0179775841298379
0.01902910648063572
0.020723376512059823
0.0218028082587536
0.022169902552164004
0.021247760260464293
0.019937731579960205
0.019066030892792518
0.019945220996845474
0.021971104548236555
0.023793183433693077
0.023909424248957083
0.02315277517745267
0.022378613709567615
0.022583865826337566
0.022813269615990863
0.022386696361604255
0.02152605609214118
0.020420178644910577
0.019931740275563197
0.020057584002386112
0.02069245476290303
0.02139629125978871
0.021788119050261776
0.022163123477156103
0.022097712190389078
0.021706554427890958
0.021722500068782086
0.023019669178964572
0.02505691157190904
0.026415397306724996
0.02634067720698318
0.025164897908756985
0.02337757498192318
0.021861072015672257
0.02082385872305481
0.020532972546931972
0.020391338446100967
0.020441289098234516
0.02046220799784386
0.020701805812441913
0.020778510220584138
0.020450804490024253
0.01937974470108601
0.01848396950365177
0.018126250133089376
0.018578496084209202
0.019662987918658018
0.02139574925289755
0.022805839555369675
0.023619134680912642
0.022996477953229986
0.022681236129639366
0.022424485848250814
0.02260115616259292
0.022355661983850174
0.02167748803026137
0.021040646379170098
0.020837028095973716
0.020746335551855493
0.019984182546798575
0.018707109108371953
0.017380974544469057
0.016610097060475663
0.017194789659001466
0.018368537429180723
0.019625788334644925
0.019550702471692626
0.019145953515858887
0.01835503113832152
0.01759452515567687
0.0171650931683623
0.017140175685076812
0.017278351384060888
0.017183301007740622
0.017687937959507245
0.018827783731759272
0.020681285690877613
0.02174738693233491
0.022008596691859835
0.0219743285792577
0.02154987715883314
0.020847475882402548
0.019988951231918954
0.018864363346722902
0.018013689818473313
0.0182629278525439
0.020102307969697187
0.022595480491951144
0.024123978593163693
0.023623887015797155
0.021131050702260592
0.017817347608975048
0.015721654269855567
0.015718090249255537
0.016990473690845893
0.01863883233170762
0.019691711058071732
0.020256760291649065
0.01988128512320427
0.0183722918338994
0.016996701813409353
0.0162617250886365
0.016942893114039397
0.017971161082426867
0.01895976013364341
0.01939878786659788
0.019411300264636944
0.018942236673803726
0.01819786844821488
0.017672149136878857
0.017352846022061306
0.017761176432622906
0.01931669770510698
0.02155029329786496
0.023584110172939217
0.024732162989652855
0.02456473586767843
0.022665109127019065
0.0203989239697817
0.019148338460597974
0.019662970137924195
0.020846803238809098
0.021348450891363745
0.020716780961752248
0.01934518906571607
0.017769408647766625
0.01675291374574887
0.016245259758654516
0.01651641826936462
0.017234557969944733
0.01833942033932271
0.01911669955963169
0.019196310655789476
0.019043610019171077
0.01882659511935587
0.018783011821788455
0.019247713875886408
0.019790784463362045
0.020634592163401227
0.02108680374238507
0.020723297365576154
0.019639313270653342
0.018783517787259146
0.019522571138585836
0.021831060211050028
0.024260231633792356
0.0253314488079033
0.02450483656559427
0.023045066819815455
0.021961091210817716
0.021345362255654417
0.020606011790961314
0.019338332793643692
0.018105851588341562
0.01756541328904198
0.017829259892413272
0.01792048512330199
0.018199454908368606
0.01880267025183451
0.019178565135087665
0.01937895439962201
0.019208714304503938
0.01878597012529476
0.017809293294925702
0.016182632026340852
0.014913326562973811
0.014975586546918359
0.01684781632383411
0.01890888384880998
0.02037833492982015
0.02026399464018125
0.019528627876035674
0.018400126722163443
0.017926244133586646
0.018120094606466543
0.018971625456528474
0.020267786335222696
0.021151186437987475
0.022211442617134362
0.023242516779374812
0.023275283147419935
0.022111720025233407
0.01968484747217897
0.017871265687327595
0.01702499306944025
0.017603857220654297
0.019044388183564704
0.020153774498772144
0.020272070838109495
0.019708513814464777
0.018915685524679014
0.01818608920904686
0.017764655431118728
0.017373949480445926
0.016946454729845895
0.01702139221686229
0.01770143317878236
0.018807619611846547
0.019971722576027952
0.020085231026433614
0.0193128820531778
0.018236250641222508
0.01825704165206549
0.019673672634478605
0.02131968655852631
0.02242884585245224
0.022145651258837856
0.020761800099863285
0.019281472166349387
0.018501063778595374
0.019131694492860892
0.02088450296598608
0.02320911138721463
0.025070887114338004
0.025875491605774317
0.0257673200173239
0.024945487124506616
0.023206400576692977
0.02045155702418551
0.017293338306223913
0.014551850128959966
0.013764056961496162
0.014076822201615297
0.015207175274467157
0.016089431461619116
0.016422159341222136
0.016380101366412703
0.015721359182116937
0.015117659969183793
0.014956324088718134
0.015484748459298222
0.016329195847773554
0.01736130819627245
0.01839943961660734
0.01991864149968323
0.0205875276665496
0.020097069597358415
0.01805394749710886
0.01652828910557541
0.016695267713497962
0.01900796681677142
0.022099534627455845
0.024058632008531772
0.024659794193624112
0.02409067548944047
0.02267107920205594
0.020703411299048863
0.01858290870948716
0.017101112303623132
0.01709987836624957
0.018479865893387425
0.019609155811188612
0.01992323030348275
0.018838250543377448
0.017660318829024357
0.01707285004310701
0.017238772979381006
0.017708941704535443
0.017857553653106976
0.017628450548446993
0.017311024385334703
0.01710116087507334
0.01735656328168798
0.017585909866359266
0.017940624587497307
0.018461095188050024
0.01883168756281438
0.019504530895023443
0.02002097321984172
0.020616115523771957
0.02066274109955204
0.02074176780178386
0.020463072583313584
0.01967533752308374
0.018730639153250354
0.01781464637746877
0.018024662462143137
0.018991297816272863
0.019921560408928455
0.019889558803404463
0.019501120219134315
0.019263364500942987
0.019702676620702065
0.019458439568970178
0.01822786385417762
0.017148033170678575
0.017212577045244752
0.018311823457803942
0.019293006019682032
0.019113670091996503
0.017905988973989893
0.01645332131462127
0.015017872998442212
0.014031060654988093
0.013546047394102482
0.014526147216544459
0.01673427973127639
0.019163561254823044
0.021295538263367258
0.02235120385356697
0.02230275954311629
0.021932396504031778
0.02215477222345672
0.02310461758271326
0.023684428079149656
0.023403141597052764
0.021968790699722004
0.020495385202144237
0.019285316802572127
0.018738345695562854
0.018249338637274237
0.017381714286321407
0.016671424721518963
0.01682383280999051
0.01755648888400424
0.01864949147423489
0.01939218520765183
0.019330939151665772
0.018598809184765346
0.017277756560685555
0.016490777490183704
0.01598143944590447
0.016168897912632724
0.016847920514478483
0.01763209886165652
0.018123504140901983
0.018413642410835783
0.018901155441098848
0.019836244333629266
0.021007676513369416
0.0211976474230144
0.02112357971714095
0.021582447846164914
0.022928288694191373
0.024790114137920944
0.02649453561607989
0.026981904572860337
0.0261280756247348
0.024506088173231466
0.022602617869516402
0.021071136336842405
0.01970582947224697
0.018503768931835977
0.017752375879156825
0.017748338500991293
0.018193041446280638
0.019260540303020324
0.01975693092526797
0.02001521236768448
0.019794998388320155
0.01965717030886366
0.020101727784023096
0.020670151245099595
0.02119773668831685
0.021633941490125385
0.022215102492082247
0.022601892899608195
0.022406103684804043
0.021707114688922283
0.020909392939589103
0.02050415311833806
0.020487240331566757
0.021122467302582316
0.021357147124169824
0.02181611235439286
0.022459305038092785
0.023748797171991493
0.024396647807925394
0.02469880500095909
0.024450765064888486
0.024880307105097525
0.024725781248247848
0.02452424752478432
0.02343315936239039
0.021951723462634964
0.02059674849106823
0.01935043559390803
0.01877059702662734
0.01845558818983173
0.018119160001043733
0.017855296639689204
0.017478786513852557
0.01733971252532992
0.017407907802446144
0.018089302421670644
0.019210051760872277
0.020833871106165504
0.02183751312097687
0.021847367141010585
0.02173395280521591
0.021686524473119435
0.021804850987325607
0.021344040735341907
0.020718560552493537
0.02030436909343017
0.020468194206219086
0.021818607066016748
0.02375847213849804
0.025273358265214586
0.02518037902457747
0.023987542560361855
0.02289766216105107
0.022149371176331853
0.022204573739970725
0.023289290794135296
0.02483658024132014
0.02589462163009175
0.025662949188801482
0.02345147119026933
0.02048760370891237
0.01826517825851122
0.017690096171789356
0.01841175477181156
0.020078885297768172
0.021838402946547986
0.022942273258248918
0.022929774651540724
0.022188907948100786
0.0212438656729693
0.02071529775422893
0.02047803457864205
0.0201223796006643
0.020107345612858554
0.02013014062694992
0.020002915713003666
0.02010480251377108
0.02068528200446935
0.02245741153317291
0.02464870645015613
0.02605453824747574
0.025565115080869626
0.024196449657066594
0.02231445797357136
0.02111700740548842
0.02059128781750248
0.020998448809686005
0.02188413673542904
0.022743733328405624
0.0229293666906491
0.022100168105928214
0.02043151522620698
0.01864024881197343
0.01780826388816459
0.018714566773556245
0.020613402769638613
0.02229305373322969
0.022416793574758186
0.020659718538926144
0.018331319983590076
0.016518347805880153
0.01611355249128711
0.016810163480379975
0.018065925504052616
0.019199719499904937
0.01993054405824735
0.02077452638905208
0.021345199485544097
0.022539630928286255
0.02313323948518875
0.02294274271513845
0.022746598890715862
0.022993432034984825
0.023628461411472197
0.023749866682164576
0.023316581397568436
0.022589681564956766
0.021824965669963278
0.021066492138054116
0.020866346738339807
0.020871160328915898
0.020980066322759165
0.021138126587987603
0.021023339573608926
0.020939954514750295
0.02086564042153222
0.021108550258173882
0.02185596309655245
0.022497257839318788
0.022926319226988144
0.022690631743102534
0.021713977023794708
0.020320542707648763
0.018914950610325353
0.01826518369346845
0.01793047683772325
0.017653439355955612
0.017787509297133332
0.01848943914036717
0.019269120591854774
0.02017417641401666
0.020778025444935396
0.021276067767886642
0.02128313449320764
0.02144103249396073
0.021220602009257773
0.02074778282070363
0.019898366391294223
0.019452885348282337
0.01903458662725443
0.018856764645035846
0.018583962956267044
0.01859808963900228
0.01922521393064096
0.01994691613969806
0.020793664385027666
0.021508095851784714
0.02160094983171412
0.02101648817462183
0.020052696139637803
0.019258624822729598
0.0189771750822961
0.019750174142920834
0.02089102689262774
0.022067134024523215
0.022689433347237234
0.022465750810614502
0.021935458155510484
0.02087614459616069
0.020251452048589257
0.02022697471907361
0.020874657399700715
0.022189926273216285
0.02328756225157692
0.024165692357112533
0.02442110170672642
0.024518124273016206
0.024101248786773027
0.02274207436531021
0.02073669554727586
0.018897485618666096
0.018404245514724943
0.018701412079644847
0.019725386657766318
0.020632024568246546
0.021289719930795818
0.021932327412627694
0.022409618264488538
0.02265693394736096
0.022445972500971904
0.02128330322759945
0.01998693344818777
0.019720225106218663
0.020540589325610183
0.021586536507915897
0.02169414190368372
0.021192831942242075
0.02064010340204023
0.020544267108427244
0.020784093096583245
0.021552050624470957
0.022339001334609095
0.022797437481968233
0.022444865760043682
0.022019085685499058
0.021922496787755253
0.021975057332875424
0.0219747865389086
0.021706979004115546
0.02157322662636021
0.021756308966984765
0.022398307523930346
0.022600220797087282
0.02200545630096283
0.020796842177013258
0.019584057330918843
0.01919600032007776
0.019313119036190384
0.019996011313672526
0.020747519262012456
0.021046822875406237
0.020971704174101748
0.020441745137880444
0.02022439645959105
0.02042810819350591
0.020860229249756782
0.02092968513142398
0.020300555274870943
0.019744153621265494
0.019766612373046374
0.02055110817239557
0.02179325988694849
0.023021835908819437
0.023477216859118265
0.022677001738342455
0.021161509399319926
0.019444393751123352
0.017823060771340497
0.017137140535436288
0.017044940139905162
0.017810533215160896
0.018684922227059152
0.019134309557115817
0.019162048806306373
0.01831644465490577
0.017421001687147327
0.016606426213467612
0.016608122387525955
0.01713088001727888
0.017466341936615982
0.01816521628590195
0.018812890215222356
0.01990613944664214
0.020793415093518668
0.021233232755080964
0.020717681309188624
0.019425876977237213
0.018075599256933614
0.017416674714372197
0.018260999951053347
0.019496266238900432
0.01993175611007082
0.019632279436446864
0.019129332523046574
0.018726158403058385
0.017816132013977273
0.01723004205079302
0.016985509110286796
0.017724725443940183
0.018632433684418276
0.019224416565814733
0.019119411535703908
0.018512123310845348
0.017643878487711484
0.01679300391476498
0.0158151480020627
0.0156509583057113
0.016056902310165096
0.01647952099629967
0.016606835018611273
0.016442901210134652
0.016641042414682373
0.01765667701742891
0.018934047646809896
0.020340489155455988
0.020877542189714212
0.02108007733889532
0.020077485644469907
0.018892383435720916
0.017753581244285388
0.01784985700669327
0.018814737341729153
0.020196719782687465
0.021774180493985735
0.023202208406463955
0.02452522921084378
0.024652293108801276
0.023720917792878705
0.021944194772693153
0.02001254312676107
0.018444537616962766
0.017320471647408884
0.016804662032457937
0.016725184992113173
0.017357575295906702
0.01815187897692869
0.01894991369341708
0.019240340735372136
0.018606965478414315
0.018140081456898247
0.01870715610211338
0.02052250566031159
0.022643708681482206
0.02416716280127804
0.023872764796011046
0.022778941175529543
0.021719286535799673
0.021211127680436002
0.020496209098535036
0.01967180436470378
0.01871211450682278
0.018184854298099205
0.01827683812617163
0.01851560016438304
0.01930239199029328
0.0201406134354187
0.021433320409547037
0.02279969572340746
0.02351600971711706
0.023969537195255405
0.02360190450633294
0.022983175396879562
0.021992922011774114
0.02101450924073026
0.020171021435140643
0.0192902188272612
0.018513906246881796
0.01745773765864735
0.01707615571423527
0.017430868233940727
0.018465055192866453
0.01912596045900324
0.01927101963778389
0.0192291017267679
0.01939682957020132
0.019799820857799473
0.02066961402495768
0.02166413390407919
0.02182191321195516
0.020653665379971462
0.018837425750616105
0.017395966476592715
0.017729353097461195
0.019166054466888027
0.02073715517630398
0.021083247345584775
0.020326065002406357
0.01907396536758542
0.01840963439725506
0.01850643724312281
0.01892870594115382
0.018884329834376972
0.018175061390311057
0.017392954441585017
0.01735779168930281
0.01807430041163141
0.019336721577201434
0.02076964258304955
0.021775002872231282
0.022630508987776105
0.022985026564345774
0.02307106530092139
0.02304847692013246
0.022938610548981744
0.02271297225313403
0.02230896966331524
0.021561634505388724
0.02134653684486197
0.021003213584460632
0.02017668397288969
0.018728762762566013
0.01696080183931934
0.01609281959323
0.01676374798992513
0.018692689815116504
0.02090706357151383
0.02226965348055931
0.022765861725662372
0.023064412368878445
0.0236717367817194
0.02484776489849514
0.025070317619097757
0.023473316740455767
0.02084380025053248
0.018039570435105564
0.01604202099353207
0.01540187012303093
0.015731155169722948
0.016680500160845775
0.017836545901716676
0.01923380880987376
0.02023816571716024
0.020854738774898848
0.020595897526230433
0.01984859215253891
0.01881658505124768
0.018067751048827595
0.018203087003941174
0.018938379887951513
0.020294268006059317
0.02127451246923969
0.021374472075159905
0.02055275993173789
0.020156203958841934
0.02000542397834751
0.020642355237439257
0.02125605754679767
0.021283678525299308
0.02029434867841278
0.018953295525832085
0.01807420504279751
0.01877611928470452
0.020170756543133276
0.021032414832209433
0.020731836178500395
0.019700861851389518
0.018358596185915847
0.017631599723009678
0.01763669428368214
0.017764150958002642
0.017760033906203256
0.017675830939805407
0.018053688790678635
0.018372172580599005
0.018394733191118822
0.018308579627144838
0.018248914687762397
0.018810166023788277
0.019326194856914725
0.0198185042227755
0.01960671493520773
0.01826358701868724
0.01664835490736162
0.015982053010004535
0.016795129893273454
0.018704290377791522
0.021080094455133085
0.022936256758957635
0.024233377366826438
0.024646042290000815
0.024410982362651053
0.023941006486356144
0.022827116510855852
0.02179505325842165
0.021224634562343785
0.020989980398982946
0.020622539821400474
0.019692667607017596
0.019025876582331798
0.018585871768870735
0.017841282155839955
0.017049295992383293
0.016017801988322575
0.015277593362118033
0.015148628132336433
0.015657104335709743
0.016811098003804793
0.01835411556377332
0.01902269313723733
0.01881138057628672
0.0180437691831043
0.018021410535869142
0.01880221444183158
0.019506335231300125
0.020117289976145408
0.020381519920550813
0.020337187099667982
0.019907146699154842
0.019201181001579786
0.01835750693224191
0.017979456983592212
0.017914947015582945
0.017403879162539798
0.017305444429598592
0.01717238930938901
0.017730496016285357
0.018278830095005433
0.018798494693044596
0.01918945582328238
0.01957580267057244
0.01957838376721982
0.01922162373288735
0.018712642596777528
0.018315916342538718
0.018673521110101815
0.01897827795146544
0.018905503708401727
0.01867576304772909
0.01845353681660611
0.01893321343300242
0.019029819337236225
0.01897473093671529
0.01891597935591945
0.018995791011431333
0.019674353123660497
0.020276167343204917
0.020743084804581022
0.02074618432526339
0.019731186966644523
0.018424892284618955
0.017905965552708326
0.018465526798130294
0.019451125670207892
0.020259542344805464
0.02045881831576154
0.020085188612589885
0.0192859425186069
0.018534142220867165
0.01801311384099171
0.018063392278829995
0.018555742541511815
0.019514616715185538
0.019516691814796937
0.01859919393673409
0.01720356643875455
0.016421641960089873
0.01648488647586772
0.017280540912029928
0.018627412019747415
0.020199315080607225
0.021188655924993634
0.021571505961877572
0.02081517823121461
0.019533267554855745
0.017675065004096602
0.01616406357301078
0.015854499780901594
0.017445416181965927
0.019176806150635634
0.02072674151977081
0.021502332855961998
0.02168976699511111
0.020992638867850705
0.02020910252638803
0.019330937553237837
0.01838155680144399
0.017902881563220483
0.017921765953522593
0.01845728019579355
0.018834924738878104
0.018888848786265646
0.018554170647564386
0.018113526142334992
0.01735622264764744
0.01607608944682975
0.015225144504261923
0.014803647445573515
0.01533758791103643
0.016471704043217284
0.017616241320944734
0.01802628872699474
0.017700262609169456
0.01683349658320968
0.015872492762617617
0.01573679370858344
0.016549571174204858
0.018180115232122363
0.019561382879432973
0.020174069679705697
0.020068547399982244
0.019934477516990966
0.01995152936774355
0.019909523001849127
0.019832649588627783
0.01969330668186564
0.018944197000573648
0.017525535869024954
0.015516639923879975
0.014606780550841268
0.01520430743807206
0.016652425773486475
0.01777175993637238
0.01743070606132241
0.01663228595312401
0.015890320878120073
0.016465654024367928
0.017893286417813667
0.019150116544113784
0.01901051178467884
0.017808794094306135
0.016752690532603684
0.016973524056899076
0.018530332778281117
0.02024204900454393
0.020864408427465786
0.019968846384344853
0.0186350519041787
0.01822243059729135
0.018858932980457647
0.02024524358887935
0.021043008307057857
0.02123515971848189
0.02045507833590284
0.019887811525834815
0.01957747943072828
0.01934640340804233
0.019092214073366594
0.019077059864218014
0.01999258629858606
0.02101877560191361
0.021842220151580764
0.021322267837504825
0.019588728976711805
0.017146593746618456
0.015494063427041403
0.015182841840382221
0.01602949408944235
0.017151510148210643
0.017426582646580643
0.016906528783973092
0.016352462283418173
0.016297683598570856
0.01710421797808525
0.018479635273454725
0.02029639708307438
0.02160398486793226
0.022055659721869788
0.021092822167693863
0.01953110388474163
0.018225638066588036
0.01827554283235076
0.018992820305618927
0.019718328070314782
0.01930671926913356
0.01869925502613729
0.018551461179578538
0.019572667657315978
0.021023153516333704
0.022354073177386722
0.022381602391367498
0.021553332446123067
0.02030228319417473
0.019826658411835722
0.019658620996375827
0.019378368894601563
0.019122291673705487
0.018692081850128446
0.01869292454800094
0.01929268405654246
0.020235229887583507
0.020826578223603412
0.020456254487601435
0.018982698637019315
0.017569374705916612
0.017063911199082394
0.017805945570626074
0.018852804402499902
0.019617403751832973
0.019888519958826557
0.01898825308365742
0.017941182707208795
0.017290118884447443
0.01739962867244565
0.017773556202087353
0.01811720077220533
0.018242176630960928
0.01818875163559176
0.017681811592691478
0.016958086859359497
0.01586895951257973
0.015382130598520068
0.015889513713208674
0.01723484855632139
0.018496769768966668
0.019063462309248193
0.01863134095274322
0.018070475999710366
0.017668355928551656
0.017426185921078936
0.017153197475223203
0.0165324119345615
0.016139542879572335
0.016014091692296197
0.01608033718273217
0.016432264428750926
0.017307237958427823
0.018772949753426416
0.02004079631814879
0.020764098931388246
0.020198113676837517
0.01950874686901857
0.018368225734250745
0.01810332849816985
0.01842416283174843
0.019504500127007437
0.020035498772285134
0.01989683844173833
0.019736794927504457
0.020226006299602913
0.021214800686048092
0.02119237113940077
0.02025036872324687
0.018908537479511274
0.01811661175191849
0.018078887544495874
0.01840006247752172
0.01931607748496172
0.019887347703792822
0.019964540114656423
0.01950715010213016
0.018352366189059926
0.017216540784957424
0.01640850155537163
0.01622421806518573
0.016456551513068126
0.016825228952889865
0.017755966290707702
0.019028018466802896
0.019844237246635737
0.019994223214459823
0.019569198714843014
0.0186763063070139
0.01752702974162971
0.01711052125636304
0.017798980040031435
0.019602897866905455
0.020972666691645065
0.021268020193259938
0.020735567546465456
0.02012585532104969
0.019553231246449903
0.01901847969019998
0.01875857647288329
0.01879579770824368
0.018621797491987568
0.01818695796222533
0.017774856730475005
0.017992299393391576
0.019088200292934444
0.02029937964541557
0.020651656132998762
0.019982031573318532
0.018739766543466218
0.01823376371219174
0.01803409885650803
0.018045178589694996
0.017569537956126927
0.016838434483034376
0.015965243752044393
0.015872011982103227
0.016717621564012585
0.017735491840960543
0.018283407369030353
0.018117477061810282
0.017940243837622435
0.018343498908175614
0.01892694149342976
0.019929980412733396
0.021650159144026352
0.023666784248261193
0.02558276389668307
0.026033871433539857
0.025143692359412603
0.023494698749519153
0.02270040443779552
0.0228303460489415
0.02301956165151662
0.02229519329269414
0.02027665577677795
0.017863909912081137
0.01605005024806655
0.01486409568277057
0.014697713183333454
0.014848245038987871
0.015286982029872026
0.016756192605328277
0.018763246414430754
0.02080908928730964
0.02196387289160777
0.02192246443352815
0.02156757190671644
0.021177703297533487
0.020626735237948043
0.019617895339160706
0.018616733400455547
0.018044481253463637
0.01757827336582039
0.017261146977216785
0.017401035176274893
0.01775158785434755
0.018672317196168322
0.019175867584513673
0.019582676799788677
0.01926399170890169
0.019112015086309227
0.01974286629558548
0.021405923877334837
0.023099762110790123
0.02332705140179082
0.0223624900858301
0.020676951392688946
0.01947333704366443
0.019105666883980296
0.01928724866056477
0.019467431082911733
0.01887257203862585
0.017626329608403678
0.01611317786401715
0.01525788850598614
0.01544084633561642
0.015784741917478303
0.016311444829800563
0.017523456085444925
0.019265963217908317
0.021294597967707465
0.022587521369646507
0.023018641872143576
0.022563445061120495
0.021880034919260844
0.022015972227158512
0.022966816549304627
0.02358256477130142
0.02337720261026638
0.021714495795787363
0.019828059223034756
0.01816679776435321
0.01713116917921759
0.016891701167131335
0.017235070809976136
0.018112572867551968
0.019189881096163347
0.019838384055448466
0.02053871603681501
0.02017672173169202
0.019124544085225702
0.0180747730732121
0.017795069115836407
0.018265563009982732
0.018973533863144952
0.01915137469021934
0.01817367700116589
0.017009314627888596
0.015957759139515963
0.01574992608397698
0.016005347588343488
0.016377453893682666
0.01689785766130404
0.017991029400103
0.01922376116042259
0.02088363367696182
0.021802606428317738
0.02149592689567451
0.020452345276521202
0.019325854392449184
0.019007214948848553
0.019122732677780023
0.019301778883392174
0.019062523532606197
0.018813888749110216
0.018505456440746765
0.01841210557038386
0.018227787306882334
0.018413999143127663
0.01914378352097638
0.02026228872216061
0.0214203208940206
0.021406889193838215
0.02056243187253589
0.019288730980310097
0.0180256835135093
0.01767273101283767
0.017830994609002674
0.018601043577044483
0.01905182218689636
0.018946773913561577
0.018166795600568022
0.01671592409363462
0.015406528217305553
0.014942711322418293
0.015678994746166002
0.016968062836781598
0.018092837916449108
0.019220354491462945
0.020732287030621337
0.022028386695733232
0.023117731049597186
0.023438999077373384
0.022890021374846133
0.021907701030396128
0.021018529636383055
0.020972060517112957
0.02166120522645724
0.02147389074149673
0.02033729025240965
0.01822549190604363
0.016726924312588397
0.01575485559181416
0.015641915108025695
0.01607425551205878
0.01656960784503935
0.01690511731997221
0.017233079702532853
0.01777231342741645
0.018316583899008886
0.01933423010673469
0.019947123731152344
0.02061176979150497
0.020445604680474662
0.019889815584378513
0.018839233971758223
0.01737618746561109
0.016443932192151
0.016106524666796074
0.016846571550658312
0.01841490417279007
0.020305325569603225
0.021988377818229314
0.022840021252815944
0.02295807566398334
0.022332290277388693
0.021590943935957074
0.02084612128253392
0.02068535959183113
0.020512560774922348
0.020823176541035538
0.020886802176795442
0.020619327503204013
0.019747378483418128
0.01879751703250755
0.018191344690128862
0.01815677693249158
0.018778744463022762
0.0192671102100507
0.01911130252817407
0.01821170350502804
0.01729909620905277
0.017178846606149344
0.017708963383049413
0.01767828271209499
0.01729027571122417
0.01643738761652365
0.016794996335222117
0.01724832837253291
0.018255668297098442
0.019353420616329386
0.02035175093130367
0.021493701016806987
0.02177397873297844
0.021447798275792244
0.020626961044391056
0.020084877488984482
0.019311681173580425
0.018490784282584678
0.017729210120781016
0.017427291089298264
0.017681250450253212
0.017522736510686934
0.016770776628754102
0.015821546223914764
0.015512947770038926
0.015655880907593477
0.016125097275564645
0.016119163857243903
0.016177885791799088
0.016190518141355564
0.01619517180871384
0.016332200853863516
0.016595720144266198
0.01716155150352886
0.01819495824319161
0.0190295508064729
0.019278695642413975
0.018643873772945532
0.018148667291114157
0.01874440089995702
0.019815325799153218
0.020747670680795843
0.020502321389477204
0.019480834595081837
0.018418406899725414
0.018224297354231433
0.018864891950264445
0.018840201437592418
0.018459852224955386
0.017255773339535232
0.01637074991206933
0.016014372183830377
0.016197260230791807
0.01667466549864655
0.01744348503341786
0.018423254806565346
0.01892908993698057
0.01829101570955718
0.016928573913482816
0.015644513167596345
0.015581351921278725
0.016210630957249245
0.017525689128513083
0.018938522423616974
0.019830410658554804
0.020029689850959424
0.020120491160313083
0.020440868307567306
0.020790997857848905
0.020765040296240427
0.020609020307772848
0.020522397932141143
0.020724322461505955
0.020859383685142074
0.0211055456693212
0.021624825726315633
0.02219446128024094
0.022113990692439113
0.021787446051282553
0.02113109847142293
0.0196621263855013
0.01824189126318306
0.01686764301145021
0.01660116087737165
0.016773490574402427
0.017364275587646808
0.017471841405392288
0.017515020670692525
0.01752187070867651
0.017792298726113463
0.017662237276632898
0.01727301153605862
0.01700633954211316
0.01732968152627998
0.018270055876947508
0.019055854598702612
0.01998793964749246
0.02030372634931336
0.02081100718845272
0.02060646772160207
0.020669746257265854
0.020852936723416742
0.021194089790253653
0.02107279050428992
0.020605090127184995
0.020226998689466844
0.020187152820582952
0.020754144145911358
0.02163556946178615
0.022448109656458354
0.022415180728759775
0.021820221744288635
0.02094625357800268
0.02057647451746636
0.021077431750942035
0.02190412675513182
0.022155805720383857
0.02128366218900533
0.02017149831380993
0.01886353220105329
0.01777473809199116
0.01639273222693797
0.014979765613239783
0.01386579790512443
0.01371852826079753
0.014328744180216301
0.01537890723136112
0.01660813840365255
0.017793485578791634
0.018890714802387135
0.019827509666696275
0.020750478731489455
0.02108810138586185
0.02127039351069028
0.020829961129743637
0.02066574806894457
0.0210537408191753
0.022096847482645312
0.02327860739098582
0.024406827163194346
0.025011195894007403
0.02446806522781123
0.022895615024200178
0.020311095883918953
0.018074699440883628
0.01655786448553033
0.016032675251217026
0.01634008202412664
0.017210011074772637
0.017924255195488917
0.018800413477633754
0.01959994582626333
0.020116598224407117
0.019232771791402876
0.01766623257412601
0.015906036808879004
0.015079082036616195
0.01551779147726491
0.0168435637644834
0.01829627210537918
0.019126039028521277
0.019067395663828802
0.018620390043236665
0.018232826916351755
0.018361939146569254
0.01864785087843558
0.018943560440534052
0.018921699222897922
0.018862862690523192
0.019273726025900932
0.019884633644046024
0.02062838665534614
0.02123943515343079
0.02105883217530414
0.020428791456121666
0.019367132624476438
0.019106551052680866
0.019862446972018177
0.020942696156795688
0.02186375989563348
0.021305371171310546
0.01957004883854047
0.016685624483919307
0.01494177127483877
0.01450871987033825
0.01561755157813848
0.016925291353906437
0.017925807040343432
0.018119913996623885
0.017669974617163218
0.016992417500784337
0.01622724235114726
0.0155927824397935
0.015237346594590985
0.01579967574101849
0.01768589170039941
0.021013541092677737
0.02442681269108339
0.026862613944116712
0.026616586244808293
0.024837016859385254
0.02270376591045478
0.021564691007544837
0.021657960833971424
0.021925234020493907
0.022509537805855243
0.02264991704004157
0.02250706673801025
0.02170832547006466
0.02107041239845121
0.02108067291218397
0.021497858215760633
0.021711015000359293
0.021262689754736865
0.019969397304749278
0.018499310789656248
0.017351261818670926
0.016822374398619798
0.016888936292941425
0.016726264200558755
0.016244468164254813
0.015634955413948666
0.015427498157729168
0.01571344568967865
0.016613744641635026
0.0182250194665886
0.02007648199347275
0.021090845110937215
0.02106688046308744
0.019983672072789498
0.018650992747771034
0.018063521086812504
0.01859673980278344
0.020692063592768834
0.02318675888073354
0.025006388812298
0.02539452402395588
0.024213731330691123
0.02205821016631512
0.02014219477326794
0.01877218321633078
0.018362531408562022
0.018751227334673055
0.019588650888737062
0.019829723512732943
0.019220917314510866
0.018028647175359524
0.016798794698587843
0.016513582203781994
0.01687235992520566
0.018058354428855374
0.01915516961120238
0.020123654047085843
0.020365640544353015
0.0201174165718718
0.01939509468669849
0.019203280228387975
0.0193977687171795
0.020050119909452754
0.020270412978442988
0.020196338828427186
0.019912417245651723
0.01973271271159536
0.019680568783910866
0.019771364596173836
0.019859282555727244
0.0205589885537518
0.021573499992817807
0.023048357614875267
0.023552169852315473
0.024239164156545024
0.024176449806637808
0.0237536384623419
0.02258343357229146
0.021287762503100563
0.020482234634551504
0.02009332749196732
0.019771696424175533
0.018799391897666412
0.017398706640569306
0.015688256924768825
0.014994704182486456
0.015650744712204595
0.017893201960848155
0.020622852689470655
0.022293735970506507
0.02252302400732599
0.021656917146063197
0.02055376518590071
0.019470972995974136
0.01811381839707623
0.017014651552925385
0.016629483855065984
0.017102429065564168
0.018285600100473032
0.01932146009455904
0.01928140691433619
0.018513501381465743
0.01837119747800015
0.01948738423042264
0.02183348775314625
0.023611537914665554
0.024184529595537248
0.023501392710306112
0.022287865970703702
0.020921716214389773
0.019583261621729277
0.019436479873136816
0.019520217914641255
0.019608363818693145
0.01936505412733605
0.01903940428915078
0.019063738033565272
0.0193736771264792
0.019692201414216806
0.019779510779036676
0.019649787439506832
0.019098486260255475
0.018759072109447848
0.0185203457435986
0.018491060616911865
0.01807725401195002
0.01722081930709946
0.015875967890628378
0.015246055310984248
0.015746510771893554
0.017390112210690443
0.019133033858970815
0.020225613059901053
0.020433784571703886
0.01984213049435245
0.01985898290630773
0.02091124952825651
0.022316795378167605
0.023147802446002987
0.023197416085724298
0.023188441690547
0.023419392389708107
0.023713941074363608
0.022851579895747078
0.02142214602810445
0.019564920165844997
0.018445294438814406
0.017340816794238784
0.01678669467436944
0.016636647551733223
0.01700074573689423
0.017613040868879107
0.017688624896885326
0.018127128642763158
0.018651163211948873
0.01972875103545726
0.020642102519576624
0.021279574430877395
0.021374310502426004
0.0211101864773743
0.020811291096706437
0.020076346590590544
0.018669839816663265
0.016765246498002862
0.015371162356558795
0.015453081296452235
0.017357317591313322
0.019844311011503107
0.0213469328534145
0.02179646141712143
0.021274271030551583
0.02061388749525853
0.02004532682184325
0.019674800798650777
0.019256691254396996
0.018673371588679658
0.018742592364999054
0.019448386091226802
0.020692661548739937
0.02123434445523222
0.020961118425313653
0.020134853446384972
0.019359531930838447
0.019315538902353113
0.01966520761652959
0.019999421961755772
0.019775350380396173
0.019208976587175637
0.019034262838193147
0.019436010022483182
0.020319495609656093
0.02127097866053062
0.021548281051176787
0.021352141880707696
0.02078997994345681
0.0204754679909856
0.020047893064300326
0.019553223613705536
0.018876429310733047
0.01794848802699085
0.016978612532019755
0.01654892767830644
0.017036051744805925
0.018523211864258354
0.019816323671733718
0.02033304008961496
0.0205766789167495
0.021297824765389023
0.022356379376643053
0.023085835625834057
0.023067622581701443
0.022125252924189744
0.021011219011449624
0.019865173364299313
0.0189350243547696
0.01807640819255959
0.017251766318202143
0.016344797345627642
0.015926064424572894
0.016217682798182132
0.017138046702786996
0.018153004349374526
0.018441056801223345
0.018608247557044884
0.019296670042313405
0.02068653959877243
0.02196302103201548
0.022145488836916936
0.021700261144487483
0.020943918495011406
0.020584814814577124
0.020458174921832717
0.019865203283058967
0.01893532899661098
0.01791557763653949
0.01745365989300795
0.017468336940217936
0.01772210992707539
0.01811227192495818
0.018397228422921106
0.018667528708057917
0.018988446122938905
0.019875724275562653
0.02089736347849972
0.021962454608919327
0.02229640541110129
0.02224518591183012
0.021464342433096615
0.01995311894513517
0.018397958494751503
0.017163565487708896
0.017097271302955214
0.017538231188118154
0.018149796272127434
0.018935134811663406
0.01955192861844229
0.020294774212273298
0.021118113548670808
0.02188949108030139
0.022290903519694195
0.022417670979499617
0.02267582932391788
0.0225527887545052
0.02185558103037124
0.020858968572739802
0.020848354315311634
0.021564985016682765
0.022389397638459773
0.022841782830768553
0.02260634321842461
0.021675891295991918
0.02007639337800493
0.01870291890548373
0.017651384742363618
0.017734366775437032
0.018604237063134653
0.019810094989680675
0.020942552761265235
0.02140730208162923
0.021506861294483093
0.020815799130139184
0.019928481520883144
0.018737468006362886
0.018233429418894116
0.018633266867417113
0.020120166697833765
0.022524130612165346
0.024238577685356377
0.024848912658094365
0.02421550832227388
0.022651779352890672
0.021268299323893416
