6.182227124907199e-33
0.0016562331405207513
0.0056368512999761845
0.009918398592624974
0.013113084000156509
0.01513493271320251
0.01645240440048257
0.01737582717009762
0.017981618559198383
0.018454858532405673
0.019215009253937865
0.02066635772193738
0.022993651669138873
0.02595609885438278
0.029269122048653628
0.03275725012054007
0.03647972964909733
0.039854946103456
0.041743592325957264
0.041603597037818074
0.039954677771089964
0.03707857195099487
0.032689572120763975
0.027308156989936164
0.022255298879165813
0.018432066210235402
0.01567164721574402
0.013467436838607526
0.011413179664684638
0.00941362354606225
0.007609678253789309
0.006365494366924279
0.006212890847527892
0.007344061467946791
0.009499583184740814
0.012050451444905763
0.014355023134266856
0.016080488881466088
0.017310059571097332
0.018111523703683692
0.018365596938020683
0.018276798614116182
0.0187721708803093
0.020780564301517864
0.024526399712674226
0.02927080591578222
0.033853776267449606
0.03730928985647588
0.039408524005221976
0.040156407618961706
0.04001495446937273
0.039177205244446144
0.037495758622020176
0.034605417377596884
0.030874289115905715
0.027183573312762308
0.023781393960348774
0.02056896840963001
0.01739355035021957
0.014410511991853834
0.011980043751037023
0.010332671809164237
0.009382736569990788
0.008945306671567762
0.009113449197502035
0.010000126714907607
0.011328218305956957
0.012462054104115343
0.013025602655816516
0.013193341016658516
0.013384439746098637
0.013861307467324273
0.014717694664472295
0.0161643121583853
0.018580122663593802
0.022227893030614294
0.026871312231705056
0.031735741878253954
0.03568458074845316
0.037398149622927396
0.03676894222435044
0.035231154045304476
0.03389180276294076
0.032888665375052674
0.03215584081528816
0.03138709829458985
0.03003657076920835
0.027831818916036394
0.024824037694359688
0.021338078217129415
0.01784669234148345
0.014809522673331786
0.012529658289609374
0.011096404548780494
0.01058269677250519
0.011090329160726305
0.012372857500832583
0.013782779714200085
0.014689583134035247
0.01508710834548086
0.01544498984145105
0.016134919509064302
0.017007439454246494
0.01753459151179202
0.017419853375695297
0.01707827711629395
0.017585369492920236
0.019835472429190946
0.02389370559453932
0.0291939629832685
0.034327794923148476
0.038031939218491434
0.03952314655201818
0.038813741397510065
0.0366949705420212
0.03379802758095516
0.030721683185042
0.027768547836568343
0.024661182486098478
0.021211554361743674
0.01781956996715796
0.015216260320340133
0.013588816109304463
0.01266433663632392
0.011992495428471923
0.011142330806844224
0.010115475237801149
0.009205346002350515
0.008799977186611876
0.009245240261672283
0.010585552554745387
0.012478574915632909
0.014256043602215444
0.015303023255923235
0.01554056022160782
0.015404686486563138
0.015579710771956261
0.01669336279498906
0.01892203235262939
0.021970369957509638
0.025465550361313552
0.02896049812903832
0.031868445447594554
0.03353497287374049
0.03351598720862944
0.03184161905527206
0.02923089132190524
0.02648489475510514
0.023986251394856155
0.021626136682558774
0.01934418124047726
0.017150881641961536
0.015287576323083274
0.013739173993700907
0.012376433821522818
0.011095399694820943
0.010205874465564415
0.010002467459229544
0.010436367622529981
0.011106467435715372
0.01163593295975587
0.011766747710891371
0.01140456842887622
0.010802839356298846
0.010655391027405139
0.011721722416085175
0.014211369337325492
0.017696203608683552
0.021619650084014258
0.02577819712394951
0.02995981832078253
0.03363027413920447
0.03616414790932185
0.037133059515695246
0.03648725701482692
0.034820607077875335
0.03285187301617669
0.03127661854543072
0.030314502907318994
0.029703210109244756
0.02892726776732001
0.02768431184476521
0.025520094639825276
0.02220621448458157
0.018173722457000715
0.014545055197964864
0.01239254522056239
0.011810379300832681
0.012145173764015745
0.012861829432640321
0.013758964199122942
0.014619774373048703
0.015315215874125293
0.01578044207512674
0.016101158889460412
0.016530497806299074
0.01732255699679306
0.018371090054551523
0.01962371997787387
0.021305196762751645
0.023666632094572513
0.02679905653626886
0.030809066839899264
0.035213753796463756
0.03848895699837835
0.039508124368821305
0.03801068325895938
0.034857307102811444
0.03165283516950001
0.029546531124649254
0.028483416823603502
0.027680321678406047
0.027007835191535122
0.026775218338571584
0.0267373798623784
0.02596386238553377
0.024064889704279804
0.02145789059017202
0.01908958558816572
0.017582929757433828
0.016889363813892014
0.016465884840298824
0.015862684907879537
0.01493673462140639
0.013883907289905547
0.013136007936692024
0.013087116432584592
0.013934454689724233
0.01575313989324802
0.018428726576326136
0.021596209505112086
0.02470982695486162
0.027417184842599935
0.029817712316610682
0.03217098238790103
0.03452513084002086
0.036603178354483776
0.03781453809880757
0.03751128903859103
0.03554258833465716
0.03288490943824998
0.030919986602129378
0.029676161238916532
0.028327546757295333
0.026662288333654846
0.0252277273895827
0.024180309719400883
0.023156136893293378
0.021667153328767636
0.01947908142197757
0.016844394190310665
0.014485053485211742
0.013168929221884338
0.01324093322033895
0.014350709355041843
0.015638261990657838
0.016256057698722126
0.015956630854756872
0.015166062183400095
0.014833612483127017
0.015816283406032822
0.018274741739413673
0.021399709963321144
0.02408846602969321
0.026041225784267947
0.02771336876507062
0.029516933424293627
0.031625019028951915
0.033844553007728255
0.035528671987743864
0.03636657212886327
0.03622371271917529
0.03500023179685173
0.03271566362277335
0.029746347658418784
0.026749828671999577
0.02412945919324574
0.021909605874149904
0.020052940077996594
0.01841698711801667
0.016730832762545885
0.01497920339127731
0.013498322642824773
0.012484537109636411
0.012040506738167147
0.011946944076875167
0.012043374922835585
0.012372635883188815
0.013163355182713807
0.014457721072370982
0.01585600757681026
0.01689430697227211
0.01748669675115198
0.01799341263573262
0.018972084315130706
0.020703927901869097
0.023081171444013136
0.025698388023113368
0.028159075411020133
0.030428311269517613
0.032646277556686816
0.034624758854003554
0.035872518456810526
0.03626391672799877
0.03599087055349423
0.03487760987418925
0.03271625897152664
0.02974191621879814
0.026848627708062452
0.02452696138471538
0.02260751988060722
0.02042715649831893
0.017801415172854832
0.015248015893199574
0.013132763544546724
0.011612881022309141
0.010790820667046307
0.01073459963844549
0.011399537354000653
0.012567000446453536
0.013854643283249042
0.014808187186980848
0.015114988099740377
0.014970505153389619
0.014996726254299425
0.01595287859416106
0.017815713261035277
0.019957154629251787
0.02199250391108506
0.02389534221754732
0.02565032593256598
0.027421058169558546
0.02899728049022841
0.02971313550440964
0.02928124143741122
0.02847433509283215
0.02800900175203649
0.02818655808593469
0.02885314348609485
0.029535911357253128
0.029429523862443283
0.028003630643446863
0.025441350599106162
0.0223169004146165
0.01931213613169088
0.016870653104355066
0.01525539347670401
0.014265031276696209
0.013503677796192475
0.0127231547752929
0.012006464836640418
0.011806700628193134
0.0126016661040593
0.014227199454262224
0.015810562000767126
0.016443126144578622
0.015940054871088634
0.01513631014828543
0.01519737734902876
0.0166952661135918
0.019384431542231427
0.022291626482343063
0.024287877500087648
0.024569524269561716
0.02339732246317631
0.021885080942105496
0.021591608008891636
0.023137524739322072
0.02565932044664414
0.027525887353736542
0.02791119663441928
0.026926424345270195
0.025355645119500128
0.023353733402635656
0.020657879874259044
0.017318266302415394
0.01405147348304219
0.011512449503090317
0.01012766136335762
0.009940378550976823
0.010898987099574375
0.012473112874679759
0.013960652602397896
0.01492302293335982
0.015417899005673296
0.015671007758096666
0.015864887138134047
0.016333405084630857
0.017495044852620725
0.019481407744906303
0.02208846257978635
0.024698526090878598
0.02672598470708511
0.027596979665362863
0.02713337998572878
0.025529738105417813
0.023555848076451013
0.02171872736603044
0.019911964352280473
0.0183477668398371
0.01755963778114722
0.017663659760199513
0.018098744984922904
0.01822991619826002
0.01755004671468424
0.016330895695640914
0.015349657353704855
0.014973086522081808
0.015041706337118403
0.01511406300129315
0.014912282113306278
0.01453990446561763
0.014587880558466063
0.015434378337475468
0.01665233136021093
0.017445844134035767
0.017567551737666668
0.017284953361242864
0.01702408869568881
0.017088986798546008
0.01781872438662708
0.019116802152672252
0.020569942012916002
0.021808714621077384
0.022729270475304906
0.02356634616632607
0.02444443770008954
0.025331160047453217
0.026324983960733354
0.027502196012519752
0.02811170683803901
0.027991987513453248
0.027664621736562527
0.027609358481371703
0.027941461739913135
0.028304496250616228
0.02805750392523461
0.026490236450863167
0.023538945123373727
0.020128444605284037
0.01755285250379166
0.016453939575653567
0.016466087299082246
0.016682918871321537
0.016578690906451775
0.01621407429964855
0.015919035176120436
0.016082176469887154
0.01668495271567807
0.01738010787032319
0.017991407216300864
0.018983849198405033
0.0204760212725987
0.021729680986436354
0.021864698100609134
0.021160751188964943
0.020709495761674926
0.021296918943830293
0.022712182001364076
0.024106323965364072
0.024621273018353127
0.023868915404516487
0.022390068237674986
0.021023558948546028
0.02025075126764263
0.020221444960776387
0.020761631905157438
0.02141379741734474
0.021514761797622062
0.02081040049887334
0.01926706198345063
0.017190856855716037
0.015163381734535542
0.013678312074239899
0.012919522523084766
0.012770818481323864
0.012976805584076477
0.013538352044425826
0.014332152651335263
0.014905844956051729
0.015048888232969689
0.015145759654229547
0.015738509697307796
0.016876734207903078
0.018091038144849282
0.019085860841674653
0.019965330182046426
0.020624731761482152
0.02099694818341458
0.021287441869236527
0.021862510006090054
0.02274205172026113
0.023604367430171334
0.024248322095493026
0.024844673291018724
0.02554240984799687
0.026108807836895995
0.025836175087954313
0.02434922889246584
0.02195358038843076
0.019292306285167177
0.017024841490285436
0.015648779837070005
0.015250357362876443
0.015426788188199782
0.015472720381108545
0.01501854850719259
0.014189128286592505
0.013447992242542624
0.013307004649884675
0.01410272477802698
0.015810033116856352
0.017788375900203175
0.019051312740971854
0.01926711469515621
0.01894524371549661
0.01885087754536191
0.01925193757252934
0.0197844155884379
0.019961105619656395
0.019723252199883922
0.01951263859638022
0.019461924413075888
0.019468870666637977
0.019444497102487922
0.01965154353225687
0.01996185113441334
0.01998913497066064
0.019498856569199384
0.01867338284813433
0.01794270253218778
0.017437743213190374
0.016941273659973926
0.016529884154089205
0.016338762141855503
0.0162999604767239
0.016223235479965757
0.016011273910900858
0.015824813301102723
0.015699386104518293
0.01568271565251037
0.01573383870922812
0.01568676202260624
0.015436198522587869
0.015027058592276368
0.014621745954561508
0.014311185267059639
0.014151879295473646
0.014338012577550619
0.015168845334616592
0.016534434008820872
0.018117528219055715
0.01951357546962012
0.02037316724367567
0.020629609487384917
0.020581311898587664
0.020650860716371833
0.020742451105705367
0.02054111139816411
0.019788063346590383
0.01848814335687538
0.016936657410259397
0.01589198643700555
0.015708484721336277
0.01579143667239318
0.015487560545396194
0.014908817434916798
0.014654148700591669
0.014993984049856917
0.015538771688440629
0.01573638038850581
0.015349350965999833
0.014588820296489353
0.013643220913502958
0.012548371850329209
0.011559519773677081
0.01132252276143894
0.012417696591596281
0.014750785937346213
0.017530265397033576
0.019807645031192474
0.0211689029441487
0.02187225499883167
0.022505628328805073
0.023414442745195083
0.02434989254422867
0.02483286516415651
0.024766076781092942
0.024465966831142504
0.024094450566072057
0.02330864172482717
0.021870383705328032
0.020212476912046473
0.019050868263284663
0.01858407200546619
0.01843529519270457
0.018306885403433712
0.018334808726818697
0.018906689300429082
0.019833646870771195
0.020513457679502058
0.02024483993569336
0.018952305351376077
0.01715618209363996
0.015762640362854276
0.015262440543625562
0.015469547185123887
0.015894568894523634
0.016095697827820055
0.015815950662768443
0.015274555082838986
0.015057817721716368
0.015623853785478634
0.017020022306239637
0.018902214546789593
0.02070445239354271
0.022058251166340623
0.023091204926059986
0.023810522422240205
0.024080636876978177
0.023837709196375022
0.023204284409034295
0.022150461070367132
0.021048862705335764
0.020252501680778284
0.01965251756039501
0.018833541116211657
0.01763342830289164
0.016221622224493876
0.015198790730955508
0.015200824179385515
0.01615141972442989
0.01729810865514072
0.0179829043507442
0.01820772425134144
0.018330388633413863
0.018366503506626438
0.01798675571225233
0.017172093199242865
0.016401760627749472
0.016232687670721953
0.017055411423327255
0.01885124192591943
0.021259366619598978
0.02376224677984316
0.02570728127924836
0.026567911752823546
0.026402083674637374
0.025870789031335696
0.025473036643733727
0.025350243473371628
0.0256377825041475
0.026249106052146823
0.02677678812459144
0.02677982623500016
0.025995210908762178
0.02441394674379744
0.02269062446124021
0.021573127756003382
0.02119799458687739
0.020993370755342536
0.020308565192810196
0.01911203607240558
0.017929162728744594
0.016984073996399552
0.01602072684546723
0.015053905599861736
0.014625439783049938
0.015087579246969702
0.01632830768493243
0.01797525509156586
0.019745490173066368
0.021616259397031143
0.023709192978730975
0.025586881728893018
0.02640077840113873
0.02588549603065992
0.024756739378283887
0.024032240616246776
0.024238830261445306
0.0251171213076801
0.026150692339278886
0.026879845617411288
0.02697241846968816
0.02618470971744297
0.02482250411724957
0.023417309737143753
0.022118752919079082
0.02088074531645465
0.01989969848484016
0.019212042798950855
0.018497314013041707
0.017539337376786118
0.016436137079005708
0.015204827036546407
0.013730110481236514
0.012296384951250983
0.011716245336130781
0.012636875573160459
0.014555515165851754
0.01634074670553508
0.017254516745564927
0.017621664995395168
0.018383966363610817
0.019956674780051187
0.02183031936585691
0.023285322598135486
0.024175145270877597
0.02477393158920369
0.025453618961764863
0.026772362226818003
0.028832073654247562
0.03096119851952205
0.03189681668241172
0.030981717097324245
0.028685498313170906
0.026057922962014316
0.023863836870900983
0.022495331992337043
0.021884042494011297
0.02173985321524947
0.02173676585721596
0.021590639666959913
0.021108412593929805
0.0201042726707856
0.018585199043059334
0.01713866190598433
0.016687459624559593
0.017599607314303437
0.019276866590666526
0.02065319972884513
0.0211034923369859
0.020676906044363057
0.019684271049965424
0.018380750836993517
0.017058254970621207
0.016077078155599445
0.015706063063304732
0.016135356468340446
0.017253186925937507
0.018769466424600655
0.020197513252502682
0.021258900412062406
0.022184476309027912
0.02341917246506315
0.02487858656101008
0.025905881266978657
0.026409500270296503
0.02673331763487602
0.027064662113629633
0.026691547106266977
0.02487208792847192
0.02197951921880717
0.019435801954604884
0.018452461197489733
0.018871036094803516
0.019266732043967807
0.018810299668083123
0.017923006569828814
0.01736877560514897
0.01724299748113445
0.017238267403012465
0.01704713893212107
0.016815518126834045
0.0167803712135017
0.017088710619173084
0.017477922985850484
0.017469697866834437
0.016889154732335817
0.016049230405739943
0.015367866653670778
0.015432730618057423
0.01670199084187712
0.01920740682528325
0.022055540473679924
0.023879156854008102
0.023783552045893958
0.02230835027119218
0.020578425752619756
0.01958119815194629
0.01945637942745635
0.01943149249732365
0.018795564570032345
0.017617317867991086
0.016353680018764145
0.015256444357440417
0.014386486503708273
0.01394090340015377
0.014215757275376432
0.015289331316261036
0.01686850320684745
0.01850986483241122
0.01980740567513591
0.020524993000772516
0.020608440266100415
0.020203527866250928
0.019528934397350844
0.01865143202845636
0.01777898615982327
0.01751112457282908
0.018044227501335056
0.018892798042030624
0.019236759597010888
0.018775679824951645
0.017851464786550843
0.017479210810697428
0.018540438983643964
0.020838849914444638
0.023234425319645004
0.024665552233745478
0.024774993276715902
0.02380658800510422
0.022272878941197387
0.02057086557256549
0.018888534329024056
0.017343811608778785
0.016201619400031505
0.015771420253586646
0.01607389375292878
0.016814840847384764
0.01781618120578016
0.019037221938009177
0.020291639661471694
0.021296594887975338
0.021795952882632065
0.021802318899073966
0.021422811301561945
0.02078837855885371
0.020083740184367472
0.01947435165281123
0.01893370385583398
0.018457073061393645
0.018164095015686086
0.018266698832442484
0.018944467204239993
0.020262956493533397
0.021766382747537793
0.022950854179806655
0.023385237709636297
0.022857341034572265
0.02139826700918123
0.019584886597892946
0.01806979408902325
0.017468812207487458
0.0178007871237856
0.018641900772395675
0.019307025168920917
0.018928271050630354
0.017140448835350135
0.014650411817167537
0.01291398278051541
0.013025428377994265
0.015039512048254836
0.01777363534816441
0.019841985680891402
0.020613477751844207
0.020241498790910986
0.019126349550212467
0.01779839734563666
0.01677626154215824
0.016432754800851816
0.01678297572102968
0.017622034902768743
0.018806333344654588
0.020185940405503852
0.021399803368702192
0.02191969378113736
0.021714095979189763
0.021389351950497855
0.021694863988739828
0.022663501330373002
0.02334141618820022
0.022847844499219148
0.021230322433242816
0.01946301774073909
0.018386302640017907
0.018141648128605612
0.018182801755267576
0.017747298970116874
0.01688172744981124
0.01649291087002369
0.01715062946052949
0.018270365742329767
0.01889519551157032
0.018667420976514672
0.017885314700215406
0.01710896877337928
0.016846534804120638
0.01756503862255369
0.01924332961710264
0.021192363305857262
0.022526776306989627
0.023003713243556736
0.022961437004215476
0.022946116212537712
0.02314930313369073
0.02325191134903468
0.022913704363224797
0.022317504977657478
0.022211141536208928
0.02339331518712599
0.025670551907368
0.027551915507354027
0.027681298757917028
0.026224671137942683
0.024448071457691758
0.023117768745491863
0.022227020231861728
0.02127174244630896
0.020079787577310403
0.018699535214648077
0.017131612335601554
0.015388821287569233
0.01387393279799405
0.013075472632663893
0.01315949724572408
0.013774834200640532
0.014742283363273084
0.016205049794251993
0.017954464163631695
0.019238347816870883
0.01954997391486927
0.019147914734905024
0.01875039426080643
0.019137331994251723
0.020858273213079672
0.02386608298383178
0.027535992439353247
0.030538096201146805
0.031744036792127235
0.030554216283312455
0.02754973675969201
0.02416311194212015
0.021775323732689405
0.02081158485380284
0.020623773144685175
0.020024532101927867
0.0189454121515714
0.018024194991448667
0.017342402343195187
0.01635418590772465
0.015053941743063723
0.014151384056347471
0.014392289663767491
0.015734654455562457
0.01760703101087971
0.019200117650671315
0.020017896393394945
0.019932391531753673
0.018936498500067296
0.017246345350660042
0.015568282754753198
0.014672661418737163
0.014702796640081908
0.015250188870173336
0.01589989643253935
0.016465002348318714
0.017209154902902406
0.01867281968420064
0.021246273261897788
0.02458916362131677
0.02787826885245571
0.030533145035667498
0.03237266698017945
0.03349267404387161
0.03361850250106214
0.0324025444953131
0.02981279905892462
0.026281796416249316
0.022559513189894055
0.019505616678993642
0.01757895645464266
0.016700898662977227
0.016306095350968115
0.01578604953250482
0.015088762620319334
0.014628430355813205
0.014638357910840399
0.0148787328352789
0.015014433589947983
0.014919658168555078
0.015003309963333659
0.01574751106401548
0.017291785224094063
0.019419765125231695
0.021681561517658182
0.02356247559124907
0.024629660333696884
0.024818315679046417
0.02426176056369226
0.02318818801952747
0.021962498471651774
0.020946418127321353
0.020619804418197357
0.021667213735099076
0.023954569496094515
0.026093472537600245
0.02667380432055178
0.025629858274118948
0.024058844388691287
0.022961654996610757
0.022491038530037845
0.022206894432828403
0.021728596238658054
0.02134307677988896
0.021368988213934053
0.021724360038794636
0.02197469934427584
0.021703820476721578
0.02093932184076249
0.019989986724055546
0.019064562134534457
0.01838142415956883
0.01802946861234905
0.018049088805230915
0.018493522216342467
0.019480158236550922
0.020941467597098314
0.022358221950557533
0.022842319973340387
0.021986959645728135
0.02029320810061203
0.01878903464272121
0.017948403399785675
0.01770459621419924
0.01822023186507371
0.019609319090438088
0.02173107019469986
0.02415502753719044
0.02593843938753153
0.02654709215462505
0.026381308965877533
0.025966090603644954
0.02541335959221549
0.02471532743939671
0.023841351984764135
0.022630946791525327
0.020973081179726724
0.019128474333393694
0.017602250697463958
0.01690477538636917
0.017174893654389622
0.018190835745268287
0.019372958288912424
0.02011952961993938
0.02003529553835406
0.019331511369677534
0.018692192894898978
0.018645759633480797
0.019154982452939187
0.019847842385291938
0.020529643204955806
0.021257622694449845
0.02220448127947586
0.023549882812618248
0.02519268834437355
0.026709144635811245
0.027554691842797095
0.027390077094097194
0.026432459883044285
0.025110078684132887
0.023522283430993954
0.021876266886369667
0.020603364468631983
0.0198921073919048
0.019602029543614567
0.019618839373255544
0.0199518974574052
0.02041804275834798
0.02080118952240168
0.02100218180519588
0.02094679836259673
0.02039277434827576
0.019229435179974663
0.017705816035431653
0.01634701693239155
0.01578502751826834
0.01637577699431674
0.018029724908421654
0.019916178997148058
0.021238159614493508
0.021799721336981517
0.02175680426807704
0.021355780266516664
0.02104919582451973
0.02115873452499652
0.02208486355772244
0.0238251573123755
0.025984024630841054
0.027478112777283716
0.027394463461469128
0.026029123174664225
0.024332317553786502
0.022966623628084513
0.021944468803053715
0.021146616044921254
0.020928482265133695
0.021766046835023502
0.023428650068332432
0.024866012582100243
0.02517574274386555
0.024535537041124423
0.023689792513968896
0.02305795285498655
0.02251536221457436
0.02215480781871645
0.022186926794202266
0.02240460719213554
0.0222724235802269
0.02163464200036996
0.020813144959241043
0.020216379104373152
0.019885873901442253
0.019770059646949324
0.01978946541659553
0.02017167389077599
0.021184037518250223
0.022754837874411852
0.024555668501263207
0.025976276802495354
0.026578609186906688
0.02608939353363028
0.02480771340185561
0.02328936182408715
0.021808368352923272
0.02034503961681374
0.018861239869682297
0.01772788682880024
0.01761194211117867
0.018818129068384433
0.020769098723419813
0.022508908338692905
0.023239215855670403
0.02257167875404372
0.020631858439951987
0.018034688252067922
0.015583866031649785
0.014143538299415455
0.014281235043237424
0.015872347028645453
0.01776614064070062
0.018447246851603472
0.017675755642195104
0.01661401373031363
0.01647045377105926
0.017340607207019767
0.018548779569811207
0.019369858399355133
0.019519209790915083
0.018986277776964208
0.0178148382428248
0.016577716281991797
0.016212939808571844
0.017164333774069424
0.018776803473861275
0.01974696367989913
0.019558595271375854
0.018930276126784214
0.0190526790487126
0.020213731208832617
0.02201236291549307
0.023778999768492903
0.02509673651089914
0.02543877913631148
0.024517972689038655
0.022497199423374383
0.02035819404351136
0.019007290584345294
0.018495956911065696
0.018346821042450095
0.018297270443769973
0.018364836093696525
0.018567024027394647
0.018787860249025887
0.018900895461405824
0.01875097002837361
0.018217819294297173
0.017411887803058523
0.01682094736228374
0.01705796894110607
0.018429934666474825
0.020819411465546247
0.023931506455945564
0.027149031183252785
0.029431987648666662
0.029695209899248357
0.02779536748712397
0.024838077306209114
0.022232338036931778
0.021058797719018797
0.021239468109577754
0.021773677492191716
0.02188132774579793
0.02144851112950736
0.020666182413532876
0.020290510524790993
0.021081311931923693
0.023072712456085713
0.025296960311663105
0.02658304262771959
0.02628283548413486
0.024731187983879455
0.022731078227449096
0.020771446397910634
0.01906423590926696
0.017560876760088197
0.01618710152017886
0.015138342424017615
0.014759294761194863
0.015054724442714142
0.015754896047249934
0.016697223770650634
0.017758446240513023
0.018919448829539325
0.020542921904941194
0.02282454551620675
0.024999377462636432
0.026113288199977845
0.025990474052816823
0.02478328717903422
0.02278623712443862
0.020831458659680696
0.019724924866696313
0.019583692529088204
0.019997444155202507
0.020464050754149577
0.020711016718159007
0.020728477427873385
0.020432520711956014
0.01963250014346323
0.018383308173855556
0.017500499346327948
0.017757827158536483
0.01930920919563702
0.021523683042009904
0.023418493925132285
0.024210479429654628
0.0238613287444252
0.022846943447502134
0.02186171064825506
0.021315382518041503
0.02115147531746396
0.02116509929792306
0.02112980323308698
0.021218114996905176
0.02125618848248739
0.02101792293953009
0.020427095245022293
0.01979973331986154
0.01947206284645748
0.019513038154590268
0.02012402269772743
0.021435023574049913
0.0232026734458639
0.024829181823458075
0.02569403540339331
0.025815037802277403
0.025600195472946886
0.02520902696515222
0.024677058973004134
0.02385949939924178
0.02268735533057057
0.020803945834723177
0.018375099356846017
0.01589356908297984
0.014047694593472798
0.013346650112541669
0.013873409787134297
0.015288199982770454
0.017087662796771777
0.0188586284172954
0.02039502743097296
0.021451049789128308
0.021858852316588035
0.02176553951686559
0.02155540337647353
0.021546957180779203
0.0218328980047904
0.022152452869277015
0.022369788352584383
0.02262381718679741
0.02310754828977408
0.023605173773600743
0.02359021809480282
0.022597785335100148
0.020750686998783296
0.018944115550879347
0.018120555365415444
0.018287739862645563
0.018612689273326353
0.018437626537359968
0.017988908210894917
0.017710395610672062
0.017683103947203564
0.017518383818993476
0.01713238760198801
0.01679205035736929
0.016731975839915293
0.017211747818860687
0.018286354813356
0.019466312793416454
0.019804626305871244
0.019076182801205353
0.017943256931900752
0.017293617602029243
0.017304801224705152
0.017473841483676405
0.017011567900671615
0.01578095647415691
0.014764261298069029
0.015399952742012089
0.017780432898111632
0.020152379584511715
0.020691473111165433
0.01933941040466266
0.017429184560202492
0.01644773256051195
0.016942608151415586
0.01822739965266651
0.01889288909287111
0.018337994484906438
0.017031559007242174
0.015740061543977953
0.014820806412859253
0.014468446377028514
0.014633702659447873
0.015197408372046407
0.016016498529487534
0.01680874687084252
0.017303302614220473
0.017541776637151493
0.01751493831732018
0.017025353987494052
0.016052876660894756
0.015367842930895347
0.015769195233109226
0.017630214979312796
0.02048241191345867
0.023225171716517487
0.02484913218229303
0.024915923214008845
0.023636932552235198
0.02159577278996018
0.019696321206129505
0.01890376350750248
0.01958788555450979
0.021434644866475686
0.023662014516448227
0.02500367706697795
0.024709193760683236
0.02340135567818844
0.021924605131159697
0.020312727981294222
0.01856314844738626
0.017161969427410842
0.01674961598897505
0.017342997924089363
0.018287614244918503
0.018864913125176776
0.018682415220918965
0.01767819394606972
0.01637817630947475
0.01552445463001593
0.015416109588633792
0.015891952133857093
0.016595680466867872
0.01734831094434264
0.018375346650711034
0.019807155624900014
0.021241786336315686
0.022338060741859764
0.02329057631489023
0.024165984107477195
0.02454855353604138
0.024047320940404775
0.02314777873928536
0.02250493927573298
0.022376640391666355
0.02245700721090849
0.02267018502897463
0.022461648958825194
0.02135705069429175
0.019706407854607123
0.018252623553541795
0.017309953918209005
0.017095017004631823
0.017647100556396306
0.018366198008005943
0.018686818474348582
0.01873288509555029
0.018857673938222668
0.018905348440333113
0.01865898942278162
0.01835155274478835
0.0183662863101068
0.018346129250072302
0.01777474737443028
0.016712941685652117
0.0160831782713926
0.016597146225769136
0.018106523757050314
0.019789601110356336
0.020837756760527584
0.02072600497218388
0.019332816287521527
0.017224329597436694
0.015652192070721844
0.015840685632966423
0.01755958388920082
0.019537165869469148
0.020632530184903682
0.020644267374865802
0.020100888827088378
0.019540325035923307
0.01922007872500125
0.0189892756375723
0.01879143368057031
0.01864358155384528
0.018515195281681687
0.01839126818657937
0.01806354424677748
0.01714340506966051
0.015686152339796013
0.014204185167179284
0.013433478037023999
0.013754409281608761
0.015128342791989482
0.01693799340892602
0.018366899503978615
0.018805128168402272
0.018093777994994457
0.01647021396823047
0.014671347673625773
0.013506083957320081
0.013271437767953196
0.013717091743852411
0.014825264624845359
0.01660337004314105
0.01862171220989634
0.020159540317116673
0.020958450214479663
0.021232500791747294
0.021370334794185458
0.021507434337549466
0.021357426762075908
0.020567566288661975
0.019297657864378762
0.0180398907416096
0.016982377383027415
0.015634104025765448
0.013792116061465999
0.011772643983552076
0.010334389875068921
0.010331868973697617
0.012131398297582278
0.015034788990841121
0.01788987055317514
0.01979145647092169
0.020192047044696355
0.01899938870962868
0.01682413612764538
0.014949838215488153
0.014320058786149663
0.01491191107442757
0.01619239656034743
0.017753159739891788
0.01922613275248092
0.019916845979579916
0.0192652435262159
0.017584591368605455
0.016126174783937287
0.015928775632664878
0.016975203839824607
0.018473234900067245
0.019378979970692135
0.019261289073228983
0.018527980917628768
0.01778155135104134
0.017141563953490754
0.016458876836224625
0.01574549009682909
0.015361543628752533
0.015643863466876996
0.016713442775849303
0.01809932346152988
0.019153844632663643
0.01965585769144627
0.01952856056986674
0.018782049045001543
0.017617449627742362
0.016486645666029295
0.01592150635501677
0.016177593130596336
0.01704255774651028
0.01793630582903562
0.018442254273594777
0.018575443958196696
0.018504143559995544
0.018529298187947
0.018676569073849025
0.018757736122013202
0.018621784461575887
0.018328377519671365
0.018175905859691477
0.018264597910062515
0.01837436331937543
0.01803343430219114
0.017327742580412364
0.016749121858229413
0.016806120327722558
0.017427069315804775
0.017971646708993948
0.01779069358851806
0.016688273296814226
0.01506504810488316
0.013518549561314423
0.012793169934023626
0.013293583362857169
0.014906474081364958
0.01685399079149517
0.018264943375044976
0.018628865948563594
0.018075065359276707
0.017307241252046388
0.01722079104161007
0.01868452513103555
0.02153136551780654
0.02455886295278288
0.026229537916633912
0.026150525487543583
0.024999372668273387
0.023653381970564876
0.0226034505940916
0.021637327712332528
0.020136786616589207
0.018064086716304203
0.016250516735976477
0.015371243147700178
0.015253873974664
0.015490485536275361
0.016239044774531274
0.017745763121188543
0.019464858808190013
0.020530262385501236
0.02054769377360241
0.01989555176568042
0.01938926575355272
0.019750528840577635
0.02101779435203853
0.02228571271719475
0.022824616990617583
0.02275713884496047
0.02245943698908528
0.02179118885483771
0.020530020908807598
0.019017664465762158
0.017905062582638808
0.017620055950512005
0.017946406482017053
0.01853945682799371
0.01926879334545702
0.020308804035252596
0.02159402993700766
0.02279854608764046
0.02343242704708478
0.023279805977890214
0.022490276076766676
0.021639157121309028
0.021006823437832427
0.02060543027668581
0.020337586160562242
0.019816108505083294
0.01896932209517761
0.018316666179970374
0.018161531071671923
0.018330577992725076
0.018515562195965292
0.018642909083718007
0.0190651137364164
0.020130411520857407
0.02167897181527414
0.02323873411435761
0.02420953207367825
0.024360699744338722
0.023836816361610873
0.022855465629720864
0.02145313705505515
0.019741072789274353
0.01825242594623909
0.017812104680792844
0.018608510633218115
0.02010713505981394
0.02159703362089379
0.022845326973589337
0.02399166939705005
0.024874099295371523
0.025344513397432003
0.025487178425039697
0.02551299296267225
0.025404266161777676
0.02513239288220615
0.024748194581988906
0.02401247906814475
0.022884082844538602
0.02140708138154935
0.019675284463310818
0.017824254922875503
0.016035972171610523
0.014851618950577322
0.01462076576218618
0.01517120113288018
0.016075490201724635
0.017185036205878374
0.018680737653796985
0.020463908898868552
0.022010761268578313
0.022874556027633244
0.02309177691503825
0.02280345793984994
0.022096572864263777
0.021049262693791954
0.01995941334060123
0.019406455220882225
0.01968031379509386
0.020530100508008863
0.021431906137513994
0.02230887015709165
0.02338486968622369
0.02484027145425475
0.026422073769154043
0.027303899597569466
0.026777433582063432
0.0248844776717458
0.022687706819943
0.02115629620339104
0.020815610746506376
0.021683359860811085
0.023289981563150236
0.024455743190707372
0.024075580183933683
0.022024626655928994
0.01938766004367906
0.01750387584933631
0.017061088977324584
0.01809497384369072
0.020277215778294232
0.023008059674332268
0.025088521439971378
0.025270139346458928
0.023531503849786233
0.021206543123809405
0.019748825803124495
0.019823361884696605
0.020912802348862718
0.021843586091336374
0.022088151098582844
0.02179314227810765
0.02138340623505963
0.020955643653202995
0.020584613522676855
0.020107360033906112
0.019433338627022307
0.018510108578834082
0.01751896891460112
0.01695664202616473
0.017501004501614705
0.019419568185301855
0.02220411510499669
0.024642293870939195
0.025670902399090874
0.025102224385400856
0.023623452357455967
0.021862732241189422
0.020096698343602948
0.018718440062353594
0.017838035853391904
0.017260330805366604
0.016698127655386592
0.015925394359435827
0.014752205892332516
0.013353506192334292
0.012449023550846336
0.012735657951240787
0.014524066704086371
0.017523768772025362
0.020849322497484016
0.023316017226623357
0.024431751271377936
0.024892857278183807
0.02524099935527775
0.025101893642362438
0.02373007971225819
0.02130021358245908
0.019011286908047497
0.017845076644855917
0.0178505673211409
0.01839602764240524
0.018719224153096653
0.018658437079318867
0.018651095751681175
0.01917846793746453
0.020174404573102888
0.02115224821920329
0.021611390708389133
0.02159464359651666
0.021512326740591788
0.021781036633942336
0.022452411883721934
0.023352203821896504
0.02390427420107315
0.023560435284226557
0.022045581657701527
0.01957097794899624
0.01682093240865301
0.01512090522096687
0.015318590922681901
0.016902028412714928
0.018607617229425142
0.01967492047431139
0.020122401635682536
0.020247573176630045
0.020020483948364455
0.01931295846537236
0.01853527775466133
0.018343845116437326
0.01920047125091825
0.020567138320015513
0.02135102718445615
0.021222036970638083
0.020841611728538934
0.02069452455100353
0.020358354961099185
0.019535127018485293
0.01855024248659644
0.017967132466387276
0.0181753583745095
0.019168824441528565
0.020592590317208462
0.021726829738177925
0.021769522310659747
0.020532642788368007
0.0188722127331205
0.0178856422006595
0.017917927407112448
0.018619589494051358
0.01926083642543159
0.019449180454305614
0.019402231877945958
0.01958270975125545
0.01998700996159462
0.020284587207829326
0.02016541455494022
0.019345048006635193
0.018013745510854426
0.016753290359318083
0.016453265734874073
0.017650032618936422
0.019953780898975162
0.022123759282796068
0.022935582480562586
0.02210464580739926
0.020474532134877505
0.019087523692833428
0.01838271773962855
0.018338758466483102
0.018925030287580996
0.019923084578394642
0.020918046521649764
0.021598235380650983
0.021868670986118388
0.021544934849381792
0.020462547118429306
0.01904832531411497
0.01828465790785304
0.01851970188495894
0.019352914482171676
0.020296904707018417
0.02116314999231042
0.021897418192937026
0.02234196485907687
0.022300815721705253
0.022137108794968847
0.022423559881847768
0.023279298673295964
0.02375545040612198
0.022753089725504508
0.020405429884896912
0.01800280199758693
0.01674444333494784
0.016856441845007012
0.018005458401320878
0.01960565162459167
0.020909001375735252
0.021364728474411978
0.02104731467184822
0.020487175705978702
0.019825574496973267
0.018853807601887138
0.017649768166642578
0.016846055003729515
0.016982570386444833
0.017965854061317788
0.019368490281598087
0.020731588425385566
0.021822301974204126
0.0224585091277287
0.022516799064642396
0.022155845880875033
0.02168093765214196
0.02126328304877177
0.020953588273022395
0.02075900915089098
0.0207306094703706
0.020934098430577797
0.021032144499067002
0.02043008813027674
0.01891766435552639
0.016991601599919175
0.01535481669336647
0.014350250022678734
0.014000912382508682
0.014397466468738284
0.01570246876202074
0.01772114303532714
0.01975930787192607
0.020987922505142146
0.02096877901856422
0.020056936820200485
0.018983119513021448
0.01825036218443818
0.018094208963975896
0.01849774586806723
0.019247020202290424
0.019854980468417438
0.019865373086872553
0.019205072842677112
0.018367104780552635
0.017712087623553398
0.01759547001064954
0.018609695173203666
0.020954166333028452
0.023486268538142625
0.024614818999161212
0.024177516992051666
0.023021432803814357
0.021625671730590205
0.019952169213495546
0.01818229616755096
0.01697547412352649
0.017040265221747126
0.018028331547023373
0.018662681675788554
0.017807550354620342
0.01583430772998417
0.014086216559355451
0.013796269532932231
0.015253119539052163
0.01766778322385748
0.020045747484173187
0.02174084076557996
0.02246926059108646
0.02218803632085338
0.02141234783749599
0.02098022641808549
0.020959010617781892
0.020751998298532075
0.020222755567672394
0.02002786405718786
0.020788466376573
0.02229418948802341
0.02356585621226159
0.023759774662762377
0.02296803959216756
0.021704656419070118
0.02053921409952111
0.019902097847662
0.019825889435721937
0.01979600154704292
0.019177210056068254
0.017869863512955747
0.016575407755109798
0.01621408165559817
0.01722653649619612
0.01924909528619879
0.021144802801205106
0.022066192032485003
0.02244031467873129
0.023179906424095894
0.024480764990733324
0.025717362890176773
0.02590933278887951
0.024651913611151217
0.022605142637966397
0.020945933020431635
0.020282272846870286
0.01999285981497497
0.019150032619656837
0.017677044409031638
0.016391136600921865
0.015877967126667756
0.016226049302113868
0.017573407009497995
0.01969907057351453
0.021740340102890818
0.022546835577958255
0.02170626822624122
0.019939007896392125
0.01838567498190041
0.017860041849458816
0.018327572578484053
0.019235984235728632
0.020119494881564295
0.020923968226919797
0.021649224661924406
0.022059794742422534
0.02199524037385992
0.021574687511925116
0.021383096422254163
0.02188193238151895
0.022913465511537365
0.023766271092449043
0.023618742680287564
0.022126493409845977
0.019748403147371318
0.017340786589122623
0.015745488976485603
0.015337418463249434
0.015914153028676922
0.016947122878474045
0.017879765024492993
0.01833194404866669
0.018389867806150408
0.01839305933731787
0.01868354528429217
0.019224240576632447
0.019728103061320678
0.019961252900364893
0.019647612284350763
0.018739609357836546
0.017648202796420074
0.01717706314122978
0.017504284528332952
0.017907191258685853
0.01771142743151827
0.016895563883096425
0.015969739129487508
0.015929641097064018
0.017423006443039884
0.020141648984732197
0.022980046987616715
0.02498006094925149
0.025865427650631385
0.025760530009219455
0.02499776669564404
0.024114545188523656
0.023481520635797386
0.023036615087462558
0.02212436886378103
0.0201578440793763
0.017567491903501903
0.016054841238453205
0.01663506508854638
0.01857799118234648
0.020399137170809174
0.021485702660462888
0.022010211976328325
0.022358569284095058
0.022527446674766277
0.022087051892239282
0.020909273185279603
0.019702737940425888
0.019024220372965753
0.018702369358197562
0.01809976609748132
0.016822012191655154
0.015437360954025552
0.014920174356911118
0.015640942826781124
0.017098751294319616
0.018473635647464966
0.01943682077428528
0.02010931420419416
0.02071663256737623
0.021310495884855975
0.021725142746501475
0.022000093436792427
0.02226818205246244
0.02246999558774251
0.02238146350860816
0.02218216660615526
0.02198472515865311
0.021679516602805156
0.021133360967058104
0.020627430958745096
0.02045385060169857
0.020493898842729317
0.02031160834081271
0.019692396315866098
0.018981741900017696
0.01839878419121681
0.01776113504389193
0.017227031131521513
0.017195578429950314
0.017776711575486263
0.018590386847519565
0.018735915506335816
0.017573752932500974
0.015540569080583194
0.013898455674551186
0.013684064466047125
0.015057435436104466
0.017046945514024355
0.018684884598489975
0.01967423918638266
0.02019602969512528
0.020231385519254304
0.01975446288864658
0.01900228137021343
0.01835747663682848
0.01775862498106335
0.016835736278136726
0.015637446176134516
0.014592497080896959
0.01408432828556022
0.01435737368171081
0.015101439987942939
0.015992097288188598
0.0168164514820336
0.01761530097294108
0.01831988261848864
0.0187548283045972
0.01880987531867518
0.018590592052980158
0.018298486483075024
0.01797525946509182
0.01762663653865376
0.017287406776839334
0.016902163981608553
0.01660600000957012
0.016683556134035795
0.017102175674402566
0.01753872691348485
0.017812504754442966
0.01783666494812843
0.01763386974911252
0.01734083055635898
0.01701805576497107
0.016798742163314978
0.016708971146158436
0.016372323794927
0.01580654695123205
0.01566732455242642
0.01647114444196916
0.01796575962802518
0.019406836647823392
0.020408997752380875
0.020878926923374893
0.020720488041871356
0.019740255476636943
0.018205497777049703
0.016775319270299387
0.01592456185335521
0.015539355846261909
0.015581446343446574
0.016323393634529768
0.017780833433415008
0.019213313789742954
0.01983023793049075
0.01947599589923815
0.018816705957952744
0.018531513079930485
0.018582829936883177
0.018295996102214593
0.017469850278123474
0.016774734964926544
0.016764732595177967
0.017207120071916625
0.017358297033141408
0.01671525807676421
0.01560114102555662
0.014833101496875839
0.015124600352600446
0.016852010217785672
0.01974595298224394
0.02262214880679958
0.024077725574392247
0.023867562215906298
0.02294371135148132
0.021888505803652702
0.020746021435511488
0.019491261626113664
0.018567443794960125
0.018357327308245165
0.01868984203816413
0.01919268251294258
0.01943921754018947
0.019134459040219032
0.018378637292017632
0.01750126158369367
0.016663211770737103
0.016164988680260884
0.016421835558835807
0.017636532790004003
0.019531800460594988
0.021669901935211355
0.02375110766264512
0.025371953348423352
0.02596696959555266
0.02547080891196751
0.024494096789077838
0.023700776750322297
0.023202071841711632
0.022509625013510094
0.02136484546726683
0.01975786365408626
0.017824376185303404
0.016479385748630986
0.016831443376876972
0.018801956859715783
0.021223506827058893
0.02282409085023166
0.023174833542460964
0.022512770897788283
0.021378000999585464
0.020308854541762726
0.019560242655251095
0.01906059591541716
0.01837148188120169
0.01728538181385072
0.01609770190445865
0.015151726318580604
0.014544227090146562
0.014225817800879564
0.014054342425186666
0.014054340681069337
0.014329474177554098
0.014845670545266813
0.015770540313238577
0.01724241621839312
0.018803936110376764
0.019666838521981582
0.01963121056324146
0.019112552201115084
0.018579110190657114
0.018193031643970625
0.01808360348813006
0.018462900695072237
0.019164716663570378
0.0193179914134539
0.018421729027262152
0.0171293367252846
0.01654257273112177
0.016864411385668198
0.017262211587931158
0.017231793528606383
0.017140968942304404
0.01747227001807917
0.018231869344845674
0.018943445291138356
0.01886772268307462
0.017969863539754917
0.016747573752896254
0.015557916908411986
0.01441122272755014
0.013464122512958752
0.012994455447729269
0.01309143884787452
0.013588750793473355
0.014388460414287308
0.015472448325925977
0.0166660029829126
0.017602765956404958
0.01835824135105216
0.019408907873539962
0.02095471004439052
0.022397284794316102
0.023274756824812448
0.023732036361019032
0.024289374432234556
0.025181477639567032
0.025973882058470874
0.02601187199096703
0.02509753092254379
0.023569072285856304
0.021711748446453284
0.019555026363050492
0.017138584445753374
0.015019341724621169
0.014020870334688493
0.014323047812154701
0.015125503292927821
0.01555735204874766
0.015644495902361583
0.0160024642908432
0.016947767047730124
0.018007237488232433
0.018548742733729213
0.01845203998025216
0.018160838581822224
0.018095362222775545
0.018325639301293196
0.018763795323305358
0.019238241197167178
0.019567282198106863
0.01945218176634558
0.018723461931400995
0.017730131869177677
0.017346267680927615
0.01814465889127162
0.019775881884604198
0.021388891098264997
0.022479659409142937
0.023287855167933635
0.024087079471404493
0.024636179681412306
0.024422965153080123
0.02307671104758322
0.020900647675374837
0.01888248205594022
0.017891835997884336
0.017928645013880487
0.018208053381578753
0.018042169418786294
0.017262357640372393
0.016359954465745334
0.016036841002287094
0.016473926971549417
0.017339076294624535
0.018187159509197467
0.0190531845371533
0.02012127430383387
0.021103291736246397
0.021484082194013772
0.021085579467046825
0.020622610171187643
0.020977955906613045
0.022118906027739242
0.023213849113947457
0.0235491784907208
0.022811427040797756
0.021157122921552307
0.018940850828692037
0.0167420008691308
0.015218997878330169
0.014750393437174268
0.01489340987091648
0.015039266230661204
0.014945760987673985
0.014742208943053298
0.014540729141945825
0.014449975680325052
0.014305411540326414
0.014200573708556659
0.014440010782801098
0.015133995712153202
0.01580754001947104
0.015893372936771562
0.015419296506983756
0.014916314292157359
0.014902633015777652
0.015506201470391197
0.01654754718769182
0.017741303745142736
0.018608578690683157
0.018802595111013003
0.018653673171446495
0.018578252351794246
0.018620518440294557
0.018504828493070283
0.01820024393538818
0.01836238081130801
0.01946766152017753
0.020952386396927803
0.021854790755051316
0.021787029273030535
0.02084063523314897
0.01951668282424443
0.018163534179681258
0.01704707708815108
0.016451744272933947
0.01682117778733137
0.01819197918928907
0.019693355530198547
0.02025040890577293
0.01954433539659092
0.01812858192928586
0.01683332448068392
0.015973626694556924
0.015482647299569694
0.015321172936410513
0.015281354047144084
0.015067152555479874
0.014827516982175047
0.015265547434773824
0.016434136451043548
0.01754792363788825
0.01801349603841599
0.018179797833544713
0.01856633618204334
0.019165330623728216
0.019727150245684402
0.020318330531809228
0.02125594592162505
0.022508389544430175
0.02381192750397629
0.025010884803488974
0.025593863018889176
0.024986543792867737
0.023195928601487583
0.02125541932662911
0.019753960487048694
0.0184437946802216
0.017122773546642565
0.01587039251847394
0.014805638762598454
0.014118837045177668
0.014201971384547036
0.015177143827900476
0.016818419555711745
0.018537942197255804
0.019689143362919534
0.019947462213993596
0.019492275368473175
0.018545073627691394
0.017420082431039614
0.016583071688511655
0.016274551973395966
0.016276220261827165
0.016000807127179717
0.015187736418901763
0.014264833875413364
0.013951906210649598
0.014701562927934203
0.016412214105996033
0.018507621056627496
0.020201490505628715
0.02101868763126168
0.021082160653220352
0.020794152677338928
0.02063816595345437
0.020601166545923623
0.02019197070458175
0.019114149504850252
0.017696982800175606
0.01636343016625633
0.015248477174776578
0.014290430545083369
0.013548542614642337
0.013240037293258752
0.013541982953304221
0.014349439998418501
0.015290210019146589
0.015951659156214465
0.016258053892076844
0.016395166016296533
0.016819704392747523
0.017786280145693265
0.018964857021272593
0.01969027845266503
0.019613312703577697
0.01915390972407916
0.018670435752718366
0.018105005031327715
0.017108341756933737
0.01576493075000272
0.014639549334173033
0.014470903861947375
0.015436162209516678
0.017171600966801304
0.0191093252441869
0.02052033732291976
0.020772164215057683
0.01995818574991021
0.019020287382412335
0.018812158899560998
0.019576851858363338
0.02093495698577359
0.022321192818087855
0.022981507744613935
0.02240754769646393
0.020564649622631662
0.01790715424197736
0.015021719222578467
0.012571336370070943
0.011308184963639308
0.011615072277304479
0.013403144893503947
0.016230662044152508
0.019736288955918287
0.02339127128902421
0.026245304817742184
0.0274930583568025
0.02719750417113925
0.026219495429741984
0.025488676845093115
0.025300623137314345
0.025397194371450774
0.025167615131814345
0.02434122444249396
0.023049767146941427
0.021619290330497826
0.01996099950946981
0.018055758189862048
0.016501299284154388
0.016032635551489215
0.016657389539818802
0.017733605249289443
0.01869371105029096
0.01923693230930673
0.01929528719894229
0.018909147813778473
0.018409214329960392
0.01814635569292685
0.018143173673533575
0.018164546516557644
0.01806479128062921
0.017737359310540404
0.01709891242449279
0.01616704151156704
0.015151768346540462
0.014200767547234405
0.013452101971445073
0.01320212546136048
0.013684172677809855
0.014822611458463811
0.01626286346384627
0.017280926027665004
0.017637978299903198
0.017591248733831347
0.017447638449029565
0.017436712077445838
0.017981986155639344
0.019133781422802792
0.020069661974156557
0.019902081330008176
0.018673616252898702
0.017366343555055563
0.016854930666825238
0.016987128652396363
0.016864525787526848
0.015907487043604826
0.01445508743600383
0.013184065541375568
0.012618858661837054
0.012868920724991375
0.013735966622746789
0.014974136531803971
0.01657818100222587
0.018412486278026535
0.01998312940965107
0.020694063855353436
0.020269173504053557
0.01900987385787628
0.017375519981174665
0.01593466453303132
0.015393410395207823
0.016058731721017502
0.01714745346892313
0.017791447323404635
0.017674265222163737
0.017183195043109136
0.016910003958814885
0.01750076138677121
0.018698573630945955
0.019728161194869254
0.020087204983399224
0.019876049432455658
0.019457861386266706
0.019045056462753836
0.01867040986536813
0.018093781399620826
0.0172953483382574
0.0166659454279977
0.016601055740690714
0.01717568344124809
0.01811208585197689
0.019118139569533697
0.02011509142545817
0.021150935236175786
0.021983450936198683
0.02207936889324406
0.021037544081528147
0.018987081532203586
0.016388853971362825
0.014061267809137365
0.012703119768507461
0.012524387145558794
0.013450456016935444
0.015145130222910752
0.016999019967994224
0.018392075268515808
0.018921469488046364
0.0187870882220558
0.01868371601468268
0.01920165864068969
0.020533530761257926
0.022391695610718947
0.024071877153798254
0.024977266940944872
0.025114642876400736
0.024925712614428823
0.024483916160666384
0.02344038360436518
0.021743310778132588
0.020133166198262994
0.01920062850575169
0.019089376520662824
0.019367638280742155
0.019503718736646327
0.019040851287688794
0.01806138054788
0.01690240864445283
0.016017412260285517
0.015702181371507994
0.015812793360503494
0.0156840641315625
0.015062016281779044
0.014421097036442666
0.014256809506776148
0.014358939718669689
0.0144689197079164
0.014616108293264018
0.015084807457782498
0.016057435617650245
0.017255831983075835
0.018319353483930698
0.01897968454471601
0.019256445790064358
0.019127448117574088
0.01842933771036157
0.017227922894337576
0.01596062590210183
0.015413389564565658
0.01577652827875333
0.01661566128505849
0.017203893697439288
0.017196452341726058
0.01680605333652258
0.016295839643756017
0.01578700352318493
0.015452153421376954
0.015532311641065522
0.016025447857174007
0.016736284782238497
0.01757147727108919
0.018367714646690732
0.018816488106857918
0.01850084682813597
0.017429106549101712
0.015967647654602155
0.014698852443375968
0.014123823213251665
0.014454908870394634
0.015318122998726605
0.016351548583373225
0.01729993431450664
0.018050075117045736
0.018232409316716942
0.017732349328674433
0.01695935837685349
0.016407215760668843
0.016317948713225283
0.016826835756602702
0.01780037767912478
0.018827754574418324
0.019425436684601387
0.019334624125395113
0.01879131118277533
0.018254635422178346
0.017721195674616455
0.017080828771242555
0.016471983560990604
0.016165077110515895
0.0160505416479521
0.015962022694757896
0.015984162854477842
0.016121475448425973
0.01630375754574579
0.01674867831022186
0.017679287226236528
0.019223062709636102
0.021149753122796863
0.022992697897167163
0.02432240944761858
0.024627547976258317
0.023741387992667545
0.022037528715002128
0.020217088108098667
0.018851329072077025
0.018321686811429323
0.018663658352821494
0.019429165209690822
0.019860088114657358
0.019654064022198516
0.01896655011618106
0.018023394444984332
0.01700012270397684
0.01606044323234376
0.01539358678351784
0.015172370349874162
0.01535837195685737
0.01568796525674148
0.015696216189608272
0.015068812003854924
0.014062779623485282
0.01334678304928902
0.013748343590633587
0.015497929824090512
0.01824171606985917
0.021196283173880264
0.02351589866284605
0.02479510213212174
0.02553923841152695
0.02649182200090961
0.027804809011016146
0.028805699567264895
0.02867271328110502
0.02697868048215742
0.024457665457359855
0.022323080260772985
0.0215934121539952
0.0225060744954581
0.024472726170441668
0.026414163496063753
0.02744839430321255
0.02749774583701873
0.027053685488871382
0.026360404987684143
0.02516950612511656
0.023210575563489044
0.020829565394197447
0.018616736802041872
0.017021691878529758
0.015990489111545703
0.01501213941302545
0.01401807171468815
0.01356466880610528
0.014142942033724357
0.01550029040586068
0.01690463519872356
0.01779825965100847
0.018188049259087603
0.01846481091368799
0.01900076440739779
0.020137813836475855
0.02192898899064647
0.024109060542118872
0.026074074471983833
0.027416109174447697
0.028036351557022166
0.02773826914409361
0.026426564120776052
0.024417663588293795
0.022379920422749625
0.020980977886037765
0.020589444727984314
0.020868539161924365
0.02096658671334883
0.020254663247898385
0.018835733541794013
0.01723977560571911
0.01592980486500011
0.015212835264346327
0.015121751645417332
0.01546164284182022
0.015915585351147
0.016331297741551714
0.016705966439086506
0.01709077123787117
0.01746931080680019
0.01782120095666531
0.018049265360609454
0.018126382653784846
0.018185218288626723
0.01853857099386739
0.019290201617929485
0.02025726937277741
0.021036535113357176
0.021187796815482187
0.020931431158007625
0.02073815290696212
0.02079900051519666
0.021102315506067438
0.021708928442200546
0.02245323151175904
0.022898238394057906
0.022693216589377507
0.0217584191977132
0.020095228824320948
0.018199493485408655
0.017168359877533984
0.017792819484549194
0.019721225436612557
0.021700449607841846
0.02263903464317843
0.02222390461282914
0.02060462369575159
0.018249947425152672
0.015904716315736214
0.014402221850463335
0.014108337874599891
0.014939954793209866
0.01654259853865117
0.018798672682403327
0.02159289935078157
0.0244121915274061
0.02640072336230716
0.026958310356937416
0.02613350201241904
0.024764101181281695
0.023820716309450214
0.023766299766231527
0.02446626998068242
0.025450173843864384
0.025823822610039897
0.02476561943853042
0.022254422061547156
0.019430646341973785
0.017692140675089806
0.01775276042124073
0.019106000841219863
0.020784275865086823
0.02231135321211616
0.02344879983223643
0.023894928836587382
0.023238176587888196
0.021559316011340063
0.01933552028260705
0.017132114846014398
0.01532033307336916
0.014112851941881752
0.013588384505111677
0.013828029813579746
0.014905818692817608
0.016413143043456854
0.017714324791317092
0.018479313542531066
0.018973494871685835
0.019625688657249812
0.020935567778131874
0.02295756194546788
0.02546485649795386
0.027768777572823047
0.029147861776420935
0.02912192722892578
0.027900840700295276
0.026001534899591745
0.024146718800320516
0.0231051203398397
0.022896070763554315
0.02305707351721831
0.0230736369075136
0.022457424654512913
0.02083770988853798
0.018690720824158236
0.016819321536393404
0.01551090634014872
0.014939611307129253
0.015138948214578346
0.015832207304830714
0.016744038433728337
0.017585537129603812
0.018172920056080923
0.01819539461481945
0.017802942054032312
0.017482428189468106
0.017826668576568065
0.0188860463847711
0.02018057023117158
0.021095357822454978
0.021503287313529584
0.02165367231039033
0.021783896239225588
0.021746418248901923
0.02152143383636739
0.021301678295441873
0.021518817958141367
0.022281640806265216
0.023398265743520014
0.02407940424918386
0.023962511410571295
0.023655479589237815
0.02395280599525174
0.02462895075524338
0.02496532223935255
0.024476592353660388
0.023193831586528577
0.021312616227815474
0.019155007951363084
0.017086919684491733
0.015438742180947648
0.014454457439593884
0.014321048360291421
0.015004863071011471
0.015868851664710047
0.016419986278534315
0.016539245748998142
0.016354417349224354
0.016149440492984158
0.016289910496979768
0.017045950514795828
0.018010306238125794
0.018560521084640656
0.018455065009972727
0.017800959424220015
0.016830075438652035
0.01591678596223484
0.0156959397519965
0.016459223176983864
0.0177675834248222
0.018870232103120173
0.019474349231096852
0.01956722142897908
0.019220512281501147
0.01854055880948299
0.017963527500110387
0.01794314787360543
0.018433112522135264
0.019074977528823523
0.019412632752847818
0.019133111706756585
0.01812296921309962
0.016622244355726318
0.01532520788150768
0.014962891820870555
0.015822279423252487
0.017468073055019216
0.019125188158071713
0.020223629936247472
0.02057044971904846
0.020385251346290028
0.019945990627150186
0.01960120749642464
0.019584179642179664
0.019835737525009004
0.019987484676136865
0.01990084794496959
0.019512636543629436
0.018808475892796533
0.018016131207890522
0.017724388005120592
0.01822777812512856
0.019409921900477644
0.020910569719315167
0.022309407862771018
0.023230644038922887
0.02343245815402432
0.022762606177318945
0.021371510192016902
0.019827685352210644
0.01887736480815071
0.01897888218444857
0.02020199718323141
0.022134142276416392
0.02404359260007674
0.025046658595058596
0.024606813307088953
0.023032985846065408
0.021127704751125846
0.019357599903832505
0.018063354857369606
0.017666749166157854
0.018121672879511885
0.0190704923433105
0.02010889879735322
0.020786482525556545
0.020701777832067163
0.019897605237467045
0.018995010676472295
0.018556955563001694
0.01864751050926195
0.01860238620918755
0.018077597277376928
0.017423405883800428
0.017019780396053296
0.016581414457704325
0.015993703560555517
0.015521624154151191
0.015593171511780286
0.016165176849027196
0.017134002097400854
0.018343351286088452
0.01931733900460305
0.019522587874535736
0.019163167343333565
0.018876646548255934
0.01892009326438371
0.01897508577780677
0.018722414114188377
0.01827570871598403
0.017950807303920416
0.018034681490922203
0.018394862233122738
0.01849593451445468
0.017860224615984827
0.016794785263328445
0.016246878751972175
0.016977254546049196
0.018804173276909395
0.020867145037581036
0.022547813460644384
0.02352213959308143
0.023575057425027073
0.022742016442781825
0.021644635894911106
0.02087031283556723
0.020507065101364984
0.02024305111513342
0.01995123231059516
0.019783454732804972
0.019770536526655936
0.019737773929684586
0.01960514890033236
0.019451442011898294
0.01932863685472989
0.019197503651832978
0.018635980199754314
0.01761194358908478
0.01671241440148164
0.016858669406969118
0.01827774026166311
0.01998746169651371
0.02064427974077674
0.01993131750689737
0.018854081085884718
0.01833083795200516
0.018328839528453492
0.018305548858080924
0.01837103887225419
0.0189257725230747
0.01994064401776192
0.020761403570227113
0.021137628174157447
0.021002921591515525
0.02023787125934494
0.018785472463466457
0.01710641096638077
0.01583479573736925
0.01545723646254417
0.015786223972918654
0.01629538086138341
0.016732802219014246
0.016981207584911444
0.016953740921543222
0.016943257583293302
0.01726942392432034
0.018027208358406103
0.018901713831966052
0.019562363928497365
0.01977611309573711
0.01977976833117108
0.019683918694838046
0.019348968548603438
0.018795979227637694
0.018599930538930696
0.018886124168685216
0.019321465315240455
0.019372195520301737
0.0190735917260636
0.01876262048369308
0.018836381963986255
0.01943188961612399
0.020157514055102677
0.020249798417254057
0.019497284704931863
0.018223949755717443
0.017036877101880645
0.016344024271332917
0.016379669982738782
0.017250351715558096
0.01838893013900419
0.01897370075040686
0.018774475770476806
0.018271862041287765
0.0177006432698238
0.017063822568128308
0.01647208797522455
0.016391898980522956
0.01702635983782188
0.01824011344482369
0.019627162970380464
0.02065030610824219
0.020978222356657805
0.020369410391914405
0.01877630115599298
0.016933466185055507
0.01585251142333022
0.015996942706148803
0.016932651722619277
0.018038086813185288
0.018757741255377842
0.019008559443817078
0.019183950946711405
0.019653721552797907
0.02039370923200265
0.02112862759860544
0.021682757356392853
0.022106294335006868
0.02234219496667358
0.022073159624198858
