5.056128044027397e-32
0.005522502154449315
0.01803791013383728
0.029522160918729494
0.03545566806578327
0.037545739950857256
0.041819637585881836
0.052057125728574266
0.0689179494761339
0.09073707076839596
0.10985322295045646
0.12686699091147993
0.14074456710471703
0.14848075213011627
0.14543505799995604
0.1351737472807018
0.11811595698676569
0.09928107809478379
0.08104193083366523
0.0671763919889364
0.05740016030695989
0.05162878574573668
0.04846565834804328
0.044632329246798594
0.03945890575186183
0.0335000515867786
0.030629175348074432
0.0324832670902099
0.03937150186067621
0.04889127661077679
0.05986380544336925
0.07039155368954442
0.07914023747039964
0.08429380925401243
0.08750760467198719
0.08962576704425862
0.09205530578779084
0.09383594472110844
0.09379463805330923
0.09091080815103648
0.08716636723275677
0.0831268246580721
0.07816708880542647
0.07096334495758794
0.06249042003775423
0.054967486512537606
0.05067040440468066
0.04790131741112917
0.04458214985408131
0.038827140337408174
0.03359278456972085
0.0325569368196365
0.03657740602879724
0.04211480953383859
0.04774245643920646
0.0515792998868261
0.05474859198832895
0.056924883099306496
0.05991728373642256
0.06337952344083321
0.06907463113533215
0.0766445961955964
0.08343667178274464
0.08736813469527498
0.08714521412150321
0.08501615648838919
0.08020972732913693
0.07320883599263747
0.06328661058350205
0.05380912428660061
0.04769313516984974
0.04515604188593348
0.04375714431163374
0.04222075341053066
0.04037836311432304
0.03915593088025815
0.03908804861890702
0.04042561437062653
0.04264373572522642
0.04674162859926963
0.05292106807793993
0.05966207218909939
0.06373486470206653
0.06518590321838894
0.062267637347210456
0.05795334895590153
0.05543438077016173
0.05640220545274998
0.0582722971120427
0.06057315823580845
0.06243897047915854
0.06376306746269957
0.06259481567091356
0.05862953632272051
0.05318614916505486
0.04921778812389564
0.04765007764011063
0.048168739280260935
0.04799410210575879
0.04702118242353961
0.04681078698632517
0.04806454889725514
0.04994549056664448
0.05289047652933195
0.05685315255529676
0.0601736884797606
0.0627290249801881
0.0631844293784795
0.06380715845934157
0.0645896023049745
0.06578339510901074
0.06713754425219273
0.06852140961125013
0.06923313399066243
0.06752154178452639
0.06351321913309384
0.0572290723447344
0.050561589693905194
0.04459380152634056
0.041480507686903895
0.042506975407207555
0.04715083387074776
0.052186855297209914
0.0565654919542366
0.05983880101004209
0.059301891688595613
0.05882855780018893
0.060352843160785166
0.06602326427047099
0.07183948577837958
0.07460260206636996
0.07671708891543984
0.07772755141655249
0.07903224200751752
0.07868203128228438
0.07564477145156577
0.07007368219549318
0.06439276719240926
0.06182463789464109
0.06140758773256518
0.06044384265929273
0.05753057388224898
0.054377660009587866
0.051529526002510456
0.04987187146630141
0.04791123867341663
0.04655021637655482
0.04540451894073975
0.04613437221264231
0.04837451064141381
0.05169561068320816
0.05534249905828525
0.058012479348447284
0.05894245735788002
0.05794046197274858
0.056667277648029014
0.05670352537261893
0.05787118358477676
0.058414008590935214
0.05982103460317374
0.061963369577837005
0.06411069249559155
0.06527221543044417
0.06374813189899986
0.05914675596569495
0.05309438142853667
0.04774934582708353
0.045109603853806655
0.04525413763340996
0.04640646588252291
0.046785163327115374
0.04548806205316097
0.04384716388808049
0.04398800584781447
0.045046378830761714
0.04603386977783123
0.04583568453312788
0.046607381180645016
0.0493050768163908
0.05380897165567036
0.058734117210325565
0.06290443725282509
0.06712022467786967
0.0708447240730277
0.07114555012136228
0.06710440129644436
0.06112466547752664
0.05501228483802705
0.05110618962428192
0.04830033394437303
0.046876797945401255
0.04684695196151399
0.04693415919921094
0.04822527815383535
0.04854988763150216
0.047620449028870374
0.04498610151932258
0.042949772099364875
0.04337230604663086
0.04608071648465632
0.04999216868839818
0.05377155540938007
0.05447047059991199
0.05305639827161446
0.051289594447936404
0.05153391061132124
0.05520436802860198
0.05972420843387373
0.06396041225269865
0.06593103411134198
0.06369782819680096
0.05889448918647732
0.0524182320042603
0.04736710502185627
0.045079512363294064
0.04660110652280904
0.04981664770938956
0.05211102281881438
0.05221963865761664
0.05068119225233576
0.049659960197831754
0.04955806862337956
0.050796828385748866
0.051775844134048774
0.05204518140115682
0.05374466839020753
0.05661864969474421
0.05806779073830434
0.0584832406775944
0.058659972718316626
0.058955479722435485
0.05885108974429932
0.05894145299719205
0.058510617512818205
0.05716783465701649
0.05466868663933356
0.05135000758812184
0.04940040247663357
0.048529990632264756
0.04776299615590034
0.0474526811393496
0.04759225629533352
0.04935157344281914
0.05066555544029332
0.051484642032832845
0.05138405102562367
0.050925590000212545
0.05121645877080716
0.05206311758531586
0.053390503340498184
0.05518476924754808
0.05789042520314819
0.06109272606215548
0.06326454963739107
0.06268269999957159
0.06045030767996957
0.05908202774200928
0.0594959570583473
0.05800139629876174
0.053952966294214165
0.0479084971224976
0.04294586003449222
0.04023453604781498
0.04017152411929227
0.04256802510431685
0.04604061326428122
0.04984863465304588
0.05141191202742003
0.052133939421599274
0.05212091121137553
0.05161997701545279
0.05041790372139805
0.049585731944193315
0.05042558956688911
0.052707126129384586
0.05586960344885818
0.05795623968690002
0.057974834308312295
0.05646024739096416
0.05305107381419726
0.04940773799019713
0.04763797333450193
0.04797501525419352
0.050667600329913125
0.053548102634924176
0.054397984776575724
0.052963901347133406
0.04975702468993055
0.04813605558390943
0.048692300036453355
0.05097048085707366
0.05392343127712659
0.05537803142400997
0.055986559482549
0.056558913284623626
0.05776898371604933
0.05844975029486818
0.05850434068307248
0.05744068988433296
0.056715058765327536
0.05763662168141484
0.059151565528832606
0.05995634093567975
0.057666976281973696
0.05290142142219658
0.047040058148145186
0.04289752709844747
0.04169129876256966
0.04245747318377258
0.043564643202250564
0.043742003450676296
0.043849094513377464
0.045760770622084584
0.04839616958213266
0.050777700663145034
0.05307530398540353
0.05529247699897787
0.055232154546987156
0.054742901226102106
0.05493803735769076
0.05565952056741161
0.055472121275797114
0.053516941469195396
0.050874579054572225
0.048756784835582524
0.048730505359041006
0.04839878768737781
0.04619577951155815
0.043046871159276724
0.04127756296082562
0.04206959229694624
0.04364566062429617
0.04536762399507028
0.047391244606707156
0.048612962152137486
0.048701060407319245
0.047658500311860884
0.046159176277801625
0.04613880121651092
0.045598150492554695
0.04452431938586518
0.04336235601937617
0.043233784631942926
0.04606342141157645
0.04835371632210946
0.04945006691258552
0.04977266240994814
0.05093293718946437
0.05292224166358073
0.05440490996121548
0.05432383908472683
0.054081167843706195
0.052155350596046916
0.051157207320086086
0.051582197938640724
0.05245670150787143
0.05370506010971345
0.05375903840278376
0.05336286344779897
0.05257833339967597
0.052902113765466004
0.05277529545771064
0.05290374639381288
0.053147711171992955
0.05296699598793709
0.05272460319080057
0.050912258858899086
0.04955308782878652
0.049056758881676696
0.047725975244968806
0.04701730948948665
0.04625796668029506
0.0475911334449417
0.04970594251335449
0.0513878512975083
0.05389803508473204
0.055710658710668784
0.05605786549030477
0.0556714589955272
0.05829775823051775
0.062374949748917025
0.06655855749404196
0.06883235941203292
0.07093558673480296
0.0712973617471049
0.0686513636946373
0.06352744579518389
0.056295601971456014
0.050726724454139394
0.04752225738002981
0.045699614649749684
0.04364786305031187
0.04318182195757868
0.04565077028206898
0.049117884592700216
0.05018816063456306
0.04739809109598321
0.043787914612344415
0.04253987261427096
0.04347663886188557
0.04657333141254368
0.051055093125746694
0.05402219216794893
0.05441875691494798
0.05263156769988148
0.05196173799593524
0.05283417230955361
0.05518816989132056
0.05668203239262571
0.05719621290215658
0.05582556699443562
0.05545183869175828
0.055331727652753605
0.05364204003052113
0.04953104088215721
0.044308341293363106
0.041462224500874036
0.04289474534753774
0.04614348098520646
0.04976621981049442
0.051977369666416445
0.05154744261034465
0.049245062011761355
0.04683836393243678
0.046657179108537075
0.04839269886928415
0.05117986574424879
0.052562317926952186
0.05248651023720733
0.05090159713676951
0.05156465973971993
0.05511715997645447
0.060152816771055086
0.06310289749180359
0.06185089112643771
0.05773240802045076
0.054111099719121716
0.05087528260445032
0.048156312023291015
0.043942139195554196
0.04029677040324655
0.0398388482740541
0.0428916060278487
0.04678632959615634
0.047926225193992186
0.04530589886221061
0.041847550570904245
0.04120353605309677
0.04479650808591814
0.049389386654445484
0.05091144912518404
0.04879273655106861
0.046381518168533024
0.04587736629789907
0.045192931892415335
0.04477761123953839
0.04417967299569944
0.04576877463786115
0.047703904894985716
0.050418773919011055
0.05184310370500711
0.052070300041584305
0.05097760934693669
0.04866544875486929
0.046348496278835936
0.04503457326781398
0.045811141047414065
0.04731920934144643
0.04823550757617088
0.04739328354873252
0.047511354710214955
0.04807824250545138
0.047976887678165187
0.04621805094459304
0.045126828358154424
0.04643882205727443
0.04837610360572939
0.05002672805227543
0.04960483215672791
0.04852208606189235
0.04764084634032819
0.04617176852045043
0.0440133665477101
0.04257933768312841
0.04270705042939656
0.044790577413104965
0.04639392250350931
0.045812387852094016
0.04401927249799467
0.04122764541973433
0.04022171279286772
0.04101883163453276
0.043495642064896776
0.04593598891343653
0.048215649001971526
0.05098576310236506
0.05340221372188606
0.053374248751767946
0.05274173824176938
0.05261539039663433
0.05170553115677927
0.04945607927496303
0.04737915748847185
0.04692840904509448
0.048939451770673804
0.05322196079391047
0.056876081558999994
0.05745470149607891
0.05706345523895295
0.055253875316716605
0.05315841289419164
0.05220344645283867
0.051650071454532716
0.049392681464257425
0.04714607337678724
0.04680051600511193
0.04982007274669507
0.05463249450200242
0.05990044109406471
0.06331846482395977
0.06258826575154797
0.06109821535380874
0.060813220296241255
0.06269678483800555
0.0656028164624103
0.06768144684694498
0.06712268552270331
0.06444308423943226
0.06254335647553622
0.062169437072701846
0.061776851207303835
0.06004027594238787
0.05786329407869781
0.05486775000207066
0.05174832859817267
0.04936684690972287
0.048538862988705606
0.04870112230664676
0.0472533937972961
0.04535330936350023
0.04571557692822082
0.048150070004886615
0.051176873077530105
0.0537558679429701
0.05644357617174821
0.059922674013676396
0.06390203818347845
0.0684309962679098
0.07173933708818282
0.07345683119992057
0.07485189525754832
0.07478252559383343
0.07602247766985677
0.07635981657860552
0.07532459608589205
0.07152651707282966
0.06760931083773347
0.06490115015363397
0.06397816541464367
0.06470090630535326
0.06394056373306657
0.06201910923876388
0.05814820439862491
0.05569323271512896
0.054578456802173804
0.05401799051520587
0.05233660865793789
0.04988642548830989
0.0467795907753668
0.045669178319058715
0.04633833248792583
0.04842494822945656
0.050377469452202825
0.05269942634579389
0.055585349609773696
0.0591050514481464
0.06176155214042307
0.06350225488009086
0.06493147629888166
0.06573215586546824
0.06450986006572591
0.06468263469364958
0.06690830201701875
0.06971373701327435
0.07042198226440607
0.06701584072679966
0.06110574801122017
0.05423382736865845
0.048499002666732495
0.045498587493177436
0.046126525746557595
0.04875111769366028
0.05149756520908177
0.05318123402867288
0.054476357693575776
0.05612538667441245
0.05835164496667565
0.06070701218081522
0.0618311496686522
0.06194382305429348
0.06210708126079835
0.0641195786923929
0.06761916230364748
0.0704276293938633
0.06898068428169403
0.06401782547573913
0.057769112093280416
0.05290614063474846
0.05086836063337115
0.0509742387219658
0.05118616478839202
0.05045823672827844
0.04862785106897779
0.048548497466332816
0.050802995915095704
0.053080611905797985
0.05373827380388812
0.052695032320922985
0.050579589473967776
0.049586437510814506
0.05059899408770351
0.05539879546805574
0.06116281256296926
0.06626714017151428
0.06780981564111298
0.06611821116822061
0.06138962319428543
0.05567033588355919
0.051790208114302315
0.04873236531240135
0.046345650485965985
0.04547219412743994
0.0470882484155676
0.05068966920520236
0.0531259250016051
0.0535102150541034
0.05159912646280636
0.048531468210417955
0.04540250673987152
0.043774538378032274
0.04333409698199215
0.04366926902384962
0.045672440382875414
0.046975404803438606
0.04766225955456699
0.04703360464075681
0.04592210626360964
0.045504139239719014
0.044962713863599034
0.04593108662008377
0.047551921835473424
0.05097934638392018
0.05586924172549446
0.05911519132548136
0.059213434297499055
0.056538071218097334
0.052572291208406396
0.04936114410268542
0.04701798873365156
0.04532099403165282
0.045136569297229354
0.0461724512134419
0.047687473533893125
0.04813178211908282
0.04699110620102156
0.04459394311214394
0.04177747629508121
0.04042450312302337
0.041305468016101424
0.04440606291694094
0.04890494353047058
0.05309062056155908
0.05622824355016391
0.05701855061345913
0.05737502449171097
0.05706098788696977
0.0561350306519133
0.05440794847095783
0.054173234207389794
0.054386203261272276
0.0535317055305572
0.05178143740892911
0.048924807895893915
0.047787182246915284
0.048976753379327616
0.05008948839404785
0.04872316591238548
0.04568201482578506
0.042872805095836415
0.04196314915372148
0.04289790309296536
0.04481941358613418
0.04618497544720072
0.04888176046915974
0.05166700181391949
0.05568390489018311
0.058113640979830614
0.0593537940663391
0.05900928946670876
0.057268127439109515
0.05561147846300359
0.054671743405539194
0.05436656435245545
0.05629449611366594
0.05853118696355679
0.058897743177978384
0.05775159016739381
0.055127790722261816
0.05155902700074667
0.04723556374068593
0.04440690492513173
0.04448287901177256
0.0471685105626527
0.04965888939525645
0.051597311372381556
0.05222177832080051
0.052238925644354395
0.051492564104218076
0.05083850372961494
0.052205398580974754
0.055624100726943224
0.06085604990554799
0.06522131753496421
0.06535083828674942
0.06166150458632393
0.05677000396051327
0.05327224377991478
0.051274909546569616
0.05082545417724307
0.05075865545038438
0.05131880564007325
0.05092830649983736
0.051339165516919034
0.05244493831165795
0.05541328934211133
0.059196169468488914
0.06044984433357615
0.05844862376809622
0.053821887034828785
0.04928465370216522
0.04722588964961376
0.04846037086262305
0.0512057795706683
0.05348472744334296
0.05441691236095742
0.056452663026037964
0.05843009729101146
0.05926231781972496
0.05791327279427879
0.05619005580540701
0.054986938319560204
0.05399993775084863
0.05200736484299991
0.05104583190337107
0.05128704987056066
0.05326884632231253
0.05376562575675363
0.052796140952695844
0.05084911258567753
0.049669957360202785
0.049619377981584945
0.05078300282266826
0.05225156917390786
0.0547489740123722
0.05574068850380875
0.05558033527159378
0.05426439058627868
0.053396600674985015
0.0544487025973546
0.05615341646473775
0.05855888206806672
0.05888716841963816
0.057406363193418145
0.05600686286965038
0.05535924511748068
0.055945098272625955
0.05689048290150141
0.05769897548619783
0.05870584323065239
0.060788415480575356
0.06353842849937882
0.06496287733221741
0.06329356303725835
0.059445623341072375
0.05398565908393968
0.049487318390999485
0.04811507051657305
0.04978760671350679
0.05304528366463342
0.0555401110375241
0.05511666620779527
0.05361384725058059
0.0523541483934067
0.052525550909413556
0.05291047025249175
0.052789637348151335
0.05336502502384919
0.056115771387612194
0.060654950456503744
0.06503595764951765
0.06716247022521475
0.06700215833856557
0.06534872106889919
0.06281529444347417
0.06058808929167731
0.05998233944454295
0.0606846451772846
0.061992839939690146
0.06248660860611583
0.062068970917434775
0.060171282617686686
0.05728191383651379
0.05387097157900994
0.049346125457244934
0.04819065042792382
0.05088395409802982
0.05526745645758767
0.057335758793779557
0.05590379317738394
0.05362907667032005
0.0525582781659963
0.05372500786761935
0.05516301885497032
0.055268997912823276
0.05322004264564378
0.05080394421592735
0.050197834950131706
0.05322589479723338
0.05881448976034186
0.062006323816225034
0.06137933318236208
0.057489259737812104
0.053509023895907136
0.051880476408630694
0.05264702776912385
0.053222230872677044
0.051315671700016094
0.05008328033190423
0.05151235856464883
0.055675029294796084
0.05997577652579461
0.06352102036024111
0.06603170852831747
0.0664751117330726
0.0637257092500868
0.05836695196665796
0.05309883546836985
0.05062115642149039
0.05072145781815198
0.05146631166295615
0.051372350960801776
0.04797571301281016
0.04372898891528018
0.04139504803577174
0.04272932554586191
0.0465744994543164
0.0520400252462616
0.056537495227934546
0.061540242428917535
0.0647203191013649
0.0654031095524246
0.06412080472415209
0.06099484699640262
0.05672919270455215
0.05200047745906724
0.04807798096565813
0.04623492261802238
0.04557909525028028
0.045523884130389214
0.04426241739296423
0.0446939665175121
0.04709076030984982
0.05112767444813568
0.05514406866584789
0.05861708588762951
0.0605760680928843
0.062067015245845694
0.0631208766083512
0.06304547398064309
0.062455489611602355
0.060746346359516826
0.06005515039388386
0.061502961102250626
0.06279615814848591
0.06131382976138777
0.05671353326036005
0.050831637215938745
0.0465209449738953
0.042930716739490477
0.04140189591380085
0.04059490033868777
0.041736516005711634
0.04448303073166527
0.04938301967845943
0.054387259162960534
0.05761916169988546
0.057815992158706524
0.05378862251427729
0.049446734145110145
0.04868361415781248
0.051422061983183526
0.05549176490933756
0.05868785078147263
0.0579736438161783
0.05411475496277775
0.04725290795834616
0.0423483817044958
0.04198490382657169
0.04488643254745944
0.047819407198546264
0.049352089240363946
0.04995021602199353
0.049836761838161915
0.049250653524774736
0.048903768793048405
0.04935722682556163
0.05058135875704522
0.05228052963755916
0.05326496011989847
0.05334812257294436
0.054470741130004
0.0574576649731641
0.05982794736301099
0.0595720291407778
0.05805918354773563
0.05836999183031492
0.05832667940140832
0.05814181282458946
0.05651539532354766
0.05494675177652037
0.053160680491586884
0.05098869961959698
0.04885808247206763
0.046709050609533335
0.045306908523683166
0.044987056895516526
0.04640454368193551
0.04841668184367125
0.050525390589360314
0.05252398611730385
0.05532473421771891
0.05810460429139341
0.05844196476066537
0.056337148209711814
0.05469889205995991
0.0548080085810348
0.05633297113628155
0.0603450234987807
0.06331900809484385
0.06488708578379764
0.06439735645626829
0.06283356583054835
0.05910561802871751
0.05402710993134613
0.049711566204612416
0.047529490848368224
0.046677879650850206
0.04652984542743326
0.04702643851152639
0.04791271189666997
0.04956910502183388
0.050913372477010145
0.05114522202425006
0.050181551204175355
0.04955895433514703
0.05126208270723462
0.054202538847826255
0.05625533787695361
0.0566329898557152
0.05460400057445332
0.05090971024731705
0.04604732022165553
0.04378251845110563
0.045431166354824255
0.04712576482868711
0.047816412564991764
0.046978656916596376
0.04747758606514217
0.04937230841471647
0.05093154624339932
0.049310446143206094
0.044780682571998284
0.03965783401057422
0.03665393464628454
0.038175129736798805
0.04417368314578832
0.05227925822032685
0.05745164279994755
0.05769429669894025
0.054301401599921334
0.050836315929492205
0.0493755577215062
0.04995286066757411
0.05100603125471194
0.05049112920666572
0.05042156549074272
0.04994627594286434
0.04986868022680034
0.049381608106210895
0.048348471882425886
0.047524571154091186
0.047479484938421745
0.047046610316945944
0.04675639751127105
0.04597539520669268
0.045126632757758356
0.046471676858620366
0.04948131756631843
0.05332072542923674
0.05653756955984808
0.05786153116853491
0.05678499895366724
0.05454865514205187
0.05397465036666341
0.05550605101214907
0.05837148529649091
0.06074281885875736
0.06138861007785005
0.060612909728816604
0.05761330258707094
0.05342786928513558
0.05117529004691063
0.05092599786074306
0.05188346935063934
0.052990490548609416
0.05231428138540238
0.0509317569197431
0.04972003757830694
0.04934009745955516
0.04901026024858702
0.04729594933860879
0.044559742484711035
0.04184448917206113
0.04053033758861486
0.041905206241069554
0.04704389962110218
0.053403905867612095
0.05687848455989842
0.05730123043303946
0.05778742140314717
0.060651829311802866
0.06538246209919964
0.07040219988399848
0.07320982389963554
0.07462254479234622
0.07448476747896342
0.07202805635632009
0.06703103724259019
0.06254016495494787
0.05924239573389035
0.05838818066126584
0.058379567779908756
0.05791449724644108
0.056317146244098344
0.053716187763750846
0.05009759599640083
0.0469321066986707
0.04651454194875661
0.048970806247752845
0.051450944007749994
0.05243179869499311
0.052761400742501366
0.05375129406485719
0.05584177428903364
0.05757715637790249
0.058940042317261805
0.05901770048571948
0.058389448947957674
0.05801572550663035
0.05923491269302699
0.06127456073886882
0.06266434132098066
0.06167572254695678
0.058613818836321906
0.05574638473917877
0.053336671871147365
0.05318028016552822
0.05485680208259254
0.05760484185608665
0.060095646630779674
0.059649898937966205
0.05617705609807347
0.051661823910691046
0.047743073632423284
0.04553882833787455
0.04426116804664185
0.04468588081732023
0.045130816379105036
0.04484188733493754
0.04511647824629039
0.045623196440341136
0.04675122205241203
0.04862107834526486
0.05047328885474497
0.05225726201437755
0.05548938781032733
0.058453818007072986
0.05812456805641067
0.054360003894535075
0.04936473381343936
0.046603823046566135
0.04706803834510457
0.050727863563712554
0.05440413622640092
0.0565255546921576
0.05547879420350906
0.05164460650058838
0.04715558491401498
0.04480100173869673
0.04668918643564768
0.050835115400131047
0.05421106197839566
0.05510194706303499
0.05470832610161538
0.05323550870274196
0.053446019231557215
0.05503415781517427
0.057269175182664944
0.058076180487850265
0.057587355322699554
0.05615359317488712
0.055446148222932194
0.05569259734738192
0.056471204912344856
0.058222443609100775
0.058753080871638115
0.057289486295143736
0.05397337872324826
0.05116394372963301
0.04961052200199326
0.05060724261140105
0.05130615371844853
0.05060486099578638
0.047282617641646006
0.04415691355263541
0.04366634992239326
0.04424479735461101
0.04686865984817713
0.05077490687031039
0.056620170142085834
0.061780766688080926
0.065110868384548
0.06573773702016698
0.06426089809689885
0.06485272284920271
0.06753301246070662
0.07121127997063478
0.07311539892070472
0.07120685994748989
0.06710450838362049
0.06297936807490147
0.060070739381535426
0.05864655342412533
0.05852986111113389
0.058098409613733915
0.057843895621666176
0.05749925742792018
0.05630848379254941
0.05556435328097783
0.05623468643497924
0.05811539042579607
0.059339985113139045
0.0586180977115939
0.05697553648735561
0.05423268842819058
0.051622257540876085
0.04943971734405519
0.04904287975950779
0.050428788574921
0.055114393416802576
0.06104454083624767
0.06545116577502658
0.06574477071701382
0.06243490145299429
0.057041390433153163
0.052191667175311894
0.049638836879252385
0.04877234886394311
0.04890260834203059
0.05042974083266246
0.053243897721204456
0.05493584079784985
0.05415260899034607
0.051378019133725805
0.049333179298876255
0.04843028678721407
0.04782082853484089
0.04874840445078014
0.05021521401811438
0.053333974888947325
0.055386724703594556
0.05758410883867549
0.06024628495433579
0.06415635957548976
0.06770802717051588
0.0689411931864927
0.06672449871109505
0.062088758201535595
0.05697495596474172
0.05244828760505877
0.05072017367996629
0.049942398849372675
0.05031932763091787
0.05174902900920971
0.05449670926080926
0.05676107786580728
0.05962025229031577
0.05936284675765905
0.057182024948510074
0.05450055561202378
0.05291522684852752
0.05311050876079529
0.055852208081630265
0.058821819192723494
0.06089866157421759
0.060594821219941655
0.06050711855668243
0.059652666010169546
0.057513982176382844
0.053296294914970684
0.04975751410347709
0.04933427772824642
0.0537512499850244
0.05909171314759502
0.060791395976749464
0.05711878589757478
0.05317184616796001
0.052015744687987114
0.05362904295348163
0.056207421757288906
0.05795204294155324
0.060559102726734475
0.06286725904249062
0.06487154237725741
0.06588429469504635
0.06556915805086634
0.0623332380794569
0.0583899548151268
0.05477332678875395
0.05237690100467516
0.05123859229512077
0.05139220719367692
0.05218699932144244
0.05130518770479954
0.04951997199877142
0.048435510272659986
0.04982620590566284
0.05378565801385192
0.05645596627035822
0.05669006328754666
0.05416275704765929
0.05154972982343601
0.05184751074784782
0.05539428345839024
0.06058580075446632
0.06350175356140925
0.06270107816787138
0.05954092118496274
0.05556267774990371
0.05396145107587077
0.05388374929775792
0.05395807931679494
0.053459603356064256
0.05231697717768415
0.050796507994441374
0.04858255403468931
0.04593526967603987
0.04408783196288288
0.04347506665676709
0.044978057784244026
0.04714729341403024
0.04878126754885812
0.04947660399662385
0.04926871783565212
0.04917616796773055
0.049800547782122784
0.050412525573300004
0.05051514154187298
0.049557211416820596
0.04837949038319984
0.048515996682407234
0.05007883774119232
0.050410713022760144
0.049855000303996144
0.04780439678154929
0.04735722332576725
0.049596852150820145
0.053061449583192755
0.0561950228056641
0.057262144459242
0.05679300934762617
0.05735845466334639
0.05983650114287788
0.06269232146835885
0.06420063240860809
0.06427203878054406
0.06398142793235986
0.06302725090837542
0.06096974391384739
0.0567297413598264
0.051705669763798354
0.04653792064246397
0.04536423155722497
0.04763086159333865
0.05185984521138528
0.05513953713395045
0.055309557466896496
0.05357814668431017
0.052027163375573594
0.05015680189069189
0.04983519056614327
0.052202594515921144
0.0553866313098074
0.057905032138659066
0.05882683392208975
0.059862452872778124
0.05970818686699206
0.05899247649568413
0.056580306277616274
0.0548014577646696
0.054408667025141626
0.056453487817721526
0.058741958626512616
0.05862559113491968
0.056810428224711204
0.05374336051776877
0.049576158687390716
0.045599139512852015
0.04342431889703453
0.04450366528066316
0.04751291588474192
0.049811639957631146
0.04990168229395623
0.04722761457821933
0.044802590628279085
0.043657458354415875
0.04572298449764366
0.046693267531102214
0.04522076107478075
0.04407517487929093
0.04624884047968856
0.05077098040159054
0.05481740356978894
0.053711145718107006
0.04999465762509487
0.044006768765704515
0.040982817002340396
0.04205653941239694
0.04688610692765936
0.050959429110584674
0.05217031884881312
0.05094499209844873
0.04875665460765005
0.047199171143133115
0.047573539446925356
0.05053337071391105
0.053077447585245296
0.05592658320039152
0.05717801210039948
0.058885552676290934
0.060704730034842336
0.06315584070070414
0.06553713993123426
0.06592124046393823
0.06504339816662404
0.06332623338999419
0.06196547628004235
0.05988726403651905
0.05925079282578584
0.05921475071690085
0.05787843783799737
0.0561551452781628
0.05663860922396668
0.05796859051832794
0.05562592150468715
0.05057697319629277
0.046733039710116414
0.04710329802784785
0.05092560405472352
0.05560523660444082
0.05898523994383141
0.060567870740350783
0.061584003031213475
0.06256039490530099
0.06421937667460044
0.06472632094674216
0.06485945566480192
0.06466246176325201
0.06530818419665373
0.06542126253062099
0.06550398696249421
0.06482260339229408
0.06435291994293713
0.06264403902638516
0.06073866243448027
0.05843997815746716
0.05697354444053629
0.054845169779433676
0.05271652438843894
0.04944736486345609
0.045327548618052146
0.043183760811660026
0.04405770380210683
0.0466749460090212
0.050405526155518875
0.05241880464262007
0.05396892570111293
0.05631207156138743
0.05976735443857692
0.06344692685794254
0.06681758440525133
0.06970538304251131
0.07034481249819108
0.0677783192930965
0.06279883294479616
0.05706221756962365
0.05328140201374953
0.05240497534367087
0.053953717507621686
0.05440815899528938
0.052458671871327786
0.04925313606609834
0.04679808580517492
0.04490746420200137
0.04396038519686595
0.04272282131841522
0.04250224365319876
0.04432543848287766
0.04682078575081374
0.04909424473831078
0.050219043384918574
0.04974963715736021
0.050161780159229744
0.051235165300522766
0.05501833041503782
0.057841543397048174
0.058879788723388386
0.05853402086160523
0.058915224792838936
0.06054658882083664
0.06105790794044917
0.058180331641154166
0.05452308706585332
0.051017750082735264
0.050167973339413204
0.05130229431577244
0.052066486530916486
0.0507828973201858
0.0472530839955297
0.04255879888258552
0.03854813644137751
0.03713015639059821
0.03887766965828937
0.041805880846459816
0.04395718446013016
0.04490616244665996
0.046089255876103526
0.047470349195920775
0.05065370805838158
0.05324956077896376
0.05598952094598942
0.05656984860740209
0.05472237056460322
0.05077848117354867
0.048891059770793596
0.04998002487335284
0.051708123917434796
0.052004078041197915
0.0521391994848666
0.05317517361205288
0.053607524286197146
0.0516259798367786
0.047958523582314075
0.045542427964400535
0.047020702665111914
0.05273856982856264
0.0587391881684365
0.06286699153637218
0.06255060392121585
0.0604906085234548
0.05688819365780942
0.05473837107598062
0.053716994627149406
0.05432283958908912
0.05493468485991096
0.05474885996158454
0.05490585427782615
0.05367240428900438
0.051273341670279464
0.04790629421329789
0.04529050489914621
0.043114047801871315
0.042515453281008496
0.04352239708498465
0.04658388151021768
0.048146803308497854
0.04723820539569572
0.045214778421993555
0.04504953315630062
0.047952039089495704
0.05277043682356249
0.05763842878321311
0.05972905209203941
0.06040108005871623
0.06048516000574994
0.062320303870227724
0.06444424909815295
0.06582748910246027
0.06405670925541089
0.058513376725529705
0.05172066766282103
0.04560999273086939
0.04224576348147027
0.041934829567983584
0.04159260353643392
0.0403333729730468
0.03798127648195124
0.03578101358242317
0.03536224233249144
0.036952908074463095
0.039166893602166214
0.04118937197375535
0.04170804131943446
0.04127974143652281
0.04292904463073807
0.04705864065686359
0.05074174757083706
0.051642226995751495
0.05053743775322561
0.0498929065308194
0.04988173696151857
0.04996274361101122
0.04836681538977485
0.04534807563368393
0.041393163541386356
0.03927997711799285
0.03925797924111078
0.04037060338184183
0.041451039762827796
0.040877243934865866
0.04014342235921417
0.03991949904861496
0.04092192372934281
0.0430114504024524
0.046160803001152266
0.0503411116587141
0.05480194327182502
0.05887423596078029
0.06094065282303492
0.06169681658202924
0.060271080881670824
0.05866294217600508
0.05841727117331466
0.057327946091489376
0.05586317713776641
0.051214016963444034
0.045603275922814886
0.04110882119676364
0.04015953268863933
0.04062757257790807
0.04147701473723187
0.041681816139793465
0.041697641085002166
0.04121792538826029
0.04051967295744628
0.04085605335396884
0.042342730611767354
0.045012989445306906
0.048139133646611584
0.050434833876100045
0.05137415685730973
0.0523025351451566
0.05338767053814578
0.05337229424198412
0.051280638390678195
0.04837880736352803
0.046677182026625144
0.046597791402330155
0.04817233709466506
0.04901208802189244
0.04876683723427541
0.04817274846442863
0.04724261105669023
0.04602112796332421
0.0448104534461728
0.04458581182595786
0.043943438640262844
0.04411470371145748
0.04382782472794074
0.04374645276474943
0.04425675686294055
0.04447698248554172
0.042436621402425614
0.03973426562006809
0.03934866038207797
0.042524589040116176
0.04806866430320814
0.0527837525851751
0.054837585831800414
0.05443872184030889
0.05163598953375429
0.0487143829976604
0.04673541998115283
0.04465749696972304
0.042834787815787
0.04111628655842422
0.0400350346010362
0.04159356648177072
0.044955597591293577
0.0474033906571349
0.047565049375875995
0.04790520004574153
0.04775623973306638
0.049207668988559466
0.052105869371624605
0.0567487758942722
0.06054823428072098
0.06309964184311423
0.06385144086047435
0.06379844213195883
0.06245721494437246
0.05965310013990439
0.05560613098534686
0.052509524618587836
0.05163160974595374
0.05154921772541326
0.05082225576534849
0.04982342446515088
0.04895637492855221
0.04742098740072543
0.0444348257764285
0.04151093416949263
0.04068172551686093
0.04209857630284042
0.04702905287514609
0.05141236409856632
0.054802264384950394
0.055312649711417285
0.05559407900525432
0.056087907553432514
0.05839160117461817
0.0607359028749162
0.059399718281700445
0.055705512439150985
0.051515171467102834
0.04935555048789438
0.04965492151521637
0.05003466397363213
0.04861665476326296
0.0461474600501989
0.04380334660300698
0.04227006131585128
0.04071951266813652
0.0408240046975246
0.04254493984268315
0.04789607157649898
0.05471097311827471
0.060193258158597523
0.0638307259695236
0.06520203423811795
0.0656678275100615
0.06440719996426061
0.06222992588729868
0.059427871794720144
0.05813027936758529
0.060173786673388276
0.06468365583423517
0.0683467773219136
0.06862348836388858
0.06437357523311821
0.056874330016267884
0.050744613201610944
0.04896453977460156
0.05105768013909643
0.05500366961763506
0.05893093894917088
0.06176056356350495
0.06076924795320098
0.056743926577805685
0.051851395654142804
0.050077602646772815
0.051553201545906764
0.05629503777650459
0.06135932866739504
0.06412811839913544
0.06463230194191569
0.06283340197433941
0.05953406199900976
0.0555757940582625
0.052911959655680935
0.05194246912481436
0.05306929099542119
0.05345825532393663
0.05368899318245401
0.05378567915766418
0.05549198013417436
0.057975788581466306
0.05895500626165173
0.0578822758001322
0.05739107144545627
0.057638037034466225
0.060134057736268676
0.0633414463524347
0.06617292828857005
0.06670015221909914
0.06576721214846452
0.06510847817601836
0.06377944599615934
0.0632154572754288
0.061664619784407154
0.05960831799909158
0.057715845070080186
0.0569983163933343
0.0573865343848874
0.05814570888898155
0.05723011591911075
0.053600264649321834
0.05009813344079248
0.048172296738683416
0.04969855925649657
0.05276660988101196
0.05552144522291561
0.056435782499184094
0.05534973576857746
0.05347127808502874
0.05030914066159989
0.046335826946331114
0.04158354039168744
0.03918382788784106
0.041137275873818616
0.04477225572425927
0.04905202406630675
0.05150488846510044
0.05283301116250974
0.05365457192525564
0.054786850208205354
0.05599983602084494
0.058224075154367436
0.05960330737535098
0.05886523691602073
0.05599480673114419
0.05363764392712021
0.05445371064097947
0.058381869791625206
0.06246443886975742
0.06523286766453062
0.065228936141736
0.06283638307711202
0.05850843255217222
0.054909990651124986
0.053823242144187135
0.05330684320102892
0.053410532332136225
0.052417343007222846
0.05008469041275303
0.048425781650230544
0.04815873635430948
0.04784846915948255
0.04693365116012085
0.047135412985701085
0.04792403790628541
0.04969107298125207
0.05187856380043014
0.05346510401452278
0.05314087661180393
0.05298876574643821
0.05202507700251725
0.05144859322175111
0.05125837775178422
0.05238668521161725
0.0531310425700622
0.052892681181245134
0.05181275141478477
0.0493241695510933
0.048529136823229575
0.049812334589868765
0.05279723530453208
0.054835105600878974
0.054199515920525965
0.052091762901259754
0.05167808139415543
0.053598886714722654
0.056669105996807384
0.06038990350479815
0.06263544573097002
0.06246534677585429
0.06016672004160815
0.05806293672883785
0.05707794822098391
0.056639504486060074
0.05746896605306115
0.05805069244518149
0.0582528027601744
0.0561581653249443
0.053248635066400075
0.049848323380588484
0.048769332145951166
0.05024332463619388
0.05431469761223944
0.05813364247630017
0.058112036267591746
0.05663463071413562
0.05692210107858208
0.060788274735442176
0.06399718074856381
0.06465665107402006
0.06274341430364905
0.059296338891737035
0.055681553883202284
0.053008742823868464
0.05049026005024351
0.05016914964335082
0.05278613056233767
0.05731203388696919
0.06016086998525093
0.05829399425018909
0.05393360393300681
0.04935389983764325
0.04732265757701048
0.0463900415155853
0.046668653899714634
0.04782014126242751
0.05060353098380398
0.05345272464626588
0.05506386047287427
0.05632242184724247
0.0576445923206328
0.059320356990830894
0.0598098513676768
0.05952336966207751
0.057099882801016036
0.05305852756765734
0.05018347576577016
0.049787165588761895
0.05111667428585201
0.05280285898746713
0.05375149713268311
0.05212180841353038
0.04950889169946403
0.047011774960818487
0.04696407033271416
0.04865138197604041
0.05123324205545228
0.05231930619230682
0.05144255483104593
0.05000874911833161
0.049948998201531515
0.051224599820454506
0.05292353145445024
0.055288829922882116
0.05977680649916644
0.06550021928079193
0.07081498181289432
0.07441419622496237
0.07342710833004493
0.06952326626676222
0.06442168624506507
0.06011967909234798
0.05691620758932006
0.056677677598838724
0.058403052448038166
0.06065462219696736
0.06251129931665612
0.0609998039984593
0.05736878726865226
0.053403547577489344
0.05113947903579342
0.051807021412214195
0.054673456463905305
0.06181112153938689
0.06865159922435665
0.07328706202803889
0.07487070376360311
0.07390601904818715
0.07132748797775326
0.06709130629367703
0.06323556734221866
0.05996419968252065
0.05709483076886167
0.054856398869660386
0.05617789065900979
0.059363153744643314
0.0612426775674207
0.06100258176998187
0.05847738505561271
0.05608163120720629
0.054308872774444565
0.05324399634107877
0.05110272958313327
0.04811794484708727
0.046449073357631494
0.04787246086017742
0.05122763700848492
0.05424976628120468
0.05581352721888203
0.05558126110660826
0.05601857584523666
0.05624643916545682
0.05671944248790761
0.05660842539326433
0.05720708679238674
0.05851342604742228
0.05927852820717719
0.058313621334034976
0.05580540502997786
0.0529908269424623
0.049445399366888694
0.04719036710715114
0.04746528460137554
0.05123269494419612
0.05577419432524119
0.0583380934346017
0.058930359196152755
0.05747347127333974
0.054777774668981226
0.052995925641550444
0.051785209873770784
0.05177744000130577
0.05061174672147528
0.04962202797304896
0.049345135517272105
0.049323698585451596
0.04957470726585868
0.050241559720365765
0.05283316172202985
0.05621839271414688
0.05913394804519481
0.05936941809216737
0.0587706196450056
0.05856515044525785
0.059553696770784426
0.0593174190677098
0.058620835600974946
0.05642749852679303
0.054071214173582106
0.05351189546784946
0.054043962917120575
0.05426135540333738
0.05386057172008077
0.05226526012596915
0.05154161286411757
0.05107293808502125
0.05181736669143147
0.05141066782193261
0.04952790168662158
0.048004335405223086
0.0487776245086996
0.05231125666763047
0.0561373381423199
0.05635809096771427
0.0552422511087214
0.054944826254086566
0.0578010836348475
0.062256697715283825
0.06512488585201744
0.06482275922416612
0.06276026306207154
0.05924842568942896
0.05540800209654539
0.051673061099258503
0.04957462066017236
0.049607048771650376
0.05095778745610505
0.05227003808860558
0.05421224149829213
0.05674146946508982
0.05799588850554244
0.05536414765207375
0.05131706920509458
0.050048748154058166
0.05269548713477846
0.05726476387731181
0.06071490599675102
0.062256940378195215
0.0606184876497176
0.05749286337446883
0.05575191322405009
0.057955489868449554
0.06076657572917674
0.06224356287224473
0.060876637327142887
0.05776010439981138
0.053625184699844716
0.049874678072789676
0.047178822515416226
0.046897839945916765
0.05051754595468067
0.055675062460487014
0.05904465429080168
0.060186932548088934
0.05953625366975635
0.05784466276912236
0.05582490397051771
0.05179327786229215
0.04926887203505618
0.049326087768078626
0.05245751066005002
0.0560156937297079
0.05673197062323933
0.05405658201459208
0.04916520804923692
0.04655210066620198
0.047259819015702545
0.04871174624578599
0.04891036115790623
0.04833185205939473
0.047890371180390946
0.04938289602452925
0.0524523236800586
0.05402620224350231
0.053469406209724665
0.050976996120703166
0.04851788298047967
0.04748734170263783
0.04895519780208667
0.05027926884244952
0.05169338874070375
0.052554574239676057
0.054688944982819156
0.05768003641883794
0.05848558090314975
0.05748663338438424
0.05563857869198144
0.05461516310666411
0.05463908809660811
0.054953836068452055
0.0542012605651863
0.053324340598226945
0.052287169326061714
0.05278233329481929
0.05430207813472162
0.056545768908108605
0.058256434489808065
0.058626225697800974
0.05930062158342979
0.05832763730161373
0.05675890018380399
0.054402482602239316
0.05148821424273722
0.04912177626957494
0.046457403734081484
0.04575462473827319
0.04782232838419556
0.052008662980469314
0.05437605787669998
0.05427351471530892
0.05048243775351581
0.04691143156760745
0.046078376534294446
0.047511192675277786
0.05020498954205278
0.05302366995293664
0.05466156974796974
0.0544318039889258
0.05347446795076877
0.053222656523479066
0.05319291092776867
0.052386869269166025
0.04904095948890544
0.045418200800020334
0.04369569036020275
0.04319439138315706
0.042787489693121815
0.04242813657670914
0.04262544535169177
0.04414967386010138
0.044688049279032416
0.044625686207836086
0.044516923065286436
0.04493924904206778
0.046422187603450064
0.048276006605670246
0.05078212789652455
0.05187312848011102
0.051289887658544725
0.049280801944819215
0.05051307813998253
0.05486419381139565
0.058588712431173084
0.06000440765701385
0.05653931541472572
0.051920302554748214
0.047550038523229705
0.04559264797753316
0.046883155434031765
0.049321083197511
0.05180747446855091
0.05258752067282493
0.051739619225434366
0.05024475268267689
0.04924200970102427
0.04933226227489975
0.050619118350842575
0.052809400378421245
0.05604822236460635
0.05881812423386097
0.060026025735736795
0.05876597010312002
0.05720149250202269
0.056392177113149686
0.057055213633150206
0.05840069977443233
0.06060008099687858
0.06104211119107491
0.05962601366176516
0.056132661048500156
0.054441175532455845
0.05334229771510662
0.050668557349686026
0.04676605194892549
0.04363418778312885
0.0420817881960247
0.04249584280007572
0.04308142814761132
0.044063729770160036
0.04583185674859461
0.0493269673993612
0.05353465296831952
0.056766846270624775
0.057615907335322666
0.05630407865185272
0.053590268243909486
0.05155437212415064
0.05088720558490255
0.05242600002426052
0.05443530163916203
0.05380193961713985
0.04966511358174369
0.045334376641234186
0.04246991128210073
0.041867737498629994
0.04163791982974724
0.041665476999060376
0.04125574394015852
0.04150743974977455
0.042696405115791994
0.04494791956099206
0.04675325029569868
0.045319675501030374
0.042673205360937064
0.042181196846784605
0.045787567882356425
0.05125793285177816
0.05673483194064837
0.05922034547729705
0.05844623335327443
0.05597042122790193
0.05345812167705986
0.05093479268755938
0.04908822016803121
0.05088264316422811
0.05468723996874068
0.059586451736349785
0.06291710569524638
0.063790761335384
0.061338723088391306
0.0570820179708909
0.05461669224497215
0.053704821057050225
0.054435781696101145
0.057001360162328284
0.05946256617228268
0.061727650687569295
0.062276072344776424
0.06195010177975006
0.061968922251770954
0.06234557888579575
0.06030769472099886
0.05739649861845756
0.05416041038237611
0.053843261824205346
0.05570202185648387
0.05909198977653159
0.0623643640897734
0.0629808258411359
0.0619433924618978
0.059082687584080265
0.05729921611978021
0.05765223999902601
0.06124856648916119
0.06611863298535677
0.06966703829463006
0.06991725993950956
0.06845002641125265
0.06836729474495945
0.07031333294245537
0.0722552459255638
0.07369162186826343
0.07473013077891516
0.07466862958938476
0.073329651301418
0.0706669916779929
0.06785058706477055
0.06499961983872353
0.06386594234314583
0.06270095347512901
0.061423171678956195
0.05990957016439234
0.0599103569808768
0.060370939729987465
0.06153860357162327
0.06127663095073539
0.06010010030346224
0.05880376604887605
0.05740677979637071
0.05552606314209711
0.05379534723397777
0.052976328360367406
0.05412295172911812
0.056747596469255514
0.05838840712319546
0.059077621797801835
0.05900981931586533
0.059676104186449315
0.06202419862691372
0.06378554875615203
0.06511685912293226
0.06586635053717216
0.06557180100519437
0.06398475644955898
0.0622981810621651
0.061250400702138295
0.059875676376859706
0.0595512466280426
0.058892929471814355
0.05756393839057603
0.05621924219348864
0.05611577874231749
0.055729312913293035
0.05421801784084884
0.05264672855992488
0.052226928654926716
0.05269673019612368
0.053871349672892845
0.05777634762702935
0.06321948229566948
0.06795162595901064
0.06980424758711487
0.06854490927734228
0.06686781988645915
0.06432300707145475
0.06388145200706401
0.06454529768908521
0.06562351444043373
0.06521808626216116
0.06377852556591845
0.0625030241341942
0.05977455804119925
0.057895660421125525
0.05706690698539275
0.058868340270441764
0.06095753873971577
0.06230934197579687
0.061869816204719666
0.05854018419577008
0.05478819583156675
0.052378417666573286
0.0517882821920191
0.05334106164139324
0.05498558591679045
0.05590276626184667
0.055848627781354236
0.055917597251910874
0.05617891817049698
0.05509233856779523
0.053279455665767965
0.05188211573039087
0.053495768815943916
0.05577041067447211
0.05773992018657612
0.05708783944481457
0.05551607100993791
0.0535184171168952
0.05210699134924568
0.04969598421423903
0.046467465885640054
0.0443831075598539
0.04396162890858273
0.045495074789205565
0.048265321479930554
0.052263442151019995
0.055588762231960756
0.05781698167728808
0.058025935255081484
0.05730527258969256
0.05755956735639311
0.05953985169927017
0.06099575408909499
0.05956902185186105
0.05590697183206578
0.05260115134097651
0.05076959295735403
0.05117650476208993
0.050918590709369174
0.04858167089032137
0.04579106295491512
0.043682731461879246
0.043030359362732
0.044060642111124745
0.04590617658350037
0.04555856491743054
0.04380532624321681
0.042690555979365774
0.043396157461567345
0.04668632164556245
0.05157980140794522
0.05474922146403436
0.05463631431912691
0.052428622278025076
0.05126796798852693
0.05221789006275123
0.05506041929779651
0.05679675842308292
0.05664958772382113
0.05509421090427261
0.05485587044301726
0.056127979806668254
0.05665248755210281
0.054927528446441824
0.05175195128409019
0.04984378632288491
0.04980949824306825
0.04812040881713348
0.04650772699636236
0.045799789801116014
0.048281303921594326
0.051065448737324125
0.053892215492144395
0.05491882809067298
0.05602816597369241
0.05555429896855431
0.054019497694279925
0.0516670515654976
0.050634575794103326
0.051858498610280565
0.05403207024847483
0.055104157027722325
0.05530131470360003
0.05652168800421751
0.05994736859795658
0.06346864973668173
0.06563573538265943
0.06580540625798881
0.06463584066316351
0.06200287684281871
0.06024809081602499
0.058669198670284986
0.058069531313464214
0.05658871304095089
0.05488945349175591
0.05461342900047126
0.056779271103723154
0.06022634560919875
0.06233457608535267
0.061366496594913215
0.057883206725815164
0.05414621632069064
0.0516583983824477
0.051224278699176895
0.0507205795019121
0.05104114621570627
0.05116230463137128
0.052667450985572586
0.05438315676427934
0.05712633692771692
0.060650464527539825
0.06442590159948423
0.06741064338116085
0.06847760449687444
0.06749146609524066
0.0627593204213298
0.05736847591870927
0.054072420385682315
0.05330952321523664
0.054841852481851985
0.05509178903371707
0.05404666309921104
0.05089165160061091
0.04720341831623054
0.04424852076731294
0.0435573449176528
0.044931356772546414
0.045909442943247274
0.04634471071072815
0.0475119767558607
0.04904641120339481
0.051181103167608426
0.05371347404312892
0.05566976005118153
0.05797615274174448
0.06046750881395828
0.0627449257417045
0.06363886586242554
0.061757337089132364
0.05929803509864895
0.05793686013757381
0.05912912668012772
0.0606241320843981
0.0603288821495042
0.05779976077108047
0.05481226471820246
0.05073749396527419
0.04792160997208484
0.045922918569639426
0.04484307802228008
0.04526525301403176
0.04713032529129519
0.048693067021329056
0.04972810874943753
0.05087206730556991
0.05263859794559633
0.05395827093431059
0.053397325120343286
0.054825039056247214
0.058087786176811256
0.0624549415265758
0.06545307002576319
0.06611182096297787
0.06402989256964066
0.061617254006196664
0.060567922800207806
0.05976801005915265
0.05723029675286845
0.054432603318723724
0.05314771662386838
0.05406206849251126
0.0549259658168577
0.054936007281699284
0.05401471662636667
0.050593108582850266
0.04668678618797197
0.04419414369806581
0.04303476958506797
0.04347065201598349
0.04457144814279385
0.046181862767501525
0.048816424480919406
0.051203404962967373
0.05247550434706897
0.05296669321073187
0.053615409476971534
0.05381745135134596
0.05457607363462672
0.056205666453854095
0.058117435937225306
0.05980566407475088
0.059727555204624444
0.05690335901646973
0.05287346764826627
0.049205579496412515
0.04842929916834152
0.05083509167137591
0.05369253333697301
0.053554732503512434
0.05022653575690705
0.046046823803942635
0.04473560953423817
0.04613269140090606
0.04867054014335393
0.05116829586059244
0.05324300057758649
0.05440074067601424
0.05440108626174764
0.05291533447390209
0.04939993073765305
0.04555093308725406
0.04355693368735093
0.04430455134412951
0.048171082588981624
0.05044445715231933
0.051008833388884026
0.04919548060781391
0.046356457551664544
0.0410963347379634
0.039167005241751825
0.041605215990770085
0.04718959618785859
0.051392860575410496
0.05386470753164232
0.05433867929489694
0.054148065053562434
0.05377933308811961
0.05348947877217314
0.05267801104045253
0.050050516592512424
0.04809683456114219
0.04897352468900448
0.05234541383517139
0.055308142071859086
0.056085738380873974
0.0546439987075786
0.052597493765344686
0.050090949714300795
0.04610811075163461
0.0418958198779262
0.03983530297378781
0.04174596269167537
0.04502879764887512
0.046322795281215884
0.04593753204913579
0.04555581488014625
0.04696860600697923
0.05037529348817624
0.052340963304622255
0.05231937386857445
0.05207659120750961
0.053332245225587584
0.05571257428009728
0.05831118827498167
0.06054089925321691
0.06128277311731544
0.057745719799910354
0.05110735632698195
0.04502516117297158
0.04306203416396085
0.0435187761893926
0.04429868597031542
0.044161920943191206
0.0428128952302265
0.04117110175786976
0.03906588029363669
0.037713529225570086
0.037463118243356436
0.03950530008567649
0.042036164922131296
0.04396713322952844
0.04460159554991205
0.04716042103237907
0.052804069819220485
0.059302261574166945
0.06426444960633157
0.06527975768057365
0.06344682702018985
0.06155288214679182
0.06228605619602253
0.06598296816816672
0.06925543995471213
0.07004277497885515
0.06820032520346972
0.06242002668013936
0.05338136409772506
0.04615079906830991
0.04404033130890609
0.04794675893029503
0.05494220933326304
0.05936028823470309
0.06087361077970818
0.057998439101983816
0.053528277655678996
0.04890408736816569
0.0472037495314709
0.0485332928117874
0.05049950613335336
0.05256209248704566
0.054859004938009125
0.05515004988027648
0.05395523273195588
0.0523390993589026
0.0522588004310056
0.053554427009043296
0.05502940062082143
0.055390633025246064
0.05472253905987544
0.05265048639602507
0.05083670649147716
0.04859685959435411
0.04715834513580837
0.04687888045555428
0.04823235774958928
0.04926292287278339
0.050692424840561356
0.053197592972347274
0.05530570679036787
0.054947013721338867
0.053365705225196534
0.05100881863886118
0.050337236299498996
0.052548424236550276
0.05557706060678903
0.05868144637158841
0.05971089783998399
0.05996771303186092
0.06057575109265861
0.06040074342445328
0.05846257108787961
0.05534619288218828
0.05199945492587944
0.05033982700438905
0.04957090168025859
0.049449617741977155
0.049330135986430025
0.04843135935044788
0.046323420205813925
0.045609634509574254
0.045752062238251075
0.04541336590865235
0.04448813355150779
0.04476700750197211
0.04581388188831751
0.04742244224915406
0.05044563923892439
0.05443331598192041
0.058478849564584545
0.0627369568260819
0.06493294069471259
0.06470254720097983
0.06302447280937142
0.06147022700048745
0.05867565988944478
0.05780182437654239
0.05891124961846576
0.05926106753337067
0.05767809757055441
0.052762960012663625
0.04817476459919596
0.045390922329055616
0.04518542041805347
0.04585439966906012
0.04582787538786683
0.04532653405408463
0.04549320533588537
0.04785294511817555
0.05210543606008364
0.05583904712967718
0.05609602740641309
0.05407286457209695
0.052798097353101654
0.055950370330557324
0.06212925442655867
0.06886067873493727
0.07318428848969753
0.07497187925977793
0.07392051642391763
0.07189423170787132
0.06883837448635911
0.06421322892779505
0.05757598659965862
0.05077101060075907
0.04597263231877081
0.04189199426694166
0.039429330184771155
0.03691111985475167
0.035293373899125284
0.03447652194877271
0.03611028803546668
0.039685140586899016
0.04475544357439431
0.049123464637007515
0.05143701714996601
0.0541084381071912
0.05843313704011916
0.06243716185056832
0.06496261615927068
0.06605018805001887
0.06701230170262316
0.06799714326518676
0.06899161177273647
0.06936674866733956
0.06851693885006338
0.06455483646972367
0.058686939484607854
0.0533656530519512
0.049168267557609946
0.04787166717567788
0.04764342735622755
0.04631887126552275
0.04340460911595087
0.040901026299325884
0.04005850316873734
0.040071415347523856
0.04111177777571515
0.04233517298771239
0.042802166586507914
0.04351168587621992
0.04389635838048877
0.04588354880515305
0.05026610435075852
0.05661791066299947
0.06405744571998688
0.06924332111115541
0.07090419912519488
0.06827606711289333
0.06366087508061978
0.05864800901074377
0.054557772639459955
0.05376593121885254
0.053849848989158344
0.05344923937836774
0.051687481911638786
0.04786562413210617
0.04371204174361025
0.04227247136048774
0.04340062892321781
0.04577865415125321
0.04754338276705667
0.047155390589442354
0.04507542590761638
0.0442770037532717
0.04549361535314162
0.047064027469325836
0.048194045215939924
0.047518138062158675
0.046897521874434106
0.047280411864480724
0.0468687000504569
0.04675215392459184
0.04682704538804833
0.048232827447995875
0.05038103534452666
0.05137293178468986
0.05111953941014446
0.04933747586379471
0.0462764570176961
0.04239667475790912
0.04053329171096804
0.04145369958569714
0.04449197384042647
0.04845178606044286
0.0511116342514389
0.05352129358309794
0.05439236500753205
0.05546137356820716
0.05600422420237567
0.05747799226470489
0.05889854239835475
0.060811204030607253
0.061179002843375956
0.06182912605935141
0.06223450551060284
0.061819535936327344
0.0607811037137816
0.05844752480620969
0.056189650932016215
0.05387795162458724
0.0514113497431095
0.0502930188957512
0.0488428820285881
0.04827823153298997
0.049067267841328935
0.05297264211309518
0.05635883955060484
0.0563327598025936
0.052510296140647554
0.04944429903294569
0.049567784250748405
0.052784038132932164
0.05799706898831757
0.05944831386389852
0.05927038661910035
0.05823768440248822
0.05729052813646131
0.056656591155508154
0.05311503468453215
0.05022577446159663
0.04789808833813716
0.0470800634746882
0.046080441289301666
0.043408272884584057
0.041277456896243875
0.040323275566557515
0.04305301746771879
0.047884400752071364
0.051711842936305485
0.0544386810772087
0.05647921329918788
0.05785683048004756
0.058260276138732074
0.05760945168601518
0.05716347284368597
0.05512364470804731
0.052580903242983756
0.04929042329001515
0.04713803795853523
0.047634468463896906
0.04938455610960522
0.05142871860827327
0.05239408894815867
0.05218247754161458
0.051152326655574204
0.04900481120059905
0.04795828943469129
0.04757250674469007
0.04717967027887093
0.045046988053918435
0.0425633174524354
0.041143583492386115
0.04190514517982166
0.04400109247738176
0.046708717412399015
0.05021313235287286
0.05474913680908711
0.05985938682061004
0.06457732574853667
0.0692908323150447
0.07095789680451366
0.06994072883581796
0.06725096574876205
0.0651824862374694
0.06412688033578866
0.06353200585972373
0.062120570532457425
0.05936505844427388
0.05702526462306792
0.055602052706766394
0.05429454877139789
0.05365620604528833
0.05235843167822296
0.051808734354179785
0.05009499126099404
0.0510367527420467
0.05170730263777907
0.052183836477899155
0.051708464729293385
0.05112615430791619
0.050682635121165893
0.050831805871084955
0.05069568765435353
0.05027355647250014
0.05043631627368657
0.051283335176349254
0.05358697797274911
0.054963873092059565
0.05483161782623604
0.053641161739867715
0.053853218786010064
0.05498905661909258
0.05654630579223657
0.05662123282204082
0.05560867843318056
0.05257122952560058
0.04869038915250052
0.04585781280345616
0.04442327442327352
0.04536969797851358
0.04584435568781606
0.04634809936158616
0.047079090625031114
0.04836881240278041
0.04932610037412171
0.049611975524006854
0.050374209969673595
0.050369456840960156
0.05114549635350692
0.05264598265952135
0.05339631621518391
0.0524617691888265
0.05089152465625235
0.05011510435711739
0.04860251175124029
0.04611292216099942
0.044364219817967745
0.045445657946084406
0.04860409149779474
0.052071373555612366
0.05464417074722248
0.055137456692314804
0.05175746205744915
0.04683584055108011
0.04284270130980842
0.040693212502554324
0.041043663886717194
0.04398247346663088
0.049361442630308304
0.05585257207188598
0.060191329449182825
0.061245567781442654
0.060415933791432
0.059494606074777745
0.057954797603034014
0.05720709327062457
0.056390514755011334
0.05550344711897628
0.05295086613182157
0.05065152236771229
0.04849147057902811
0.048094040731906776
0.05007484691475619
0.05156512634139141
0.05125037842126591
0.0487202744901483
0.04610799836880572
0.04595235230667495
0.048735668113243695
0.0530065464800483
0.05701957900072201
0.05999906336019862
0.05986778597768286
0.05997720856912495
0.05866192375866655
0.05770604349116491
0.055601570720370766
0.0548607271171619
0.055168523366681314
0.05684916310513564
0.05876093625661204
0.059770588699755274
0.05864575198247282
0.055299326615524134
0.05146894096283587
0.047206567200511196
0.0429577782286332
0.040439915944549445
0.04185713477418569
0.04557197776184808
0.04994545487224071
0.05192987063770968
0.05139234696078213
0.04877885928320213
0.046249334659428785
0.045787189047579335
0.04786907869891432
0.050338202398176046
0.05251840869756074
0.052308709562950306
0.05239395843528451
0.05224281270850729
0.05262764890757946
0.05236385471418739
0.0513474751287334
0.04972509742832363
0.04802932281885885
0.046646094857433346
0.045256102795832816
0.045146907345520425
0.044878977674070585
0.0453016525282674
0.04511984269446946
0.04635759911130877
0.04835087673226592
0.04962999189623577
0.04964179275325824
0.04870757731646484
0.05120406197902697
0.056667543995612565
0.06026595589828082
0.06038502832275467
0.05749293428004385
0.05279028310533916
0.04687077871000646
0.04303715669408377
0.04287644730435791
0.04824425626079826
0.052999529775238835
0.054563944560943586
0.05216314373365749
0.04810447064243251
0.04501265306554223
0.04276458878876057
0.040791164467767024
0.03906814015406858
0.03941307839962216
0.042932054762504765
0.04777268707760414
0.04982843066555614
0.048967906447644885
0.045864905736479465
0.04370291453339424
0.044795043240581346
0.048692630082385766
0.05171549302830501
0.053028821309338225
0.05294468580838746
0.05107563167413018
0.04955807683042666
0.0478958364643491
0.04586684590253794
0.04305285544560328
0.04123938507359987
0.04037762232931072
0.04100251109981378
0.04308513705032204
0.04626025442132868
0.04905494593612326
0.051022529419842345
0.05222175251517057
0.05414367220294515
0.0572570588405151
0.06068257332578256
0.06436029054691052
0.06745532355379336
0.06904466552326216
0.07068324544764323
0.07194002232586169
0.07135584622522091
0.06904352209602029
0.0663324961048323
0.0633451759241692
0.05985465590816443
0.058270594779067465
0.05653282860913896
0.05428619105887838
0.05123885777694213
0.047840977731563344
0.04531702033303276
0.04407749999525357
0.04434411055122786
0.045267386965734895
0.04532569650953777
0.046431488614453675
0.04936643584433709
