6.182227124907199e-33
0.003242772110960575
0.011019245434069295
0.019789043237136785
0.028333411770616556
0.03824130561877789
0.051113448143441965
0.06634447945422674
0.08226125889475198
0.0983582273932494
0.11444293642923936
0.12914906780182
0.13874591908217135
0.14206351985703658
0.1415228179044137
0.13977968952983036
0.13787077581445298
0.133743067328926
0.12516140198620537
0.11147682085396936
0.09417495342948722
0.07555826066474926
0.05785338571642642
0.04298224542558336
0.03299617238794989
0.029685127186281187
0.03311687525674232
0.04113873440034382
0.05033732074108099
0.058226537811743626
0.064844734915206
0.07229425692765379
0.0816660754252019
0.0915741257502382
0.10018040924425128
0.10671036978514126
0.11069541995213804
0.11235974436507826
0.11224633088613
0.11002955428833264
0.10486009073242032
0.09661261731219652
0.08647715831578125
0.07649713916974492
0.06778806217728889
0.06070679341587344
0.054832168361642286
0.050103883564306534
0.04671983212078184
0.04456133886822989
0.04390755844378547
0.044456543669096744
0.045440932546237926
0.04638105368307524
0.048011082181645126
0.05118921097120787
0.05571404968927295
0.060136514868149665
0.0639417887963858
0.06815672056053546
0.07357538855798591
0.07826598346923996
0.07984950464532733
0.07794087719609664
0.07442972952055989
0.07079677172893369
0.06640796872764339
0.060464426346912716
0.053696353648395374
0.04814636749355594
0.045001975460228875
0.043534252673815305
0.04299909867287535
0.04328482871838749
0.0435747465107156
0.04333397506609595
0.042992465997010954
0.04296688528037689
0.043303994498311106
0.04540977072772642
0.04975984053062765
0.055661545799427274
0.06200217646851347
0.06800174687647056
0.0722314269658832
0.0729575536094243
0.07047942268620672
0.06712244903203528
0.06515175766469075
0.064194046341906
0.06247638777154172
0.0594554500756531
0.055434371368387476
0.05081279481096875
0.04634763184351908
0.04350915333701426
0.04337835853205391
0.045055275704282575
0.04686217150798204
0.04881374761191544
0.05177393562992749
0.05534701329170316
0.05845227738068365
0.061402225084539436
0.06507659846787854
0.06866779166904444
0.07171214327650716
0.07474585661238331
0.0782361540073857
0.08099066661416043
0.08092962363326388
0.07710539856691051
0.07108739712077392
0.06577900612122697
0.06309557613351433
0.06262685526599829
0.06326466160423388
0.0633570023845781
0.06125110489348035
0.05675087880001168
0.052011368740393915
0.04878567311155183
0.04707182922371104
0.047576516396655055
0.051686492940915006
0.05827007854158034
0.06420585169883929
0.06691122620679282
0.06641831862830622
0.06415880302731576
0.06256414091172581
0.06314800778127842
0.06557179520801112
0.06853631433351214
0.07085227279696532
0.07215046754078736
0.07318529154877897
0.07403550254488704
0.07420000675779866
0.07294386721875525
0.06978113949212872
0.06480911070178183
0.058715504891683756
0.053320584515779514
0.05076783182350179
0.051638314711144565
0.05375257726396691
0.0546840650624836
0.05432377920550087
0.0545974819387817
0.05677382339534435
0.059605172975982154
0.06214153084342274
0.06455321312417708
0.06668454439748298
0.06858884291728432
0.0700631480597336
0.0694944952742248
0.06575361073392547
0.06056455852186979
0.05545822667651481
0.051161701901661034
0.04820909578135556
0.046899277860518854
0.047586587456117276
0.049332723792990196
0.050075447430687564
0.04879350178058384
0.046547950526426685
0.04440732022503005
0.042678171388767935
0.04217611992687656
0.04419271018657365
0.04845759231989447
0.05279008748481619
0.056723485726498706
0.06285592904220545
0.07239004250761395
0.08237671182630293
0.08834037543007975
0.08831732095870694
0.08373515493112511
0.07812065432125785
0.07415827319100886
0.07268166808384947
0.07271198161258745
0.07309665689050206
0.07266909779327
0.07017600091786054
0.06477173915730823
0.05701414577992832
0.048442392108120014
0.04139679294078309
0.03801301659563067
0.03820051485889131
0.040570207483579
0.04394699696740043
0.04710715874317079
0.048478636450186005
0.04785764272009403
0.04679114270069222
0.04669781980392032
0.04830764109387304
0.051835172770932005
0.05633467374211472
0.06047891741162918
0.06270781028021272
0.06255001357403694
0.060916595789194075
0.05893483687437461
0.05732686951728331
0.055726192256326613
0.053540351286154954
0.05114420238974735
0.04927435827433219
0.048388250038113395
0.048447669285899254
0.049347649564229025
0.04966906272350912
0.048081714603140216
0.045696015969002766
0.04512235585045003
0.04697978950261169
0.049215191795149306
0.050140107659592315
0.050051053676094664
0.049558399642257805
0.04886043492041473
0.04896982454135584
0.05160075543794583
0.05559519558609458
0.058402216223810775
0.05918292918337897
0.05775873318049019
0.054407255133952226
0.05019616160700914
0.04755930182602964
0.04711980557725904
0.04790359077045696
0.04922003666902011
0.050473182990414436
0.05145851952509043
0.05242983867867513
0.05362992459928689
0.05469416093185107
0.0546699632489703
0.053423781478495934
0.052672488562589784
0.05485129039148275
0.060106873036696075
0.0648865326501342
0.06643749491645808
0.06473182094021164
0.061903222390169106
0.06007296241153899
0.05952929622604207
0.05974547933477622
0.05937845985174309
0.056665324228121164
0.05170197205850272
0.047288086008553026
0.045958664354287665
0.047497275525742164
0.04901439598416954
0.048645090414684136
0.04731462866418474
0.04711182489609015
0.04996593830775846
0.056587440272291276
0.06478924205062868
0.07108393928055189
0.07319965087534755
0.07157390783979536
0.06827796977671627
0.06484756310661295
0.06167465638071755
0.05925046728060809
0.058986556802892415
0.06074061304566647
0.06321492993013589
0.06394268586168003
0.06150456127705872
0.05681715527451652
0.05243402800776119
0.05011824630311372
0.049987126482013484
0.05147329523359829
0.05366444568678194
0.055676945290901815
0.05683373160110484
0.056747096623783765
0.0559205562350835
0.05483023572092531
0.05408436092531231
0.05355903768701871
0.052856095251948225
0.05205509364294468
0.05131764291235358
0.05081074236453164
0.05081374724696144
0.05158404613510479
0.052856921147288696
0.053900274503600604
0.05407853220663388
0.052754113717006466
0.04991459747142939
0.04763780895299195
0.04883809407309713
0.05281062161342556
0.056439375970983474
0.05681946066725468
0.05423119705574459
0.05091845161946411
0.04880693965727836
0.04857744931440696
0.0496539619943183
0.05089424865815519
0.05095860657047593
0.050404287749075634
0.050999137001614736
0.053065131550988145
0.055171859858548784
0.0557793543874904
0.054598443849190936
0.05248543885668226
0.05059671836749882
0.04945704653874062
0.048870124766431086
0.04891512916393288
0.049965667326909616
0.05166757773858744
0.05306205315522699
0.05468652392534954
0.05690886862726351
0.05878598234082405
0.05855605512830309
0.05517030546973529
0.05002153052693957
0.045519365269628555
0.04319866214634392
0.043716471727296265
0.04770180609305576
0.05434193304644869
0.060200534901337616
0.06190267364128593
0.058994337498003015
0.05411000800852757
0.049661716188800324
0.0463624329282924
0.044455771854986365
0.04427629678523585
0.04515109209851808
0.04575170538199144
0.046206981950664534
0.047429132793935895
0.05007377140218821
0.05345195025492454
0.055624543468657785
0.054920309575457855
0.05252255016684071
0.05144160422631633
0.05272254994323485
0.054612143547209974
0.055098334904037684
0.0544843504698328
0.054082919189711684
0.05465052769305077
0.055486668658437745
0.05508955343781028
0.05247153793421033
0.048677255025281765
0.04723720341206396
0.04973337492278529
0.05471384012069963
0.05948765321736057
0.062250132034741994
0.06274108988040451
0.06137546928204585
0.0603180742720989
0.061337987211669276
0.06319326593211423
0.06297332373478787
0.059805792651332394
0.055843940967752144
0.05326083567346839
0.05247990617649087
0.0532530993660025
0.05572572031176375
0.060382621981564556
0.06406470385739904
0.06321772395199657
0.057578345122753595
0.0496341039471416
0.04116324174817602
0.034001120589435684
0.03037608949935325
0.031248010943908947
0.035332477101977545
0.04061344075008405
0.044804250560636104
0.04665054454354332
0.04655555306820484
0.046267279464298844
0.04666663505353609
0.047824084293445306
0.0493831993504189
0.05047216096923288
0.05113225096106424
0.052821571418923755
0.05613977428297321
0.06054732638948334
0.06438184502217628
0.06532119408222245
0.06283501250452422
0.05773927024080689
0.05161455557693001
0.04681035159106702
0.04500495634930246
0.045191811558712915
0.04581685108354745
0.04665739409702588
0.04776609248847608
0.048970562759792134
0.04977295440488646
0.05013942294368393
0.05035174912298561
0.051017646493695466
0.05154854536521483
0.05111980655685853
0.0501895893404148
0.050413626063255196
0.052333293661371884
0.05421982608601846
0.05339214746798259
0.04956067487859852
0.04583613003218586
0.04560892105305677
0.04944750624788509
0.054823987411513474
0.0584244069045918
0.05800003545379149
0.05389878824761297
0.048409584416709874
0.04379954030151034
0.04156049130691154
0.04151884322754524
0.04290977444296796
0.04520055021143766
0.047812622413853666
0.04972552491587151
0.05002577481280425
0.048844866321210205
0.04785414589285828
0.048272367924424686
0.04922308391343222
0.04934451363168323
0.048964718386880886
0.04850294169512571
0.04783981845309814
0.046250971651286193
0.04392662392458801
0.04267156136573887
0.04361044153497047
0.04645103132311885
0.0493347327752648
0.0503542075167388
0.048991448245169426
0.04661907722665789
0.044977977386707745
0.04445761961452071
0.046126983424746734
0.05037299334291988
0.05529512797458797
0.0577746908198918
0.05726116352925044
0.05508602143674747
0.052357849702538206
0.049886324984689465
0.048766066973778735
0.04942353732506202
0.05109245094557167
0.05183995074233307
0.05009955292572581
0.046146755474083596
0.04164254570611286
0.037533227197274255
0.035803503565909243
0.037910989715424274
0.04241646138341292
0.046981346045605506
0.050757478419693136
0.053062560389333005
0.05336181313636809
0.051305113831883326
0.0480201677619975
0.04539156036869629
0.044515225120524755
0.045109774937903545
0.046993090909064575
0.05041047156454313
0.05469653668961661
0.05781478933965075
0.05800486891361026
0.05467858024656751
0.04946027928880865
0.04518698321668492
0.043666098383249016
0.04440447805093492
0.046207569640652646
0.047866613185808836
0.04932229958572585
0.05123212914301753
0.05362247080479426
0.05549813369401217
0.05639130683148079
0.05668897219420594
0.05599460441335644
0.054459132144828164
0.05350703590144543
0.05473556330633209
0.05893486796931507
0.06487973393822223
0.06973032911122641
0.07138831165033101
0.07036798416896797
0.06900502629570497
0.068716635013458
0.06896054713155284
0.06839380138220176
0.06644800455592612
0.06293959801059945
0.05843815688708507
0.05391704146497103
0.05063444377898792
0.04955751118186674
0.05066403479507023
0.053244852651763624
0.05641460261604708
0.059378448308742074
0.06161130542303063
0.06326247678018192
0.06390800548764174
0.06332103187135636
0.062456083745054874
0.062128300362026295
0.061823762816721126
0.06232339765737667
0.06703119443060787
0.07641910611481055
0.08731772060190533
0.09590446188323566
0.09949077486966558
0.09780631342350947
0.09278456319325755
0.08676304179883723
0.0813603633319265
0.07719338715189464
0.07262775578450385
0.06648327388769984
0.05962600860334282
0.05466491642144787
0.0530066413003735
0.05345094832856242
0.05432393044474581
0.05479201553598621
0.0552478077240788
0.05631620527843454
0.05750678641939383
0.05778476527834115
0.05702794118143856
0.05480189524435309
0.05050407094164689
0.045757578249899254
0.04366046612410335
0.04600064433612616
0.05176359424444917
0.05775185703540517
0.06198613608898179
0.06434267494338465
0.06460431255892139
0.06268984850893826
0.05918167917955912
0.054746854993460346
0.051078216892395285
0.049623218898420925
0.05143994963414083
0.05563694491064203
0.0593944528867922
0.06025509435438245
0.05907946492174701
0.05819475876913327
0.05873071283794262
0.06068990485005275
0.06409661072511236
0.06819701332431306
0.07251221162945158
0.076806963260869
0.08017364956986878
0.08219358125844002
0.08289240708156857
0.08178592789994765
0.07947675950434024
0.07691576709819618
0.07388045651799939
0.07026619079957974
0.0657931752358829
0.06063544244924923
0.05544828824370748
0.0512676116117676
0.048300707373294574
0.0469482564012688
0.047030390739994384
0.04737046017561331
0.046919991218526615
0.04609919065067451
0.045945186054815776
0.04701844571359827
0.04907297443269199
0.051101969549543415
0.052699528819471424
0.054752262756186505
0.05831886891105783
0.06270716686586869
0.06590219391185105
0.06735530652876198
0.0679541191815805
0.06820682128366307
0.06744192173967785
0.0649404091263726
0.0621057186097302
0.060161757698634286
0.05840644416649219
0.055596479172036785
0.051713205524039435
0.048505641344193565
0.04700961884038566
0.045933702797087056
0.04367759223915629
0.041466018059604155
0.04128073056548564
0.04335988041796709
0.04658546206162013
0.049249224154536336
0.05069119192781496
0.05141077027141542
0.051710411900244994
0.05239905555255615
0.054477129001355075
0.057874794238128455
0.0618524183972521
0.06468258841417164
0.06546621291525387
0.06425993788536985
0.06242076730741366
0.0611709681164024
0.06011483807691445
0.058399504335597444
0.05586056691043362
0.05325944102002897
0.05160332926991059
0.050951625891476164
0.05023253101582624
0.04927823220878732
0.0482042197947911
0.04755210416250996
0.047825047273940526
0.04956100471971683
0.05200781373918206
0.0533626661026419
0.053064400680858444
0.05261969420171769
0.053269084401461525
0.05501412765861421
0.05740480544917299
0.0591592219083218
0.059312861305218664
0.059009425491752455
0.060526436106383905
0.06395563548205443
0.06585255153759757
0.06305169219821657
0.057291886014681465
0.05235937562886994
0.05061640341569211
0.05155578476091911
0.05255904264349013
0.05186173244020734
0.05025380766661098
0.048829190096681734
0.047043556966815
0.044213425009363115
0.04106673492292439
0.03880499496174004
0.037343077229588816
0.03621640909088623
0.036323381527507165
0.038135223861952505
0.04117366334180641
0.044363043996900636
0.047151552438991384
0.04959240280012201
0.05180007627238879
0.05360914571947921
0.05474947747861405
0.054007875354593324
0.051379346848690645
0.048697759581547685
0.048134419665643864
0.05058138949582735
0.05447488394982622
0.05708492471840209
0.056633435993830056
0.0525956118179387
0.045578345370889534
0.03939543057688594
0.038608739025100196
0.044016761262357804
0.05195984487482952
0.05685132793675551
0.05598058776282523
0.0511128011080056
0.045842253729580965
0.04289308399098158
0.043942282519211937
0.04930692659086831
0.057564374257586884
0.06524220691693282
0.06971434501405517
0.07124091176643535
0.07142276245454263
0.07205328050188144
0.0726094743263216
0.07140792911826431
0.06864187900532219
0.06524816685672065
0.06135633984177731
0.057270968905097114
0.05347867985462115
0.05062311767510547
0.04991087469270082
0.05206814196041782
0.056170428135027706
0.0599876850334125
0.06177191731895594
0.06111861896600902
0.05896957109220471
0.05604089026741242
0.052897773864671184
0.05042971860599049
0.04981839501178198
0.05143425394013054
0.0538141671089856
0.054473540171473225
0.05218458394359871
0.048369242936893236
0.04515516154422869
0.04364379535627552
0.04385214127425392
0.04487125072653156
0.045693942205690216
0.04614522501064924
0.04660060909023402
0.04788734049570074
0.049960418120765834
0.05223216922574561
0.05370547061730057
0.05347715680549878
0.05156072080623559
0.04819678362952141
0.04436880181058715
0.04155136118891583
0.040537116098964536
0.04126774303661559
0.04296182993205551
0.045568618308968065
0.04954157761105315
0.05509874473990027
0.06144459036658365
0.0665091717151007
0.0690320385020483
0.06826142074017169
0.06534089975206613
0.06242775390027406
0.060243379077603146
0.057638500843868054
0.05440607234301407
0.052231470258719756
0.052127182715813715
0.05405265861795081
0.05728714377544999
0.05992178337085534
0.05966552969678292
0.056307917381010784
0.05262440554846627
0.051269262620612946
0.052345451611607176
0.0535853755859436
0.05319393534144126
0.05157180918309928
0.05038523303256287
0.0515005059327401
0.05518552154302481
0.059372368966589595
0.061909391740514214
0.06287083235314346
0.06461043436878353
0.06812672986744726
0.07247729184160966
0.07608243779899095
0.07846243321359124
0.07997456585357343
0.08141370940618856
0.08175084462674216
0.07894826405827977
0.07295766788052684
0.06611292964871293
0.06011722768987205
0.05584067364504013
0.05356032233316207
0.052777489891238025
0.052418927066772154
0.05176066906834108
0.051920462341072185
0.053886309788231
0.056476493250230735
0.057317553595086924
0.056305905479677607
0.05542490655546103
0.055966774149267
0.057963937998586346
0.06104572706831116
0.06376270425502495
0.06446273761572267
0.06331089549272031
0.061801948923740115
0.06134017663213411
0.06263407175175696
0.06519140057850022
0.06660787652027014
0.06588904403583129
0.06429819521070071
0.06342239538382162
0.06296544086198297
0.061475675196275045
0.05828472674680224
0.054682471961291154
0.05284758710009892
0.05335928791321568
0.05461873392617408
0.05575599025492226
0.05602378056786315
0.05418574168858871
0.05090307716314096
0.04859205949898625
0.04939046543762888
0.05343400129500798
0.058630695547187965
0.06186528083266621
0.06185676320768537
0.05963963335485086
0.0569652008828027
0.05568417941019715
0.05586791247908734
0.055492023761961155
0.05380130661228041
0.05242966710154043
0.05330239247430705
0.0566904655619116
0.06136382975787136
0.06609018961649718
0.07046118190285416
0.0744971896770382
0.07808017734098716
0.08061915009788412
0.08156063060827375
0.0804012202267301
0.0777551029581899
0.07504799808609451
0.07391799733437206
0.07436073746457941
0.0747085012784792
0.07412001972706579
0.07244131207294532
0.06901136840679847
0.06331710634658877
0.05585279741809986
0.04844484369852196
0.043051406247202065
0.04057345078849796
0.04100738735242248
0.04308395084632738
0.045636002397660635
0.04860646375844929
0.051561363184103724
0.0535821411426149
0.053527769738338886
0.05149844686378827
0.049793150825632654
0.05061692578990456
0.05323712143118204
0.05512128919858105
0.0551381394070253
0.05425222416599775
0.05384174594486214
0.05456771828297326
0.05617798429333147
0.05782672709152759
0.057607655527198626
0.05359078666175816
0.04649971742857092
0.03956644918423438
0.03604603874450489
0.03661939843993643
0.040012064762360966
0.04442724302454749
0.04890746839259851
0.05354435983075331
0.05738127836438325
0.058674370178150206
0.05736280808055445
0.0543188600624966
0.05088015457118195
0.04840823558301844
0.04737261350544796
0.04788952540958851
0.04963971498990369
0.05194394967361821
0.0546728873656898
0.05732392938503785
0.05841225363681803
0.05728319058874077
0.055082056041506636
0.05278800017762558
0.0502155116114442
0.04739873646189353
0.04507301269460433
0.04389151480188584
0.044367114578471305
0.04621390828486779
0.04836109069216359
0.049761400968377834
0.05016636030191669
0.05058629806690208
0.05284888198976302
0.05747542115326307
0.06240007002719177
0.06464498567969845
0.06303223526677329
0.05894603385725668
0.05418529468026063
0.05078099204608398
0.049141715812479614
0.04784308199328271
0.04605819912715037
0.04468845562719259
0.04432544469891412
0.043440497043348694
0.04117319005528721
0.03862347013533769
0.03766179396949245
0.039730140945349136
0.0448987782814436
0.05131444564979216
0.057238177390546166
0.06151051918961431
0.06341885167507275
0.06336267307307084
0.06233804089491446
0.061532897139913556
0.06166860881358559
0.06335443659225702
0.06531385594644946
0.0654817862294013
0.06256180982084467
0.056815460433382335
0.05048165948861855
0.045488069206078424
0.04216582825322378
0.039094503691497626
0.03540826505376777
0.031980484812082835
0.03074697752530759
0.033023706233795816
0.037710455875217014
0.041690884124142555
0.04263013365906232
0.041185678991104265
0.03928590305163172
0.03854507219839488
0.03993109991540392
0.043703935239171966
0.049573278939679416
0.055785017494780445
0.059214288974522265
0.05897203832322216
0.056912477728283374
0.055760248665734785
0.055808585593569625
0.05528722417898592
0.05342850784734748
0.05055032555226034
0.04777449095577536
0.04580015372915869
0.04469776589567294
0.04401980620224927
0.04396770093393596
0.04464113418286653
0.04579930227573819
0.04755330777606375
0.04977564666555767
0.05297257560348624
0.05730072746311385
0.06188821587875698
0.06575012209175726
0.06808318554374347
0.06885879532024762
0.06883142571397538
0.06883736530126962
0.06949429824794119
0.07001196604159171
0.0694751784449532
0.06639745601638143
0.060282159008247294
0.053402110647417
0.04887718378285145
0.04744526867980007
0.04789089106316131
0.04837630206716026
0.04738649067547676
0.04484925338032632
0.04176840622828545
0.03951695725981521
0.039241738540167694
0.0412725552589853
0.04542045889592622
0.051121761795639487
0.05604058301318362
0.0582326211018245
0.05848746472521564
0.05877173038596273
0.060521137183942295
0.06297477953305713
0.06486015838864087
0.06738104624399605
0.07244268137047286
0.07913276056477207
0.08506237895307378
0.08761351173483646
0.0859546269357047
0.08080770839911142
0.07373680509149703
0.0663224363544819
0.06037670326658864
0.05668722095038586
0.05466585992078305
0.05275819940668136
0.05119854106584106
0.05108195185584936
0.05178720172463448
0.05171962354472643
0.0507946926004221
0.049283822122338734
0.04713854687439748
0.04510380056855308
0.045070383714037994
0.04798115790638276
0.053223230578672405
0.05820073698653088
0.060730402081977844
0.05980466838491656
0.056978321622914455
0.05458223492012116
0.053395497850530486
0.05289465600526171
0.0527181152879535
0.05275473011585841
0.05344514914221365
0.05468857139222323
0.0553833779278433
0.05540353758827323
0.055382925617275466
0.05542500615041851
0.05495604554350273
0.05325488486194169
0.04987650365919159
0.04568273345853053
0.0421335768017129
0.039554871280313805
0.0387280592579775
0.039910393520564955
0.042365706836593665
0.045674303723355694
0.0498034692784828
0.05412337953102209
0.057908823325968896
0.06030344603239728
0.060940331732846915
0.06060946185626523
0.06012610638534052
0.059686733272477845
0.058307837753764934
0.05489065167591445
0.05034036400987901
0.04702564402379431
0.04640817825618254
0.04793439944755535
0.050617415649931274
0.05367139689628711
0.0564572186689226
0.05786384459189801
0.0567285764733242
0.05371324194883525
0.05063744102646662
0.04848540222061348
0.048268581989516564
0.05018094312093999
0.053932054634656786
0.058537154873373486
0.06279409061647268
0.06659423311882878
0.07007855114850062
0.07272640037520164
0.07371289851022254
0.07186000429124689
0.06686654043279176
0.06024453498274515
0.05416190702095535
0.0500974362026346
0.04871620512524439
0.048873784305995836
0.04906962436762964
0.0485521189850306
0.04713720759859279
0.04473679299695413
0.04176594342499599
0.040064014253360265
0.040954663592969315
0.04401682101070733
0.04870070776377211
0.053907376611735676
0.05798667308582444
0.0604006602698172
0.06200252692434721
0.06278823853233174
0.06271631463402215
0.06212524096534959
0.0616660064121853
0.06283667329819562
0.06662642765442645
0.07276876967013547
0.08082832596810524
0.08812504379949106
0.09174912934656806
0.09013997796918058
0.08265261301682161
0.07101972725017658
0.06005620103442377
0.05399592258471244
0.05365305292969559
0.05672006345142116
0.06058419847936634
0.06370533056429487
0.06603109757042577
0.06846893861188977
0.07077875926231088
0.07191116704248995
0.07135052870056513
0.06887727112457176
0.06516905005160434
0.06196778656529348
0.06054022608173239
0.06018954402217857
0.05966923772304698
0.05838877683198597
0.056304309893452156
0.05413160568646729
0.05230356897434391
0.0499811093550675
0.046763502717353106
0.043244672440726536
0.04035852862663089
0.038954092913332426
0.03951724667929905
0.04183656448772502
0.045293194317890875
0.04796808248027554
0.04833407528965609
0.048053177426682116
0.04935343903567061
0.05287917910223047
0.056221801884946805
0.05822645421609912
0.059621842842033354
0.06054304759979221
0.060175277231470196
0.058371901584931385
0.05596239147507147
0.05340851283696783
0.049826648818229194
0.044862350378597586
0.040308800428284206
0.03828900513754221
0.04071958627044126
0.047329639405695526
0.05532153406987622
0.061150923695041735
0.062054729937249434
0.05907624617486296
0.05677134078952771
0.057178610723683125
0.05953169320757941
0.061857677001093694
0.062223854662308654
0.06036040945601906
0.0574687629752428
0.0544702848150458
0.05170089463327447
0.0493805595882733
0.0478102815585791
0.04801265169836047
0.051093251560491035
0.057224072139086965
0.06409667052023667
0.06960573732021251
0.07316927624316008
0.07545199428524377
0.07755326872468268
0.07821334667259494
0.07575950506820657
0.07084174436765163
0.0652529683566344
0.06054549421567524
0.056654466236841027
0.053654584836782614
0.052001133218241784
0.05177700086952132
0.05277737621839372
0.054239671004576474
0.055485696418088
0.055657262724543445
0.0544863819355018
0.053136901965767015
0.05351598108632567
0.056023947134503704
0.058022650731655266
0.05668199325581182
0.05261802879597501
0.0482588767427171
0.04510682871624413
0.0438062357291674
0.04420014589241468
0.0452892119014463
0.0468397939491506
0.04927653590920515
0.05240350566844941
0.055476165107348006
0.05866203750757973
0.062303556796926805
0.06620093877911126
0.06953364984014096
0.0704306390761273
0.06753331896192033
0.06190589806327082
0.056025404990335884
0.05178901642342412
0.04890254906795374
0.04607214637919723
0.043015035582700756
0.04086074340239067
0.04025849779829918
0.04095279664726548
0.04249519285649649
0.0436502337822091
0.04322229540646041
0.0422485031080775
0.04279922763913088
0.04434004387315515
0.04563719885529393
0.04649970335255448
0.047390819513877025
0.04884855947970737
0.052371542558131416
0.057537421695890524
0.06199413640804012
0.06369532957145863
0.06276165302862315
0.060374688498965774
0.05786801150852443
0.0549418112175494
0.050965210237972215
0.046363638151000156
0.04220124346291518
0.04026874843195006
0.04103725792579126
0.043201629054576085
0.046121690879497065
0.04996678953358537
0.05396302978673656
0.05695937614886886
0.058248890687216774
0.05779518791847423
0.05595816876472157
0.05223832015907191
0.04753563727030407
0.0443295662548834
0.04474429137535333
0.048919085940314966
0.054868852866047334
0.05931112763493002
0.059621303187093966
0.05591501230331044
0.051408635275670855
0.04851292983151118
0.047482952339163394
0.047972393318940154
0.05064680428798725
0.055947594165488744
0.06262345004197664
0.0686180596076865
0.07093058339212699
0.06882848103880322
0.06398113231131776
0.05843451885373736
0.05371606362812391
0.050991277021360075
0.04981931101970791
0.04805359878615987
0.044424862233584855
0.040752107916322
0.039988261886058175
0.04301961140326523
0.04738188334841428
0.04931212151324762
0.04778680516278072
0.04447203988207807
0.04172078867991547
0.04099078235053807
0.04165275756584331
0.04260772584648877
0.0436718959699845
0.04473099585682901
0.04518554945767302
0.04479874008868366
0.044406093640791226
0.04560695421903707
0.04773602854312693
0.049280170170264655
0.049834637944135854
0.04945985449619346
0.04795878180254462
0.04613713569675815
0.04447951959324444
0.04312307526797498
0.04181451510025548
0.040296916726530047
0.03857977655823197
0.03728995200634861
0.03739957273855033
0.03904339319087594
0.04116782399314029
0.04307134561909868
0.04542089447928993
0.048870014572613564
0.05295008324286499
0.057749906533580773
0.06362995372471943
0.07011657337660022
0.07623230213053146
0.08110242068986823
0.0822977129982256
0.07745151111096675
0.0677343365743516
0.057532236470546574
0.049560696782886805
0.044244038766059514
0.04174256524905385
0.0417262228586349
0.04413451523552157
0.04866293058035305
0.05432814066832409
0.05892658956010449
0.060628821109097016
0.059761279851784595
0.057867142716242936
0.05574101558451859
0.053422641647052134
0.05206076086496085
0.054105166140317115
0.060269455025914194
0.06759630714484194
0.0727043779669256
0.07413038124175993
0.07234675323441654
0.06833238887543912
0.06280801205823487
0.05632925469228828
0.050137643961568855
0.04632311123566662
0.046556722877974355
0.04967676987345674
0.052013519431778316
0.05213464535414391
0.051390184429975866
0.050668957940462334
0.05023727344472796
0.05100505606506653
0.053980879602282636
0.059390455514076824
0.06570930430710932
0.07052404612985574
0.07274975076000102
0.07275081614562179
0.07102686053645106
0.06846162567936867
0.06534221715068489
0.062144247302826056
0.05931398283444558
0.05629974571802305
0.052251238331765024
0.04632596056874357
0.038969013712856784
0.03273854540365303
0.029880164455025216
0.03066503742025012
0.033216404111394635
0.03603726997352085
0.03883677319473459
0.041457881581577025
0.04317762360083904
0.04393887625459308
0.04427365281668674
0.04478803759774322
0.045977868420327216
0.04772664667632561
0.04967510462924875
0.052431618128031585
0.05558559980741661
0.05691439891194979
0.05518378485143813
0.0519040102910068
0.04867542361944544
0.045692567973736775
0.04295806177095889
0.04104033744010291
0.03918042597196031
0.036663160645909666
0.033993786536518744
0.03224223681306003
0.03241606539495979
0.03441710381690973
0.03671348028749699
0.03874037419709209
0.0417411104897668
0.04642791445001591
0.051408112631896985
0.05507018087173406
0.05749553544947988
0.05881838354038021
0.059167448454807335
0.05845628625451046
0.05669120479256259
0.054507493527428556
0.05266569560086808
0.0513339987064932
0.050870432994767956
0.05069491953351376
0.04985924288495147
0.047944149262665915
0.045573567932831245
0.04377423946343639
0.04353690717489191
0.04540732469012135
0.049448775305273744
0.05445140328557405
0.057538094178595206
0.05628159351309993
0.051922187366014144
0.04784988032925952
0.0459477117860246
0.04592878186779307
0.04700438402374549
0.04929140245549285
0.052798245452934545
0.056693920775194855
0.05946443143741452
0.05944424528760346
0.05615136980195274
0.05058976549026474
0.04508942027959989
0.04178749302390167
0.041386485261567504
0.04172570471752713
0.04079332932926622
0.03918714437610681
0.039108002487270616
0.0413615877411963
0.044674653901344355
0.046944022202115805
0.047459579049063866
0.047141330684622534
0.04763969922274145
0.04973472547259977
0.05251853420272232
0.05489823716132358
0.05629189587557083
0.0566661401306691
0.05684938722960163
0.05617389779629045
0.05397536169741207
0.05118558350738365
0.04943860094921705
0.04859692821254396
0.0467004688969326
0.04259175877560058
0.03936490388494737
0.0395115954107336
0.042547613317692676
0.04655753286552956
0.04999416418458899
0.05126171699048406
0.050080097400134874
0.04750982436074273
0.04446684338263729
0.04132828855219528
0.03940534260236847
0.04031448331947455
0.043184544323597585
0.0460535066910866
0.04723160656486893
0.04561416481361193
0.0414776579084836
0.0377848384734759
0.036651424912456536
0.03741087944285432
0.0380420517583728
0.03759139369721174
0.03684327075825124
0.03704757524075109
0.03920304346503787
0.04356517541519646
0.048707623275307164
0.05310627091699752
0.055951714318793803
0.05701076762854081
0.05627019818166516
0.054377997770610705
0.05153948759311639
0.0483494344759631
0.045230160605457696
0.04217992409769698
0.0399493978576082
0.03947464022801606
0.040655267861755585
0.04236931469195262
0.044021910870638906
0.045787803734515645
0.04770891780080767
0.04884987535014219
0.048745221049893636
0.04760674529655458
0.046946260238870365
0.04736780611480125
0.04765889374307397
0.04578386747397645
0.041815170247794485
0.03770028422561231
0.035426514909243756
0.035811122861819596
0.03882481474389045
0.043107601253819954
0.04596703115717435
0.04664470751282782
0.04584672073907978
0.04445883917458024
0.043972413611001175
0.045489962296920754
0.04842442325719264
0.05129715662448829
0.052135664462937555
0.050755967870768526
0.049228225743420326
0.04815404836049147
0.046634357645156214
0.045206618504086145
0.04581651421536919
0.04878856373339432
0.052401135894913624
0.054742293456727
0.05501422043494175
0.05332876978278717
0.05007128420749818
0.045700350874392136
0.041461357798665346
0.04053747111235175
0.04492540551580436
0.05230902017906881
0.05760371067362209
0.05827304899151207
0.055684621615054546
0.0517412590563506
0.0475419261560875
0.044621052603400525
0.043454607731572864
0.04343649955135362
0.044306584157074815
0.04590155047605359
0.04744815606911948
0.048622813577439875
0.04901594459502088
0.04875790359794406
0.04942615759299106
0.05292667862012664
0.05814837381595365
0.06257949651542116
0.06393881586573286
0.0623362003703831
0.06034474551925884
0.060012890615790196
0.060725179100743196
0.05979963104676259
0.05626793284474142
0.05154153260179949
0.048391074937932405
0.048522590373134514
0.05075405373929181
0.05208591999999004
0.051448381141686504
0.050329959683289495
0.050911592555264826
0.053939206334898605
0.057859048412410075
0.06019259989203518
0.059669624808176655
0.05701318094281002
0.05389398632052008
0.05121473851467144
0.04862791967168507
0.04536731342705946
0.04144725440441108
0.03867468974386723
0.03793064426957688
0.038730185385828154
0.040257595501436726
0.042242219565280605
0.044268494106742176
0.04608629569888908
0.04691312092405106
0.04563476498731424
0.04321584761692869
0.04126272186432183
0.04021155661801474
0.03885861395938615
0.03695686290786254
0.03613694310821424
0.038107164547995745
0.042095461972802256
0.045616116786221315
0.04761695454983753
0.04885314360786232
0.05081757237619938
0.05371889991528177
0.056753843246342826
0.06007485061305229
0.06276419671376163
0.06329514622045368
0.06133145512253678
0.05915724940956459
0.0587049904567539
0.06030503099002257
0.06283394161972422
0.06484393078397893
0.06518617274850118
0.06356647413045032
0.059644412580346876
0.05435673751578226
0.05026277055989939
0.04887691943726067
0.04994802956521398
0.05279164414565327
0.05647274317984669
0.05967687773928155
0.06170753349216157
0.0627615765649734
0.06268492124515412
0.060936756284807186
0.05905725055517834
0.05929109077910867
0.06153813775252861
0.06333570654664249
0.06353800293586309
0.06308217100267018
0.06307416878614716
0.06228929386556952
0.059196445441140534
0.053677079403416844
0.04895426872112968
0.04829747466262557
0.051993816796325754
0.057326885032530236
0.06166502832955571
0.06447267368116555
0.06635173109180433
0.06794376337491274
0.06822322025876701
0.06681576586609066
0.06608481791953884
0.06713124055052803
0.06879674907093997
0.06923030889391385
0.0674962721282005
0.06471930946233737
0.06267401515767476
0.061221080772892074
0.0588942257112092
0.05631460650383664
0.05534186902593761
0.05620183370332501
0.057857202688971994
0.058332724700171985
0.057304352269632056
0.05627818805706965
0.056061070227373784
0.05596285263799
0.0546458328907079
0.051529281398486566
0.047858467540894685
0.04544093164303075
0.0455816386683031
0.04862604533657913
0.05323774510483
0.057067592644914254
0.05855007743986113
0.057748446966746796
0.05703665127373955
0.05821145786378377
0.06004402490640014
0.0604237476347506
0.059580594141393516
0.05863595651564492
0.057840105635256385
0.05688802365488989
0.056352552926452956
0.05803709647271869
0.062004672128061454
0.06623785411887974
0.06833674059787012
0.0678706853361153
0.06702931015122651
0.06745024276891504
0.06838412933542086
0.06833241122479781
0.06631153651638078
0.062291224437671634
0.05738494613653584
0.05335122267893019
0.051857794119401376
0.052009385992632905
0.05076969824797525
0.04783115878766869
0.04569938520737469
0.046171308315894756
0.0489852357297055
0.052486588250114444
0.054911164220786915
0.05578650751434575
0.05572219912496733
0.055347123923357694
0.05478868622055165
0.05487999724293013
0.05608286625128231
0.05749710748818346
0.05846847752573688
0.059433332489731934
0.06047568449981142
0.06110390721605913
0.06142087121699804
0.06178993538557342
0.06221822655881308
0.06258469304492115
0.06316531699598892
0.06384926048716662
0.0644161482409563
0.06521688310638626
0.06632190481961825
0.06626891447401166
0.06342350170538984
0.05896239620760345
0.055608864007477415
0.05393334283324853
0.05186335963472577
0.04842645821073106
0.045525951615672584
0.0450507708032327
0.04760183507241697
0.05281629392606323
0.058757058606575784
0.063241168294756
0.06509325966366376
0.06486591760509555
0.06319447618911071
0.06088254532760438
0.059583914628170004
0.06099669827659355
0.06553117226132045
0.0719942065683502
0.077913020479023
0.0825346497242023
0.08622717621584855
0.08827051597921588
0.08637934413631562
0.07948023567899942
0.06968122546887241
0.059842720177777295
0.052322448954119916
0.048110263359732945
0.04731257664060112
0.04917660751480498
0.05147114713396259
0.05267270643663899
0.05176566531356358
0.048588638131394274
0.045132526809044164
0.04357570910198532
0.04447968805094884
0.04767362412517269
0.05285933179553148
0.05882005266603088
0.06338071910988016
0.06549621670564962
0.06639612596434122
0.06648000584084311
0.06437591863902935
0.05998035672850359
0.05522705661484626
0.05240794196191649
0.05216311351309381
0.05329345980713762
0.05432865713499627
0.0551816765215829
0.055969862555686666
0.05554923744890101
0.05296433493090001
0.04947352787490408
0.04650879271587422
0.045061081849574164
0.04682063324226881
0.052295300936106785
0.05945134658668573
0.06534920030339224
0.06893515067799803
0.069121749184325
0.06624795794603675
0.0626416390453557
0.05940754522128414
0.056221016709751055
0.05343310508088345
0.05195937210977047
0.051762179581597755
0.05225312679978323
0.05289179718841027
0.053222439073607034
0.05296416002936865
0.051878724184583114
0.050090144057974156
0.04762738394880994
0.04496443209636323
0.04387013144109403
0.04511653379546415
0.04788941927816626
0.05172748068532346
0.05555708758988654
0.058429624461443966
0.06121158729294517
0.06487479326923197
0.06880375818143245
0.0712908891753758
0.07182557620216865
0.07007764446247829
0.06538354268557144
0.05891496521213462
0.05364687774594893
0.05067125917938018
0.04947740066221878
0.05030119863001211
0.053029003941581256
0.05625692485280547
0.058819701251986815
0.05956014971111612
0.05692764128683562
0.051348143060079884
0.04570433853787294
0.042643929945729825
0.0422341189682723
0.04324797548635795
0.04521811336607737
0.048681309172859316
0.05326341092061413
0.05650229928283691
0.05710710895179819
0.056003833177514194
0.05444861499867064
0.05282787288713718
0.05159230947101733
0.051015317739903754
0.051143765296827945
0.05198418024353247
0.0532650571405906
0.053930216047851004
0.05293567290930054
0.050469331903807896
0.04768209609005518
0.04611149162257398
0.04650457072618583
0.04816833507701271
0.05060725575707152
0.05389076547484403
0.0573607919712399
0.05954527530878462
0.059607082438589795
0.05843412867310946
0.0574303836493481
0.0574353977180108
0.058377146164382804
0.05976438712683389
0.06038951205485644
0.059144069622480804
0.056443157208257676
0.053485485947115184
0.050985691273876775
0.048605554770161645
0.04572714519441737
0.041732927118875766
0.038056779385387096
0.0368889200240373
0.0390738559392648
0.043818167173986206
0.049798690697121006
0.05532193566140107
0.059153994518169564
0.06140649645449497
0.06266740149301529
0.06328274115215046
0.06427371276837276
0.0675518103192348
0.07243447312518335
0.07598366203451838
0.07598060353959726
0.07338362485809674
0.07003088645507023
0.06641952842699762
0.062280005258444564
0.05741715614149002
0.05240649232821656
0.04853592916856373
0.04725452307595922
0.04906170051812691
0.053388854863672286
0.058607208782276606
0.06278803422521079
0.06504140754763141
0.06456096907056758
0.060840003210632716
0.05520619293068163
0.04988801330370412
0.04625549941280518
0.04471896420055031
0.04462905877056277
0.04539892383572433
0.046807248712255695
0.04882263210576891
0.05081861269694665
0.05254256488746386
0.05506702943685888
0.058963897086008965
0.06257551354926687
0.06410495776227812
0.06382650360385561
0.06345969679307999
0.06303178772370908
0.062057112739032055
0.06114776755629009
0.061387317775812564
0.06236933229134719
0.0623572624039972
0.060694905149259064
0.05913689866357156
0.05885028245992049
0.05919972984289964
0.05932426242198847
0.059062806980208535
0.05876553499352327
0.05891225057840436
0.059756008129564636
0.06061882943880024
0.06000460065869013
0.056979372588208795
0.05261781727384375
0.04868183306961172
0.045948541667577614
0.044825361843617385
0.04644978952461975
0.050815156537618034
0.05555341305218962
0.05815895037355613
0.058350143186201936
0.057205946060147506
0.05612349709748006
0.055997653080327996
0.05708162264926331
0.05865767996838749
0.059424284216815226
0.05947586560110925
0.06001543960125691
0.0603886762188226
0.05886753151931653
0.05514846479389879
0.05140412652305662
0.04979421558532554
0.05109037945428684
0.054195809274615085
0.05717174106677544
0.05928700260791878
0.06074855213631236
0.06099030114006538
0.05924700658466084
0.05639019287507508
0.053644901954319264
0.051728334119125655
0.051087828495872956
0.051640489512824496
0.052924015696119785
0.0537904806268081
0.053138869165344195
0.051054532636559756
0.047933774827779774
0.04459041356781617
0.0429552270282685
0.04488159475473633
0.05067829623820311
0.05775493763548771
0.06259726235831126
0.06354963369836582
0.06118381782499563
0.057066411729580505
0.05258303480214134
0.048998482307056314
0.04722175280620806
0.04728270136493719
0.048330634538454514
0.04977267737455696
0.051467004149344145
0.05336504949609071
0.05496843654615969
0.055822092533061606
0.055188138607247285
0.05287052798601264
0.050142569568975136
0.04846919697369852
0.04833669168047492
0.049689190635370105
0.05194305522422688
0.05322621493311922
0.05138024125694167
0.047128656925724335
0.043738263076291306
0.04283297040407725
0.04386721360242519
0.0463976534477024
0.04878601671922436
0.049332399413735455
0.04791808791207359
0.04548090364782727
0.04247135623809507
0.03937509524667302
0.037000608876086624
0.036686801796160365
0.039515023076509746
0.044621642510588276
0.04886516027242778
0.050770459005588305
0.05180954580993315
0.05318267567521033
0.054543073873061586
0.05490891614766081
0.053180028097245945
0.0490677902904611
0.043896969437826665
0.03999245270776011
0.03961087290976596
0.04309660918023421
0.04830566335762341
0.052904056434142005
0.05643343600268483
0.05920041049010366
0.06133567136753182
0.06239312298807312
0.0625588627432106
0.062389276493282846
0.06187623455613843
0.06132560635725992
0.06086201705002373
0.059960806733179384
0.057302253909050076
0.05300960559155046
0.04919262180042458
0.04811459769533202
0.050034798456146494
0.052784669962109954
0.05322814558878265
0.05075569680336023
0.0474028457540063
0.04536195794843611
0.04540514203793179
0.04628473617379505
0.04649774586265588
0.04629601788604751
0.04673234117341547
0.04819706978149583
0.05037238825882665
0.052349504349227104
0.05360960556967065
0.053451727101466645
0.05092137450482535
0.04613616120962563
0.04088562179139804
0.037002250185757306
0.0355480866958338
0.036822379722977715
0.039779043775079
0.042539094738098686
0.04353176172370861
0.04335130497360416
0.04287066890732158
0.041784024609880836
0.040195373422033706
0.03845059472989136
0.03694274853947413
0.03667581955649922
0.03948426316935039
0.04603570966596446
0.05408392507441598
0.059932877850488134
0.06103644007379354
0.05847478420877147
0.05560770267881902
0.05528196504567862
0.05822258369154183
0.062395730100798415
0.06533489639030794
0.06708494740401563
0.06854913392942578
0.06975573033678835
0.07014078375227512
0.06972415650665616
0.06826562068542551
0.06618184406248254
0.06543784088644261
0.0664859744946629
0.06787918799691492
0.06795375404166959
0.06587772960099218
0.06185583647838358
0.057677224802444624
0.05531127117499281
0.05549402009741772
0.057871746433999456
0.0610216976817414
0.06372274568532442
0.06562414456423235
0.0661483520834987
0.06461512393871786
0.06157856701326544
0.058576788222522255
0.05702974551701329
0.05738500990068243
0.05881905157804516
0.06055786938470775
0.06230056839857552
0.06358315369713408
0.06359671968272775
0.06215107352865333
0.05988078228153037
0.05769367743834736
0.05660376416848584
0.057830428274517835
0.061315507840117585
0.06636160995104627
0.07252548332097283
0.07891694220208643
0.08409925058176095
0.08654694653136384
0.0864183075525218
0.08389054033064317
0.07872139121798023
0.07193388991487722
0.06578972455973188
0.06230219790743149
0.06171902713682878
0.06320091983477555
0.0657216617663718
0.06814571473602206
0.06925662189225741
0.0679210425013264
0.06388915845915293
0.05915054486144989
0.05582214011203888
0.054464715335481945
0.053834664686353194
0.05373718967833309
0.054638298968452695
0.05611869541877588
0.05661023430039789
0.05443054059900125
0.050647373215748206
0.04781529485234878
0.04765297405887859
0.05016221225929003
0.0550917112725303
0.06080707250675648
0.06508986233112544
0.06672257489193131
0.06603564233993613
0.06369567087461857
0.06031296780132124
0.05643260416731296
0.05307521180022454
0.050198598214898846
0.04710818265584496
0.044093154730117975
0.042035217667886954
0.04169114041574608
0.043640458973594934
0.04680791907231926
0.04896431569540866
0.04980265011995286
0.05103885993025309
0.05317894266270237
0.05561295389596367
0.057189869163193394
0.05740144395604198
0.056789773140846475
0.05675410349974379
0.05729748351281652
0.05743708633848663
0.057317584945598674
0.05746899298671192
0.057482997984461943
0.05696860447689291
0.05602535540713852
0.05509452082668537
0.05442861033760972
0.05422789478878699
0.055154002994247296
0.0566360168061675
0.056842960499728715
0.05518571906131815
0.05323283281181862
0.05195799684422106
0.05160307007271154
0.052074496419896324
0.05226710142471
0.05150873888647761
0.05055679568689835
0.050337829902969686
0.051215654766010595
0.05363158257007164
0.058056719243079084
0.06362812169646435
0.06811286566730058
0.06925670946075847
0.06741623383855544
0.06599161602289397
0.06707784204628094
0.06926866686795549
0.06956293883424391
0.06756770252781613
0.0651378724481961
0.063053938039249
0.060925517467928784
0.058063630024952
0.05437321091225652
0.05207503760904923
0.052777019987798324
0.054522945239132606
0.05482480550427837
0.05369400698505044
0.05207729601840472
0.0498588493417427
0.04738536987234366
0.0459893700550031
0.04650713578596212
0.04766553997441575
0.04750049122326419
0.04517139716810982
0.0421767198847661
0.04106172450743403
0.04312934110934181
0.04723278657195226
0.05119432239306146
0.053548919581591865
0.05421599490390136
0.05384423644735103
0.053164846103598375
0.05276058459944516
0.053727709446945666
0.05623742387994445
0.057777272785640356
0.05646476062754401
0.05411762784219563
0.053050592872409194
0.05285370534845653
0.05313598722819586
0.0538314606085489
0.0545425626697017
0.05487735106183641
0.054322211105906376
0.05221469228608105
0.048312850447015554
0.04390937573545745
0.041364759794404495
0.0419314562636714
0.044560736343068445
0.04803043012278257
0.05165515894449438
0.05541580804839632
0.05863890913214942
0.05957747098953706
0.05864819954185093
0.058452330216231044
0.060916201641603766
0.0647652092074889
0.06768490109210387
0.0689724794473665
0.06918856200880828
0.06843255896279216
0.0667500069771012
0.0640633133067821
0.06161386933133107
0.060712030695980634
0.06082411517485584
0.061285869226218426
0.0616723491876189
0.06128258185820092
0.05957095084687279
0.057495253547366725
0.056618429101799726
0.05723942957278677
0.05867512250412178
0.059289059478217984
0.05863871568663712
0.05751173511032339
0.05634833751383796
0.05480288964492083
0.05365633664513042
0.05413228200974298
0.056211339787546236
0.059403562375032436
0.06292512376581447
0.06530238603942713
0.06518550311989497
0.06316738343316146
0.060340128739827456
0.0578475029070884
0.05632347527081626
0.05518928881426946
0.053293047614647385
0.05105545265010993
0.049585652790838236
0.049471465376424814
0.0513457320153167
0.05444388067202137
0.0574942308716976
0.059759098390720966
0.06035652552916848
0.05931890664948636
0.05820059000673185
0.05904523423644065
0.06216059203623379
0.065254970595288
0.06539190657580685
0.061039517936065775
0.05388199085672714
0.047964246731245296
0.04647053735806123
0.049376665656052
0.05376898835040703
0.05698675166366221
0.058275937466739834
0.0588700472517432
0.05885590712616473
0.05722985101439577
0.05416259515788912
0.05133077030664594
0.050894496188074345
0.054214968787042336
0.05964193293445508
0.06367125145174611
0.06420431234881943
0.061882381772092675
0.058153881044144234
0.0544109681949045
0.052371373856904976
0.05269393729772024
0.053695756956975114
0.05362349672355161
0.05306603646481961
0.05344797958060671
0.05480119183889818
0.055893525913526226
0.05585443128086902
0.055054867547473824
0.05444743852718847
0.05481890734669523
0.056090157082805334
0.0571950451009549
0.057992989807726616
0.05876313360597462
0.05994036505099007
0.06115397217404149
0.061937332470673644
0.061764701329200124
0.060417259026708886
0.058585262870046756
0.05663072965189807
0.05369565734731022
0.049235375495084194
0.04405538392265851
0.03951851483794314
0.037325094201863286
0.03889862456222987
0.04388738329760172
0.04948673077806721
0.05275147063428666
0.05314111781494111
0.052292243089748475
0.05216877862732334
0.05415154736722732
0.057850873686411744
0.062166327951145885
0.06528010965597669
0.06624239410806038
0.0652584897033191
0.06273643715996827
0.05880632995093993
0.05435139830192001
0.05133056520035285
0.051573234336952725
0.05383693159129841
0.05613283790922301
0.05719072582315167
0.05737750501997057
0.057154958307197044
0.05604643618828431
0.053905141887314545
0.05112853189796857
0.04901020025273501
0.04958454661217858
0.05254943366720647
0.05626903881406365
0.05936953101767534
0.06067852166955537
0.059706547822372426
0.05790176628435486
0.057040972395471554
0.05661146705453165
0.05516393613195348
0.05285598374524928
0.05040934733616343
0.04866078908639093
0.048066703740897186
0.04880176559785073
0.05063352584314271
0.05269677093424101
0.05281315030605109
0.050131075865861074
0.045432770716653435
0.04098116145169377
0.03950297308164337
0.04264401654232765
0.04899927899029125
0.055189199342911686
0.058946475023001065
0.06055139551375331
0.060759650497288424
0.0601730072230918
0.05843368191353316
0.05508873721772997
0.051088882715282724
0.04820494511679072
0.04743369617313514
0.048008711545427005
0.04862199547737198
0.049366423018744
0.05042957437986602
0.05106301480469408
0.049836928609634075
0.046264188448555336
0.040851840464751175
0.03575488518014682
0.034004952119790294
0.036249209398506024
0.041211919791429116
0.04717554494856766
0.052380356118157945
0.05587003022880211
0.05724519870882208
0.05583085551726914
0.05181008062987368
0.04739179828670033
0.04526193281674018
0.045928524979746164
0.04693113546518845
0.04632812217755544
0.044332817867441254
0.04208257673804167
0.03980886807504973
0.03729681536165259
0.035493943768054564
0.0356346721558012
0.03794977615632674
0.040807797125191635
0.04213180787736453
0.04123449626556273
0.04004917430746007
0.04119938210614289
0.044188854376453895
0.046544065263807895
0.047226428805605514
0.04728972471399278
0.0481426121915189
0.052198132018942654
0.06034108831505615
0.07054620308820923
0.07970890089878177
0.08531766352416607
0.08699981816095835
0.08547826554107293
0.08229553851441027
0.07936759607873599
0.0771256786613783
0.07554097215862021
0.07387187340950568
0.07049086564491533
0.0647733698804619
0.05840842552085567
0.053189591004656145
0.04999423561142315
0.04961983367634901
0.051585642723624564
0.05411155162148183
0.05580082125272479
0.05617481533222742
0.05621611931129976
0.05696982646864529
0.059442172896293374
0.06338424319460181
0.06781538632749134
0.07170832529153492
0.07384250371560386
0.07314278327066515
0.06852959985623702
0.06117639002846289
0.054163858628132146
0.04957257761066628
0.046703188881630074
0.04454823624917064
0.043918769765309826
0.04553570261466365
0.04760680857968284
0.04778113522102195
0.04597739176243382
0.0443679390321336
0.04510948251434199
0.048044708458744714
0.0509886442748207
0.05169399285066794
0.05107227535170579
0.051266133696287755
0.052680446634234525
0.054193015292582095
0.05464188005910514
0.05404913016890524
0.05238747235060107
0.04965277242800526
0.04663391553545353
0.04553497488723824
0.04729810433745436
0.050679597259362816
0.053204292368549996
0.05423530891023757
0.05366887922254205
0.0501501705624231
0.04343695719274644
0.03617483646501564
0.031363523519466606
0.029998461096828074
0.032038238320257074
0.03669007662291795
0.042112792008505345
0.04745342565433244
0.052279143174770046
0.05484928926039743
0.05415737122475435
0.05230552131494158
0.05212166650627134
0.054675317567726915
0.06044161625048107
0.06731820041534543
0.07153073987651364
0.07103601627694961
0.0668176066215678
0.061403449054309875
0.056213002193016705
0.051971718525382814
0.04901095181666692
0.04675996702275983
0.04432798879359491
0.04213398123924321
0.0414273391102864
0.04243069694152087
0.04383665982488714
0.044192928136028306
0.043540896933869526
0.04352772664673211
0.04597631932511367
0.05149884846200248
0.058349294236416244
0.0635860820882745
0.06509949039323654
0.06344171932783486
0.06122178668133018
0.06086033452383271
0.06232510737842169
0.06358782033604198
0.06279624077222816
0.05968948153385305
0.05490224870080236
0.04889520448220053
0.04318906086746823
0.038982964015915306
0.03704508684405156
0.03767855821261858
0.04056864025195708
0.04323029749750065
0.04375208547327039
0.042840937901835144
0.04304694974143809
0.04543160853463788
0.04922417239605244
0.05425268721651316
0.06128676765516158
0.06959458751379319
0.07732924039361136
0.08270395837828325
0.08477718230532556
0.0833189547669658
0.07882405894635162
0.07305253659736548
0.06831888199854673
0.0649048423830307
0.06225369463801367
0.05905270185951873
0.05490633710121962
0.0512258090527265
0.04841872848584545
0.04574982893599808
0.04329997474762817
0.04106398487541964
0.03877006494094038
0.037085986623102286
0.03689648729141289
0.03804509282116719
0.04009865755187905
0.043239082834899925
0.04731044358449051
0.05102108196421057
0.05341732963968252
0.05503315610681632
0.05748828166836377
0.061378756875920544
0.06617932264775217
0.07062824472124773
0.0725019170679809
0.06977730908452352
0.06343310049050419
0.05702919132565467
0.052585556240852434
0.04969172465064753
0.04724193258736723
0.04464389543845713
0.04201975282492251
0.04086986197010567
0.042474528663169545
0.045877845468474156
0.04891692127606582
0.05031205876681575
0.050269212142629194
0.04936405009759929
0.04827074951301574
0.04765340716226796
0.04754131853101651
0.04827750039503615
0.051331581001107185
0.05627952999155974
0.06005411058456444
0.06043822375522751
0.05845488721097515
0.056181182866153534
0.0539366431897259
0.05144711196320036
0.04870514325373178
0.04613134666837995
0.04410421259642847
0.04224762845603761
0.0404249506175587
0.03963999769824399
0.04051683456228314
0.041896089179962216
0.04194750185110955
0.041051311091563306
0.04265790879001161
0.04868127667218647
0.05715457817143065
0.06357233828995468
0.06563157722149114
0.06474550417041028
0.06368674089528074
0.06388262766451222
0.06498015026124444
0.06471961095410912
0.061651217948187766
0.05697334050197832
0.052705842488954026
0.04991177150303735
0.04852246697378957
0.048030570466629244
0.04762960167788375
0.04690186661452864
0.04661328663669003
0.04682137066726995
0.046049009412167885
0.04363548540941689
0.041003919999058266
0.03998495606699477
0.04142645721210032
0.045081849801520975
0.0490593492306036
0.05101758535145587
0.05050706173598409
0.049079150013315094
0.04830042458024496
0.04782792791796173
0.046280089470172106
0.04295103939323316
0.038643006611767866
0.03527648342578333
0.03479660106352538
0.03774329829256197
0.04225582498036569
0.046469328347610785
0.04975387849977625
0.0522019055101811
0.05468198885462084
0.05758453396765
0.05961310265841288
0.05969578466325533
0.05879757854369399
0.0580911187571741
0.05741664859983238
0.05646727068453509
0.05488996771534468
0.05285058253112406
0.05180320101931311
0.05219488855527567
0.05260587006667642
0.05194491172386648
0.05010346630644423
0.0480513669241239
0.04594861509566344
0.04395719981111323
0.04270783477333985
0.04293173376100061
0.04445707895970593
0.046265702131493475
0.04808633346926568
0.05018809493274343
0.05326548652198415
0.0569470333186227
0.061267326368049435
0.06522327479595331
0.06756359737116928
0.06755871317234546
0.06650332456012063
0.06681121705216445
0.06957239089437775
0.07374394822521073
0.07717332493128778
0.07914477855875056
0.07977124087807894
0.07911320263562006
0.0770444300452523
0.07429707135457465
0.07109634517326244
0.06665873825863088
0.061094049681676484
0.055858307774708
0.05198226018084966
0.04899938414218228
0.04662477824327635
0.04502787185275595
0.04385180752880807
0.043327708928279425
0.04400169120910568
0.04596717398059283
0.048830369816346336
0.0513123319495184
0.052593052356244924
0.052195429455671086
0.050354909174881356
0.04745296939156041
0.04493303123834587
0.04442077436657499
0.046009753241610524
0.04862055790630217
0.0499226150260879
0.04793198078102946
0.043764211904937254
0.04074458921364679
0.04097310397536475
0.04342133991491147
0.04561318775686085
0.047162839672440206
0.04870252349279869
0.04853277179530507
0.04524094250821672
0.04088387091242605
0.038373516034893744
0.039052593997076585
0.04221660108985867
0.046068774208562355
0.04895298639652537
0.05063867978037313
0.05111989664770774
0.050432529158348435
0.048498896153685724
0.046534654609926944
0.04520978132692134
0.04437484214281873
0.0440171879479816
0.044506611225425166
0.046585684840956224
0.04961079937661916
0.05148804143311296
0.051327423218267984
0.050085462423040294
0.04982341314550178
0.050938362439829965
0.05235585331767944
0.052572385558600686
0.05050702284568537
0.04650501134658871
0.04276737750113053
0.041819364596161354
0.043369328255110064
0.04512306388538341
0.04615099751958029
0.047002655045640065
0.04821551155508213
0.05066595148001196
0.05464714244447463
0.059408936661908975
0.0628834435942147
0.06290302902404328
0.059131610969088484
0.05268459022975504
0.0455295524386297
0.04027371870937826
0.038379220171171326
0.04004615565450141
0.043702720148937696
0.04759418886095759
0.0505613493884236
0.05177983665669039
0.05164072646567417
0.05078512955352686
0.04927240255507574
0.04806529573567282
0.048880878598263344
0.052090269486271656
0.05638615749608395
0.06062505747517465
0.06514332780864976
0.06929216511233242
0.07023307177199169
0.0663484910352126
0.05925165881876282
0.05147398562001903
0.04532417532044309
0.042383858976454386
0.043149404773709286
0.04733459218060463
0.05256698583284063
0.05592088113818302
0.05621683053983313
0.05352770648571227
0.04933166441329428
0.04538276747146833
0.04231994977521478
0.040255760299769024
0.03991331569033513
0.042114193732166565
0.04601460918763326
0.049054016230662585
0.04931955003219406
0.0470366486581585
0.04365343531216673
0.04058521839107821
0.03863547432253059
0.03814399174500683
0.03946206244712213
0.04206434655860523
0.04525207630661547
0.04793690958744572
0.04908385000247045
0.04842438393957689
0.04679516298159922
0.04531665887414912
0.044910552168239304
0.04564385914006257
0.046599844192685286
0.047604552508325175
0.049071615099955924
0.05104424325322249
0.05245381422899547
0.05303913941119017
0.053838108787260135
0.054917635206797134
0.05565564768996743
0.05541288115776509
0.054208866703407126
0.053148092581662684
0.05236841646753511
0.05047497461519135
0.047065291643413644
0.04351248092299287
0.041005903540861095
0.0402712309431147
0.04117107258200988
0.042875313303891646
0.04393126372415863
0.04324652350393987
0.041618456377562715
0.040842541514557296
0.04176192421319719
0.04420878146760519
0.04693723471811813
0.04839340256911827
0.047638110945426304
0.044925074563500686
0.04216205766871634
0.04118467099454085
0.041742525240591875
0.04218864634020485
0.04212632836941194
0.04269777357313062
0.04453446578420171
0.04658306965310575
0.047337879385787054
0.04626985432473541
0.04398555472967491
0.041995887368463714
0.041177374722140295
0.041467924401129494
0.04288971839890956
0.04579872860521493
0.04957852786569225
0.05342692523995685
0.05791014997748311
0.06357674687360933
0.06928519065194048
0.07343502579704118
0.07466592011570784
0.07299203324981467
0.07002609711277316
0.06719996290739275
0.06491349659767613
0.06252666372992792
0.059337860160450874
0.05592590600770424
0.053048362854858574
0.05135300991127801
0.05084653222851695
0.05083439920472982
0.05068248543113192
0.050925456955907826
0.0523940687733671
0.054951406900201547
0.05779045662472346
0.06011120498170496
0.06143320838978343
