1.4336280845263655e-31
0.006009036603280603
0.02098720578449072
0.03898928295221627
0.05373128545830355
0.06534851214624511
0.07640704139568241
0.0923930216572994
0.11895406785775547
0.1559374703038464
0.20033437825217043
0.2455305739771211
0.285810769446054
0.3160319733268774
0.3360672970052947
0.34662611602153315
0.34956553199852053
0.34721060038588086
0.3392108985293389
0.3244586393170618
0.3041986020448324
0.28092355848898654
0.25621217736914753
0.23088455033156274
0.20564403773595302
0.18405573375630166
0.1638779646433289
0.1464683079411082
0.13055954914293946
0.11816954720684233
0.11149590037902361
0.10799728181859834
0.10593327403120842
0.10263411432337993
0.09884474434111415
0.09460097066114974
0.09306575838914168
0.09524747774310022
0.10145695949809314
0.10962147879733371
0.1179557604640607
0.12548580163989342
0.1301912845705035
0.13361026345387975
0.13520068154832096
0.137802655645746
0.14008498433284722
0.14368426146255223
0.1469627009695104
0.15145973339935379
0.1566878513751137
0.16334703283777285
0.17166683263836305
0.17868556437955296
0.18347833827438656
0.1838751390564777
0.1817012860944378
0.17624811053759937
0.17100282942941747
0.1650929633053974
0.1602215326687459
0.15357785509596625
0.14819209255175247
0.14221965041816437
0.13713315641629378
0.13297322226991587
0.13102350111823954
0.12942466925499044
0.1250649033016439
0.11960821145997846
0.11423994953712048
0.10917920077093077
0.10484295757545992
0.10057969509388702
0.09679188662957712
0.09355967373038537
0.09261311633775536
0.09540543275408772
0.10028182448559884
0.1062695025386868
0.11140660206826289
0.11523370837526187
0.11695382767965176
0.11647445641977029
0.11384923474825846
0.11045757859410428
0.10633714469484212
0.10368760285917124
0.10147962137075639
0.10013356116871826
0.10053722566063684
0.10512038337912698
0.11138986025986378
0.11838059827591133
0.12189521726179135
0.12417495592626837
0.1247622115324925
0.12532154249286975
0.12622298711437255
0.12881636343952665
0.13167113332365263
0.13451980632889143
0.13552264804944839
0.13530941040009442
0.13458981034716008
0.13451294450751172
0.13373496501005414
0.13435014436902207
0.13305815972095691
0.12958168880152923
0.12211118017143655
0.11417805863170467
0.10833437175997718
0.10699528590995656
0.10857454871719513
0.1128868435361968
0.11514999285847989
0.1158184486690337
0.11235488646068531
0.10826895466754015
0.10424408338988954
0.10285505595009352
0.1049961985674647
0.10963221171501296
0.11599649764195841
0.12301039009154449
0.12989205579648044
0.13405689950847352
0.13595064303740115
0.1354721043263779
0.1358394471257272
0.13688737320386768
0.13969377802367333
0.14193887449851958
0.14282360688705104
0.14405850106864335
0.14500111797036752
0.14692482316249036
0.1456528503540673
0.14271576398615518
0.13696148580445439
0.12998966971606102
0.12187441261363374
0.11534932686798736
0.11072063047738197
0.10756381058079952
0.1037010527873057
0.10105379950842744
0.0985404286095648
0.096319037190195
0.09445638646121549
0.09331769784085632
0.09281492148399854
0.09298804525923807
0.09264009064532347
0.09251673740705528
0.09092557508703808
0.08891293457148003
0.08619457825859567
0.08414767105214281
0.08365513526336162
0.08396227790329529
0.08642559931419269
0.08951495631138601
0.09415205491452792
0.09814714389035332
0.10180569488383956
0.10409452789880744
0.10425059506375604
0.10155196880945183
0.09712261549185125
0.09310875336874817
0.09181609795347523
0.09358976251682412
0.09698330763680031
0.09951454179073332
0.10151617963498571
0.10397821767881942
0.10762704091985162
0.11222592756818607
0.11594061269927268
0.11758271881077666
0.11707631897892723
0.11496200371937143
0.11140476764597775
0.10661734553836132
0.10123742669378313
0.09519155894081875
0.09104904697376257
0.08695160847781609
0.08570468276651447
0.08626147789367912
0.0914546951295121
0.09830719634972854
0.10434450899379115
0.10592339753485384
0.10335313540869716
0.0963401907452833
0.08720452559330431
0.07777258556825904
0.0701106135628068
0.06726571291067857
0.07035636170886649
0.07792591957361
0.08668544160462445
0.09301830633267183
0.09493649224186651
0.09313654348195531
0.09048634929836227
0.08812403377146565
0.08921965496229137
0.0902113036814836
0.09076249879632105
0.08969090091529784
0.08708474744106649
0.08649827776049807
0.08744209997463227
0.0914787720603535
0.0961523891052821
0.09973786331321195
0.10140920571599552
0.10107350074811391
0.10010712713753063
0.0991920986325266
0.09926451584922714
0.10036623543076983
0.1011306161512464
0.10025833298773539
0.09773331426544374
0.09519542283672905
0.09510126230526367
0.0962824962320929
0.09831653902800895
0.09990069202239663
0.10098738136080677
0.10038179971700528
0.0984409888771871
0.095108437904736
0.09279359827262759
0.09113410862249767
0.08958741222205294
0.08690436179250395
0.08450838517293377
0.08161890204597606
0.08094518089727724
0.08282894765280019
0.08712685474940535
0.09222916078743237
0.09559273616271097
0.09697018308611637
0.09573156881256832
0.09297129146988772
0.08993451501906136
0.08878443054470878
0.08895834853454912
0.08997115863945825
0.09061888434018821
0.09067013574631154
0.09135919770534034
0.09367066391011795
0.09815045137115246
0.1032560045786646
0.10433790453338032
0.10053062155695688
0.09175402093957816
0.0812183766365455
0.07247312257974206
0.06794133540560959
0.0667439933060058
0.0683222500569613
0.06980416014361432
0.07309730109561985
0.07540949020009129
0.07707344988521975
0.07731620975722513
0.07835353242247434
0.07959688490013299
0.08040618913450262
0.08104412280435984
0.08079740532901658
0.08128036942035323
0.08135153028350338
0.08233215014936981
0.08533017888741937
0.0909174906018444
0.09876335562474174
0.10738515001383611
0.1151127322031973
0.12106478532727873
0.12398299254454347
0.12440641770560844
0.121028720580643
0.11473966009763581
0.10603673523507151
0.09843520281693798
0.0924515810681761
0.08943533790823076
0.08846117573635157
0.0876115293268426
0.08539125756489978
0.08164949958078367
0.07720648221740316
0.07433093949570342
0.0723060100194296
0.07199747200509884
0.07219778020813944
0.07226406559495659
0.0725204993815157
0.0723692567372512
0.07465274445216984
0.07860380943263763
0.08571410492373854
0.09306375168992266
0.09753746856857277
0.09813618701427229
0.09590755270427911
0.093303491731628
0.0924244347596101
0.09202491567637198
0.09270017661290354
0.09326326767066485
0.09275658912994873
0.09021045237264107
0.0860679997150079
0.08025737057925893
0.0751676108591252
0.07162399994487
0.07139269150548705
0.073436725831938
0.07695075995260449
0.08007571932046666
0.08222890021754888
0.0842299162696218
0.08486030134467851
0.08527092233216615
0.08444807113066485
0.08414255060472038
0.08496277796121929
0.08804446467542042
0.093455799295125
0.09955969971283424
0.10527994948212266
0.11105828592436269
0.11445365468455246
0.11606142647598944
0.11362336916375045
0.11015343634438868
0.10540860756037648
0.10257214632474174
0.10154589085142784
0.1027302186751865
0.10453700925952095
0.10727335866094756
0.10946917805870625
0.1133391019823242
0.11742139332261435
0.12032812747558244
0.12039468365169369
0.11888638421113072
0.11655598205095981
0.11386484516837475
0.111160774876171
0.10786713623751826
0.10421317416574483
0.09910809099757029
0.09457523917450658
0.09153694869692154
0.09129316963590133
0.09248850945321341
0.09243103327151607
0.09200249136755237
0.09011742287619869
0.08814912209531994
0.0848301391436752
0.08086532398618382
0.07815363827597203
0.07820094802113343
0.08274984792330224
0.08866473187287086
0.0943878245677304
0.09844127195331011
0.10275456056579516
0.10719692656234941
0.1110182234239981
0.11344642607529964
0.11515388422846345
0.1169832447845119
0.11845801942697776
0.1202384657514644
0.11863568628554294
0.11557402151660166
0.11025253396406415
0.10678182514875731
0.1032944576579346
0.10073647209972131
0.09885044346691817
0.09719694364532283
0.09659555635742659
0.09625795395272756
0.09624816070322424
0.09683825055326803
0.09687559663290615
0.09775188222046277
0.09779549700748257
0.09661344784357928
0.0950435573518983
0.09199118780251975
0.08947004128603714
0.08652460630205362
0.08519969577604565
0.0850981573635522
0.08753487559429307
0.09167312702412876
0.0971933885589071
0.10158672475764373
0.10239103776696137
0.09850523926242492
0.09215694681715438
0.08585599841596372
0.08284793455675266
0.08260626469183298
0.08442728372735075
0.08688614862877268
0.09047215757527405
0.09398927717551679
0.09739522894266138
0.09838395760812313
0.09729273886547736
0.09388108371640329
0.0905349103966192
0.0887938706468348
0.08829993010713279
0.0883297087504693
0.08835590705610638
0.08734135557822593
0.08630405558067607
0.08488385829630207
0.08302189027143282
0.08005229116214958
0.07686217288390962
0.07527135640447485
0.07623428840223521
0.08158286630954403
0.08903988308783833
0.09778012808075086
0.10463816072628589
0.10933455387940666
0.11264077928047707
0.11447010409214901
0.11519855046626248
0.11626115205089116
0.11870603265502665
0.12221841077040965
0.12437659029684846
0.1232912819651963
0.11764555071172429
0.11009917461025485
0.1023505191047995
0.09653242913473305
0.09275516533280875
0.09028462457149886
0.08674338001102444
0.08153015600830396
0.0758103882035604
0.07141124421707312
0.07019277618467172
0.07129230386353973
0.07436849843018897
0.07761141955985017
0.0810547937209835
0.08422990130618477
0.08731460298318387
0.09153917707432863
0.09468882189829425
0.0990348871850734
0.10186259571628385
0.10469301230360806
0.10613592630522126
0.10807000829000092
0.10978293829624498
0.11078630942503831
0.10862577285536201
0.10445804936852159
0.09964290090373445
0.09847129958830458
0.1003425311916787
0.10258414297595687
0.10311448339896005
0.10247111901603292
0.09974794779721027
0.09499793871414712
0.09082535358128258
0.08796760041183675
0.08829000568655725
0.09083412565091338
0.09401520762471594
0.09737351548761677
0.09888193602619891
0.09752984953757526
0.09291696375535183
0.08838863065707252
0.08450109534402961
0.08537755732920184
0.09045740489713773
0.09701736292152964
0.10180096791226545
0.10327108996297683
0.10254272359641944
0.09921508053770346
0.09695623073850158
0.09456807710005115
0.09329709016475227
0.09386302909246289
0.09562709846440429
0.09615202730076687
0.09498206497424377
0.09206324274069666
0.0902404635616841
0.08982467108884766
0.09265283886905205
0.09570271222295516
0.0983170818346883
0.10031701031320708
0.10119618016656456
0.10129358393576146
0.10019656061185962
0.0986594194310269
0.09795047949020218
0.09825574512445018
0.09950571051009624
0.10169456677207596
0.10154814494418574
0.10095738952464858
0.09777919508207931
0.09445642615327539
0.09274772170007678
0.09154938368302126
0.09013010487343824
0.08728714893088935
0.08456273551793701
0.08290653582427239
0.08198853993115868
0.08158130572122708
0.08330035334975486
0.08366867117292563
0.0858493083306348
0.08623498085649223
0.08674976241001425
0.08672615143695862
0.087877218668532
0.09171436214074599
0.09754316853312141
0.10408301855264407
0.11123713128600272
0.11607047940800448
0.11862702707784502
0.11779925431571982
0.11466329221854339
0.10896080687438714
0.10139781744044578
0.09477395759409762
0.09125073872041278
0.09134256445832319
0.0950472664925736
0.09895580448664347
0.10370973068110023
0.10643977017911836
0.10615397906750412
0.10222780306118444
0.09506882049364056
0.08767474497243971
0.08235199125149281
0.07989294920953528
0.07937616598965698
0.0803316430772312
0.08137757244655508
0.08245592812148975
0.08354804491950024
0.0852073135929033
0.08781752110759064
0.09050605737709595
0.09322786060663812
0.09397470703746105
0.09298070333363723
0.09102564109042437
0.08972833761335192
0.09004747417551583
0.09289743717883067
0.0956534842819573
0.09806073708613726
0.09966452001175562
0.10120482002656393
0.10323840838757038
0.10301074058163961
0.10257814659893981
0.10182277636509642
0.10103456774431305
0.10034177151626247
0.09918917257165402
0.09889192879838792
0.09872783803121112
0.09935668837319256
0.1002078112643114
0.10264258570551221
0.10468633798865612
0.10456971468293232
0.1019198197234047
0.09688536865164905
0.09036069749469765
0.08610585278216315
0.08289301152440942
0.08202882510732702
0.08004091533515952
0.07934855680697006
0.0790646157303266
0.07962072314794878
0.08082714988991091
0.08238997046145678
0.08322393531352358
0.0834351405421489
0.08327815816925206
0.08322016911374118
0.08277841661826114
0.08487307112000567
0.08909611110316001
0.0957263626659018
0.10109448350085762
0.10645853790718994
0.10924239292415447
0.11034692392986832
0.10885492707667546
0.10707612114629897
0.10479988512208877
0.10358358815316854
0.10195769359596746
0.10094714774079161
0.09984899574260135
0.09931008900387799
0.09842249424538123
0.09828334373305213
0.0988114948139825
0.09891511736980586
0.09930433505524774
0.10070427203864274
0.10334248808336717
0.10337148441971744
0.10074070363416693
0.09613113148430236
0.09112055996077112
0.08704717356345316
0.08447159580100304
0.08096992858178038
0.07660479404541366
0.07322066999381907
0.0735718654570495
0.0770116250402422
0.08220616772342813
0.08634837438959957
0.09026513378643887
0.09157111222665418
0.0932248136177318
0.09457569299412125
0.09830743464773073
0.0995306990757057
0.09994001157464318
0.09615848518044946
0.0939916641314709
0.09333579247127563
0.09543519552838908
0.09821073995684555
0.09946414828933296
0.09937312582208617
0.09776606454905357
0.09686520942256548
0.09791340223419041
0.09999084863114036
0.10457501117794808
0.10782418854901232
0.10925698700433602
0.10588781065560543
0.0996915332373872
0.09258067895955718
0.0886861509910143
0.08764290523688412
0.08789482378739573
0.08668062009412407
0.08450028354049845
0.08393270239705404
0.08415441690951593
0.08508485589282756
0.08541738927004143
0.08616455135379048
0.08737477930017462
0.0884305375153114
0.08868217927884367
0.08860440065320026
0.08770096951605935
0.08647533629671078
0.086253184499089
0.0879602282605885
0.09292420617518905
0.0975872887282822
0.1007367998456317
0.10163404715322734
0.10117948608815812
0.09993276039853209
0.09800431028607796
0.09793276629956257
0.09942606759992983
0.10290792953922388
0.10404495141827266
0.10569583380575956
0.10625156191888396
0.10813172337807143
0.11059244911322802
0.11248368335616178
0.11277520400850566
0.1086860606369817
0.1031178466382924
0.09716746616704477
0.09465347272120052
0.09329802273584434
0.09276168360139853
0.09199787894694113
0.09265729286824541
0.09497106272094058
0.09934834424737891
0.10310411321658491
0.10596152080470497
0.10585713617021866
0.10557075720555853
0.10469947450709699
0.10476528748912138
0.10496447203071621
0.10574201097605464
0.1059370548312432
0.10512124212199253
0.10381067958953936
0.10033816573636735
0.0962189628865465
0.09127554773700154
0.08972283537249187
0.09109793307764194
0.09533649490443316
0.10065666482745593
0.10527207399800678
0.10768608086015638
0.1070360732349979
0.10436561026236026
0.10322812778845629
0.10306966577658118
0.10622972070552181
0.10941333343109921
0.11250000509137596
0.11219114742406261
0.10880378421453935
0.10489401897235102
0.10098652229814714
0.09694086582527657
0.0907378782187901
0.0859566017242829
0.08307719603521926
0.08311101202230792
0.08389531080835012
0.08382740364047521
0.08357029720543532
0.08235763507143715
0.08306806218873915
0.08477802746002869
0.08743413631264849
0.08889914450465415
0.08938969611003576
0.08831966044186726
0.08760875232838125
0.08764067018874902
0.08909677141129449
0.09083835053184157
0.09447179489210336
0.09832491305863303
0.10209913928860323
0.10252944262144986
0.10085268616901445
0.09621769122394659
0.09265383231218201
0.09029814931379117
0.09077302958974857
0.09094223174702805
0.09106219020261448
0.09024255408008473
0.08678833445110419
0.08165003852588648
0.077705251532777
0.07875241879195413
0.08212011831338836
0.08475919865179801
0.08571112773044831
0.08578508112068214
0.08712732834960002
0.08892733373280083
0.08960119490235675
0.08918645254344879
0.08697729785289554
0.08540255195261175
0.08431699443771361
0.08642590094767866
0.09148985913500039
0.0986028261344379
0.10608075459666827
0.11084763411627156
0.11311401732347143
0.11246612700338818
0.11018860362925685
0.10737661653303467
0.1045495994508939
0.10014772565327355
0.09552236716536941
0.09080628400487442
0.08667593477821005
0.08308165175598484
0.08102563233274364
0.07982972524091568
0.07946294792714328
0.0797373140657325
0.08018337927140384
0.08014106833931112
0.07983125362745745
0.07936983677507319
0.07972040217645962
0.08174849624314075
0.08591124608620032
0.09152781249361354
0.09719845256234955
0.10264511262302618
0.1069396688438314
0.11193340571787153
0.11395780530259944
0.11369647798344895
0.10909888580952479
0.10200630623174166
0.09514451261411346
0.09054249021274889
0.08864230478169938
0.08934716564092719
0.09220674347344779
0.09461122155578403
0.09570343486687848
0.09343735214897911
0.08811924382726842
0.08163631688923172
0.07825957133852779
0.07745042866356243
0.07952351387635172
0.08169181795658925
0.08419465493841499
0.08557931889712729
0.08587421693544213
0.08465145664502917
0.08341279218745597
0.08186594383240661
0.08066542421330508
0.08038124659592746
0.08124280954311221
0.08483244581221752
0.09080623854127262
0.09877795352888646
0.10484028409275258
0.10869496614861354
0.10806227465599248
0.10485791399862154
0.10060498127967132
0.098921022934062
0.09793399854300926
0.09859196488540097
0.09908616965533197
0.09947741960822076
0.09893714682951991
0.09901770414332797
0.10015582733193865
0.10203101907158177
0.10351580377375838
0.10318585017245967
0.09969865169393384
0.09385666571955942
0.08768906029670244
0.0830752855103063
0.08128882457481056
0.08041663078713958
0.07993148461126555
0.0785338364400649
0.0779860150859456
0.07813861006753309
0.07832701586038293
0.07837731981998301
0.07738601303672528
0.07841689123907312
0.080364759606421
0.08342976733772856
0.08496488535764936
0.08570270528897643
0.08400283540129497
0.08251506786077706
0.08074110575280274
0.08045306522965535
0.08042540262623755
0.0817666536957545
0.08347636525075001
0.08499975857938641
0.08418534892365459
0.08377865528714691
0.0838573616023234
0.08639102406238669
0.09096440769973628
0.09546797440917736
0.09829625479542663
0.09897742518248236
0.09813128982266207
0.09661504173235355
0.09464286525298364
0.09233464857887387
0.09093458961367434
0.0904848496668957
0.09011508285321373
0.09187857745254863
0.09603777419398692
0.10095801654508593
0.10614952944613865
0.10926615160212763
0.11031369180987638
0.10881475771239138
0.10737074930944317
0.10754196969379909
0.11110740658899408
0.11545077559425805
0.1167163501977898
0.11357326290677794
0.10752596684366457
0.10302007037680691
0.1008813985946137
0.10255860097855861
0.10586369965806881
0.10892314659691628
0.11087749880934304
0.10947176386076349
0.10558388185812573
0.09981763811993467
0.09564780100082698
0.09396202407248626
0.09444078976072526
0.09381735818423939
0.08970481977928116
0.08246242011330714
0.07446640998854169
0.06849982629127092
0.06683021615614146
0.06968711421822193
0.0770791066637027
0.085846988198605
0.09248288846756618
0.09513016569467103
0.09495653400893414
0.09323990868290993
0.09219253095780652
0.09255238519628159
0.09438001097620108
0.09711431568515219
0.10133150146839837
0.10685269190212707
0.1126731425553361
0.11632866441627926
0.11917023337966032
0.12132317212490601
0.12130600566400968
0.1189953937125233
0.11334151276591085
0.10699007788183104
0.09898749307105408
0.09261531854260951
0.08844216635000327
0.08655803442011273
0.08494979049809445
0.08396149478485289
0.08314283743984992
0.08308116767293122
0.0836689260228359
0.0858548897689316
0.08911906310437195
0.09183040231786269
0.09239397565983039
0.09175482285258266
0.09060064769468747
0.0906236721366915
0.09183888443541867
0.09366418930175001
0.09594387468814337
0.10009572299920859
0.10450081033785541
0.10925734571658713
0.11202171581550871
0.11457055949618428
0.11558664650307723
0.11565807777456055
0.11334810832864402
0.10876140672245092
0.10402706237317848
0.10077332985384257
0.09912268019294797
0.09749410788214295
0.09439970357532201
0.0904095667380382
0.08439161544640647
0.07886052300894872
0.07356256778783538
0.07089051608843361
0.07075761486507301
0.07444962867857913
0.07926908383535118
0.08254266119109344
0.08338379188570799
0.08212121891260002
0.08029417506962327
0.079260295194679
0.07953794303799225
0.08254366836716771
0.08543833787316904
0.08559633086107984
0.0834358425306148
0.0797550856415568
0.07694950201494793
0.07556659249922809
0.07547578260375058
0.07535895881391644
0.0765569390674172
0.07859056322469667
0.08201774322308812
0.08436857480536648
0.08603337060759352
0.08874442423489258
0.09213679447060875
0.09610487355065363
0.0964091266218628
0.09555392084053019
0.09279805088077155
0.09348720393316569
0.09789600178981135
0.10593170319476188
0.11373071180769226
0.1198021618091075
0.12075121236445646
0.11703337599314913
0.10850202121791665
0.10050218608094122
0.09610045086534483
0.0971401809715606
0.10042343186144813
0.10312526196344213
0.10423170312076134
0.10213171397620195
0.09742717611787098
0.09017227797269244
0.08336745513320712
0.07776343170340853
0.07465877580022424
0.07358504833991057
0.0736720563551118
0.07361623674470495
0.07219470165557038
0.07031187384046232
0.06839691685293409
0.06731112159344338
0.06587122223470745
0.06552486277838798
0.06637797751083416
0.0708889689683538
0.07840117541824582
0.08779166286642724
0.09633725216122671
0.10320200850431291
0.10778382104033465
0.11246318608719247
0.11669219036323497
0.11874130232577246
0.1173733793523507
0.11295040346173617
0.10743024796341602
0.10254782017093006
0.09987205888746432
0.09997386320072363
0.10229822102267663
0.10418481084929355
0.10488198388226322
0.10325847961096474
0.10032435079137358
0.09661603969337924
0.09479530142109549
0.09490978297750734
0.09934053773735185
0.10454259542765316
0.10906885001942954
0.10906819606744006
0.10684814144748442
0.10271029172508897
0.1004592797968472
0.09973092632603581
0.10035407130597442
0.0987093379646155
0.09630190550439313
0.09368309304057729
0.09278678438408448
0.09309154784398932
0.09310929548846794
0.09308669799743309
0.09215376418622959
0.09025323911595914
0.08651488828326975
0.08336214018804092
0.08234507164290132
0.08455300719825139
0.08812506096207115
0.09200809145805032
0.09724938963467349
0.10384819739109602
0.11217675228011514
0.12066337520712163
0.12735617645901887
0.13305557893004213
0.13616633698319153
0.13740946488626737
0.13460481597464183
0.13000893240841635
0.12431555407212738
0.11792437835547903
0.1118082128558178
0.10695835491890329
0.1049255718991688
0.10435068751879113
0.10490705775324403
0.10408727278277342
0.10291808622331695
0.1002263988358286
0.09660609735617225
0.09269324062021661
0.08861174352728694
0.08493825639611043
0.08352585504951393
0.0839491135922336
0.08613057298675564
0.08912745306938247
0.09447167477626642
0.10110006267696232
0.10728794329221246
0.11089942310965702
0.1129975422657407
0.11483467026763991
0.11731470502795396
0.11954625006411365
0.12101237922230008
0.12115682930976487
0.12053590674755288
0.11942351562464651
0.11906240538326317
0.11907622565265648
0.12086791502289866
0.12326114121335616
0.1251191585073121
0.1255379465955046
0.12517839496177746
0.12325203980589805
0.12059420499176259
0.11516620138604373
0.1092138830342187
0.10423783129009376
0.10079264681001582
0.09827479975942469
0.09541123151966373
0.09224702617214936
0.0899327539930187
0.08667528993401236
0.0830575819142911
0.07869389163221294
0.07582750922260292
0.07298792255846093
0.07073476234935064
0.07083760973097833
0.0744473851472974
0.0811008397044792
0.08950622450175746
0.09827662639132538
0.10596037027445364
0.11135236832851429
0.11464416165719314
0.11710702675979981
0.1205319083603502
0.1258374792355032
0.13350446623931755
0.14204699283754785
0.14787947829582143
0.15046924912978638
0.1483493463268099
0.14391523968782924
0.13958964081364877
0.13504715626810473
0.1315310421717714
0.1275848663366847
0.12417112255567526
0.11977292975578699
0.116024420125325
0.11354331365574019
0.11264456144692156
0.11255318365034947
0.11299587557794674
0.11243993188905088
0.10916678233554143
0.1035512639672856
0.09718698023126049
0.09444337221127651
0.09530496868315343
0.09735321216669009
0.09899841588404465
0.0987605900203686
0.09830297043282966
0.09651932880613151
0.09617611518088155
0.09705711618448869
0.10031324708586428
0.103781226170856
0.1076564888194868
0.11025990176951782
0.11406206244154855
0.11832247733988041
0.1247469479752506
0.13139773894292434
0.13934938598190372
0.14546317606516784
0.1513273522293045
0.1547705087734294
0.1546327754229619
0.15103381115905168
0.14502332310018196
0.13622326352027897
0.12888028022002038
0.12369925607177737
0.12244632965029051
0.12199223839742071
0.1194990195950729
0.11462427463115285
0.10721032064322157
0.10199207944064638
0.09845349778148924
0.09627599128404364
0.09400840703047107
0.09110501783386513
0.08917344507468566
0.08724599418589818
0.08603422590522666
0.08648670872081493
0.08702653772416753
0.08758475497614271
0.08869348206061876
0.09012521055808821
0.09180643772609873
0.09551950825590473
0.1009676213700491
0.10753347755665504
0.11331253884971751
0.1161274777508115
0.11771147705472874
0.1172700379074547
0.1168890929801755
0.11565336124062754
0.11462963610742842
0.11447143273045128
0.11382502786887337
0.11392000084199705
0.11331144774831442
0.11290081070559346
0.11101277974907499
0.10849758526772489
0.1046407832802842
0.1013465128907508
0.09869351001144765
0.09762033588854424
0.09888557629061516
0.09995639382518602
0.10126201304500829
0.10149787053049683
0.10129418154299996
0.10170829787098504
0.10214037663271203
0.10372647777729822
0.10502124793975404
0.10471397201004988
0.10292781803790219
0.09906306842908742
0.09697484608964393
0.09753529622909839
0.1008130592737997
0.10525276232366222
0.10967317339874294
0.11185339832038227
0.11312537579062702
0.11109246690004346
0.1083356063664302
0.10519300850360461
0.10445084969419746
0.10598468332870048
0.10947326590855033
0.11323988124500531
0.11624470136685792
0.11690927661597142
0.11481517690857401
0.10908524029465969
0.10206431175896426
0.09583817252364787
0.09163621130096605
0.09029634919364132
0.09256125695913216
0.09526636836300688
0.09875239691535508
0.10009007702652467
0.101732171375723
0.1016852986031443
0.10154735782557762
0.09953533681895725
0.09739095016445619
0.09464361260266664
0.09293475117492198
0.09422718994654354
0.09851783713625609
0.10459302223785397
0.11087301115426802
0.11336468445272083
0.1131187131048006
0.10966281543858354
0.10804285041128109
0.10649786441844407
0.10706686347028373
0.10736640282990499
0.10985219823710785
0.1113756918216481
0.11166926159848044
0.10868127954377804
0.10418312338619605
0.09995322367225754
0.09924254288372726
0.10157669387723167
0.1068894389281832
0.11311739662139411
0.1182258332864069
0.12204026559900041
0.12541697913315167
0.12557712302785076
0.12385907693236534
0.11789119342344057
0.11010619857150096
0.10220366048752692
0.09797785058335444
0.09765300767396994
0.09989687119397826
0.10326672271737578
0.10649170132907676
0.10844934956446618
0.10909920715116272
0.10889938385550603
0.10711306713141261
0.10401941698942578
0.09956916000912855
0.09551422594939589
0.09362584468879885
0.09520354901916407
0.0986206629710966
0.10140664064884851
0.10394917315149
0.10501226800801375
0.1058543899116135
0.10480203929511328
0.10203919641319906
0.09716326845372975
0.09216934607584273
0.08715986144524904
0.08374524162666118
0.08291959602087325
0.08368859454603807
0.08674544573090796
0.0906525253734409
0.09378568794880901
0.09576121600774049
0.09664927553842602
0.09604722563884067
0.09442781487115635
0.09346761778173839
0.09349802928366487
0.09348642810916816
0.09110682348827967
0.08796092895350555
0.08374419620908942
0.08114893325087229
0.08133047595974367
0.08403896948370382
0.08780025322879186
0.09153105106735501
0.09394440113588662
0.09365004557587878
0.09143999849466596
0.08678724656124576
0.0808464075399731
0.07431305317558681
0.07024171797190401
0.06938994081291337
0.07080274794047908
0.0731779482811649
0.07527351137147074
0.07670973421446069
0.07731616976183696
0.07731086698286786
0.07712164158924499
0.07707189956961744
0.07729811601766141
0.08045922580260362
0.0850255320772724
0.0917403660765991
0.0977062063527124
0.10171330933467926
0.10147001492891446
0.09885949460820272
0.09635591927185398
0.09685115433146577
0.10018073715416538
0.10619148189233758
0.11222611260996654
0.1165074578113282
0.11643032234082683
0.11313631195162688
0.10724187441801071
0.10274752136234225
0.1006719611243417
0.10171852306832532
0.10287659157668148
0.10292750200253768
0.09915516937519019
0.09401927198371265
0.08738592074013234
0.08384908785832612
0.08202983375204016
0.08486279899414148
0.08778489646438493
0.09013512503706655
0.08949080849122032
0.08806005563427208
0.0878349215162646
0.09064999659900198
0.09498882656972223
0.10007649358471823
0.10250509902480529
0.10618184153288895
0.10979180361148115
0.11544597126502981
0.1197659348235801
0.12050074484935454
0.11727399558234344
0.11161611870948211
0.10868035524777048
0.10841593072292052
0.11040944234066756
0.11175294618494418
0.111718600015132
0.10986888923946429
0.10614356585862175
0.10098640960351966
0.09632154925326585
0.09146288213256915
0.08721393440691665
0.0833856615957185
0.08020971298313291
0.07935951154706254
0.08110724676066686
0.0852188795823554
0.08895581614994671
0.09034783720461209
0.0880066607848157
0.08386467087174772
0.08167373195924776
0.08250541380954221
0.08633604104916587
0.09198375481486894
0.0975371455897268
0.10094936489214933
0.1003681111540853
0.09750445970142774
0.09516502128622054
0.09423415572369084
0.09389634448946357
0.09346657531323596
0.09195822432153998
0.0906652289066218
0.09014532042402106
0.09084497686560525
0.09129112168719263
0.09062443053176178
0.08812855612714172
0.08673050159924083
0.08572636042063127
0.08604933946619632
0.08652936199957881
0.08937902475221249
0.09438928012368994
0.0996272369265129
0.1028084507623346
0.10385959336013978
0.10147164834901098
0.0988145416760527
0.09696147128121949
0.09587854382042345
0.0939201247196062
0.09106873384887708
0.08915080069278038
0.08800542476584619
0.08679976414181256
0.08410973011283454
0.08023984909144749
0.07760572424920871
0.07672909298815798
0.07763407198934531
0.07913348812182262
0.08238932002908095
0.08616430515663451
0.09072572693857188
0.0941825682197284
0.09629703581557024
0.09541660072269328
0.0934753358934326
0.09094472021474835
0.08873127182196916
0.08744181231791465
0.0879879277129553
0.08966040260261121
0.09366747750191144
0.09761911544690927
0.09933149541974037
0.09789423375588031
0.09212917381330125
0.08481874390778439
0.07696448796400125
0.07013069860314633
0.0649211736066999
0.06415505540794364
0.06781687371383145
0.07552095016190927
0.08300245602289473
0.08823089449235431
0.09003938641044551
0.09070701523871809
0.08992532039149322
0.08891354101032534
0.08828723893573256
0.08839454021113981
0.08850908540860082
0.08781297000512468
0.08659652449059782
0.08732530455892205
0.09133981639583949
0.09815907499623246
0.10489095297666627
0.11074867454170224
0.11572413124441809
0.11915892223992673
0.12048230182602461
0.11755156907990284
0.11167025711872235
0.1043064510427023
0.09882599769230768
0.09615320408983535
0.09519682319542173
0.09541818234578146
0.09583231395686258
0.0982734166799404
0.10050183771065468
0.10258917064332038
0.10364785531775798
0.1023120957876644
0.0978165098899408
0.09238214691678918
0.087197184944811
0.08536324852561943
0.08605258855412543
0.08890864393182232
0.09313310933965581
0.09810154007168945
0.10227019909852379
0.10510347823811803
0.10579758214752341
0.10569024072643951
0.10477985363443573
0.10096147514739216
0.09661041985260937
0.09020749874073511
0.08665198013748232
0.08363413922744786
0.08037514896381026
0.07538455037680282
0.07013511501432743
0.06790132436320162
0.06891992357813366
0.0724121561045853
0.07473851001062727
0.07730256962525532
0.08005747384228108
0.08290486539533351
0.0840226748634546
0.0845327213964604
0.08474403888968192
0.08733780536907816
0.09101113256267411
0.09617282063727042
0.1009110410230476
0.10562511559002898
0.10872716230492363
0.11356731681229085
0.11772892119750364
0.12177935795602302
0.12241242849240802
0.11938749324198214
0.11097873325239939
0.10300303033685626
0.0933706324191092
0.08582717001098712
0.07829438515511536
0.07351396536142747
0.07104612149918259
0.0713712041239386
0.07455247362791113
0.07770549154742244
0.07964819031668936
0.0800824804549434
0.07954771905370052
0.08041050947894028
0.08235623409382178
0.08553283708499902
0.08900540110414609
0.09266155932316146
0.09681743074624663
0.10202135361125762
0.10751888104156308
0.11220810035945875
0.11650359030582959
0.12182322077989571
0.12628710047860514
0.12743599974938996
0.1252438539397856
0.12266812846611407
0.11996354088150278
0.1185873577083936
0.11697855128017895
0.1170810540860479
0.116167821059675
0.11463684071119065
0.11150915711465297
0.10762845359930995
0.10257375898468389
0.09670112400859714
0.09037737017072503
0.08462111385651622
0.07978173413371153
0.07667239480463502
0.07509698442250404
0.07616999473290238
0.07857384133145935
0.08096345757960546
0.08228894882198554
0.08329422784610836
0.08548307672322107
0.0886650990507799
0.09178333249708648
0.09241574022757106
0.09226630118661426
0.09144990459867619
0.09212397795438827
0.09609045460990483
0.10210215158864637
0.10799391080054717
0.11273486580953636
0.11730582457937826
0.12135147558777033
0.12498522064899656
0.12478919603036358
0.12238855334591306
0.11936438002903776
0.11503842394216258
0.1115859315649482
0.10631027690599561
0.10071582963099539
0.094338967977326
0.08767473408422437
0.0823593614747162
0.0795972990268693
0.07961603308803956
0.07951951322615493
0.07901796505334649
0.0774828413971274
0.07573102126994151
0.07376315069523127
0.07317209837179779
0.07518290277167665
0.07740047080271424
0.08106644136951033
0.08497847793490339
0.08984323503054951
0.09493053072987233
0.09904876123516472
0.1009299931302024
0.10193932163394163
0.10341343731363181
0.10449842470696351
0.10516995760549754
0.10537787987378718
0.10637318946492952
0.10846832964577816
0.11285765363985947
0.11755217212505753
0.12056134161730454
0.12088290687800478
0.11988154979683233
0.11739524690274297
0.11523696846142868
0.11063065577474875
0.10559856134300567
0.09920610893817679
0.09330326523442933
0.08793849976538894
0.08396202514419909
0.08226204628915837
0.08247333884013859
0.0833620524042881
0.08420111209775831
0.08402538975074902
0.08361809624136711
0.08284563711446702
0.08248277838230957
0.08094564534328609
0.07953592729025087
0.07808736420422951
0.07841964292230834
0.07948660836988414
0.08170998850832892
0.08366936057307986
0.08584024787738596
0.08971730343737022
0.09480009132708488
0.10084183592672119
0.10602996885669468
0.10923925500419528
0.10993712923794553
0.10795348148003399
0.10630103354440802
0.10361687303624027
0.1015250591211918
0.09866739938335661
0.09750963810623843
0.09700623478687855
0.09795785032073957
0.09997418045665035
0.10187704489652366
0.10193082346128972
0.10001761615871141
0.09576868503086762
0.09199711694252405
0.08925721568314861
0.08845542215425078
0.08836413754314629
0.08811852679287256
0.08756050754132123
0.08706560916089748
0.08614671745940089
0.08554469226842329
0.08529682963040354
0.08680671317263895
0.08949614292548214
0.09254423169719568
0.09544776142584308
0.09709748075124361
0.09683800640861692
0.09403248844809704
0.09212008506859358
0.09130606746988791
0.09189787624674887
0.09383180204055677
0.09703797743789788
0.1015693552655557
0.10768621454871255
0.11465023450891686
0.11931586010702987
0.119840137171413
0.11711933984908834
0.11388734503167135
0.11224910685387168
0.11347740696294494
0.11441873362447882
0.11236345148317216
0.10640335640348735
0.09793131448953502
0.0916852745736596
0.08892518327975252
0.09028063214387881
0.09195287970999286
0.09345751278416992
0.0919656570475103
0.09064737665551317
0.08875793084173945
0.08818848141954935
0.0883944248346455
0.08954954365496257
0.0911225206876078
0.0940375419213389
0.0968155435876798
0.09844220785776833
0.09821044137604815
0.09814407738384873
0.09929505308124911
0.10307991308508414
0.10732767282472355
0.11066828125527695
0.11319580638192253
0.11359848688251428
0.11143139449757568
0.10828786968873844
0.10416018233710922
0.09887533358111979
0.09187872346259005
0.08625744947137874
0.08241739217298552
0.0795115771557975
0.07879911106245353
0.07868945693479532
0.0783302136259316
0.07753686436344366
0.07770383628120762
0.08038826681754108
0.08249471579065581
0.0850766935452176
0.08523700065478093
0.08472364808833764
0.08492664176365437
0.08652482806846688
0.08925843815353882
0.09126500099046246
0.0931557134835605
0.0962053268593728
0.09948352593509367
0.10280434432906031
0.10342288066126239
0.10130875091524165
0.09837932325183771
0.0974579316149468
0.09869219545778822
0.10191902942065023
0.10606869009886478
0.11078338596335682
0.11200066169848891
0.11027616877899192
0.10480449711038484
0.09837844211956542
0.09153228494302906
0.08693776144387888
0.08479955079500003
0.08430563547793155
0.08448631221055887
0.08715137812831274
0.09200357892364935
0.09826162514072784
0.10345412349036544
0.10482345124882722
0.10214549025442707
0.09655522489782578
0.09202244474808775
0.0886794895696636
0.08833951763304505
0.09039449586740986
0.0935799227998307
0.0978657372859078
0.10315876948860286
0.10769546835851802
0.11185478231313815
0.11401592803325497
0.11261911409183493
0.10707473696823329
0.10117673177654467
0.09681069840980863
0.09433430067025603
0.09272991266321207
0.09170305204060264
0.09120645029959885
0.09109450420915344
0.09139698453046477
0.09301904321911046
0.09546432329550313
0.09804344304814552
0.09905473064064842
0.09847825705090624
0.09857566373241718
0.09885534353207609
0.09971708061482926
0.09879040897779547
0.09725985533737415
0.09393472896769238
0.09237465802021037
0.09240618134882475
0.0935554312830659
0.09524548974175043
0.0956988109750542
0.09472977088723661
0.09049833590280225
0.08496631275795319
0.08067136994029388
0.0818575596328838
0.08867437848028668
0.09580067767740351
0.10041138193175062
0.09855996063560897
0.09474549530767604
0.0894793338205991
0.08921921756839703
0.09064150792097772
0.09282704887710803
0.09281484180560952
0.09162635174876377
0.08979782891243226
0.08750361030325371
0.08447226533817451
0.0829371993518346
0.0822100428006842
0.08349564988189441
0.08449703537871668
0.0862443491340046
0.08766012007833511
0.08964221663519185
0.09097839639311543
0.09042974950768026
0.08892002264682468
0.08536279611023506
0.08238300811629831
0.08019786208963059
0.07843556216121995
0.07615507121156008
0.07567707641669967
0.07574565965982138
0.07672128467117263
0.07648184430197998
0.07635002004454393
0.07568165174352792
0.07538808905878017
0.07561435329262435
0.07651534957833821
0.07762231259535231
0.07945038428696358
0.08090210149001062
0.08215403044678594
0.0831358244375113
0.0836902564951795
0.08429727774369551
0.08442414869919021
0.08344470818530242
0.08144439826723282
0.08126492256368868
0.08382213408582208
0.09050764433304054
0.09747413389771173
0.10520969211268405
0.11038717376759295
0.11176963968378523
0.10839198550687323
0.10006526342048234
0.09028857946836931
0.07976448113925065
0.07121788187246818
0.06533723158036851
0.06494763468648318
0.07019914071970941
0.07799185009634783
0.08612129189080567
0.09039291723786554
0.09152711769223978
0.08965056223049835
0.08648661713163792
0.08424638539746697
0.0843590407407427
0.0875885631152783
0.09281451040085693
0.09725673100027805
0.10166554168629494
0.10426143098266734
0.10389098522094284
0.10093423549601846
0.09674902841581279
0.09405031756674606
0.09331546200637368
0.09559415161596115
0.09942998972642636
0.10466947118881445
0.10892793109636889
0.11024535407203308
0.10746689772173704
0.10266157374051382
0.09937306581209555
0.0987600411540174
0.0992119286613896
0.10046101339730876
0.10160283544861053
0.10157100339349175
0.10119547169649766
0.10093797168142744
0.10170424818787833
0.10443961976566739
0.10741201326713709
0.108822091040612
0.10648925971753528
0.10239399199016644
0.10065440286075078
0.10046371948444836
0.10172521387562289
0.10210984112120387
0.10036149933355355
0.09775494284337552
0.09581846750771572
0.09567390572615851
0.09745418183615055
0.09838006381318676
0.09815480042166597
0.09449812693131922
0.09142057334243531
0.09053964575663503
0.09375692824173314
0.09987157527900964
0.1067533249589403
0.11227214355518608
0.11545446116805015
0.11511429502302807
0.11221979544807463
0.10764900603524657
0.10335627300515411
0.10067259610071694
0.10158380565867502
0.10556464259280186
0.11040417567472317
0.11271234495193048
0.11392635014843182
0.11317164193730142
0.11218036183989569
0.10890175551018547
0.10474511182997528
0.09848944729519714
0.09284464355517724
0.08756184771495852
0.08493690633948435
0.08523421400946916
0.087176309041168
0.09076031623950376
0.09467716920442226
0.09771715914561903
0.09925467321589206
0.09949511516807642
0.100622402094516
0.10376773254855114
0.10795196421693035
0.11273142824872392
0.1158839078494674
0.11704582984319892
0.11543230430476552
0.11069781617692322
0.10600424518720261
0.10181632840059673
0.09936761470130952
0.09715648160957033
0.09817801999597812
0.09973035745365194
0.10292283120797983
0.10437072421453199
0.10480060577499686
0.10220323919219958
0.09676244108004073
0.09110265845533885
0.08657573821269479
0.08690243252881402
0.09037793232711629
0.09765426816581016
0.10522757080390108
0.1116843642506118
0.11517672683816946
0.11435176306621608
0.110196496165616
0.10447076440046006
0.10093287556521131
0.10107345009736013
0.10350402279165465
0.10712693970715337
0.11018440521759909
0.11349901697383925
0.11474467275200873
0.11350055765151452
0.10796070328179729
0.09921089731650636
0.09078316710430721
0.08492528954972338
0.08335711258469043
0.08551351538024281
0.08986341022730132
0.09299444793749768
0.09451449398109733
0.09482990907828026
0.09385602823421077
0.09036312837269835
0.08667696178315316
0.0822531868666483
0.0808417578150326
0.08006487260086162
0.08105593279345162
0.08278970898182272
0.0872215237422086
0.09296869946627251
0.09922610613564567
0.10322496639717975
0.10209823145275485
0.0973124883335282
0.09070028207623364
0.08694619801528136
0.0873134690631545
0.09121829144504767
0.09693322360982326
0.10027902855066306
0.10153929552030787
0.10080431308640903
0.0997891938109162
0.1007894567962208
0.1041323533131593
0.1105219182311927
0.11792400563193635
0.12448348778477877
0.12735871369572904
0.12590348115255717
0.12042919013350172
0.11558401398099422
0.11021768281530338
0.10786780634086453
0.10701103555571058
0.10760957571080783
0.10826294572365404
0.10876909768096789
0.10837749384896095
0.10715322054517115
0.10393717774583423
0.09885244184188555
0.09318946370333796
0.08889163719987363
0.08561452371109093
0.08310092974785835
0.0803802937461268
0.0790429030645014
0.07977809659496177
0.08093912647013243
0.08016448736862906
0.07799503433828055
0.07661619806470614
0.0761159905366197
0.07756997837572538
0.07932488651391965
0.08350984134325205
0.0874980099155168
0.09334658628819989
0.09862625002935745
0.10471748295871029
0.11017277841178048
0.11410266583618978
0.11561508536275959
0.11417063898973402
0.11346767259269312
0.11296109970730989
0.11392469313714733
0.11335576412459542
0.1111171942381561
0.1055192585608368
0.09815229298785355
0.09031869906545899
0.0842736648824713
0.07999340959295267
0.0773939460453918
0.07563545368137145
0.07575824909640806
0.0774053437977828
0.08037476752335208
0.08225994368945602
0.08463225748838493
0.0872207093752418
0.09155607918376055
0.09435123212673606
0.09603819505892497
0.0958866301685159
0.09471176744953183
0.09190018938302777
0.0905708852965052
0.09026667505788248
0.09083084288541876
0.09034794575718959
0.09093368996680228
0.09188705453162933
0.09525065404000382
0.09846823180767242
0.10137146636095705
0.1007915556117338
0.09724306771580919
0.08987252433595391
0.08253901934845419
0.0756623972579661
0.07023159820411984
0.06801558068736974
0.06831094885069833
0.07118581800559964
0.07586449921632168
0.08249305242671089
0.08801338285656526
0.0925290338296566
0.09456943982082082
0.0953938716213928
0.09464038165190859
0.09412102594844982
0.0939594392542799
0.09391453591707126
0.09229931104031382
0.09031906149443208
0.08816491969712077
0.08718816662418936
0.08853066861231061
0.09129494924025858
0.09326606149077242
0.09233570557084013
0.08910789834325433
0.08456470049572389
0.08217411478969647
0.08349275472530267
0.0878359971357978
0.09368622314088308
0.09876953201168903
0.10044538354859776
0.09764776841758227
0.09288575347781931
0.08824921530764757
0.08573465210336725
0.08543855394690344
0.08730226122064104
0.09012097097631191
0.09513701484291363
0.09824537549886954
0.10095434061837258
0.10080117500330121
0.09874103053653825
0.09340455035992916
0.08706335317312902
0.08161734682278865
0.07802845186050578
0.07698933214598333
0.07597770723919103
0.07529854553189697
0.0762813345041791
0.07763602658117433
0.0802356260929412
0.08186077272985372
0.08188548156438948
0.07974846213755993
0.0778820189998395
0.07656937643802234
0.07736588316204984
0.07993955414473927
0.08440077627874212
0.08984722556026159
0.09294215725231864
0.09334803490831955
0.08933097660213628
0.08413619384366232
0.08153768357931523
0.0822421216444098
0.08421014899645057
0.08656300653135846
0.08762615489725159
0.08943518711769982
0.0912704754675236
0.09336283812020489
0.09424642877544988
0.09280093030600078
0.0888934262981009
0.08375919671601496
0.07955433115338671
0.07725999187065338
0.07885688516793121
0.08218541452372008
0.08713946279272705
0.09135468754991362
0.09508728832410043
0.09634080785605076
0.09519711629324441
0.09058585908372331
0.08639798495677746
0.08243783153296556
0.07995503873786312
0.07797913867390599
0.07535183407414012
0.07278484086396705
0.07039506575574475
0.06939749182506902
0.06987030881854621
0.0712961202006967
0.07286459999107212
0.07453578124935975
0.07682592584591358
0.07974660666665946
0.08244013554400667
0.08528013632665532
0.08596519166745258
0.08656613809131931
0.08718717904196144
0.08857030844365983
0.08991662653770363
0.09077442572397579
0.09082251363187098
0.08920411335167654
0.08834958716516436
0.08858078140494827
0.09257653696310633
0.09777061254664339
0.10457514457190256
0.10946115515542319
0.11433028773211351
0.11786072235747229
0.12034300091684011
0.12013087980777896
0.11581659796217512
0.11036646304825536
0.10408005592254345
0.10107427354533217
0.10151278704931956
0.10230382373271205
0.10158423250842832
0.09879594446522141
0.09461740332778013
0.09205897584124038
0.09034312534056789
0.09025266103426222
0.09026758782207864
0.09024062291787853
0.08965051161265723
0.08687352859316336
0.08426827751815165
0.08156996774553933
0.08260130342790935
0.0851698141241751
0.08884835723461879
0.0913797391998503
0.09165262355021703
0.08932829467819592
0.0842982387049668
0.07881962281350273
0.07564589007579325
0.07522954459618945
0.0782984726617373
0.08189236858308918
0.08607811900591629
0.08831853659197104
0.08935534656065539
0.08829219186508061
0.0872118637660258
0.08594380872739565
0.08522906655514999
0.08523668375690055
0.08589799031542152
0.08810326600804107
0.09416945264431434
0.10186120418933531
0.10975209783033998
0.11585754225353492
0.1190215868964307
0.12047868501823053
0.11979625928262923
0.1177054427072603
0.11519104265364549
0.11248176063841733
0.1092538093685666
0.10640429630839802
0.10349066447528216
0.10113279721452394
0.09927676553327996
0.0980386771162219
0.0959896770320324
0.09359931565924448
0.0910378426631152
0.08859054460105831
0.0865584895795365
0.08380951150570858
0.08143366393092985
0.07854657966802013
0.07882316137874493
0.08173581748120087
0.08926640117010444
0.09706471282730109
0.10357235801531132
0.10720094730990826
0.10707145380874465
0.10508533770243136
0.10139931246223637
0.09836542596303752
0.09561793078080837
0.09482000393715338
0.09597424343795934
0.0980677919924871
0.09934146677816526
0.10032919032879539
0.10145086990191288
0.10258393001751763
0.10313641604458026
0.1021214856828386
0.09680020402731092
0.08918058982464015
0.08041112153728353
0.07439930242861623
0.07172822064578828
0.07352511787103143
0.07741179570304933
0.08202806879806353
0.08485321564300331
0.08630399038291395
0.08511715522425248
0.08323825585554019
0.08237223117463652
0.08405177583417493
0.08741093269118429
0.09148128429358493
0.09436007205213198
0.09484812893253138
0.0946146667595109
0.09418748957698056
0.09521657639546127
0.09711319197647256
0.09859008573758082
0.09938542311859486
0.0992505727502373
0.09868617932061047
0.09687708669895079
0.09384279841211757
0.08870895538194802
0.08398625648219658
0.08127666758149496
0.08006916082888146
0.07908247869827767
0.07925872089706605
0.077967619534771
0.075599616755844
0.07248394113402436
0.06999021953416112
0.06838020336880406
0.06784200585262148
0.06844537137506958
0.07029375838571723
0.07336447615627407
0.07687776981132893
0.07976200991188025
0.08072110563127338
0.07918919273945961
0.07601889837204293
0.0739688471260721
0.0742225947016851
0.07719243984361125
0.08042900182992521
0.0830777043260229
0.08283000233574829
0.08205338197904832
0.079765602924795
0.07744034794346256
0.07671734417234927
0.0779263590455478
0.08108491383943439
0.08702322390477137
0.0948857579314383
0.101839272927931
0.10452130361388452
0.10393149807540909
0.10080546176587972
0.0961220492610793
0.0934358103217247
0.09275699060538573
0.09436143207466956
0.09616464257817742
0.09622947481898154
0.09447802412249962
0.09098251813073703
0.08839754918074794
0.08580110574379493
0.08503686107309716
0.08543570259043043
0.08792095294959246
0.09133740462925813
0.09620909077137646
0.1000494986259555
0.10431580533173453
0.10735746150219921
0.11102327762121915
0.11201081870097807
0.11159261231006604
0.10864701613012918
0.10364938811812105
0.09916252973235537
0.09604424032050092
0.09515855898596487
0.09540660306551965
0.09439792999507989
0.09113620195639971
0.08722234299655218
0.08420366236557056
0.08194953732449735
0.08006984393220698
0.07846253057906147
0.07696488408295256
0.0769029071865248
0.0777012867472869
0.07828277205946016
0.08008143547000016
0.08319441279268126
0.08851056366062136
0.09332244558628955
0.09568578830194709
0.09586580639124477
0.09499141872015146
0.09350279581726101
0.0928818185709642
0.09130436460963734
0.09048437082250925
0.08937749935296065
0.08824290690637637
0.08770016834403561
0.08691109713173392
0.08536854670140268
0.08366247263279691
0.08224556682577663
0.08312774429700598
0.08607107879505756
0.08946519185929382
0.09229262043169728
0.09317035279499174
0.09293414162793388
0.09159196043260785
0.08920931077309653
0.08545885397609641
0.08198666662522536
0.08087992481591243
0.08335935539080581
0.087613664534615
0.09146294846884435
0.0925663871440549
0.09247324318481276
0.09060766509995176
0.08625685249206574
0.081076033700772
0.07698894938836022
0.07527762310991715
0.07432714704131257
0.07460627643633996
0.07519420232868759
0.07736371943929743
0.07817835213053549
0.07999932042070053
0.08034208236954316
0.08148975111595971
0.08226847931677053
0.08282087732040629
0.08396236935790889
0.08461590562371417
0.08501889361898181
0.08479983540572478
0.08544241431302575
0.08583219372212769
0.08618512088515061
0.08542439124663634
0.08354714442568786
0.082731412022885
0.0824407276607437
0.0837744752393414
0.08510587154292529
0.08757886178684132
0.08956910147799177
0.09024827252159248
0.09043360078330769
0.09080285038142265
0.09204791814721432
0.09390158713419011
0.09459911638458694
0.09287247021932665
0.0898672351639896
0.08724747999518347
0.08628714789967801
0.08733972232556768
0.09032552844800101
0.09370965531220964
0.09605869003366434
0.09631261893116791
0.09398137604203642
0.09324640881168907
0.09222858108940579
0.09321181763432362
0.09251838635913467
0.09130926685017873
0.08814309803522179
0.08596591770261502
0.08458237723089604
0.08445552890562878
0.08476920007854995
0.0845956651187524
0.08207881855192314
0.0783476952442852
0.07481809860821975
0.07364082487144247
0.07566206584939857
0.08025394603669013
0.08784622913978721
0.09431653320112318
0.09914641774027196
0.09904231601746083
0.09732804822487981
0.09381759836695248
0.09179403992172168
0.08935890851716477
0.08995329051036698
0.09060082876973524
0.09320123389506575
0.09396787905635139
0.096012365507506
0.09509025394540359
0.09548938680803812
0.09378650595045997
0.092167092305811
0.09002121918628869
0.08932862181786702
0.08851478195748516
0.0865665451610904
0.08471061601608314
0.08236697354117223
0.08209372375830579
0.08140770918727623
0.0827044172572372
0.08581835954326585
0.08988729501899052
0.09278287559453804
0.09414725820300066
0.09372229072930552
0.09268718986131724
0.09169457110538641
0.09210117365578244
0.09416457157461443
0.09763020309061121
0.10059820997255195
0.10165378692920603
0.10228939906526818
0.10300146765852959
0.10492367724348621
0.10829247245811446
0.11087302449188478
0.1131586663894936
0.11340832924879575
0.11256983801445804
0.10967293155741721
0.10630701438155622
0.10259537841995348
0.10001239452640916
0.09895794168452428
0.09938044034510304
0.1000764711696729
0.1000726000150936
0.09949523345122603
0.09972602288063946
0.10049593821371566
0.10229411963881319
0.1035505692948019
0.10426363720803425
0.1020923654960668
0.09810644409557769
0.09220272682627222
0.08601535136222047
0.08107042675190414
0.07762156054994154
0.07748290132453806
0.0791867395569758
0.08156730479628249
0.0820484894076458
0.08179976687559655
0.08209819759645264
0.08293324921194821
0.08460306652633748
0.08761400991870207
0.09333629574514134
0.1001873685307765
0.10636573949121676
0.1112296443576223
0.11422154620826086
0.1165310379241552
0.11804447507553636
0.11785828218809095
0.11676948076216659
0.1143905262214681
0.11271867016642297
0.11097393438201925
0.11104204287327224
0.11122005433069193
0.11096837743378635
0.10889707037479235
0.10760005176648121
0.10483150436263611
0.10264920584869669
0.10034353514302716
0.09863657571464288
0.09748793446506528
0.09708215216772763
0.09819218125752689
0.09835889272778986
0.0978388360843645
0.09770942411160949
0.10028157315307704
0.10641822058586099
0.1126313617476483
0.11743251105387598
0.11733079139433951
0.11425787081214764
0.1083708942307784
0.10227835607400772
0.09789703898342489
0.09813910509003904
0.10268311669127017
0.11040376061997786
0.1180873325401025
0.1260040225860612
0.13116838455170737
0.1359094736325361
0.1380904473259155
0.13808044403287115
0.1363442173877455
0.13329866347488378
0.12990048984665817
0.1269138897786978
0.12396511130135097
0.12158563612325327
0.11729308260282824
0.11319549709527264
0.10851455975469672
0.10669526274407194
0.10691073690831736
0.10937624743748886
0.11050377313931836
0.1103812267550196
0.10752431589561377
0.10323933095098031
0.09777056137638498
0.09487930861896157
0.0942125921033874
0.09448004019851601
0.09446684357918099
0.09406687991896177
0.09407715972858646
0.09297391453363912
0.09141699535997072
0.08866831512859244
0.08683287987265727
0.08660696453396782
0.08867552294034091
0.09173977995691743
0.09494393608874441
0.09805798477405857
0.1007658560943151
0.10154791541239201
0.10238881913019991
0.10115089775805712
0.10127713885920248
0.10219913780390322
0.10546824497925221
0.10810936143480482
0.11132424014420618
0.11481581741555975
0.11754992607960814
0.11981899097809158
0.11960938728494602
0.11780157968046637
0.11491373805278414
0.11173339039349862
0.11050258949614573
0.1099787988860191
0.11048710458314438
0.1089805978147765
0.10700421219854846
0.10379270195778945
0.10192714299827997
0.10094810131471843
0.10237923647002022
0.10504755692146443
0.10845559992735987
0.1098972201301757
0.11000295479097207
0.11050882025331181
0.11130393730906989
0.1129399595575243
0.11299404398637751
0.11185827189478122
0.11021092463632448
0.10952544337532552
0.10934743550098516
0.10935853247206932
0.10848590218584918
0.10783923041339709
0.1084769340375514
0.11182377009207227
0.11640857819885304
0.12032440470727145
0.12046880968123988
0.11807523520645907
0.11273046711670619
0.10712944574907893
0.10140186200372482
0.09627166380698701
0.09184603544577127
0.08796340883074119
0.08612331971695017
0.08653143018627699
0.0879749797012159
0.08911600188095808
0.08820292824705185
0.08797590265399954
0.08723040465538795
0.08820017497573997
0.08759826860618103
0.08763542773868153
0.08640387823024002
0.08717052433813018
0.0903540949889465
0.09697441519216889
0.10425748299735231
0.10952618598672889
0.11183916044206349
0.11185804969686712
0.11228668248861831
0.11211881699711573
0.11487108105791875
0.11772660565089059
0.12273537630800853
0.1258619837986084
0.12704964820325937
0.1254593286013612
0.12360169541715327
0.12211060416233441
0.12120379894033265
0.11937322820553821
0.11588019510096294
0.11065400793867601
0.10407214809476924
0.09840794114962823
0.09556470355487097
0.09503469921868915
0.09486372515423154
0.09187212471182671
0.08636200219457824
0.07891448612725074
0.07394532139534521
0.07125172876815793
0.07160458281684919
0.0762615732958434
0.08433786749189412
0.09373623504415478
0.10023833638757779
0.10268898931428017
0.10120247665645235
0.09782668283209225
0.09538160947566915
0.09738819584365177
0.10265941318214375
0.11010115760345238
0.11602405174067533
0.11905832114561467
0.11900222565654495
0.1192694307329601
0.11944252787403238
0.12080045336482226
0.11952664047123884
0.11586052050582892
0.10970762846644624
0.1049047151992696
0.10145359901754925
0.1000169051023521
0.10035852967624238
0.1013901604398787
0.1027889502758114
0.10442242876830947
0.1044352252896942
0.10248547531642341
0.09759174417548634
0.092098707551285
0.0884379800193873
0.08843947307288032
0.08943322022104959
0.09150867472701506
0.09314904093699355
0.09606088024367898
0.0977704237050354
0.09849587290264897
0.09886127613439981
0.0996833134255366
0.09917669213047571
0.09664650938259808
0.09185611070250813
0.08807389890640278
0.08650136004876477
0.08879061499941741
0.08962896268670915
0.08871247241000418
0.08576242808839472
0.08412630498060751
0.08457775596731507
0.08658848436122976
0.09065365992657029
0.09335590305891746
0.09489885511671872
0.09407075055367473
0.09386918895299756
0.09443768465326663
0.09651093220045273
0.09884288614705625
0.10112172578974493
0.10310961949370906
0.10455139768309085
0.10701259588169075
0.10887352215506849
0.10902790229733748
0.10721470627509488
0.10107261706276557
0.0948849170293672
0.08753013082998456
0.0815524643809223
0.0767784528640439
0.0745558460865986
0.07403106387145862
0.0745854244317309
0.07671522272906468
0.08019579454553209
0.08454925922036169
0.08865342379090295
0.09020174408384689
0.0898734648975812
0.08768153927512462
0.08418419722690501
0.08086651841347808
0.07914003010826547
0.0800457508056713
0.08270512967999198
0.08577830551332447
0.08832601666196375
0.08900291350271189
0.09068518210972601
0.09431609186615851
0.09974801527433239
0.10549880578662935
0.10817309598623157
0.10608397260045237
0.1006289788896885
0.09390569751223142
0.09017618621307402
0.09045630458390175
0.09410231227747828
0.09722461974947547
0.09795269991889413
0.09460424484983694
0.08910443735603686
0.08274947010596968
0.07689502104370076
0.07260750180106193
0.07096804290986224
0.07135667581201927
0.07342259040292942
0.07620199889497062
0.078302594427576
0.08045899807984982
0.08127173688320008
0.08339044267884874
0.08612680439829733
0.08888223742238234
0.09014661092697161
0.08856433025495249
0.08596480695793682
0.08389629550971289
0.08370094354378092
0.08476933466048565
0.08669888265229586
0.08964643849901265
0.09290614133561939
0.09702958806245124
0.10234430391628668
0.10689334935878436
0.11109641842196258
0.1113315604916104
0.10970292245555718
0.10507343144797594
0.10035493924596035
0.09482758283110698
