2.467938041999885e-32
0.0038490980391374663
0.013814075212525055
0.026584716178536364
0.04001017244176904
0.054741449506014866
0.0732613007975206
0.09839628342425719
0.13180943161526
0.17233993559869457
0.21659457437423382
0.26249960777406495
0.30825413271143326
0.3484059326435914
0.37876501118651984
0.39714848041758244
0.4040067816073955
0.4016035476008246
0.3944254298659922
0.3851738712233806
0.37423950063060424
0.35998369379456985
0.341224132331157
0.3198738086039031
0.2986758927153119
0.2785182607395674
0.25842430177800524
0.237793484508356
0.21785004871860097
0.20167284142788527
0.1909754929291162
0.18494039587670968
0.18178595604838074
0.18022889173609358
0.17943749912595383
0.17898258641159293
0.1792434049237907
0.18050113463024672
0.18234462132526325
0.1844107921413545
0.18699760483199546
0.1915042792379532
0.19935951280856007
0.21112748054193128
0.22576932780221357
0.24166222850623761
0.25736480636527254
0.27155672602387476
0.2821218676124856
0.2881169913221814
0.2892841387398717
0.28738134497541384
0.28508171528925136
0.28387566457741764
0.2842254793438943
0.286515121551602
0.2916204729248934
0.299464149318687
0.30827211315385755
0.31466381098763
0.316065388217855
0.3116823176973438
0.30347792615301145
0.2936584350730872
0.2831957855087298
0.27218221710076845
0.2615477592985432
0.2518751116152511
0.24260828984308513
0.23403700592615784
0.22693498520658797
0.22107821992031787
0.2164148511370287
0.21227997885669916
0.20737041008580584
0.20121302810353253
0.1944418302059164
0.18729630022120403
0.1794587233785214
0.1717890141899694
0.16608306102076217
0.16417896197494566
0.16630286204865502
0.17158351990679138
0.17921407871169234
0.18914447130763137
0.2013755973287794
0.21535926743813116
0.22940068018081883
0.24223432170560952
0.25408702325292537
0.2671377145454056
0.28227690297315844
0.2988058167661284
0.3144630210096146
0.32752560238500994
0.3377314406394438
0.346027116098206
0.3542492754781507
0.3643572136014188
0.3782732609783502
0.39584384411369417
0.4142331980851926
0.4297059408811296
0.4402494938257278
0.4459686830600818
0.44834216328349347
0.4494488744754714
0.4512264240443947
0.4544788845221099
0.4573855977428493
0.4564085168048979
0.44918583848549404
0.43485101438239604
0.41581064238887194
0.39551226963811054
0.376245215438893
0.3581599737971496
0.3407792032905203
0.32502530744445013
0.31271469190151463
0.30472108032206685
0.2997872726141542
0.2956703717378394
0.2915725735493603
0.2884118459251865
0.2870607439189287
0.28693364109683245
0.28694890505306814
0.286711635449966
0.2861647571318035
0.2842276000078894
0.27905068717837606
0.26970534515064415
0.256998719965443
0.24320154850120537
0.2299944346144999
0.21873172883794928
0.21033739343693794
0.20535960901606604
0.2024439050568159
0.19951408758985953
0.19507399454589164
0.18844043238567157
0.17880665542559696
0.16591026920264257
0.1510676739313535
0.1364353103011204
0.12402451537259299
0.11499325815349475
0.10904294356674699
0.10531925553008088
0.10255534597296051
0.09895869925972667
0.09377623551677747
0.08810696684995523
0.08284459150640401
0.07837685727404095
0.07461049252351519
0.07227443338105481
0.07202331537011221
0.07319637301150163
0.07494237970797393
0.07697944924555485
0.07956338301586964
0.08287124115234809
0.08699775148607711
0.0922395696774804
0.09867161403542604
0.10613060886093405
0.11353608220717644
0.11998139487987805
0.1256929307111135
0.13076900708631486
0.1340661855273364
0.1349369668471708
0.13384789257984714
0.13069572366949547
0.1257942477747862
0.12062118025545593
0.11623127973473722
0.11245726001652345
0.10889060745329358
0.10577059611931468
0.1031812701594735
0.10097100746530364
0.09859014362274425
0.09560715124598987
0.09232546320775464
0.08874022092542423
0.0849634195440258
0.08118129007964146
0.07812032862529783
0.07747238509657342
0.08045253819238676
0.0867569563459555
0.09500491498322824
0.10386987732253052
0.11155432074595761
0.11622473892884842
0.11743684352390664
0.11549556207093661
0.11066975839934468
0.10407082545228272
0.09795167718145384
0.09447811585955275
0.09384223527544847
0.09410404423224793
0.09368044700835994
0.09254312042192783
0.09124475024111585
0.09003718230381719
0.08890674070474892
0.08818543618837092
0.08832327862848978
0.08893027539248965
0.0890662539934489
0.0883889495629112
0.08758764214941143
0.08711482434232905
0.08740436596407375
0.08890262481561162
0.09128628117483467
0.09392148673346519
0.0965646869568883
0.09975909758944843
0.10382449619637003
0.10808438074963617
0.11071196835887309
0.11020986638909974
0.10627861099401148
0.10017492991968475
0.0940166196825529
0.09016682183778282
0.09017049989425813
0.09294613525534558
0.09647454309057348
0.09953879829050225
0.10045777915123891
0.09872682299637514
0.09606951038099587
0.09461242169826511
0.09503110412309419
0.09612760813785616
0.0967623162921846
0.09645694554195389
0.09581554948353127
0.09534282093610506
0.09466716862525798
0.0935665676049079
0.09205706778390914
0.09077379441202994
0.09071739715639728
0.09185140406735219
0.09289600681365863
0.09315878003453865
0.0930918650870291
0.09360452219083637
0.09469908808007506
0.09587190464698506
0.09670406289326663
0.09680991932268815
0.09575723758502633
0.09344851894219673
0.08958704612796199
0.08379200054120861
0.0769442736519819
0.07080568259019578
0.06641513277043219
0.0641721982082671
0.06456097376163589
0.06728259410280475
0.07046441427443674
0.07215733442346721
0.07245818285939716
0.07279453051545659
0.07406712555243093
0.07616084405589149
0.07908053069441012
0.08318767238875968
0.08825615059732908
0.09345038297187311
0.09784467831924648
0.10096785684573796
0.10266733828011766
0.1024104604344171
0.10002678523290182
0.09604462684299318
0.0917880851729475
0.0880017269671496
0.0850151494641931
0.08300976913584782
0.08237781493856126
0.08329324300865604
0.08507736948405324
0.0866132892837426
0.08683327313126118
0.08542323535388238
0.08274417927193325
0.07957642636679171
0.07651616074554013
0.07427796580793947
0.07398958039535249
0.07640961740494025
0.08055349862498076
0.08466847053540316
0.08723327401158543
0.08770564393975179
0.08601497044811716
0.08294482437132399
0.08027277480328368
0.07991175093149692
0.08262840492874506
0.08803522036939398
0.09475834364244849
0.10088046089941395
0.10524434076304684
0.1075554264750224
0.10815887393067342
0.10797168462028826
0.10740454757344609
0.1059231073008921
0.10306755421429893
0.09900482523727108
0.0946099274644735
0.09184702188939985
0.09214471859946866
0.09475751144697604
0.09643458581931089
0.09434529716732495
0.08891127915629057
0.08341790047329675
0.0805259537159966
0.08011428417555364
0.08022540253661564
0.07957204614540594
0.07878944927641277
0.07866474261834713
0.07973000293136688
0.08156851031554056
0.08278703186182602
0.08272523406795594
0.08287982682833199
0.08526654088513705
0.09105844355114776
0.0998039523095644
0.11029371896335503
0.12174182424337662
0.13375311791485886
0.14503289807821043
0.15400701706525044
0.1595503447256525
0.16173010494310053
0.1614754986802973
0.15990807829882087
0.15728340180024433
0.15351283654568287
0.14912891143042878
0.1446219323803827
0.13874656421624262
0.13052303071132604
0.12145782493777266
0.1145306131188913
0.11095096318378381
0.10883024194766067
0.10546642951081636
0.10044443845724015
0.0954494097337803
0.09215416691716695
0.09121931941716714
0.09211785299447614
0.09431382187564472
0.09742832840971069
0.1009991751171809
0.10433577097036391
0.10637002584349324
0.10677584970190093
0.10665657649562765
0.10657223709681489
0.10634524709745315
0.10662749458037292
0.10850914938691326
0.11182887783757262
0.11499815830086157
0.11558143808701721
0.11271437222481252
0.10782541026068504
0.10315942353631166
0.10044716773431367
0.10026166014882142
0.10238681363448594
0.10662327426450939
0.11195324136250803
0.11642764816904011
0.1184469590172024
0.11799415268839364
0.11629730062568759
0.11458823326074105
0.11287789696823299
0.11060768050040573
0.10752297180553405
0.10316713194666524
0.09740163105725508
0.09125881272067266
0.08649795400256288
0.08400846800741538
0.08353686166580843
0.08417758835459446
0.08529534502681704
0.08604818159774012
0.08601489983788446
0.08538707602396647
0.08429547416612244
0.08310298321667065
0.08243810838735838
0.08297408754270856
0.08574982553612756
0.09218520996059873
0.10261878789715731
0.11468535188092603
0.12413544492617729
0.12785535191209604
0.12650048440252584
0.12290373647814494
0.11891068298082047
0.1148030294529611
0.110104023392717
0.10444075389776031
0.09793131295073104
0.09124574967687063
0.08513691565316399
0.08030064197385445
0.07764278198003154
0.07703581378697191
0.0775430750396315
0.07824942989278118
0.07910803605325306
0.08036096430446517
0.08199250441432883
0.08319547240525162
0.08357107565791731
0.08404321193733665
0.08505423978077423
0.08541508218412339
0.0848441896703926
0.08516437902854088
0.08892952590380848
0.09690841774357942
0.10747795079965625
0.11800516353430153
0.1277369058723903
0.13747225989901238
0.14713250315184465
0.15496266146034995
0.15883867680642363
0.15821409353880053
0.15391828830280127
0.14677876884375177
0.13726178622519097
0.12601529794519406
0.11440025322794381
0.10513986286972868
0.09958956803056429
0.09705801074140913
0.09521911250002996
0.09202864584698114
0.08686121616788105
0.08091370519906012
0.07609232542281705
0.07386613924581807
0.07524033348625873
0.08004603837796603
0.0863918848542004
0.09235078082525719
0.09696781786576496
0.10025426223877648
0.10275140359121798
0.10514318821768422
0.10765127191180182
0.1100051687156015
0.11213123127177559
0.11403811704444822
0.11538981945118999
0.11600530957120089
0.11573433017101416
0.11373281258214343
0.10922164429817977
0.10326409873909045
0.09793425692448113
0.09478708270469235
0.09403701062885425
0.09450744031232686
0.09466176772422158
0.09320995070009412
0.08945242283653508
0.0836005560146003
0.07677591676747622
0.07066819235417406
0.06708448716541707
0.06706429300390772
0.06987261353165
0.0740161073412633
0.079194945101599
0.08519919669150822
0.09032742148292955
0.09373037501344107
0.09604096833080772
0.09692669591095235
0.09581900985630445
0.09360129907104141
0.09147809054490319
0.09054574736608334
0.09110480281251053
0.09221039294631925
0.0932771610472993
0.09487450411965428
0.09767841688292127
0.10163931547123878
0.10643306559482676
0.11096336349544315
0.1144794532811454
0.11769019467386795
0.12100286453945537
0.12361736360278842
0.12477989978819426
0.12443762636999764
0.12261086018957917
0.12009297901400742
0.11747508644298338
0.11446982656681165
0.11076406468009067
0.10605488178488377
0.10095803200788941
0.09709306772450013
0.09568522598667915
0.09537391141326437
0.09334626756898196
0.08818933410904993
0.08240685442830899
0.07891996759259984
0.07822599788834672
0.07963911932452074
0.08193973161899222
0.08326324332292845
0.08237141388831756
0.08008229726759326
0.07862510427859555
0.08026012569965697
0.0853137761049421
0.09191005094052214
0.0981549443277925
0.10407479329821384
0.11105056159231597
0.11937594788197944
0.12789128118580775
0.1348105563523347
0.13911408687040833
0.14079783651771144
0.14017857623360927
0.13786732876843966
0.13487659445552974
0.13140889663970412
0.12592695773514972
0.11712597217587029
0.10581468534010935
0.09498581501153812
0.08760311290715804
0.08439356181341341
0.08357678200933462
0.08325433634419906
0.08220113768409264
0.08009920588581444
0.07767071331806347
0.07622368776395387
0.07625711943006695
0.07677224137746178
0.07642456776492583
0.07496924170428383
0.07295036960328914
0.07119294676948175
0.07048940641667371
0.07127790272108986
0.07334378648387238
0.07539147366995382
0.0759163950379534
0.07533212039086797
0.07601257777256933
0.07998536574236183
0.08659794865344671
0.09332598809061976
0.09782602814018793
0.09780085365249427
0.09364084926264636
0.08851773154491326
0.08640554980604596
0.08928483949791528
0.09542417453685643
0.10143675066476547
0.10438672670515688
0.10356324285771427
0.10008520199233016
0.0954909788299317
0.09136952592440838
0.08911810252743092
0.08888363378119607
0.08962036356637842
0.0898052391925821
0.08837802497980392
0.085433955603264
0.08253118578442002
0.08111494871522133
0.08123803683557097
0.08176970643794092
0.08196500708620597
0.08165470245861707
0.0816203551972923
0.08241822785027547
0.08299748544882628
0.08079021437358312
0.07493466144587597
0.06773208853100014
0.06215605128785308
0.05961040667599104
0.06051380817451742
0.06447330712726305
0.07018053737694735
0.07556132655798456
0.0791493432763105
0.08057077653226849
0.08073255034294566
0.08129712009718412
0.08367681208290279
0.0881679427561657
0.09415573299112943
0.10023966187065884
0.10470223684843853
0.10653155113230547
0.10586714278775758
0.10353996667809501
0.10033654530783218
0.09651860200971232
0.0914919443566946
0.08526603852517858
0.07998558179322648
0.07738370634530305
0.07607588188172949
0.07460235210188806
0.07289176081796842
0.07118856557786363
0.06973343034889815
0.06907052687162198
0.06919227197477891
0.07017580502643485
0.07314758038779325
0.07895210128147333
0.08661050332127251
0.09418779179331864
0.09999668913319663
0.10234836841545951
0.10065448187835208
0.09660536544838394
0.0929578559945973
0.09183475119246513
0.0926779692510392
0.09277265662788788
0.09088715012504492
0.08928361978102145
0.090064176878508
0.09335677529029268
0.09773596570394302
0.10154911290778167
0.10390375673318086
0.10477658677344441
0.10454317105154907
0.10332386471405414
0.10092622533336378
0.0973184853000981
0.09305232313394193
0.0887659632996642
0.08479580366603368
0.08114670536352431
0.07838206778514167
0.07738679581957414
0.07825701681850067
0.08034045554311187
0.08362029980629113
0.08861409514532805
0.09393770687054272
0.09695814235468157
0.0960255223986595
0.09151191925512525
0.08504472537174321
0.07851413488553291
0.07336934416366972
0.0710264880995087
0.07179010342772718
0.07451207392245414
0.07761249839318764
0.08024482854064938
0.08231577450876718
0.08381265184613904
0.08489619952789847
0.08606109032123176
0.08766613045574298
0.08983122146248654
0.0926407929434935
0.09568438417861583
0.09836406873976092
0.10026108192267177
0.10096313921415334
0.1001466542965709
0.09878476173323172
0.09793772608621075
0.09814200448918928
0.0994627695394625
0.1023134819293942
0.10726121006236156
0.11306169829628346
0.11778167216965163
0.11995850397861943
0.11950991407189819
0.11718468693044826
0.1147140199765763
0.11306717260046528
0.11133367166322858
0.10789324751374625
0.1025874659843684
0.09645878036359466
0.09099591034363537
0.08697655221812454
0.08464860562729525
0.08431006908107358
0.08595944028712152
0.08908478948731925
0.09290923701354084
0.0965676649581449
0.09961187828108058
0.1025847002782406
0.10572689769664709
0.10824839654478793
0.10959421147396269
0.11013592633679359
0.10986702340473116
0.10881095597054725
0.10745720591772001
0.1063700551832484
0.10536303181825787
0.10382891134741955
0.10149465684890574
0.0988918316833553
0.09603378392378278
0.09245234978081188
0.08741985752378609
0.08120922736036061
0.07579898098911471
0.07392332416051862
0.07676921529971227
0.08307644873749
0.09038072165170043
0.09663771664048533
0.10096954926106352
0.10327636407627554
0.10361266608433548
0.10210361084470375
0.09943978222719438
0.09620331148838816
0.09237248812821744
0.08863415510804878
0.0854497350513936
0.08258796636790489
0.07977502030022508
0.0779544104885761
0.07808758265861304
0.08050049188393103
0.08408667204752601
0.0867738693747506
0.0878162290254424
0.08881137119654772
0.09181498612029688
0.09741830576509868
0.10516728389972625
0.11346322138667571
0.1200085468146913
0.1229595667562479
0.12065987615512318
0.11199590063967527
0.09932737533091
0.08808025318170754
0.08279896223933583
0.08362773605756836
0.08670088360095693
0.08844705245734717
0.08676025021987223
0.0814853016808817
0.07421260501572184
0.06752170638387116
0.06307924341626181
0.060801651612567835
0.059781250794697156
0.05998932008763198
0.0628648777255587
0.06965405927257984
0.07977970641335269
0.09081951311029729
0.10046491061011814
0.10737212884326024
0.11174385689237791
0.11464285130102636
0.11737265607206822
0.1204221597907906
0.12280107140746148
0.12371292432111251
0.12252383116079765
0.11883491980159742
0.1135074835833432
0.10867140642345108
0.1058976166634495
0.104744921331247
0.10353549574248204
0.1012116519039367
0.0979248544312086
0.0930973918436801
0.08627780560009198
0.07841566445758866
0.0719397385718804
0.06876560964828282
0.06846172870297378
0.06925966353842793
0.07087798938566926
0.07300616403239296
0.07472645552792136
0.07585812271618347
0.07752335665953154
0.08118573928589182
0.08627098158152877
0.09109807866982801
0.09601277343256115
0.10206069895157494
0.10852312312334375
0.11349894064152186
0.11545037012798738
0.11398496075580085
0.1092154957249236
0.10219745463910043
0.09488345869064863
0.08852257143996366
0.08320667787394008
0.0790137435761811
0.07620580460937552
0.07490688848339397
0.07508078612694101
0.07618132949646433
0.07733796691758042
0.07802511929023863
0.07822335485001584
0.07867311822458942
0.08076909756824441
0.0851909428526474
0.09126857559580787
0.09815873344213583
0.10496098029558017
0.11048391273540564
0.11380704528967815
0.11517946401643683
0.11593608455917999
0.11706559570244783
0.11895758243117231
0.12143362786279811
0.1244537578195959
0.12839799778089045
0.13283184475964618
0.1365593479482345
0.13812424240909674
0.13626982441208152
0.1312952843133148
0.12485126668975015
0.11797743267527609
0.11149286959734044
0.10619374195032144
0.10205876377875883
0.09901590378485853
0.09644884604789361
0.09338983263440963
0.089780508451207
0.08621174936422768
0.08285303539345443
0.07888984100045604
0.07427563005721668
0.07031643237529375
0.0681189339061577
0.0675394599092933
0.06717651555219571
0.0652835080317223
0.061498243762427324
0.057497632601898975
0.05579493412481208
0.05772802119185955
0.06264007831193896
0.0690966839039777
0.07572214797118633
0.08102739276265693
0.08347186692564856
0.08277726941921522
0.07993629325350668
0.07721213769866223
0.07646794746377143
0.07765169451726857
0.07904920954106281
0.0794016496745636
0.07904806714679148
0.07954734369753867
0.08158305764392704
0.08466602188960497
0.08807664150859386
0.09161505413968232
0.09546256354987227
0.09969550460692614
0.10309934531580889
0.10440962999037996
0.1030962283711218
0.09949769077797618
0.09477391424821824
0.09066749485048445
0.08796110834887949
0.08623697450662043
0.08631567590335072
0.08908174470546093
0.09395950507925153
0.09927331305345978
0.1039200114771823
0.1076680824647738
0.11046085426730497
0.11214615493375257
0.11244277113697915
0.11156796000171501
0.11019956037453718
0.10883387552743233
0.10787724038832447
0.10740002871166106
0.10669071122458383
0.10543074100988864
0.1037947933463566
0.10133715208232763
0.09756665682035694
0.09309254524927242
0.08892826403583397
0.08621814957877504
0.08474275829339915
0.08326200681313968
0.08092919662547388
0.0778597048987438
0.07442205361724913
0.07116292556540843
0.0691307750427333
0.0695908590682541
0.07239959379674528
0.07562525397301431
0.07809476215332688
0.08067688809666057
0.08486432802098813
0.09133316024245462
0.09905453790864421
0.10639249073654568
0.11177760071636632
0.11445893617717147
0.11434481803022009
0.11168702778880811
0.10742800674216507
0.10231144411109669
0.0969528612268176
0.09191583263327202
0.08806142113508632
0.08631717537491418
0.08744907466124616
0.09130268222506681
0.09707310042652983
0.10289073639753192
0.10690614268104622
0.1079861632145716
0.10570973233758986
0.10043453390981145
0.09408253778018308
0.08867245601696003
0.08480535839181283
0.08225353723133277
0.08143656952758789
0.08284177840606918
0.0862641357500389
0.0912008992720648
0.09766884802498614
0.10551982098557215
0.11349058726229172
0.11942161087695409
0.12221233365519918
0.1230548406133981
0.1230245762367048
0.12189671604070497
0.11909169169251213
0.1151165223986615
0.11142094873306425
0.10932982000404357
0.10866199493665377
0.10798999306748835
0.10716398348144493
0.10618991952932515
0.10496663895694591
0.10391503763736332
0.10321519118238875
0.10220859724391512
0.09986404042003816
0.09534042605886336
0.08880485255473795
0.08113806747549111
0.07386114053722176
0.0684198331677774
0.0657166181659636
0.06566044313155182
0.06736711210977558
0.06908333766275047
0.06898226908648304
0.06725895064300566
0.06643424058435138
0.06825981103744637
0.07232707024353095
0.07695449284363479
0.07994210104359434
0.08000670242588688
0.07789938003141106
0.07520853864496402
0.0728945023910184
0.07143226973293332
0.07110926685212493
0.07191406682828667
0.07377917361755618
0.076624860733721
0.0803234623227994
0.08471365463507416
0.08877357909250294
0.09137893592479149
0.09236214964716057
0.09221175275970084
0.09144442209027355
0.09090555625253507
0.09169425296317314
0.09448647097089855
0.09955226717531897
0.10646870367880838
0.11376957582610765
0.11982523368085836
0.12415892965051732
0.12746227804616672
0.12923218727360095
0.12756557932657214
0.12165809965176823
0.11264060735803824
0.10236634634684572
0.09273811199002306
0.08587413271604319
0.08269676153423564
0.08275221880133535
0.08432348579465694
0.08566040177341876
0.0852955881146374
0.08209753073761775
0.07581200087950402
0.06814599704693251
0.06165401982258753
0.05840404768274071
0.059289492381764265
0.0635672246006714
0.07010206341586846
0.07776458607552293
0.08532497137845693
0.09186552532857435
0.09667075696481593
0.0993422357232484
0.10072982001515453
0.10184007817480623
0.10284124189698782
0.10273745380390599
0.10078901830847016
0.09766453241094818
0.09450886130421023
0.09160123718523172
0.08845256662649649
0.08517009840828119
0.08358142744886478
0.0850341751405531
0.08915477765177782
0.09462515624051156
0.10021135139694869
0.10473557168374338
0.10722246562110294
0.10703895547908583
0.1043202658984474
0.10003841658598797
0.09527966402230738
0.09096760375782784
0.08794570094799707
0.0872042524407639
0.08937829510175474
0.09444164779884005
0.10130202280414528
0.10782995869536477
0.11159772149088341
0.11149752183811185
0.10845725990839826
0.10369400299627152
0.09788348976713512
0.09194930315752987
0.08684077153542487
0.08405356274846917
0.08476069227812674
0.08854616932213655
0.09369838821313124
0.09867937112704807
0.10276309756354339
0.10574905538514556
0.10707450969366296
0.10675569599376077
0.10543015389814331
0.10376453991379277
0.10228628274214523
0.10139184648637334
0.10138153820271506
0.10184206656693871
0.10243717681800162
0.10337519510660348
0.10494955346481173
0.10698217473146963
0.1089324290204042
0.11050536414821906
0.11213186148852458
0.11388170532366758
0.1144053099590299
0.11292099260307605
0.11062741902780929
0.10975909566349747
0.11134190621867461
0.11466439442305104
0.11835459607079103
0.12154121180313063
0.12418972665359214
0.12709877677600487
0.13050391736153458
0.13363272158481826
0.1353314437993573
0.1347138016108142
0.13207361167524773
0.12914847363300086
0.12804292482598562
0.12966073212812718
0.13326539934197967
0.1370416268323799
0.14049798091718316
0.1428553969031346
0.14317931335655987
0.14190310467689984
0.1400373974201546
0.1381947697650581
0.13686926959707088
0.13635845559838566
0.13627703542565794
0.13573406439058222
0.13450763649234096
0.13272246499543564
0.1308690417230305
0.12909963359691165
0.1272162763382724
0.12474934568565374
0.12093270290404508
0.11580432355539438
0.11059887812118872
0.10635496720346031
0.10288415166725134
0.09955646260272734
0.0968100108906303
0.09645733073074096
0.10007300542246271
0.10709842607317616
0.11486962646414213
0.12029070970654024
0.12197285606594421
0.12007332094343044
0.11537004811734533
0.10925203715498921
0.10330375273445196
0.09873260817043114
0.09642844999961668
0.09639724107188032
0.09843757024340463
0.10232616673604783
0.10753328571542226
0.11290455219130548
0.11777130190961523
0.12199595219490932
0.12528243827233237
0.12765132372622626
0.1292720700034725
0.13037191075497312
0.13106224432703778
0.1313518202982041
0.13171901053022708
0.1329390072085213
0.13473549101384316
0.13572844211290283
0.13480125800741544
0.13137214536841366
0.12553912534114642
0.11782744874086015
0.10963297044504247
0.10254149069623965
0.09674966460259685
0.09180661959725231
0.08803013647348469
0.08572526136041438
0.08453993337383862
0.08418988969982494
0.08482810703879677
0.08608013218319145
0.08788593360066539
0.09072517077306934
0.09489635310699544
0.09998136882655678
0.10509499562080547
0.10926798514596633
0.11202592342037784
0.11359241114481516
0.11447815846059028
0.11578689035417168
0.11873000674234974
0.12310394746317807
0.12726610718846043
0.12980971538247868
0.1304767524811784
0.13059520257083887
0.13219811559825487
0.13572309168529523
0.1399880390674337
0.14374697205772405
0.14551164923382226
0.14340383247860636
0.13686353805691517
0.12651625530224855
0.11403818442905501
0.10228972285656016
0.09413036987937182
0.08980650725390592
0.0870832881996056
0.08420105233962408
0.08176029037676032
0.0812161278128601
0.0831308180037297
0.08667097109153277
0.09038950119514218
0.09305812017428289
0.0949942867928633
0.0971767457183687
0.09981786466187369
0.10242962898045375
0.1053602590537735
0.10929049350970675
0.11345122443210161
0.1161402845570257
0.11689879312701208
0.11679274502676011
0.11735278260708484
0.11924181724156623
0.12176874314492266
0.12347065427826695
0.12322857239930632
0.12072081227572633
0.11641991705650936
0.11201359120210974
0.10894283323484663
0.10774000727178833
0.1082770505774881
0.10959093139459189
0.1103906640362034
0.10994588215295648
0.10802670196007731
0.1047393996303062
0.10063124221998303
0.09669788229026292
0.09418753846564984
0.09376956389452089
0.0954983168060128
0.09864613908728824
0.1023093763582797
0.10596389185474452
0.10925520804990203
0.11212489418363346
0.11517062177173376
0.11884738970134327
0.12284554015407673
0.12630015470178202
0.12795903619405458
0.12722576045995881
0.1252449391784949
0.12352655064564974
0.12276296431957712
0.12264606599628507
0.122149814208063
0.12052845339218457
0.11793696277239468
0.11550085486290623
0.1135706964313873
0.11209961882416217
0.11083126364512333
0.10968573804295041
0.10893271126958905
0.10865592405754501
0.10849738860480951
0.1084095298270357
0.10894563861949556
0.11031149154335107
0.11199459508336145
0.11297140281026068
0.11279139173511606
0.11178975538233464
0.11019277445840732
0.10818326255608861
0.10627986082522639
0.10497398900663346
0.10448844906031382
0.10468232201930544
0.10462978132614226
0.1030701885085903
0.09999889526762733
0.0972326156329112
0.0964888945257881
0.09841281403841534
0.10298475900389104
0.10876706371351069
0.11364260656293941
0.11605017575753891
0.1157532237376336
0.11395746313953138
0.11205488350409867
0.1111400790556687
0.11161293110601063
0.1138662482200209
0.1175539219416636
0.12154431831173484
0.12424121463922938
0.12491631015397847
0.12275109469343204
0.11723136796021337
0.10891983851361878
0.09970381436924537
0.09156533167196415
0.0861717350077764
0.08366927189080949
0.08300334614931333
0.08352858990475838
0.08509377721818012
0.0873784881755226
0.08987774366615241
0.0916400346846719
0.09152660220788972
0.08946208846914594
0.08679441426170398
0.08554264382232132
0.08651442362460722
0.08959941522623167
0.09436668499376957
0.09976472556745378
0.10444206903958274
0.10755821906286561
0.1086660362246428
0.1070854034761905
0.10406173701790891
0.10212205941879161
0.10289053563202409
0.10598692287280943
0.1099858742144276
0.11316125347498344
0.11477621202208661
0.11508582738889403
0.11472346998920564
0.11408495232461727
0.11315969590219446
0.11187741645397381
0.11002328145649228
0.10735935826427324
0.1046518113931584
0.10301114308364769
0.1022665006987902
0.10236089948686425
0.10396193533438125
0.10728678961201046
0.1115609512656744
0.11481829384892799
0.11577023189797774
0.11418228256411501
0.11098901127593587
0.10690626856259354
0.1022561968009158
0.0969652070951464
0.09170021762326633
0.08765444950922896
0.08569528607697716
0.08559946977687218
0.08626829692251031
0.08676580659445744
0.08743013529847646
0.08820012609226761
0.08796536523442604
0.08587463869379099
0.08221879708900535
0.07741490793941934
0.07245799596276402
0.06937283054071333
0.06931521821237296
0.07164361168466621
0.07469098212688925
0.0773201145909847
0.07944980788545344
0.08136393971934403
0.08306915717142521
0.08513160822209791
0.08820461530407274
0.0927241395573924
0.0983659853188132
0.10377573283002736
0.10784327191611061
0.11033679531590955
0.1116323929998233
0.11192533848159567
0.11093275983131039
0.10856736038886383
0.10474110181341326
0.09969443399134444
0.0943994615137839
0.08990794257148343
0.0864919943884568
0.08385403197364955
0.08188280100108856
0.08066916558036699
0.08051182915628989
0.08136089919022005
0.0825969507550058
0.08336983125404966
0.0832756463396177
0.08212492553441465
0.0799823628628955
0.07733048887027379
0.07498283175794467
0.07411609848879422
0.07563465099770066
0.07941705901000598
0.08414489979686562
0.08837366388885523
0.09233548638329309
0.09724082302841754
0.10331933218513543
0.10966407384251962
0.11562932725172519
0.12071594190280957
0.12455744983287811
0.12628845834606964
0.12400459002024505
0.11839895043729937
0.11226970517557626
0.10751522713918564
0.10433682998673095
0.10161914706554012
0.0988108432115706
0.09642750970632946
0.0948557412577581
0.09336493516345237
0.09054524292267942
0.0852162248594727
0.07700452917440107
0.06729823365214532
0.059160781983214575
0.055720082587275566
0.05775390124809583
0.06325316593383225
0.06882457225930759
0.07240966946734985
0.07363750240663977
0.07295857203608799
0.07149116346572994
0.07019689733054507
0.06950168467181907
0.06941634453017208
0.06961063174950849
0.06981746149588836
0.0703722045024964
0.07157845037451034
0.07346537761043041
0.07640840512397566
0.0801074699037057
0.083605483225151
0.08637019385140163
0.08854026534261131
0.0905041055474156
0.09269029526387852
0.0954594895146536
0.098839217580721
0.10233068748868462
0.10484922979536081
0.10521727370090493
0.10301381572711597
0.09946527050111816
0.09613484990703298
0.09437010911649361
0.09480195639020629
0.09648240311676232
0.09677796513690272
0.0940265920700325
0.0888696634075104
0.08325960708283422
0.07884007932529456
0.07675973642350269
0.07708060293016132
0.07846034649380426
0.07980538885189353
0.0814767075924347
0.08467309791835213
0.08896065637366773
0.09300166341065456
0.09492056052289391
0.09317740370228195
0.08754339493884918
0.07958031288863394
0.07240945696272102
0.0692999060789284
0.0718617943121243
0.0790653854341451
0.08814689536905157
0.0962146061741201
0.10151958779032806
0.10401369651037846
0.10434394633975368
0.10314884189684294
0.10061352122896425
0.09681578936740769
0.09251052721478256
0.08841778910865132
0.08421631323423051
0.07929970292080096
0.07443074654317694
0.07186518722284976
0.07295904871208371
0.07674681942062025
0.08083439071979268
0.08355188833443083
0.084973778358126
0.08608084507965941
0.0869490720165021
0.08708804836398701
0.08678130722235992
0.0873526716935184
0.08975290679660546
0.09364657306738827
0.09748052733216334
0.10022813797112055
0.1017898666203744
0.10210806865963434
0.10141130896461557
0.10113637751612778
0.10279209072044937
0.10626757632230689
0.11018525919057298
0.11302360950753901
0.11444469960190837
0.11535716000932285
0.11639095369646815
0.11734501073186408
0.11794577666107336
0.11828518711419501
0.11892690053784326
0.12058665896842685
0.12254700280067012
0.12336815862357256
0.12276978462601887
0.12190649258242056
0.12142665650883673
0.12141837557902702
0.12152979853257476
0.12142555024117885
0.12078588429792878
0.11959558871062552
0.11864713080641064
0.11839203944141206
0.11773995266728729
0.11499820105935891
0.1096320814706015
0.10264676013477769
0.09559298909352261
0.08980119511252026
0.08613887553802924
0.08453098927927565
0.08398759114825227
0.08283415105486973
0.07984494287446671
0.07494763585219665
0.06976644434690045
0.06602070328148839
0.06402935039295911
0.062430319671701026
0.0595765547708217
0.05591621266398939
0.053722536760161324
0.05545390702884998
0.062327962039001754
0.0730584261158352
0.08487657011629386
0.09558588885446619
0.10426724618815007
0.11033751400906006
0.112944194716632
0.11209145679984102
0.10882158476815657
0.10476247120248455
0.1013805816903496
0.09998861464474615
0.10073052770341075
0.10367310321925381
0.10847435069258132
0.11410083977270376
0.1185341992730869
0.11925007268856493
0.1154578985992503
0.10897959956390282
0.10131184816879404
0.09349448966900824
0.08654492269246189
0.08134649827845006
0.07828193502775993
0.07765201908366018
0.07916778015344714
0.08150495310556964
0.08294045809576199
0.0833689722036371
0.0843277207561374
0.08732998636927279
0.09326779288654027
0.10187376781240133
0.11053901299167707
0.11585171974029385
0.11699244727612497
0.11582603812088281
0.11378186927079577
0.11066224493022865
0.10617708371613298
0.10119459980533749
0.0968940808260244
0.09369264361927496
0.09114424653829062
0.08907918512320612
0.08719994244877274
0.08584986000960639
0.08547154077575014
0.08551264452029268
0.0845903503132374
0.08208947869899434
0.07808786304744168
0.07358455947378943
0.07003543930307884
0.06814779289384126
0.06777842798671113
0.06877854913232946
0.07002948527710506
0.06988013415331744
0.06854610499467521
0.06770051021144824
0.06799052048539035
0.06847907101529306
0.06869208827307942
0.0706040222472431
0.07648907284437953
0.08653402048141695
0.09865625485621402
0.1097274966389574
0.1172435027422912
0.11997480198887181
0.11807860102426702
0.11275598034096161
0.10592180311923818
0.09963453487859865
0.09465366647439505
0.0906150771932887
0.0869278198505509
0.08412479367288879
0.08349833560472551
0.08480335954071554
0.08675034272433836
0.08800436358825836
0.08811050955653789
0.08738265930530131
0.08596974438622071
0.083955391010965
0.08131419546467783
0.07825757804850228
0.07558864102961753
0.07405125240580984
0.0737636974847555
0.07434382522429545
0.07511353644539503
0.07559980812443426
0.07644798317591711
0.07891348850864624
0.08357078897946857
0.08995903760125212
0.09691443613185514
0.10361705623691123
0.11025603667022901
0.1172675396887137
0.12370608208176175
0.12749974198835823
0.1270108769178288
0.1224237521122803
0.11550230652982683
0.10858234041250608
0.1034643143260014
0.10055943423453714
0.09920117851888371
0.09806265620245021
0.09596452120156083
0.09262112205069296
0.08919088688016644
0.08707272062294193
0.08679646185225226
0.08773093369080195
0.08875344389594485
0.0887604614402942
0.08685169591521334
0.08264654376584146
0.07765272742896234
0.07394309475373213
0.07268215885891678
0.07333680118099399
0.07435300600330604
0.07429427428968738
0.07307954403697747
0.07236619317330452
0.0738106754958475
0.07703590531934529
0.08117181683234391
0.08594612642910351
0.09092415665178236
0.09547179120765197
0.09909340836328162
0.10165791448266359
0.10315607750501757
0.10388273718672009
0.10410543199855636
0.10395197100192688
0.10407119044445502
0.10542247202100763
0.1081532863044059
0.11098192395721793
0.11194677853590031
0.11065559355804246
0.10837305042716498
0.10669132568162708
0.10644118174408414
0.10778519548737002
0.11037394243414392
0.11346689030592066
0.11590929938954167
0.11671092480969746
0.11519790681320263
0.1114401073673073
0.10640903266871932
0.10188115455397084
0.09889125076132674
0.09760240495344556
0.0973273053108751
0.09714434599475866
0.09654029465205279
0.09576052145441455
0.09514868838440237
0.09474206331271282
0.09499149554644404
0.09581410484782828
0.09664470084275925
0.09756466994544154
0.09869101664510137
0.09974023052951016
0.09976028995049907
0.09786455478063805
0.09372143140838561
0.08820049891084708
0.0834990759106424
0.0817452947382201
0.08388247789929243
0.08855140234899272
0.0934685680240486
0.09760408842077833
0.10055751070268155
0.10193245621622918
0.10142033813209457
0.09943919133863573
0.0970635576754813
0.0948831871712081
0.09310128193045242
0.09174448899548834
0.0902396280833031
0.08797473897349015
0.08517049811085854
0.08243247613322836
0.0805811397767171
0.08041523825487862
0.08247638985238635
0.08542929013190785
0.08717303193005162
0.08674031436334145
0.08560746937626335
0.08598133029988962
0.08861907219739998
0.09291064526234714
0.09778913669589379
0.10197982662119941
0.10350474229539838
0.10129659029446433
0.09688945912531992
0.09246188981065684
0.08952210910392527
0.08811482610126325
0.0879875634250007
0.08844306689977625
0.08870288942209732
0.08840496137047713
0.08748326077852099
0.08554516030283955
0.0819309001701319
0.07714588448109669
0.072812525352467
0.07000259435596388
0.06897899191882571
0.06971854287295577
0.07169744214899894
0.07450450867822998
0.0779680009671119
0.082173418679996
0.08732179107816421
0.09364729644053689
0.10041482084752054
0.10642545211088021
0.1111624608482906
0.1144711527920888
0.11590888376232807
0.11552020179744947
0.11445388258351948
0.11318728238068626
0.1112851011790407
0.10860208880099331
0.1048189272940073
0.09994421613674975
0.09522075675606667
0.09194241429247009
0.08954737635178874
0.08711167449096048
0.08543999497708418
0.08532091301787553
0.08605329501723122
0.08671734226483688
0.08786221289648923
0.09053354964865339
0.0942125876456057
0.09739513067437326
0.09947153463497785
0.10108095804914048
0.1030937248867389
0.10557063851711614
0.10810518329859335
0.11054011559303682
0.11291403427542158
0.11473245347313799
0.11510833732159022
0.11354187447912015
0.1091467125175534
0.10139485242685745
0.0920609984966558
0.08413157463340504
0.07928460067362036
0.07864735347868473
0.08146920842269129
0.08496735912600234
0.08675790614288867
0.08774518514621112
0.089582302698295
0.09280263463191298
0.09654962319206603
0.10003322337092226
0.10252247075778487
0.10336272976991652
0.10220442995243492
0.09961582161683753
0.09729920179024588
0.09626317993054935
0.09498195403820568
0.09219888278716375
0.08846976139504589
0.08523422746316586
0.08346928522203455
0.0835803673579791
0.08514604171639042
0.08675017455962568
0.08695437625497246
0.08505628507143678
0.08165064528362768
0.07939460907274974
0.08053066217720203
0.08470439830100769
0.08869891370981987
0.08915189919676214
0.08572218302284179
0.0809359211691073
0.07744492657166974
0.07682784797375763
0.07969861585531675
0.08485685600651378
0.09010614485042175
0.09424762964866198
0.096960617683663
0.09793932471065223
0.09725425619439337
0.09570669468177719
0.09402024848478753
0.09206703600973837
0.08985014593008372
0.08749508285743228
0.08570912856733051
0.08480250897427143
0.08438080574981756
0.08376362446634318
0.08240814017455414
0.08035064861078828
0.07886445389106743
0.07912602683526104
0.08128559105730672
0.08445756979805467
0.08738844239282997
0.08894288357915686
0.08874713964774913
0.08594292317609391
0.08070382472708701
0.0755714942421342
0.07299588453309466
0.07393067423038571
0.07747453450371354
0.08228307524373343
0.08699826416289554
0.09050854174584784
0.09244397647038101
0.09282562688393248
0.09150643390163944
0.08859734126353835
0.08460828147756316
0.08060087428741199
0.07792303781906884
0.07760970094601702
0.08018872607270157
0.08554288815451166
0.09251011671364376
0.09834736121098214
0.10119017844112131
0.10041037848027586
0.09627931826600575
0.0901682589298106
0.084339432494461
0.08012240302045948
0.07723642785771355
0.07484264764104341
0.07270214772189304
0.07193246320727821
0.07320258105711921
0.07593634546583039
0.07828037855024733
0.07860419540457804
0.0770266874226475
0.07486259047047261
0.07343518975808819
0.07302374939420504
0.07320583528773417
0.07352535531870594
0.07396521210200012
0.07521501014544904
0.07855775977573196
0.08450350753992422
0.09225902064754363
0.1007402931086234
0.10913226788862078
0.11637836377397648
0.1217458984330395
0.1258559462272158
0.1299125340428611
0.1342881328333364
0.1381492129172454
0.1395700253696767
0.13708229698513213
0.1311106882061047
0.12296778638025999
0.1136750727099152
0.10467792521634554
0.09864722079203561
0.09715174152860839
0.0992007549065609
0.10273194087372317
0.10551035255297854
0.10627171202427968
0.1051455776353854
0.1025340800121201
0.09916504312164313
0.09545350047156484
0.09155930029094966
0.08733096050233674
0.08199844063130753
0.07564095232377548
0.07002127406924931
0.06691162015984195
0.0673979030976615
0.07146620350350288
0.07814617489257879
0.0853356474183436
0.09098995887029207
0.09421204939355436
0.09515533252904651
0.09434537585341458
0.09273639201382726
0.09179609739559826
0.09251009718723702
0.09402071990331753
0.09484656139399093
0.09485620919359013
0.09493087975076203
0.0953022896215376
0.09584429200240462
0.09721316021358871
0.09938957214008341
0.10166566484757633
0.10343908740352226
0.10424258156750642
0.10402967811958283
0.10361596816244653
0.1028652281743358
0.10099912808720454
0.09788740806350467
0.09450933160982455
0.09227219365168984
0.09174698111585074
0.09230658104400999
0.09316959774641159
0.09412209186475724
0.09560507628343849
0.09775542727532603
0.10001028935574993
0.10115750874056594
0.10089654422730031
0.09991631505817741
0.0992672054301991
0.09898300985623446
0.09861102760764603
0.09728037148265668
0.09514951828739451
0.0927364380042615
0.09072829383591581
0.08941349168061577
0.08907643625275691
0.09007501164685444
0.09191652694786386
0.09380305775274045
0.09545030319361297
0.09721888033378501
0.09942481909129984
0.10181100998537207
0.10333820598766336
0.10286676042366799
0.10034596455119632
0.09778692063450949
0.09719889724479777
0.09947195153376548
0.10391638413612679
0.10962288341741087
0.1160847432302878
0.12212362367229766
0.12566069148650302
0.12529185026548448
0.12147328809756071
0.11656548307399743
0.1129635492929381
0.11074824718483156
0.1088154153760089
0.10758193857298516
0.10852423056044934
0.11147400543399072
0.1142209865427063
0.11459916499084555
0.1123315373793013
0.10829582488276056
0.10307971892087973
0.09719634514876457
0.09135070749545135
0.08644879993947069
0.08322412406421874
0.08210286470402627
0.08310272913545952
0.08526060568936372
0.08645616164281836
0.08436765319102112
0.07888165590031204
0.07250570008595167
0.06883979774795067
0.06953032079063046
0.07390762618599289
0.08018049763372188
0.0867051873978805
0.092140275042587
0.09552574169622204
0.09718304169334274
0.09865995190323645
0.10109906038905972
0.10421269150650668
0.10663912697882139
0.10638299431082572
0.10274736898781431
0.09720608224674751
0.09180279373938013
0.08784093435334155
0.08556223217549784
0.08447094653016057
0.08434812089575743
0.0854060904576644
0.08776862570481403
0.09164728277999934
0.0967380420585509
0.1015366585809355
0.10413233966952165
0.10385490411453768
0.10167431642424073
0.09903413085689547
0.09695205742278643
0.09648274990790005
0.09886450019500605
0.10437020046492201
0.111037591279179
0.11588468255568682
0.11781614007858461
0.11773619256294972
0.11646075807089756
0.1143569499279572
0.11194627974091316
0.10987952249631072
0.10804765612064443
0.1055006660223185
0.10112185021129802
0.0951781901220448
0.0887886614995292
0.08242816971420386
0.07608912334285059
0.07023825371509333
0.06586063363760468
0.06382353148201764
0.06439802229948786
0.06733364570669303
0.0719433072531083
0.07739928942678861
0.08357374489162643
0.09040468337303431
0.09720322637383406
0.10262339415492241
0.10535579877712085
0.10562142934328984
0.10479098068662539
0.1050417866794049
0.10752538276033423
0.11178192177432933
0.11556332495216282
0.11628261804637145
0.11308350706253162
0.10725049985369042
0.10142288089314062
0.09836711784402442
0.0986485715881087
0.10076986710103365
0.10350572342781636
0.10588278323560846
0.10678871022215074
0.10496567363963878
0.09979608696233812
0.0923180920746693
0.08433368207594112
0.07752189818686209
0.07288997777764131
0.07094275379531416
0.07210564179213715
0.07558270451614063
0.08040479710948578
0.08592096768693218
0.09155952416309442
0.09680060656430457
0.10136536445387762
0.10484178207234805
0.1070606966241398
0.10786827783256611
0.10634980432511594
0.1009512725844945
0.09213601211026173
0.08186381575100327
0.0733698473403521
0.06925023754989855
0.06987613319204333
0.0739536015825901
0.07995388716519837
0.08573493278413427
0.08923205640874171
0.08995547731669955
0.08891182426201528
0.08668190274382397
0.08357928398677072
0.08041989517074705
0.07808304687404301
0.07681529742917194
0.07630870837709305
0.07607329929612582
0.07630801807669102
0.0779769327627271
0.0818145074814411
0.08714936611935348
0.09290830464103639
0.0979815359694411
0.10202102866497506
0.10526896738433338
0.10748086994761936
0.1079178424247444
0.10589945025252652
0.10132203876526312
0.09533305014757652
0.09035379789299304
0.08769692932701706
0.08679418003956008
0.08681123166768562
0.08751749900856243
0.0882970463665072
0.08882542338992787
0.08912175807089702
0.08870846192195418
0.08758500186715912
0.08581195623273255
0.08412307828611612
0.08353644672886301
0.08444368906560906
0.0864970682169709
0.08867945727875762
0.08960658846330702
0.08858272894246694
0.08536993103905774
0.08002184304860921
0.07376972308880606
0.06914736574143002
0.06787206629323896
0.06913003909269348
0.07041353836697747
0.07001170235908785
0.06798270163660802
0.06542862545052532
0.06446010581801069
0.06690514235925962
0.07280068079359968
0.08021158988623084
0.0866331139204572
0.09027038955427062
0.09047936915484048
0.08799874819012851
0.08430360150137622
0.08077266341967546
0.07824222057422818
0.07709051915316308
0.07773456597489191
0.08045500832007833
0.08465268961836066
0.08878505547382659
0.09162499520867967
0.0925691426486344
0.09191567448658035
0.09004579498077106
0.08732425901766862
0.08412115730698116
0.08121830943417419
0.07928887146112396
0.0784892213680409
0.07792470275237685
0.07666724743659563
0.0747267993391934
0.07257452094614615
0.07070212745338315
0.06875610558439911
0.06688372661002784
0.06640364814052714
0.0683666664231428
0.07202567553478594
0.07590059667844477
0.07922778580934534
0.08196367613769898
0.08381688463288908
0.08509302546657721
0.08637732869611693
0.08748273968364137
0.08748569453520451
0.08596640136686554
0.08313416410261032
0.07921742264916777
0.07498878952867828
0.07125395270983366
0.06794504715616566
0.06500585531497437
0.06309670580815487
0.06278298753980302
0.06405101670830453
0.06644271454950977
0.06895149120451774
0.07075645845935023
0.07195020006255404
0.07351646558836405
0.07636894814393827
0.0808918619663832
0.08661128309467227
0.09242515007454993
0.09767698128588069
0.10122268870069846
0.10185998634339989
0.09957659995711461
0.09632191653567009
0.09349003206791603
0.0913310753646239
0.08875203492694958
0.08505775369244942
0.08132429645480761
0.07862318312273339
0.07754714684378343
0.07831309237379588
0.08098104080523737
0.08549409844318155
0.09142848307387293
0.09739278279482037
0.101687486726716
0.1030845134139653
0.10133705962763324
0.0972729232084757
0.09320527829282149
0.09109257966131419
0.09087270992732766
0.09140899531659914
0.09186297045223846
0.09174292031043545
0.09067436777011516
0.08935981012074078
0.08937158230084852
0.09110295908375338
0.09353362096301794
0.09485617685419027
0.09358582339201807
0.090872935326506
0.08912810866085448
0.08896953488652523
0.08887060204688044
0.08763587007737116
0.08528995855482394
0.08267054249056058
0.08054289306765397
0.07968175147321481
0.08039868827064196
0.0827312238256213
0.08650662392415574
0.09141681649602389
0.09683621031463058
0.1012556248994536
0.10348836286415419
0.10360462136521989
0.10246579402710417
0.10152561313001415
0.10239477228140793
0.10549105897163816
0.11000571349122507
0.11438996173741832
0.11720980920087949
0.11781613923807491
0.11591193980752873
0.11212706753989733
0.10803254280013548
0.104981852676068
0.10264677155670146
0.0998885485846526
0.09647725595074237
0.09298242314847095
0.09011754814738551
0.08852784401901923
0.08791655674354218
0.08654187236476028
0.08347065889847403
0.07959438056963324
0.07674800646801977
0.07604472586825853
0.07703202575165329
0.07889298823507113
0.0821485682791728
0.08724624520156311
0.09415722478786451
0.10241266900547183
0.110227985752098
0.11439946514020874
0.11312046330020799
0.10829361925014377
0.10303223949332507
0.10022879838481788
0.10146606122729653
0.10597150779671582
0.11174202471234514
0.11664244460391214
0.11909068225976961
0.11801055002859988
0.11335338783686667
0.10659429195168278
0.09991308560999783
0.09453899513918056
0.08981828085262601
0.08405189424029681
0.07792642234285674
0.07327025958491443
0.07073625320699481
0.07006739413555586
0.07140286253781854
0.07497739229507022
0.08046848827143574
0.08683316632766087
0.09238087102861464
0.09497093225394289
0.09403580005132242
0.09129220024443194
0.08874019549083113
0.08666840345783317
0.08385407459204743
0.07970749018133785
0.07507151147055359
0.07158072130640944
0.07101423112599357
0.07432055535991108
0.0802458912263572
0.08568977049216105
0.0881895519273299
0.0863753542335968
0.08033383856105458
0.07195159761781574
0.06433371911449325
0.05959809562460236
0.05863727829741045
0.06114240297639832
0.06581154215321837
0.07062569993320858
0.0738921123697715
0.07475293369848707
0.0732784394149798
0.06991564046186852
0.06531730340384884
0.06055713704702268
0.05698455286768251
0.05562544719166534
0.056385601505777726
0.058543312382117706
0.06134749484911922
0.06422524125385819
0.06700378084791223
0.06999893648288774
0.0739530091245161
0.07955640698632889
0.08639090467910056
0.092947982469835
0.09768863281145673
0.09940904746321012
0.09723720361860289
0.0919666588694301
0.08608235629178353
0.08188182916643676
0.08005556228740376
0.08039848418110254
0.08158717744170683
0.08240303595138372
0.0825951182347525
0.08250842492394787
0.08274637814264076
0.08346817997930249
0.08441862152757221
0.08542572377306125
0.08683776024382504
0.08868865604857445
0.09041151615379975
0.09138105092123852
0.0911037751098647
0.0902166125232895
0.08968318027483473
0.08965844334166667
0.09010174810643934
0.09078161954096986
0.09137759918182556
0.09196224055001953
0.09319145253889072
0.09534041557712045
0.09821574188425208
0.10170985080346114
0.1047224836426098
0.10537292488123506
0.10232880236642714
0.09610536053135854
0.08832205961375966
0.08197184886037792
0.07978046712295611
0.08202912930251048
0.08651514625595554
0.09081808572867338
0.09383385248570697
0.09507673262576516
0.09477135660813323
0.09297777996063865
0.08981167979367631
0.08667575274044668
0.08526893165568465
0.0856110429284842
0.08595951135267292
0.084605308333669
0.08129934362512242
0.07721403870628148
0.07455824441704838
0.07520656813809701
0.07932528140171016
0.0856054147467142
0.092075313704415
0.09720815911534558
0.10046593726392358
0.10185070332594026
0.10052361834530539
0.09574883605929899
0.08851267840504697
0.08114641616824318
0.07587081165703423
0.07380485208872878
0.07488906068058641
0.0781558206931883
0.08179105618652113
0.08403847401458878
0.08422716800901567
0.08303752821063759
0.08208836686873032
0.08177774597174738
0.08073073557317997
0.07752050170110372
0.07258601574573706
0.0689184655202647
0.06923689615417514
0.07302840005667657
0.07742583424770595
0.08082502860831474
0.08367541617285253
0.0865409548504066
0.08919088957358524
0.09112123755823565
0.0919388010331203
0.09173941079304185
0.0905965028527395
0.08921198070741353
0.08843248090224577
0.08884480266544119
0.0890833235524573
0.08785200113715573
0.08510973879792198
0.08215014490282072
0.08013569800264998
0.07962693583307112
0.08055257218858551
0.08189194801935525
0.08207533514475371
0.08009406315133404
0.07608570710727583
0.07162271911114029
0.06849496420052674
0.06758578515624575
0.06876483676823363
0.07125333118634962
0.07398936832744463
0.07631447166220172
0.0783464988995456
0.08088730112416224
0.08437162185524633
0.08858195623835773
0.09320636172732592
0.09802734215456232
0.10261162950465973
0.1071903643149091
0.1115443671773296
0.1144575135304496
0.11472249525718074
0.11209819655814886
0.10654804554150618
0.09848248390027098
0.08923666574639992
0.08085392004901
0.07479770178496704
0.07142856275270307
0.07023788068312697
0.07086891220790437
0.07275665754207612
0.07512006890855444
0.07661567601168948
0.07626099965944212
0.07426427659072858
0.07234998131031527
0.07210957667569035
0.07420727250726834
0.0779593994447552
0.08119412937584625
0.08217784289570224
0.08141337849324777
0.08056226485689946
0.0806021346491545
0.08188782826299354
0.08456222037605164
0.08849472548697239
0.09244858119717904
0.09494821992596499
0.09522888389768641
0.09352724695182638
0.09022254834176054
0.08636055902275536
0.08348484838079927
0.08211744443001744
0.08143362954208085
0.08051823838740954
0.07879530324142943
0.07637657005231928
0.07369192517442084
0.07114991034427827
0.06896899308443638
0.06757413495583107
0.06745324537907173
0.06845274125773214
0.07000376107147496
0.07169703162112999
0.07326453180360679
0.07399149581706367
0.07318335114194831
0.0710529748760834
0.0689978711676109
0.06855103919063579
0.07019718835982108
0.07318207286199215
0.07621742369483402
0.0790951663358363
0.08250983801825894
0.08672910142455624
0.09154832636972611
0.09608239674689602
0.10023298947041948
0.10485830308731271
0.11029269652049373
0.1153878582542411
0.1187383297947612
0.12013310493437243
0.12025018100334144
0.12034111161924246
0.12123867306831894
0.12252006571555317
0.12361864956183455
0.12480551665439554
0.126498775955811
0.12865792433272602
0.13074561694151873
0.13136815491165404
0.12912585852782904
0.12394987812143879
0.11711135738166713
0.10989315995486838
0.10370738999030853
0.09933649831721786
0.09652567710021896
0.09387478947478153
0.09029986446329218
0.08616394304958279
0.0827319181734643
0.08091940464550158
0.08068891412762816
0.08088432338911147
0.07985914431238733
0.07747165500121106
0.07490638163319731
0.07335947759598974
0.07404922813815237
0.07799209066695033
0.08480969459135412
0.09239701645618921
0.0983933339158367
0.10202311215415172
0.10426196671546036
0.10647943623031397
0.10994634257057007
0.11561091616722209
0.12330558389858663
0.13171727183228074
0.138937622966482
0.14343115382830135
0.14467817347137396
0.14275569627250417
0.13798441737369574
0.13110757045806767
0.12295693124813484
0.1141135318575078
0.10538341694948113
0.09774088023705528
0.09237552931360998
0.09021076403901947
0.09173775896746848
0.0962014191518924
0.10190926039354659
0.10704333810423043
0.1108762356595621
0.11367672709651573
0.11553361387870573
0.11619894900292035
0.11569649782191281
0.11438827296355839
0.11347937031152541
0.11399107032277062
0.11674867635178054
0.1221432913370251
0.13023709442411274
0.13989592253835553
0.1483253078680435
0.15270036756586006
0.15269781279640754
0.14950496736343638
0.14454785652949195
0.13864960585194133
0.1320295758991455
0.12451235679097818
0.11780461760400067
0.1141212987841309
0.11448895349714433
0.11849603396424262
0.1256501523597464
0.13489303735833727
0.14391665429093975
0.15013094802467744
0.15263883036706097
0.15185878583411577
0.1488207917717052
0.14425391094023915
0.13880602131817224
0.1323525680292978
0.12423108036364015
0.11498259604955485
0.10694555535350111
0.10281675450220407
0.10358600152709763
0.10813645300284348
0.11381096077495866
0.11851887651352223
0.12104388897157453
0.12150580874786583
0.1199606296768911
0.11664822454458554
0.1123243087530806
0.10816774269149423
0.10470215709303596
0.10225016888046758
0.1010240762707558
0.10065362342464045
0.10041322521400052
0.10033602797635828
0.10085712798509643
0.10245317715130207
0.10507590358611921
0.10723284695441765
0.10690627046682823
0.10373654644023819
0.09997664762366869
0.09838731171692783
0.10015468733102502
0.10458833171545527
0.10905388305757047
0.11144793604977876
0.11140305540830044
0.10982033924109706
0.10835498369758434
0.10847717618352046
0.1104685776206779
0.11322377001492481
0.1147058792133915
0.11319139006088592
0.10869349950736541
0.10217705042598361
0.09573089829806788
0.09169329941003852
0.09111990553229943
0.09340335543610065
0.09798638201204635
0.10487293994259646
0.11290470576711617
0.11981672667050305
0.12398358661319497
0.12481699613533487
0.12247123750081201
0.11757337517925905
0.11096282813693356
0.10342195676245423
0.09625321123734323
0.09138474885134931
0.09036514342317147
0.09319172375217107
0.09828596160435472
0.10369198405106497
0.10792911674162328
0.11009223696130013
0.11023525616903293
0.10840883738241801
0.1047700885348941
0.09988929670175949
0.0952406280637871
0.0924235834870044
0.0919114590753376
0.09298316902231439
0.09473228667365279
0.09650533387557421
0.09822084162457886
0.09971090075641914
0.10031592606243792
0.09943165156071498
0.0971677856272206
0.09468778128002732
0.09385814376675879
0.09646788799729335
0.10215725670266008
0.10855384663159177
0.11454701159491808
0.12134005658406949
0.1292568735112467
0.13709132308450933
0.14383489035160096
0.14904076644700304
0.1508730010862502
0.14722193535852318
0.13844508100915473
0.1275028256354447
0.11674903664983886
0.10874553247095953
0.10492865330600952
0.10524767504322002
0.1080597436389915
0.11164579795728907
0.11431666328427262
0.11432918901411679
0.11089684428822334
0.10514468954364035
0.09932559071949032
0.09449280588319893
0.09069954208014137
0.08809186201069572
0.08640497808685618
0.08427927986508577
0.08054987685020804
0.07594993632129493
0.07294344485462004
0.07367722599842458
0.07823618674380854
0.08561523616257453
0.09409699748180271
0.10186376353015815
0.10772372985195267
0.11120701342144498
0.11247998031196815
0.11240220766970196
0.11138771303972249
0.1099337560367582
0.10846488641417074
0.10701421891751361
0.10595111881642129
0.10483054880996664
0.1027978691636119
0.0996287015117555
0.09628295755737597
0.09384533024978713
0.09346435942319826
0.09463830512343013
0.09571435057829085
0.09529406352189582
0.0936427765297947
0.09200011130443506
0.09179073062200455
0.09364406088752052
0.0973063403776894
0.10190482787130829
0.1064044662328336
0.11005463910256179
0.11210261218882345
0.11114689830336173
0.10714752243909767
0.10233050588522732
0.09928632860758009
0.09843444434344079
0.0979403399367729
0.09671854506611595
0.09531307183291399
0.09455742774097345
0.0943771187651015
0.09376115863082783
0.09207876501207683
0.09023684542501959
0.09016019066547903
0.09186894990681461
0.09415787222525132
0.0966638131226692
0.09890471479137096
0.09914582913472503
0.09628127584715997
0.09154826278999925
0.08734685791403336
0.08478657945759209
0.08385724784032048
0.0844247369080333
0.08636833729707802
0.08924250326085227
0.09244685450998262
0.09506241179465684
0.09545325160287275
0.09262160940280736
0.08755169863966378
0.08234198875454082
0.07881719126203297
0.07765219563126494
0.07833128098964513
0.08057253548717724
0.08471219925587574
0.09132603213359172
0.1000703428268859
0.10908976602176133
0.11538567281400605
0.11693706005328436
0.11309355680337976
0.10497398347550027
0.09499453458892676
0.08479580962651401
0.0753965871416141
0.06771106323537116
0.06257140814162618
0.060018880778466344
0.05917377882283838
0.05905583812213231
0.05961813318765048
0.06128659050983347
0.06432156366731737
0.06822249040682583
0.07213377003433559
0.07523792904108234
0.077237976609609
0.07781714137613997
0.07708192671238734
0.07584980485778627
0.07538460883807599
0.07654308817442981
0.07901682330374872
0.08135026370832073
0.08256951530313483
0.08263888366309036
0.08171007076164748
0.0806475989577653
0.08050713342656464
0.08219938979721467
0.08586958991634633
0.09086447671877798
0.09546763008858576
0.09777292032036074
0.0964202916976193
0.09129497920229562
0.08337813705157301
0.07467415671264079
0.06796686566222164
0.06475012835536972
0.06529052023894584
0.06943323047413208
0.07583581963066283
0.08239839160410081
0.08751927219757265
0.09066259443278554
0.09227942902851519
0.0927882636944493
0.09223563364642623
0.09088789978133635
0.09002345999897558
0.09086204209210517
0.09303669552326103
0.09525467283669574
0.09718921766002417
0.09828688245759945
0.09783570259315076
0.09572402533715595
0.09270235902192579
0.08964886637471882
0.08741842714227185
