9.16497521978175e-32
0.06827456506339374
0.18210718891681385
0.28669878552889977
0.3484033248050337
0.4138466122072169
0.4271958569679871
0.4553984060039836
0.4916420510823956
0.633424370618569
0.7894126959445066
0.9132317889009635
1.0863104491624387
1.1266034129192068
1.0732176751710585
1.0041021266046153
0.9506085810656092
0.9643493081895776
0.9877471887334734
0.9617064072259168
0.9523470561019386
0.8493210972588927
0.7701425730491451
0.7116194699135312
0.6927225581409993
0.7100962561842487
0.7017889652055443
0.7028467518466119
0.6589407460933284
0.6179881838188016
0.5756233318744746
0.6197489909993251
0.6806138463624063
0.7154855338888375
0.6946529400956813
0.6752801255970707
0.6909903653667113
0.701378967365272
0.701577051336039
0.73007832014096
0.7488511258190947
0.7295530724404721
0.6735308849692706
0.6717818928158058
0.6835510189830288
0.6968472537751412
0.695810033146984
0.6851432148292739
0.6315836693755216
0.5693793469019648
0.574028948100123
0.632483612886939
0.695429397358779
0.7236837616624963
0.7530460341846178
0.6571025015007794
0.6101512140099095
0.5502012623855081
0.5749643441701527
0.6490529755392339
0.7214029061174787
0.716391109959413
0.6926697310636607
0.649778208070875
0.62421859769205
0.5760831625581733
0.5980411836833606
0.5998196194103849
0.5515275935695958
0.5253087043155527
0.5120420760922951
0.5395343623763647
0.5280391180932932
0.5471089433977236
0.532241591664524
0.6016284062719017
0.6629795002491146
0.6988858926144714
0.6608943288684566
0.636574313715261
0.6117674612158878
0.6302788171526977
0.6610775352190583
0.7147520530660898
0.7476009474845822
0.7077296075825045
0.6440421472336904
0.5943701861112812
0.6100837428454066
0.6221279957411133
0.6204841935469105
0.5877977722596518
0.6005266407746452
0.5672264040369109
0.5651898247336498
0.5915119589686401
0.6197923037052715
0.6183052712444188
0.6091047911468732
0.5933986720675593
0.5516007666125794
0.5409631162815299
0.5605827185713242
0.5862934598829893
0.6289115120814489
0.6310127796202071
0.6113986531111767
0.5850964000857611
0.5278133544780675
0.5006436828357067
0.4781050348445313
0.4845673817261528
0.5155498435983844
0.5147179128000701
0.542852444769947
0.5315826109763588
0.5795821288117979
0.5868127352991652
0.5916227505329765
0.51692537365019
0.4759234228719766
0.4955112823236536
0.5072330590179196
0.49218298146625905
0.52203873990878
0.5559241039873785
0.5573784373957693
0.5187914990923573
0.5334629637429582
0.5791862203714561
0.6579998698861258
0.7464063324766722
0.8250427700536594
0.8071477750579338
0.7876477006524679
0.819733048201804
0.7943916230153505
0.7715829251803875
0.7725286942991195
0.7008003235377496
0.6903274907919174
0.6801460409003678
0.784274461857457
0.7889272255666105
0.835864201506257
0.8025955446644302
0.8062978170905505
0.7618503980784767
0.7670797432293817
0.7954401026045261
0.821851854851056
0.7959538418023142
0.7535576723954263
0.6974713822156439
0.6767160231506519
0.6320704521503462
0.5908347522763029
0.5725229282915093
0.5821029370104959
0.6285492715856709
0.6361588698523417
0.6921339567866951
0.7504426863469512
0.813117731918202
0.860675347750301
0.8575366592951913
0.7823162015682779
0.7317147247508032
0.6871973148920562
0.7178550554904839
0.6722464648189377
0.6574138852390772
0.6351475830116472
0.6127011185698121
0.6149907544300964
0.5719702479352926
0.5776079921129488
0.5390570976587231
0.5580439423536796
0.5607942440044628
0.5716744796594815
0.5798934906024068
0.5134484321132587
0.5100280770450762
0.49112044631773333
0.522383540731673
0.5470646242477872
0.5577935421540495
0.5836263872850055
0.5817500999886586
0.5770387021887666
0.5545132364074901
0.5030306628698984
0.48278825465624775
0.5002893198813337
0.5622221396446063
0.5763913920211662
0.6063348576794713
0.6065917863669762
0.6109811339464444
0.602336553433997
0.6264926160352517
0.6072830304556248
0.6090098991717555
0.5838765590958251
0.5830287170595438
0.6007641379414885
0.6216149266948596
0.6173706745836075
0.5783153651849973
0.5022730496483518
0.42351928240298015
0.40153996993015956
0.46331092361200976
0.5860416681933708
0.6461622342133192
0.6499066561743865
0.5671309699108945
0.5452822218389823
0.5205241621574365
0.5376714736268449
0.5425365539562795
0.5536879694533016
0.5469320486277224
0.5618918578253415
0.6012428835324155
0.6367315326664021
0.6462223546641906
0.6239313572298142
0.5604179575525667
0.5189019241978182
0.46762790803360443
0.4381772092920783
0.4240639270904745
0.39764003433603834
0.3875769993945318
0.3927627755270149
0.4421845763882727
0.525496241807136
0.5890651337105899
0.6074409980704141
0.5706188486449089
0.5738963830920901
0.6026701084109245
0.6428699993646032
0.7037547101762394
0.6765613464398699
0.6532987291378883
0.5973234213273569
0.5965344986343891
0.5804413246931773
0.5802427419795668
0.5580196354752146
0.5555269016338366
0.5479029556786403
0.5673613518190516
0.5450696574547487
0.5840403396928481
0.611712362975614
0.6702881813555116
0.6800084382678447
0.6535943357729528
0.5978713543495647
0.5649714526638907
0.5284902826998293
0.5335139078274155
0.5009428523332645
0.521136993078998
0.5694185168849473
0.6207630554332763
0.6459623436164527
0.673083498866401
0.6550420299982288
0.616149968187147
0.6167834899682394
0.6094882201120542
0.5962938356420374
0.5968114751903526
0.6013951656937763
0.5982949921258984
0.5745679630804637
0.5598295729535349
0.5497363303471888
0.5608841594302002
0.5587299464729389
0.571462322668642
0.5685673364053512
0.5586526177070243
0.5496106345992846
0.5518724538098781
0.5776804642423985
0.5872156163270725
0.5289432197560053
0.4853925293418313
0.47438052157587174
0.510043830117995
0.5123889782476452
0.5170325116414656
0.5095492844591104
0.4869692847651321
0.4880855545607637
0.49291490902347934
0.48455197050385984
0.5018836604477197
0.5505071940121201
0.6227362096559311
0.65086919158373
0.6570058811055152
0.623952003364479
0.6049641144401946
0.5922107707260669
0.6421517200298176
0.685527098996119
0.7033362354179561
0.6679750591906736
0.6183665745808009
0.5980648291139591
0.5912737003754585
0.5594901218265776
0.525936191660175
0.49782246424780047
0.517001092051592
0.5358238389607589
0.569053633064497
0.5643219536211969
0.5678658851936831
0.5032597206955192
0.45294375430471967
0.4624898241029927
0.5111713429520819
0.5976788958660506
0.6305101021398778
0.5964985651818385
0.5563624656409631
0.5295727680960984
0.5289212818592156
0.5234983215416654
0.5832042543516439
0.6334662976220303
0.6947756933718273
0.7233560585875876
0.7193458365301685
0.7179999154235733
0.689874473520188
0.6301195135678961
0.5631395303555695
0.5122203584138529
0.5131558395439206
0.504537955950884
0.4941022156263794
0.5282678635955557
0.568756121579344
0.6226479363854337
0.6203135174512454
0.6021768322366768
0.6259850797463435
0.6607422831237589
0.6612980601445027
0.5662434178900227
0.5332974105532492
0.5431376596178795
0.6171694827932209
0.6862395617073902
0.706215839466005
0.6899296065297998
0.6377567821091482
0.6271338107929618
0.6204206887025572
0.692036012362529
0.7258641896277054
0.7317322391465434
0.7480878977703985
0.7416968271619683
0.7355159671713821
0.6839340124568201
0.6042630688872239
0.5634441698045376
0.5226443419481023
0.5106839943586521
0.49443836550141784
0.5219876989066996
0.5233739188438213
0.5529115415558733
0.5498073490776543
0.5308960505869227
0.4875048536123877
0.4748208779816556
0.4546527945491182
0.4948545716313427
0.47495873731096117
0.51103078671631
0.5282880636863647
0.5400020575164436
0.5300458003800432
0.5847219560216527
0.5797744519732221
0.607881032124829
0.6337745275705221
0.7083191110508801
0.7183146787277122
0.7223630326516552
0.6970405608615262
0.6704338837962227
0.6069507515910211
0.5958253898309803
0.6275289130731978
0.6787601794060025
0.7065885202673342
0.7050257812103983
0.6502864119567808
0.5843407175183958
0.4957211102965765
0.4557245852794909
0.4405193416406602
0.4723504624452677
0.5284894385065029
0.5846117771626002
0.5845654037940892
0.539802540837305
0.5015481415236221
0.5219674258355299
0.5538299061796762
0.5896135045515293
0.5966796147398352
0.5597348857532535
0.5719769269703063
0.534975408447077
0.5525791853184254
0.5694007460698706
0.614360207453825
0.6235682982683525
0.6243389659968314
0.6062013318746652
0.6060203934116684
0.6335721508542336
0.6619375413259013
0.674564456603193
0.6831379727207002
0.6470535911177102
0.6381964147160142
0.6403307719909103
0.6876285460631988
0.7080406748414562
0.7457976139856575
0.7349263654744387
0.7326561283750223
0.6756122791916419
0.6425616000270677
0.5702120206469289
0.5156614297636658
0.4722304036373109
0.46350297897643405
0.4770119269913755
0.4679670043634189
0.41479447676097914
0.3786999171152705
0.42018224724781184
0.49547498272526513
0.5533629673696356
0.567411336480195
0.5390290769070927
0.5121863483390179
0.539268772290921
0.61798678988845
0.6869730423013239
0.691135642951402
0.7171544333399577
0.7044273689666715
0.6786182574776723
0.6462675512463927
0.6271258529012244
0.631159284389172
0.6378718117009067
0.6822502345348821
0.7026274841294124
0.6818237454712235
0.5934846815092091
0.5383304326132131
0.49368908209096823
0.5005956371748831
0.5300318607507922
0.6237586329815401
0.6383818053921028
0.6610152611831248
0.5781137914365881
0.5400505406815681
0.5123345047567284
0.571396082408404
0.5914042173745838
0.6042979889063781
0.6127350925679311
0.6617191936852141
0.7062849405027117
0.7412421245202517
0.7649773863584273
0.7282814384807555
0.7008145119671566
0.6532619109558406
0.6697458425222752
0.7116498848833153
0.7636401891950803
0.7961066805535499
0.7823387024499633
0.7307864801717375
0.6569104130616362
0.6234426060690019
0.6217684181936513
0.6405360392395908
0.6274333406396719
0.6321725104618192
0.6304095625621842
0.6574678446964817
0.6491519156164371
0.6143233914843288
0.5477019510310477
0.4792274152077946
0.43484538848180154
0.4408784190000392
0.48728475185627235
0.5333613125357031
0.5525725496935456
0.5688918673130273
0.5702356472696788
0.5982972126257409
0.5542604520748745
0.5349309975475464
0.5200079753638213
0.5478451576994606
0.5653956892615601
0.613840633629766
0.6384917973993885
0.6666551132810287
0.6659279735172166
0.6580619159818026
0.6141442554778725
0.6051773580646418
0.5494410949860247
0.5768058546577003
0.6051625048395146
0.688734599222633
0.685529546949256
0.6464025203733362
0.5871731457649595
0.5405443933269581
0.4981691094288159
0.48739915099786035
0.47176281989372276
0.4837159741406535
0.5206362340083555
0.5666271073805093
0.6240121899191295
0.6638411910442462
0.6975428278424125
0.6675839464346883
0.6575728013172735
0.6375480464746118
0.6475915748689565
0.6222733267491681
0.6157128325383024
0.6291091645202826
0.6180782574904559
0.5854824102977356
0.5592585495671902
0.5826362013056554
0.572045859913439
0.5562579967650171
0.5585887136217058
0.5646964983925948
0.5710051338121588
0.5870344019130554
0.590692835065624
0.6128942578752459
0.5740169181886975
0.5600432243811166
0.5315891085922365
0.5530592110640522
0.5863544969162874
0.6328312091820253
0.6408668850525531
0.6643116425133668
0.6158677124926627
0.5943505509379764
0.5686294812220392
0.5367842212836651
0.5370640704805688
0.5377050968573118
0.5132538949823485
0.5049924626525544
0.4977389943635449
0.5446422742496073
0.5935073913232509
0.5751768983062024
0.572455825124453
0.5197492251730803
0.47495296971230894
0.440028711987153
0.4452806845692542
0.45790284883837923
0.48303065145126123
0.5193055780319242
0.5256959906945248
0.4847534318177764
0.4792801147737382
0.4460646479055278
0.4502297220113867
0.46941096210350813
0.4958865545011301
0.5224486118310935
0.5571379585668113
0.5873802031070715
0.5833033198025654
0.5507031033444305
0.558514833390834
0.5224813426224238
0.5861963183395702
0.633950014035215
0.7253059705475613
0.6644079649562851
0.6418239347513237
0.5804865891342653
0.5712687148920423
0.5822233198629501
0.6184148791824292
0.6649029947635648
0.6134717879673734
0.5757789184687848
0.528462474839177
0.5355156240730626
0.5341014142713184
0.5323648778636535
0.5373003313895076
0.5730798903181251
0.599730500811686
0.6309996129266232
0.5899068308706588
0.5855554345747767
0.5712270739621695
0.5914169398077529
0.5959075178109824
0.6001441772872131
0.6170784766776994
0.5863756733948357
0.5547228398220144
0.4991402390851983
0.45665262146881924
0.459815518512034
0.5023909037589079
0.5165684749299677
0.5241458895397406
0.4999327609841318
0.5379982430841226
0.519991144763168
0.5111790756444767
0.4642410648055397
0.48570643845190653
0.5360521986989527
0.5717934802580057
0.5993209053489712
0.6033091240158922
0.6081629859150884
0.6450965225231464
0.6218542673378884
0.6181810992101834
0.5695873642990629
0.5527161813527292
0.5037323809697551
0.5032638329869513
0.5473204426574788
0.6007006722798645
0.6522229608519735
0.6766087840260439
0.7080607584835319
0.7336973968400015
0.7600395123350595
0.761732878817488
0.7513674760398501
0.7018143135125854
0.6445718068830285
0.6310507369064856
0.639657812607939
0.6483463214432302
0.674338918326573
0.6742379284805176
0.6551055591163572
0.5942723996344985
0.541988991740526
0.5169686022295075
0.5364334559105319
0.5518180133747176
0.5740619066783843
0.5676916805031703
0.5538694484201074
0.5430563334600648
0.5574044476101154
0.5950630076736215
0.6480201928798034
0.6769227567985417
0.6580237326522568
0.6617232656040293
0.5777856730971803
0.616384983381438
0.6093755762728835
0.6020531407881037
0.5734551917538089
0.6000728906603865
0.5640980396134337
0.5356485700731384
0.5005810026352829
0.50988093179672
0.5248660758158546
0.5325459214958511
0.5321819394918843
0.5039619747967649
0.4655801048584484
0.44985006615004913
0.45911986127828297
0.5279681722517777
0.5510344141796257
0.5810449706265074
0.5485600159788008
0.5049761676925515
0.49442323256785015
0.5092238578104912
0.5612137020292782
0.5505235112691027
0.5514353028704949
0.5343239413932489
0.5293414179352707
0.5537715917849073
0.5788365978610336
0.5928476644247058
0.5872957758116787
0.5823724920470573
0.5400215671051469
0.5299427669070238
0.518687340465705
0.5412250918748015
0.559846956029529
0.5469063677180124
0.5288312730034045
0.4922249104630194
0.47853171523188953
0.4906553625026557
0.5648672075335349
0.578201175749051
0.5921628709436139
0.6425135419849078
0.6221553637809557
0.5993198815846358
0.5366617438026466
0.533429289550915
0.546790748233342
0.5613863571074492
0.5545224874127836
0.5486601766452086
0.5902592994668713
0.6128444282393336
0.6132294315986209
0.5961596520727873
0.5780891236725088
0.5976722825133305
0.554080964376624
0.5785673234649461
0.5889459917527972
0.6214769240895631
0.5783697111392541
0.5534838203375039
0.5469075631189396
0.6068981745600015
0.5967783233598766
0.671500436412491
0.655117832787754
0.6776698591285294
0.7264083731956845
0.7229882200098888
0.6578731409906893
0.6276536258502287
0.5969375782589185
0.6418822686358833
0.6829642101802204
0.7915684820847254
0.8415259075441629
0.8125333064499126
0.7544941502319599
0.6637313900519185
0.5851529499628406
0.5732301078623767
0.6039940724345605
0.59942334958939
0.6175860203557353
0.5890252404055601
0.5525730198822731
0.49966662879080614
0.48781758954153087
0.5059700650387164
0.5425136733535842
0.5714607721407273
0.5805605286691063
0.5559524975092566
0.5800258873214224
0.585982390201738
0.6145684297427971
0.6069136383802259
0.6311200001397838
0.59640817254503
0.5745503796445565
0.5376936954759127
0.539757382825374
0.5346280982690429
0.6074085380158059
0.6230447218220617
0.6876753164797604
0.6245952622398964
0.5849799242672056
0.5036230410206629
0.49865624854175855
0.5056819808336264
0.5803983827394273
0.6453292699179984
0.7044516389422062
0.6710600792901577
0.6618284970488963
0.6122649951923732
0.572859597767233
0.5270243654346504
0.5503380649715822
0.5785521626084935
0.6214047904148957
0.6180112566092554
0.6276823567449134
0.6174677714882668
0.6085319088990158
0.6304369172677867
0.6090506587744013
0.5993793696187498
0.5696862955135839
0.5594825815100121
0.5786261225546798
0.5840188566575247
0.578947857733433
0.5825259223784214
0.6082705225624606
0.6306961828160949
0.6804488403295536
0.722917810369107
0.6905847019934762
0.6273874186227552
0.5815039337064463
0.6149189038788636
0.6649102721549704
0.7184820206915724
0.7058708437504363
0.6699232566804799
0.6395366196974118
0.594492489824712
0.5765998506291382
0.5683638836872721
0.579670709992591
0.5439653782343564
0.5423296427132
0.5604401832957376
0.6054407931246851
0.6216020285366571
0.6074583866433827
0.5362295506833816
0.5263397967688846
0.5328139867320602
0.6106725817130212
0.6300288073448478
0.725459951612126
0.6986305268124813
0.672731899083463
0.5857539195103596
0.5718765721620532
0.5478208103714607
0.5678646846121121
0.5425476558190796
0.5276493799407507
0.5580758681493182
0.5710313758860619
0.6040025169201384
0.6222304059254018
0.6313581308782459
0.6370388603338931
0.5988506153116361
0.6040522608000198
0.6169491621990136
0.6503452688470355
0.6822083740147341
0.6674923346738361
0.6395289567200949
0.6121854366419357
0.5560225097906089
0.5304493438201949
0.48614113612044135
0.4822842338844989
0.5042514906548017
0.5517802690811071
0.5765854260856765
0.5777416361564578
0.5399309723397019
0.48055936231170465
0.4512669670255565
0.46029055056544527
0.5290526733633819
0.5908890969144034
0.6087782123936107
0.5854812959691427
0.5780158406465805
0.5928416554276682
0.6347681245868079
0.6422045436491611
0.6280155913908416
0.5711747567754311
0.5041400895322159
0.4561727495471635
0.46688228480776656
0.5016744682990867
0.5334197050813018
0.5168771403361881
0.5066528875773046
0.5090363033631737
0.5343210277349002
0.5548147228586301
0.5461772774911436
0.5418773225533038
0.5073459879267603
0.48476157656220675
0.5145274254522932
0.5207048399756087
0.5654772835674802
0.6229521990040964
0.6602587958436537
0.6309928664744974
0.6107542363869369
0.6020000660755196
0.6127783984489664
0.6518305932673505
0.6317026248324238
0.648783936215807
0.6032953641654837
0.6104934859432704
0.6300397274156525
0.6096187313101801
0.5755558266459013
0.5439192530615382
0.5560847826367401
0.5749587715578736
0.5790495544506005
0.5740331030959845
0.5513781845937693
0.49357969616907577
0.48778946612975765
0.5327506377666869
0.5963647341377789
0.5923252341198374
0.5605562928151341
0.48104406949052414
0.44382816145919984
0.4539135298176821
0.4767516899728955
0.4654232672271959
0.46793308894872365
0.49997403899545817
0.532706570997012
0.5418031639097228
0.5217244938217694
0.5216960923860489
0.5610500499959113
0.6086453541241714
0.6225184857130016
0.6279159964973295
0.6287104633231986
0.6369847476275252
0.6454543599154304
0.6620017073507225
0.6438711764786254
0.6698173468154035
0.62008832740214
0.6088436774350304
0.5103273281872522
0.48170885885199244
0.4702754372864426
0.488408508322915
0.47922946232110886
0.47915868025184677
0.45224230089463435
0.4902946580310362
0.5310270267526336
0.5883061287720089
0.6252502539778877
0.6309885832989244
0.6202756332072891
0.641625737500548
0.6147601425332281
0.6085429996301754
0.6247998416460255
0.6172871696429297
0.6380709461643929
0.6546168780380247
0.640733555142022
0.607118159486869
0.5994043762217477
0.597678649228343
0.5997507564180427
0.547060520981332
0.48170330688411794
0.43754175560790004
0.445617374306962
0.48003424111770937
0.4950077545752549
0.5058438609375429
0.492385934059301
0.5273771039223875
0.5905081916227356
0.6315183102310055
0.6295909134772493
0.5605884715533124
0.5323757377781017
0.5689387009235287
0.6021712200881388
0.6341496336735787
0.6288417277607765
0.5771953038478191
0.5401250927305301
0.5031244381592486
0.5487883915811222
0.5875349328754927
0.612234333476213
0.5913447362239398
0.5530725084455895
0.5392818982171822
0.5422327871811673
0.5323825420957011
0.5340851194970595
0.57760440871126
0.5926087453581539
0.6345981643591722
0.6407626765229614
0.6308794878910133
0.6422644368378171
0.6495240730600526
0.6373406077483015
0.600782061433557
0.5886731463044842
0.5903236373561103
0.618981322891984
0.6132945290200712
0.6047888442572211
0.6072937424283013
0.639848403676803
0.6341831453479466
0.6154648153032187
0.5930907704784132
0.6194499595446299
0.6429535975085608
0.6736684827925545
0.6572319410750782
0.6996652146170503
0.6533027299055965
0.6472267772874999
0.6065915958065834
0.5901221977655359
0.552110893435166
0.5374835932297634
0.520141283056194
0.536033933666221
0.5362977775402404
0.5252891487249448
0.5197047868833023
0.5023622439922247
0.5456359163083891
0.5977217193238986
0.6598495105015654
0.6749663547621418
0.6920549764915168
0.6582172171603288
0.6536923919016687
0.6189159360149863
0.6478097423480019
0.6659757907608622
0.6522661046855457
0.5954553417486297
0.5572987279190037
0.5624657336122306
0.5675037178385528
0.5844888957978807
0.5656226551135863
0.5784505772146179
0.5563199815936893
0.5804280080286598
0.5535026277967136
0.5459145911702853
0.484800804047626
0.4828937401373163
0.49451273614476376
0.5089212549015093
0.5292168568977884
0.5773610429147229
0.6228825273151714
0.6310387541324458
0.6149046722920561
0.5795666898881281
0.549836109688156
0.5026652574941726
0.4700469273232134
0.4942054947601659
0.5352668325818641
0.5670084688317857
0.580241054017233
0.6006952504508158
0.5934542951117688
0.5620997314939459
0.5096738943004597
0.4672488111899649
0.46588386236856216
0.4793645058042938
0.5234114981208859
0.5664704024703519
0.587012039286563
0.5919667325857553
0.6080280138502511
0.620744986991251
0.6405633363578269
0.5806249996567917
0.5636153370171418
0.574856977618572
0.5962548598034166
0.5714777517485147
0.5860177421099222
0.5875526454642434
0.6505499136040949
0.6212717192154519
0.6422831748684461
0.6189983014602897
0.6186666949966952
0.6121069163212345
0.6258612358201657
0.5949171963062815
0.5596978138065581
0.5291156216999199
0.5423435397960598
0.560541843234964
0.5283286906398346
0.5061640284920663
0.5060717441016745
0.5629890881207135
0.5949256984983504
0.613713193921659
0.5805971611971821
0.5651352852890151
0.5568322120557391
0.5673234486168379
0.5710102751486956
0.5628960593070865
0.5519310689190378
0.5656455894438577
0.6029542571433263
0.6374395466531136
0.6191457201348037
0.6434585038983557
0.6838642249044878
0.7459831405273623
0.7144882277310461
0.6747948451143087
0.6331201180256167
0.6449485248257696
0.6505960189698222
0.6823756344427265
0.6658556944191468
0.6687830357391527
0.6140104388968574
0.5532885404029194
0.5161028942175738
0.4915599925897825
0.5090702102690335
0.5115270821210655
0.5792815149495849
0.607597744246866
0.6460004773376613
0.617722227311465
0.6104939896808372
0.5865437917186542
0.5638749945182984
0.5337498145647838
0.502270155655733
0.5146178180605407
0.5506720992748401
0.6466970774180663
0.6564702272291488
0.681638720584305
0.6358811551092678
0.6303368283947364
0.554201027246812
0.5164749428574249
0.5557499777738517
0.607875052304845
0.6424678667204408
0.6342470079515297
0.5931276481306097
0.5902816504006531
0.6228558367181232
0.631116047677636
0.6417274210954906
0.6415694856773163
0.6281162685999001
0.5774426923034509
0.5956302391406013
0.6257791947200185
0.6586157664569768
0.634089269166754
0.6196501759021132
0.5918404765505996
0.5876528732443045
0.5677211498498201
0.5766631723640406
0.5625620901148084
0.6142314940682523
0.6432096769225265
0.6663479503570018
0.6372262783905032
0.657012131902898
0.6314176868589044
0.6469170237811855
0.6120683852312403
0.6166991220575616
0.6188288453542238
0.6031153163299365
0.6054250908683203
0.5963652920463733
0.6062308895374422
0.5825100469014709
0.5704084769842894
0.5623916954694896
0.5439421830811803
0.5187582990690426
0.5305086467716424
0.552026919352995
0.6157043383306665
0.6260542017921009
0.6411011454759581
0.6307841361497769
0.6191353211679652
0.6199416505321832
0.6599027308991867
0.6728083790914271
0.7006009841941685
0.660767610231649
0.5997114108748482
0.5395868294187458
0.5083528331971163
0.5307847259516871
0.5613819312201501
0.5767009060462166
0.6019888259499111
0.5734510202148477
0.5305462165357601
0.5155388980026167
0.5421583547182208
0.5876677089734447
0.6148188669606388
0.5747202514062072
0.52740274583765
0.46118073979497093
0.4231557538824053
0.4244794864781055
0.4894611221239414
0.557820988122658
0.5718004962493566
0.5838155198126362
0.5711365935945689
0.5722121686375132
0.5992988367644568
0.6256508399726503
0.61460274133824
0.5940853815104555
0.566514684026878
0.5420257670995897
0.5338718053817839
0.5379096891599503
0.5368964923967335
0.5178684218744019
0.5147948990320815
0.4960092115026126
0.4999901897555762
0.4967757035208144
0.5136449198564765
0.518610583570137
0.5493079510548186
0.5748420542813514
0.5793034996063277
0.5899571452974871
0.5830838108894798
0.5807677980467836
0.6014784205910667
0.6207203122284999
0.6271143196735461
0.6029355825081473
0.6033603018504667
0.5799442836318955
0.5778748904988612
0.5524436266292787
0.5431533460590909
0.5587060190269352
0.5802865849329859
0.587664943739725
0.5720725975480528
0.5521892447106871
0.605424377197971
0.6635445632665926
0.7365422172528409
0.7458164119648196
0.7506055607669521
0.7147178255562849
0.676182079432289
0.6385032480224992
0.6463363949888028
0.6443912798700517
0.6159133568974412
0.6032180530710417
0.6016557346976492
0.6045717887496757
0.5679412365055051
0.5469930886923943
0.5860457965568682
0.5863456979017638
0.5579634888099921
0.5507383749436797
0.5553438651663699
0.5594341669158179
0.5873961155025292
0.589214325780451
0.5551898054553466
0.5151816360770706
0.5070257523715629
0.5696075955047811
0.5929076769895688
0.5738024994012358
0.5001940767442745
0.46387860496241273
0.4912691587583057
0.5474706670261785
0.5687517219352137
0.5737222461080351
0.5357758778581009
0.5033724843787967
0.4824411468487585
0.49531332163018127
0.5592345531453485
0.5588969378257029
0.5427399040553534
0.546719644378247
0.5037689233854745
0.4986463483190229
0.48198942998861183
0.4897876072690939
0.5353296980869054
0.5816616753175878
0.625189432935508
0.5745564675801204
0.5313416522035391
0.4973675720791496
0.5019598456687925
0.5278173722885189
0.514882608926115
0.5055754808389675
0.5195483484448747
0.5749186758503578
0.6316534617875255
0.634424332159013
0.5908084146141074
0.5217899616874063
0.5208372562333273
0.5520995806382663
0.6107589364887648
0.6544525516437693
0.6662860874331765
0.6372343095241283
0.6229660583062855
0.6284316311668885
0.6404177567098048
0.6428203963706275
0.6539100394903047
0.6775287075204091
0.6554278243569264
0.6795793446419751
0.6220596987702631
0.6634938597469733
0.6606360161590873
0.6701357236903013
0.6409937884542755
0.598249354752586
0.5213716515976348
0.5468008671036662
0.5502900009903942
0.5713485670381333
0.5861415601442046
0.6343306667899196
0.629968615387478
0.6179898711094803
0.5797870361517408
0.5677003670276425
0.5896000444846208
0.5720212148838665
0.5930217198065548
0.5945527366258622
0.6235957306190073
0.6560464447227592
0.622679878487157
0.6173775490820194
0.5923933764353051
0.6306179968396614
0.6462388817576846
0.6596357971014964
0.6798227605154623
0.7115836929141633
0.7322340507930777
0.7741354899520376
0.7584258403539464
0.6980715836733414
0.6736347108115143
0.63775770759086
0.6504810124209871
0.6730110952750861
0.7023391552813264
0.6542885047518096
0.6177384790567982
0.6265785425747953
0.6291541887410058
0.6050787210890048
0.5761519788635024
0.536306594438689
0.5655313967110522
0.6297746154754221
0.6684235928396133
0.6517730164105369
0.623132912087456
0.5653676062259057
0.5773833529570584
0.5836188472282987
0.6359695371739288
0.6542582671203124
0.6772912214048308
0.7324797930925726
0.813746793677928
0.8623895184733199
0.8604164973302305
0.8433165337494141
0.8745618788147244
0.8739663463496127
0.896516528354679
0.8583291707339914
0.8763540430712464
0.8920600294435681
0.939097109074431
0.9623024134981736
0.970280692705037
0.9997195257166679
0.9597357950900615
0.9198665896610333
0.8259807100741416
0.7746878186834075
0.7734481828560357
0.8666625791254231
0.903467005537107
0.8660221552804852
0.7643152360300813
0.7384016005864386
0.7519593265537652
0.8193559267794726
0.8897625545050297
0.9420405455997239
0.9731659717259586
0.96410306504565
0.8704067318515065
0.7868312715001555
0.7420448045031812
0.7097744391214507
0.7262895680035931
0.8406287795663839
0.9018118759413049
0.9542925637756434
0.7989996744007049
0.668609544002651
0.5581604244033359
0.5762420391385359
0.6033426591956487
0.6242880528663849
0.613150093473613
0.5899341311259696
0.5867736733298197
0.6152448122570542
0.6274861461740615
0.6228866691482919
0.6138487451391689
0.6651693988800255
0.7244212863131707
0.7173729411908091
0.6680673937893887
0.6091973592355868
0.6197288351892832
0.6457901578771671
0.6853391554833191
0.68968840516071
0.7137528546521987
0.7370939711917102
0.7475182372212673
0.7398862007125719
0.7397299073629381
0.7455080487779131
0.7621056253946957
0.7769582425043587
0.760514720995123
0.7481836573236657
0.7516716804355904
0.7498350499828573
0.7958550438773081
0.7813901785200158
0.7489431834134047
0.7099630958302698
0.6775837239181274
0.6802341536724339
0.6613157132195757
0.6639512788283543
0.6822680505200018
0.7097363115609214
0.7592272057725411
0.8014662956391592
0.810104178830042
0.753360462006413
0.6290320498242506
0.5629260722977224
0.4997751997755775
0.5244077925390831
0.5278670045294309
0.5927831537522781
0.6130479330318739
0.6403249370525983
0.6579067637147087
0.6140477082311777
0.5461158876625906
0.5236594581129246
0.5816944854491771
0.6102061104458516
0.5856469624667535
0.5369600281916252
0.5121560660965296
0.5168233133451754
0.5700431109739242
0.6147369382591138
0.6533380213657697
0.7107926596913675
0.7141951202337581
0.7041307043536215
0.6668683416370353
0.6476162863825183
0.678194278070251
0.699454329202756
0.6794734026660949
0.6813079324498322
0.666807873681422
0.6389276143447556
0.5877055030621824
0.5689582332936639
0.5903983547409166
0.5712406965982867
0.5825834350349469
0.577064398203085
0.5780842793058624
0.5840540225861367
0.5825922565363936
0.5970245921490729
0.5934277709270271
0.5590887826893975
0.571481546987617
0.5856365137361097
0.6251142851391625
0.6291455498954487
0.6290427074702682
0.6270503093022901
0.6439647801662257
0.6594451047873866
0.7040622343322757
0.7521372415916635
0.8015986689311638
0.7603728572488888
0.7187081596128642
0.6481008807951818
0.6106240361730081
0.6106468907524131
0.629036928445815
0.6425507138634015
0.6791306747438545
0.7073822242478236
0.7390116878583861
0.6938262969166151
0.6338765011291999
0.6001482397345095
0.6458826480816927
0.6847911521105404
0.7490662763489944
0.7223546075597352
0.7319067810635929
0.6701461733676108
0.6675584136441605
0.6370723291646553
0.6439981644607523
0.6513798384819486
0.6623588075844726
0.6287649573112333
0.5842247408824369
0.5803273943763391
0.5979976916637775
0.6369947521835782
0.6609352418919975
0.6826707118484183
0.6818315026855807
0.693319514271755
0.6856564837797468
0.7100821608409972
0.7569434844954573
0.7994260839249245
0.7467694145268318
0.7526712271259648
0.7495713935155273
0.7670594630497567
0.7422516389963553
0.7686938653147288
0.7456962776304443
0.7598181499488902
0.7592773118743443
0.7687907303217781
0.7546486330956824
0.7222810538947351
0.6872915767424853
0.6657400135159515
0.6761324870014236
0.6397208793047536
0.607521017987679
0.5606190263947638
0.5630509310431532
0.5652883432932536
0.5426603987212796
0.5385825825771423
0.5220687777810389
0.5362494779662446
0.5973313179953189
0.6608837780008077
0.68088030055202
0.6838641668923332
0.6881896748096548
0.6966364989893159
0.731326949781418
0.8203654711722312
0.9381296667276606
1.0451595695934233
1.0958762096207932
1.0962527126460115
1.0064470212637961
0.9796324661793073
0.9238517023687292
0.8991652711519873
0.9097597039766977
0.9545435143055057
0.9830323173025192
0.9669275982416202
0.9825587704461336
0.9850977620726504
1.020464560608526
1.0776727640071164
1.0861174084351035
1.1665405484766045
1.1748212650715986
1.1880109814223039
1.135785150201651
1.1321080606525258
1.0462427878393141
0.9969606391063697
1.0196958168620163
1.0524513154450332
1.0170071456243415
1.0219678777985055
1.0444943130134943
1.1378175467456588
1.1955418003628517
1.273191192358425
1.288128990937832
1.237177764928757
1.1285307306334291
1.059224983569146
1.0419422805389154
1.0891584701393235
1.1299100368935597
1.1640807632396803
1.1794241845273985
1.0843041959194137
0.9947568761614975
0.9210167180818678
0.9591248026038167
0.9931795722988783
1.0258642847774813
1.0715077279950003
1.1125403801720803
1.142498698998278
1.1331567822550348
1.129209386432299
1.0878537535128805
1.0936620661498948
1.1124249204715568
1.1360924948407531
1.1888610773338666
1.1927758612260322
1.189650906535301
1.1892380347299079
1.2206875623206308
1.24546073002515
1.2298042315140039
1.2051958270152066
1.2214635805841236
1.2409791065730746
1.3210592413586375
1.3916203151462843
1.4122928330212743
1.4047549083265427
1.3612437263141406
1.3314449666039905
1.376904762032631
1.3684025444013985
1.3764046538917374
1.3465530862584885
1.292255086876637
1.29319658369255
1.2879660678583766
1.313306375821761
1.374372147615752
1.3674912558925292
1.2685793855124947
1.1234580850456695
1.1295761793003853
1.1764663164133473
1.299219568194234
1.3719550022016112
1.425135044661498
1.4473547548108032
1.507247891108484
1.512025157075399
1.4887133341727796
1.4646533687390495
1.4054202489032248
1.434154220387959
1.4782946214994634
1.5083219502664817
1.5079878314302806
1.4181914610961117
1.4144392001515769
1.4602415455338433
1.537029771669251
1.543119848121228
1.5192359590897442
1.5403861623627382
1.4663694490446366
1.4779726889267926
1.4656337143764462
1.4809266509035959
1.4201971776058142
1.4144176335957135
1.379488587692073
1.4068358281456526
1.454094543556394
1.4502740408418917
1.420193043437457
1.3238810078387895
1.3059769027556773
1.2789946910171754
1.2299630695316763
1.2092392298041221
1.215883538742824
1.2527212508582577
1.2998495993482606
1.3294318207172608
1.3659764708091706
1.4432908869501846
1.5948305493056534
1.71136523070866
1.7784007773586321
1.7615477901927599
1.722637681238121
1.6999260628420831
1.7264526266068767
1.7287426399697177
1.6983340646989626
1.6552714413181857
1.5948798408653007
1.591401027991623
1.5804738947502999
1.5716721088043675
1.6231772251042287
1.629924457646444
1.6567430316919418
1.6181522210417218
1.6003811110874537
1.4909974000003945
1.4079861272238032
1.4167725180345052
1.4268613427770982
1.5292209412376045
1.5506422036276528
1.6191945672675345
1.6379782765633297
1.611970293675752
1.5541966999124848
1.5333764148821316
1.521866020591063
1.5807063178578122
1.5970978997306473
1.5773512989534975
1.5446738132953548
1.4145504169394725
1.320830738414009
1.3268065030911875
1.4561946824554008
1.6112412009002937
1.7316163624392003
1.6944796530848047
1.5743834223183097
1.5513562822007725
1.5092452338439268
1.4505807949375984
1.4335530814268866
1.4346880922312488
1.4951398162247882
1.5613501845878937
1.6304367250027314
1.6484678663836991
1.7224028739647803
1.738448937407867
1.7764073026975724
1.772238798054543
1.8040593596385734
1.7653543942244978
1.6632373743366073
1.5222550252126874
1.4161182074130334
1.3941156294208048
1.4184797266779006
1.5137547996036367
1.536764603173302
1.6216818384380056
1.6633403733210022
1.7163964218817056
1.792139868425659
1.8188620232242547
1.82500857956231
1.8565588594697946
1.908903385264468
1.952323600364185
1.9200148206839536
1.896819299717078
1.8599254771167455
1.7995712259751198
1.7223194796933725
1.6479709547842563
1.6445664731674856
1.6503130065954963
1.7445969965090198
1.7871498042598115
1.835978145384368
1.8617404132636175
1.7954392952877063
1.7430276672039118
1.6911950521421313
1.7057055641602477
1.7380200862867683
1.7768303898801712
1.79224823240513
1.84011249712095
1.8700158154051518
1.8206708273041383
1.8049400566577565
1.7166172801711852
1.6634884358112432
1.588784106599402
1.5300428764959777
1.4788532503146166
1.4515819183397383
1.50928598198265
1.5997433421350258
1.6914929335736675
1.6810568865547364
1.6670138761116817
1.6252950449628936
1.6485009641011577
1.670571512817581
1.6865030914417063
1.6652211552812968
1.6766369875894866
1.7119553751660703
1.8512820366938514
1.925071385330069
1.9333376869486463
1.8625611638044461
1.817304966481408
1.7034896464605882
1.6593054665090872
1.576845736246692
1.546224423284495
1.5779492424321135
1.5756877869881758
1.4893383867105043
1.4144150967749867
1.376929464423495
1.3771076070693489
1.3846524867420256
1.4110777785762048
1.4535205669268592
1.5220215111867585
1.6546689058983237
1.803837593175584
1.823514973599731
1.787620271188996
1.724950022312827
1.6972717776662096
1.6943027759506037
1.6387904700725404
1.6049301340751152
1.5488511376679936
1.535558971772748
1.5844730161535316
1.570556715865211
1.606064268375718
1.5941865262528736
1.6413746748642708
1.713362553399897
1.7393641331935212
1.7484780155209318
1.744486065812732
1.7931415961770534
1.7970627686859015
1.816192800215699
1.79256477411178
1.8194297789203973
1.7119408702934469
1.680062126745993
1.5444464585766655
1.4621350415755805
1.3907774534147033
1.4395768689864918
1.5525301033388557
1.681694583947811
1.734910203462992
1.7027771231833988
1.7062826198460572
1.630383920579737
1.6743210600827851
1.7049516876418476
1.7667232548669187
1.8035798750790821
1.790138982844742
1.7098246463711209
1.6369734431238205
1.5756388565873243
1.556665838198024
1.5606534970096968
1.6464081825125805
1.6734139334316696
1.712851137395782
1.764444623287443
1.8447004879326383
1.7976189978886128
1.7360275414940272
1.6684486711861708
1.611408282186641
1.6670094044202102
1.6202151515177998
1.5696884823653394
1.5092419799881724
1.481568897393709
1.4498166266746315
1.4533920524264508
1.4391422772515972
1.4571812758206137
1.4728254773384581
1.5166092466304695
1.573317847322656
1.6945865767244164
1.8048273381269555
1.848567685532028
1.764139427758818
1.6723170513495522
1.6004159409379286
1.586942854999313
1.6018392477069825
1.6147811636003016
1.6514369661581307
1.6918656000679817
1.6801504777413874
1.7097281895005756
1.7011341560674504
1.7089406137193839
1.7047017411823755
1.726128869315543
1.7566691378522756
1.7516243907325744
1.7364558701591593
1.6918235096230316
1.6990015139283627
1.6973642187286297
1.7320024798493907
1.743432250137887
1.6923833753396869
1.6546859312483142
1.5978539432215064
1.5814523028326064
1.58553347684525
1.6124038198366255
1.6030069463208534
1.5929004035534082
1.6034584206890368
1.549792269760887
1.5306937749943617
1.5306120671338814
1.5780171137792842
1.5810092959465571
1.608399451873433
1.5788864169879995
1.5889180410859323
1.5744910602145048
1.556945325055572
1.6428007228447936
1.7301547873713998
1.8186738554625035
1.8295178297865062
1.7585700020301813
1.7429727583432038
1.7583363925400628
1.8075038803614552
1.8476680107394756
1.8833441634227304
1.933191518838207
1.837823861332138
1.7795753000375039
1.7157594385174104
1.7402930825491527
1.8124791487322183
1.9291206873762976
1.9876099968142378
2.086871023107852
2.125770561202182
2.1236951004020415
2.1322259052790367
2.166817787259184
2.099179532763098
2.0788746296408
2.052206799425395
2.096117855969603
2.112766438942475
2.0991901098453427
2.1018826582214043
2.0259417637326584
2.061089529137179
2.0564958051893183
2.054786907146869
1.9796034063387673
1.9723559508474804
1.8376184545814365
1.8232509366136478
1.7985543889103148
1.87148062355956
1.8894662614709892
1.9524391119974438
1.8820983192998837
1.927108447650882
1.8666511030723165
1.8970717164901358
1.8582880452169848
1.8396380049944607
1.8319066129476183
1.8478360294543457
1.8745498480671139
1.943538172553681
1.9881314331262887
1.9867417956888958
2.0028598969774527
1.9710329949456697
1.9190826343079306
1.894201302307085
1.8293134253041197
1.914402564449756
2.047608119208274
2.2442846333167736
2.379793276840679
2.4963209038581664
2.4672725953079135
2.40740906684587
2.2793117052927148
2.1196865296427245
1.9620967276705024
1.835272866105898
1.783054334618569
1.7999798316731876
1.8821912200803264
1.9665020980801866
2.0132092285884178
2.060755928193828
2.0845922420405376
2.1424351772134247
2.1422644256767907
2.1471217390150565
2.117082877934472
2.148815900466107
2.1786057385298885
2.0822460678544696
1.9316655052835687
1.826556761025394
1.7595695652824206
1.7765839438335902
1.8677599413976966
1.9687768158871177
2.0783483192199905
2.042537949960626
2.000213952293772
1.9790840669806236
1.9734281095015498
1.9752480553973288
1.9760475219348912
2.008647351779591
2.0883689229263114
2.1835797957903837
2.179544424959409
2.1611852198148798
2.086745813210747
2.0707314743723653
2.011008686247517
1.9436380671117313
1.9001900514367012
1.9161719577687442
1.9593010452629274
1.9803804394989613
1.9815354766983677
1.9657935371513482
1.896485293077806
1.8226644527340168
1.7920322173786791
1.8398747664052135
1.9309746228285432
1.9885367541105838
2.064857723529477
2.1386181439792122
2.1733006851139063
2.2119902098756032
2.298409312174309
2.357470423493
2.359575562204064
2.2718816853340518
2.197687471784353
2.178766203510752
2.1554904707112144
2.1292055833685453
2.129360471028852
2.0694850642994984
2.0746775015628343
2.0513082990019105
2.064799494100515
2.087493502710346
2.198870490498693
2.2584423692576148
2.184181014392885
2.0849049833156252
2.008910978900753
1.9540719913767013
2.0334548416427434
2.1986498134648675
2.3465812749772335
2.4726622726702363
2.4914340711974767
2.4379984110169604
2.3262324963096233
2.2708109356890223
2.2437361538217737
2.29180713271777
2.387989763904723
2.4624398827012035
2.476163463899514
2.466638799442693
2.431979103047547
2.316161428612047
2.3278252543573745
2.3424454560585684
2.441267494524351
2.480726958836662
2.509235843244748
2.437169708807019
2.3843899183190596
2.26607013671764
2.18878558202533
2.1610983503688885
2.2348012815525418
2.3178115462251423
2.3224828617620106
2.2625012153432227
2.2155405832751556
2.0952673378040645
1.967570056786239
1.880249180106516
1.786319862841697
1.8099558169496237
1.9189131537552393
2.083618630455353
2.1633170273955926
2.222485705178966
2.196353211192616
2.200303459374511
2.175844803254971
2.105351270629547
2.031948391930764
2.004343372021285
1.9940754086180053
2.0132266844792768
2.046704353063026
2.00731545658731
2.019272184859364
1.9637826385213655
2.033843384680558
2.017221737106643
2.0103357647535876
2.0110432740137423
2.0679303977397185
2.1217066996641805
2.1429636625134574
2.0750198288128567
1.9900255423374587
1.972294552543905
2.0061926043621745
2.0731290929841117
2.1285037921426997
2.1664383693807108
2.1701458142609944
2.258912302790296
2.300342679211123
2.3359996452384144
2.2835742897936777
2.2226033719730602
2.2251223174133603
2.2651540628683797
2.3656294459764884
2.38098158197092
2.381272608469616
2.2972714746643472
2.263913276748033
2.282861666654528
2.2469638762824533
2.2658952351388497
2.1864655527610557
2.167822796619342
2.075301098704142
1.9946675262324642
1.9138871246897178
1.8686660105580113
1.8916186220744136
1.9492051082073887
1.9396794310569931
1.895940027554171
1.795418406937686
1.7924596968282018
1.8222927605053898
1.8802473068187116
1.947008085213917
2.02566715070154
2.0793265102524203
2.16103402670343
2.217776853678865
2.2307796153810693
2.191894513373193
2.130129481742661
2.136884774645383
2.1688958446018027
2.224355078642808
2.269438685370716
2.299074705011493
2.352037661044486
2.332713121934363
2.327994707556905
2.342191845045455
2.342942984612611
2.31604485244173
2.3214083591753307
2.3195129923345985
2.3103273782932985
2.212723288716298
2.1696039065912913
2.186639308494634
2.202062396290396
2.229255306457498
2.191562673280983
2.1771591357437843
2.1350074147711813
2.146877783094642
2.107719710979393
2.1047965138459723
2.1191406400248103
2.2083902240426494
2.3046948498355446
2.4105364221549492
2.3990535047937414
2.4078493113185373
2.320005686586779
2.276507566218427
2.1772206284544207
2.19962016594736
2.1631066301622033
2.209137352420506
2.2016837307861286
2.2629968845846347
2.231273442964171
2.2268679976214556
2.1927866985977675
2.1149117665614283
2.081847063930232
1.9930192414928904
2.044454460540225
2.070093077465061
2.1886677979569464
2.2947141433158156
2.294249489087584
2.2219989059326943
2.065635932312125
2.0332636950604037
2.0549178969407196
2.0973277953259477
2.185537561723969
2.165540816964054
2.114810245027784
2.016198918155668
2.0535653405345857
2.1544507920160445
2.2490228735217395
2.2374739905655585
2.2346981046811245
2.231875869222022
2.2744000052109703
2.2943527227420057
2.2175139569639852
2.1687595582346324
2.213393616719088
2.2920848059363177
2.337222507835669
2.352514180276845
2.400284999198116
2.3330318960352647
2.239552498439121
2.201524784407965
2.2392777252066653
2.294603157322496
2.2048310010742167
2.088921917716642
2.0324332951763457
2.087372810867099
2.136956482822131
2.1332036817864677
2.064904166443911
2.009251298467561
2.0544858970317845
2.145561264104818
2.247539740409479
2.3704498598738897
2.3977639163531226
2.361886540922052
2.312702021262312
2.308840811352842
2.2860267532101677
2.2408474311284543
2.223937003654445
2.2250238938318474
2.1879721683507545
2.2000473172498047
2.163574036982837
2.196946279807968
2.099609692626254
2.0382763207031394
1.9565139038793125
1.9542619512893162
1.9907136819052254
2.0475824406612406
2.144774979182802
2.245135099593691
2.334197156203821
2.4229269324475107
2.475182214974987
2.4601426299521942
2.472621155584852
2.386424989636645
2.3195561730530736
2.220393683861852
2.1719889880826826
2.1859679085909502
2.206140989310228
2.2394362196396895
2.2504923047811727
2.1809972586124156
2.1373498189159634
2.105473791082825
2.127137082263069
2.2213304679544983
2.2221800069013464
2.2388681104927186
2.183091583155177
2.1701150968680056
2.1318734158854573
2.1006454911744505
2.0978564467274685
2.0994112873583424
2.107627288559884
2.1408944738784697
2.0984307498824224
2.0793551889386506
2.0566206765464528
2.121900381509629
2.203525330160719
2.249407483007207
2.219550992992198
2.222198824281668
2.143123429687357
2.066340430539896
2.099967195990705
2.1259628366576466
2.2445831360610056
2.2902448051014126
2.355600450288792
2.3462393683042055
2.306250311129336
2.195002992167202
2.1175652371101745
2.0452186257003286
2.063828546332087
2.1133111209140854
2.1848248285559824
2.2510064433140946
2.2362924093686143
2.2651470826697966
2.274922524366156
2.349427537530312
2.4197828195015814
2.4004374470624104
2.353769067965408
2.2629684215889325
2.161168089333793
2.098865712083267
2.0408038660690595
2.072750581819183
2.0464990223737716
2.0962307832230467
2.08739360000486
2.0476909414111155
2.00828683932145
1.9341668001871974
1.9103762046733213
1.9396993913506262
1.9691976331368628
2.0791625905302635
2.1008713151910134
2.1260340583809603
2.058416840251518
1.9415558819659648
1.8667215008043514
1.8738535037371278
1.8693660428403869
1.8634591093495845
1.9183707512504928
1.9505929308878656
1.9313368489153349
1.8968078607907162
1.8447452286411121
1.774340505044786
1.7058334657804581
1.795480520335221
1.9817376822126214
2.196653753913457
2.3378374290912793
2.3417596850856426
2.31576265097229
2.2302228524130947
2.144719031742328
2.1797617726055845
2.1498712611885478
2.125883131003593
2.0044193948522575
1.9367964443374417
1.8815585704726117
1.8831232316293223
1.9392273419054011
2.0048879000875406
2.0745807318485436
2.1423982930235876
2.1777797157667056
2.2870518407653107
2.313885289365739
2.4286720197512994
2.5539229436105866
2.639636544376121
2.6072100925340527
2.5199291434246236
2.4170341815493015
2.4145161368610206
2.3704495591783226
2.3409304759797993
2.2670905421362795
2.1644948287051693
2.0363952186948677
1.9170696740103526
1.947663405691162
2.000160544045686
2.041503105577244
2.0119841972813743
2.0024077211746407
1.9789750510439612
2.0316833974430857
2.1083506016916855
2.1375295448302847
2.1046408609094
2.1357939012307106
2.1174408700824774
2.1972656695040036
2.171500560250636
2.2278654178043507
2.281010715606287
2.327264245485935
2.325750552864358
2.2797750611295298
2.2239374233670937
2.1309642365747203
2.008214137111741
1.9322288086642552
1.8979954700184456
2.007056026189706
2.0970297185644244
2.1117910148039822
2.0511542130319658
2.054922877643462
2.041070170492048
2.151228997590747
2.2331353248496737
2.3015343694284924
2.273416096061343
2.2565456467740805
2.170018947227728
2.1264598242607233
2.119873690246418
2.0458860518930777
1.998431829940729
2.016341576247053
2.0354035104527974
2.001909705226989
1.9531070872224048
1.9179913507662019
1.9435226554065583
2.002128644053103
2.062854459853615
2.1372030974335763
2.1642811700074454
2.2014442225997564
2.1628719644430165
2.154300849786897
2.113845377896542
2.056865096665707
1.9431379760983523
1.8642119323717001
1.8027654340883308
1.8886687342186128
1.9704623558474192
2.0340441452843714
2.084271542117235
2.1785956446583623
2.201555971427777
2.2307002417585697
2.1382902633325833
2.1172703817674092
2.089725761960448
2.1117818834473328
2.0884238681053406
2.096178504260928
2.0868662972356145
2.07595994903366
2.0503760296915443
2.0701247456955145
2.176018059138611
2.2455773973455737
2.2248814843444813
2.1631619838651313
2.0994012916137215
2.0870441642644226
2.137150255619749
2.1488396630487583
2.248623966133248
2.2148701247359948
2.2587472324631586
2.2633112843100127
2.3420464178391716
2.3611211971015877
2.328990800671647
2.2872022272823633
2.2728235671621264
2.2284995918366475
2.2588108293004514
2.1908602496339156
2.16933632534827
2.1019412449158947
2.0832711083997872
2.049214249269042
2.109187634553874
2.165870414246533
2.1911288441635297
2.1182102898034416
2.002884127689227
1.9311604722602376
1.942843334137464
2.0284418070681443
2.1259408982180514
2.179916297104021
2.2078165346500738
2.202436077875075
2.136798380267995
2.044620657508143
1.9324686994369824
1.923073431786826
1.9491883595850936
2.007724006743392
2.061564869503414
2.165907725666734
2.2856994271378
2.3682653405749505
2.4135195580706115
2.3481548514304778
2.249811180086477
2.117323876336811
2.0290769504889017
2.049677717660862
2.0947165507961967
2.168589823582022
2.2380294331777715
2.2633075891187486
2.351285984219538
2.384401068019754
2.4302842698163576
2.4587717889078786
2.5141576691601824
2.4887792847000716
2.4980057599285366
2.4894888531717014
2.4362400196098193
2.301442356617068
2.2643492717666267
2.2081817678436133
2.133441214015252
2.0615620788247306
1.9924962869873226
2.000674063552247
2.0551990171030994
2.1353129842869802
2.164925727484932
2.1367514938095087
2.071826560421897
2.018709560723715
2.0283707147654595
2.030986735174124
2.091526677606403
2.041979831497754
2.0993011436735043
2.041758118257781
2.094252832088235
2.079273552047139
2.11952559861732
2.050414361451355
2.0450230947021657
1.9931091489492803
2.0488974444383676
2.107999265195853
2.2363275455988125
2.271318932237144
2.273839554983824
2.2566306130449916
2.1845139307023396
2.1377115299509453
2.096136940770663
2.06607545678782
1.992534967617738
1.9720296363240968
2.005891332638225
2.0695671323074665
2.078934745257429
2.0671259740809735
1.9783491474451367
1.9951470896883134
1.988790295222915
2.016586237746194
2.0102483443997756
2.0026914309676918
2.0318543766780985
2.138049159665728
2.2422410709572835
2.2998762169066507
2.341752186637744
2.418058018576706
2.497342997115353
2.6205453094985645
2.6934872394333502
2.7411861713578403
2.7406266175760234
2.68052030772701
2.6271549707024757
2.527375108375371
2.461383296919435
2.3951509212102917
2.3665767526903543
2.3792293280834804
2.4212015554373583
2.4833590145508966
2.5383108145947824
2.635948119150897
2.6253597349498508
2.6113859074666
2.5172141103604417
2.3847595949167744
2.2894730410969033
2.27645896931237
2.35865565357038
2.5147391496744773
2.662943256583235
2.658704562513456
2.6352503265564717
2.6489399754721115
2.7364971727315335
2.877614129160813
3.084785922289667
3.2095687666979806
3.2517499814212942
3.3512123143549295
3.435247053431508
3.5561588007312745
3.5610379551849682
3.5897955869942733
3.508585619491832
3.534968151035128
3.5291430879393664
3.4760966780634073
3.496805403069129
3.462266583156584
3.450716241321157
3.519033438693052
3.4674884365406924
3.4757163515886096
3.3965829241414998
3.3014562928603994
3.213446800688181
3.220052799614172
3.2616882540411862
3.2624628599409533
3.2850164414333176
3.2828755894317747
3.35209004377691
3.2988268981987714
3.3454212958449943
3.3561754401486987
3.410359809197316
3.408039443564895
3.4213108181180827
3.4079297202288648
3.350019798838939
3.198305370304136
3.0550729464921553
2.9908316288526504
3.052457054548789
3.144844437574593
3.1760172594577303
3.1688193316670143
3.1467761697642223
3.1698521517117517
3.16571764955056
3.1756162505715997
3.2954104324045246
3.456075267814693
3.577971586159004
3.659641941957283
3.6972155292125612
3.7754424582402017
3.7332437075180853
3.677012922506561
3.7413350991727237
3.739363449441624
3.7616100069949594
3.7561133872820522
3.686439330831172
3.62299384398714
3.5384047339201716
3.5701864356676993
3.705791523158803
3.8494961729048622
3.9290283789394955
3.9797159925467547
3.930043729251869
3.9537653611285077
3.970309958361796
3.989840764124868
3.9470077103303645
3.986446135572795
3.89728327558116
3.8672449435632155
3.7863492374135927
3.770618058193104
3.840598708322946
3.9653716609717717
4.0485414596004
4.142921953562083
4.094524437814134
3.970666286664551
3.7935453117420987
3.731521413404507
3.6745394609547315
3.5490885549824913
3.4438855202975875
3.3573315277614526
3.3483834935489187
3.3604445316586284
3.577664166178845
3.690465328510198
3.7488530585439572
3.7648807938078144
3.7104496175281456
3.7138591913440195
3.6308174254481616
3.603474502880472
3.57803206255962
3.6495388642273254
3.6480770948405956
3.649190100391976
3.642038044221412
3.7122513341005354
3.757436373235417
3.8363464972756156
3.899162537102857
3.915968309184639
3.8860674673153532
3.855142827039496
3.7295186541879946
3.669714496798603
3.588679072685415
3.5510646650805198
3.592437355126889
3.7140844754586295
3.8642947759973763
3.993727079952517
4.083087987985958
4.108859263254434
3.992627160597819
3.885309489478652
3.834161117834423
3.779674074559029
3.733901262498485
3.6229592151580805
3.576691241062947
3.517470055959171
3.5092376370979603
3.4779056063824707
3.5472349832287033
3.647981916522761
3.7876211974139182
3.8443905119803166
3.9991170857994405
4.139929814020515
4.171863599163859
4.16128158131521
4.098641737658598
4.007147280313076
3.901970572416303
3.835213759962201
3.8784012608642593
3.931778041044925
3.973200884016282
4.033517832880918
4.081975851479505
4.08322458892672
4.082473647386824
4.0211055605840365
3.8793255621865135
3.6939934476811973
3.57216087798775
3.5595931018440945
3.5897077202717917
3.6997058631617663
3.921956523401363
4.102320783510599
4.19497233714768
4.1597766178417865
4.134103673404181
4.045870727216564
3.8489049532934487
3.6044021426411104
3.3665187782629373
3.2132378535921493
3.175000618413714
3.2334685501540057
3.3301576063753164
3.4197849419229245
3.593302846177455
3.7290414497218656
3.810947169427159
3.8512772273510807
3.848282304861296
3.8805858153380064
3.94321816858998
3.913053628515965
3.969165583528296
4.017990983469551
4.176911938541227
4.151182826119524
4.183827469032048
4.1462434317446215
4.038018079925641
4.004017322090704
3.8855691736748064
3.837393791660644
3.8077877213588005
3.8146005003127796
3.7678158211998265
3.7029242836828278
3.6743861738014014
3.6850566580831146
3.7720414609457045
3.956489164887983
4.222279727788129
4.439454514545091
4.509202833519858
4.332142972143662
4.091168544710303
3.853417996691581
3.7415770903136676
3.8133060997009554
3.956020367476468
4.0173121045574005
4.039059299769196
4.013337447525643
3.829869747710981
3.8327230061041324
3.8387225912890974
3.926096604913791
3.866708709898237
3.7851333674840766
3.747604461060051
3.7246000850850316
3.802731312166688
3.9171261719427983
3.9333237404944796
3.878341127949168
3.765230302391056
3.7098782742261682
3.796749462028674
3.8710657151156513
3.999344580322982
3.9905710761190334
4.009630729120255
3.908714950762907
3.74388717477098
3.768136023098535
3.819733567129502
3.863620082262318
3.836358282701253
3.7922299255123075
3.826929180438224
3.901707252415333
3.9758615490768032
4.01607536666343
3.923713648730909
4.012046148094291
4.084519247083693
4.1719898018334725
4.173580146323563
4.07422896668136
4.089461930570994
4.065101075971178
4.092518962287742
4.051406052361983
4.077760118346624
4.011517813550843
4.035897671221837
4.070950470503593
4.086741274634526
4.026865840379587
3.9640209811969105
3.7786193311258254
3.8062590145587483
3.8665174207696102
4.043428468972701
4.178929664400461
4.255517774052925
4.177734432563711
4.037287614097026
3.892825402123465
3.852266488361294
3.8854334041827925
3.998260492942689
3.9779068773139175
