9.16497521978175e-32
0.03615956719688326
0.09095150889985401
0.14375731574227654
0.19675370860745914
0.2671789027881804
0.295607978267547
0.34934343747178576
0.3464490153816925
0.3787993756828814
0.37544517732627214
0.47189265879056386
0.5736652508855756
0.6801319611787958
0.6621272637052242
0.6380336271506974
0.5677603258555287
0.5630089284658587
0.56792041722302
0.5400045645646676
0.5240146940645051
0.5043122030121105
0.4805035053338004
0.43584191058660715
0.40081923976219136
0.35605421253792696
0.32633886307659693
0.3025322088747576
0.3044990684014419
0.2738402635789754
0.27904751901805425
0.2901513123682405
0.30166612422847094
0.292261186581894
0.2795453699314874
0.2754286658771472
0.3153948754768576
0.3841155138524644
0.41118455200986426
0.42149783765098003
0.3912662233136244
0.3788991999943865
0.34732468276677914
0.3431690152313329
0.3698063509962529
0.40288890706002134
0.41213436886403526
0.39076884268243567
0.35289314889023227
0.3370981357513812
0.33360874160663856
0.369763673399286
0.38999331164082796
0.41711311598064477
0.43272204286227833
0.43287266036954125
0.41411360235987665
0.38875576455237415
0.3416022471699523
0.30052358214003316
0.2665612949136619
0.2654438972267663
0.295047679259789
0.30306606303690425
0.30946757278813863
0.31190776749054067
0.33506144735183846
0.34041276756878275
0.3422925079585008
0.32345389351947557
0.3179974713429008
0.3078760624413156
0.33026115441457793
0.36844327296969975
0.3906170828677655
0.4116603534238491
0.4112663235368165
0.42289167410066286
0.4205233684475828
0.4327813475549233
0.39936499249916024
0.39498430645816357
0.36313139008293943
0.35591355396186886
0.3266292387020116
0.3091117853671888
0.2950518481760153
0.3102807489170753
0.3187442219262207
0.3326829475803062
0.32778003122924204
0.328731442979691
0.31179179178244915
0.31653358104481744
0.29110217676918626
0.30209726621016875
0.30074892722752566
0.30921290825145725
0.3049861044752643
0.3160343051326437
0.3168059890860065
0.3271138317277239
0.33742276846933905
0.35121781482703207
0.3520432795279441
0.3398086303311413
0.31573971708129994
0.30550723887084263
0.31847047638961623
0.34088290199569504
0.3553873833466089
0.34305603885052705
0.3335959993042001
0.3057179459642666
0.3059194256306199
0.2776018479231637
0.26232525729501155
0.2532851594433181
0.25360772093570955
0.2734483204216474
0.29060369941415803
0.3053816940196455
0.30944512098909915
0.2991997534158011
0.2981624389956972
0.3095142454619628
0.35589388267120237
0.3918822592472326
0.4261111419924331
0.43019058709222996
0.36576829857195436
0.3335539228614904
0.2983077820859655
0.30673146448727917
0.2919556549779878
0.29413363929980224
0.28361020884998633
0.28802039397485124
0.26692741345178345
0.24670255282217243
0.24013860107485374
0.24106653543801596
0.24634496549712254
0.2595368465281192
0.2689370738830662
0.2806910264964868
0.287576353928615
0.29612727884482964
0.30401928580912185
0.3223182339484939
0.31519163900406155
0.3198113442941135
0.3153948358644577
0.34536855412700346
0.38284672662260527
0.40177748508378425
0.39101680252099585
0.3519344885496668
0.33359118334348986
0.30634723927320745
0.27462628093199865
0.25985067698982056
0.2694776882589167
0.27100162883657025
0.2782321777260616
0.2616581624426522
0.2696658208786644
0.2792224319541035
0.28398107830958175
0.2743707967389613
0.24628555061418633
0.23108187001399935
0.2408938416409572
0.2643517509517348
0.3026006692557718
0.3380996743013138
0.35161910422570686
0.36926306495910505
0.38105626397964143
0.3882369120975136
0.3473157317461796
0.30348156933834025
0.2746758696473388
0.2834125355199879
0.28734761216630356
0.29662259756841935
0.30161343470756113
0.3150518946152251
0.2986829967323026
0.31733633531947064
0.28869767820072195
0.2990027427065326
0.29239965657020767
0.3135765391100233
0.32697528964793904
0.3343534971291817
0.34007124221719087
0.33073900109998444
0.3131827308499705
0.2956971520617296
0.28595404254344764
0.26255156659658
0.28581150227071533
0.3365681808747905
0.36819160793930394
0.3938465984898596
0.37819091223787815
0.36825033723038736
0.35244243420505883
0.36054012345108494
0.35254832867958075
0.3188243265828538
0.28073184712389904
0.26343477522140724
0.276394960531036
0.29859097270596674
0.30790315242617744
0.3080799223167853
0.2780683745773647
0.2735155397605828
0.24282704725071869
0.24375085296299506
0.23927484913785002
0.2741864211666785
0.31085244423248726
0.35960435860210493
0.36447447468914135
0.37011990558741764
0.34549491522813564
0.32351553226062607
0.2932673597743745
0.33523942776929266
0.38392772505743294
0.436537763219295
0.45420521271685127
0.43646569477091196
0.39721317095182346
0.3487907750398081
0.3268415292626411
0.32698773455599506
0.36756539292702534
0.38052217304375185
0.35024126490319873
0.3067862348165509
0.26917224344325186
0.2743911294375892
0.29919111856483416
0.32828839191986536
0.34146195160744824
0.37710770759651874
0.389212488937582
0.37823443091006925
0.35884915878327184
0.3498094159461025
0.3454995488889477
0.32484079815652434
0.32544240344019587
0.31752508098891113
0.33257242212023197
0.3391004306738287
0.356647123707669
0.3779483386894622
0.4147845753329552
0.43277957438415204
0.3787341066811011
0.3281912422873606
0.292254835754261
0.29376454577403927
0.29623367545534596
0.3033348902911498
0.2756785388440305
0.2659315550393196
0.27788889476660245
0.2945077778696553
0.30538047494332476
0.32874900605067425
0.33560639340942994
0.3114732104483677
0.2923693230412285
0.3001949809777022
0.30127962657281565
0.31109962547956443
0.30905688043333956
0.3204330957878646
0.2930060354244259
0.2683652707806551
0.2477700026255398
0.27336549071025457
0.29992772454059247
0.34317630276843153
0.36431764861810756
0.357827978563265
0.374835299391783
0.395333278567825
0.3907803799405255
0.3683329910992887
0.3334836492718534
0.3083051421944678
0.30013880821132843
0.270969588831042
0.2699493854565035
0.28930688468380283
0.315585465697834
0.3212522323042394
0.31545434420628915
0.3102333136288683
0.31624018295671635
0.30218659678642906
0.2898981921165648
0.26619834210789817
0.269301014437166
0.2923665147901653
0.3372835784471512
0.3478130655893754
0.3359095315383864
0.3193398747151639
0.3082305420003258
0.27594793669720036
0.2897958841877862
0.2982980727055642
0.33438877831910774
0.3562228559397258
0.38501665623897524
0.4054395289222377
0.4131413109411547
0.3665022316353179
0.338362143747605
0.31754475115651853
0.3004882735422073
0.3139026062747318
0.3294739174605765
0.3577457814467427
0.35169073327459227
0.34288090234414653
0.3388899792847945
0.3347105287229521
0.3284387156714035
0.32387532104078787
0.3334112380854644
0.3360067229963989
0.323808334668957
0.3324905634862652
0.3522204533111456
0.3747270545281113
0.37481165596000277
0.3825989341910887
0.38619558910961366
0.40467458354027314
0.3999805630614819
0.41394941486573616
0.3789183511789281
0.35895556565969755
0.32155179221182534
0.3247474125714791
0.2974869598275555
0.2920346541050437
0.25794731874713495
0.2432964978228301
0.24565179065534268
0.26308206087743596
0.2791332730423908
0.2768477908047685
0.28895189193801923
0.30989842411738494
0.3214937294588876
0.32804054506017033
0.34308058298985544
0.3460821638044444
0.3407675169803175
0.3333682941694114
0.34496989538487177
0.37099312117778466
0.3839863858893457
0.3590899343611002
0.34882558511935663
0.33842512019269955
0.35705668560615555
0.3812174168965568
0.39536650655304173
0.3680563817513651
0.3602406397979399
0.33204341612851873
0.3215080889014438
0.31505809717282224
0.29312122972428406
0.2829760624655683
0.2667018159369561
0.24831519539126537
0.23453695559995566
0.2609777084910782
0.2808448535038098
0.30465099411569746
0.29749586525113203
0.28920131451059655
0.3009064399602436
0.3064881964636722
0.31505359069581584
0.3277257996035017
0.3514799361116893
0.3652593504415387
0.35900658859837326
0.35430986273058945
0.35990556526249573
0.3536451183042768
0.3382886499878742
0.33236284449823894
0.33293888914308806
0.34309102948435327
0.3386588624417217
0.33308077471200154
0.3065785318058959
0.29114954772083157
0.2696359240183792
0.256447504713209
0.24793099186215628
0.2432446069194084
0.2555267834554782
0.27759540199771965
0.3048357316643028
0.3325511780865677
0.3472801784174602
0.34891967958400955
0.34729329423377514
0.3332117185057319
0.31200873469948576
0.31161416741933373
0.3070509287358782
0.3155568667692509
0.3024591830201596
0.3103594060397755
0.2961657470430192
0.3247940912055169
0.32864577816073515
0.34861564787037286
0.31477701692224486
0.30166564179083455
0.2870543264522003
0.30281187343878846
0.29990263558550867
0.3154242298429381
0.3206891204585838
0.31862019216934584
0.3046082350267047
0.3067677327468846
0.29788977313917636
0.3108209553639331
0.31470269043317295
0.3116942444452134
0.31380533293863383
0.34175855078471035
0.3581594077487097
0.33412814141511493
0.3063030853286557
0.2735594841413696
0.28514035418281186
0.3047303108798788
0.2946070649214836
0.2842600369386969
0.2909610954977469
0.2869705434555567
0.3053964492162464
0.3125162249765152
0.3156839133520802
0.2774556873068926
0.2514427137891398
0.24565289337098162
0.24535164383261965
0.26155870846268353
0.29874834983535525
0.35894060194079247
0.4027251777576815
0.4121433462817023
0.3974483899984596
0.34349992858527434
0.30690100584201924
0.2961581418330217
0.3165309583245434
0.33087869401396547
0.3285311319463288
0.34523838915334387
0.3543763063330174
0.3567137503290315
0.3386718455163772
0.3165155617636232
0.28628519884127024
0.2949948678822988
0.3130147676252665
0.3553521086258857
0.37778218932421764
0.3809391718908899
0.35011426660896183
0.2842312484913282
0.2652406409338931
0.28874957469995277
0.3386327500914308
0.3711189016989652
0.4010787512674616
0.3947131532871267
0.37252207508442164
0.33649925886682946
0.29982514599946164
0.2677271448349619
0.25440299482342627
0.261715518887032
0.2770500672137894
0.3025700062882859
0.3162135103343928
0.31546664592985546
0.318698341031219
0.313916184496751
0.29709115389719626
0.30205200763563333
0.305722658998857
0.3194148420558625
0.31283351690900557
0.34650614879781133
0.3597914995138163
0.3327684559660862
0.29968202220901885
0.2987045889546404
0.3095887690406995
0.31046207763831707
0.2938021605368005
0.27860988202977655
0.2907131033028747
0.300339860025805
0.3194923872207237
0.32357017239437663
0.3282870063826495
0.3273082592435375
0.3489065612323952
0.32574568195982134
0.30529229549558295
0.26819633552191224
0.2640157739746143
0.2885186949895389
0.37920198001652317
0.4309322950956218
0.4682388802656344
0.40350659572797054
0.3710937615523555
0.31233964992940405
0.2880281001362487
0.2848845641006472
0.3126840667327856
0.32614050096220853
0.31973490737443805
0.2715957862356805
0.24447395234367034
0.24987222866663542
0.29141839469963504
0.32569322963737884
0.338194411112414
0.3222838656638724
0.31996662399745013
0.3339618388445543
0.3470672207467477
0.32679448777116893
0.3108754039409452
0.32050236519169745
0.34109854853220545
0.32937450075762953
0.31761178789564937
0.3233619494580236
0.32996329519434253
0.3645174269512144
0.37785158267238456
0.3802798731829523
0.38451468036045433
0.37553655491385496
0.38865975050698376
0.3867504352650005
0.36095891691359144
0.3307603541973276
0.3068777544457044
0.3107940746945145
0.29597445776754666
0.2928963909106715
0.2768264660991615
0.27656662911548546
0.26746760758896776
0.29063904589210277
0.308583562645406
0.3168186008248956
0.30827597546993557
0.2832097190798155
0.2759955183701714
0.28157587012777563
0.27967811456090447
0.24978806886593843
0.23513847424946752
0.25898624257435837
0.31213680874816035
0.36638459573079635
0.3728977386088397
0.3378646838027334
0.33752400410670746
0.35526448259417637
0.37288080248690764
0.38418939569177424
0.3851097785025944
0.3622667429621284
0.34711720800989926
0.31437901233686044
0.300378263190639
0.2870543375068568
0.3105426440255229
0.3203792596017738
0.3505657831362705
0.35151412064099496
0.3676402193683614
0.3360777968631181
0.3174710149046695
0.29627292467312244
0.2840816583778055
0.27844546789174784
0.29965616359643116
0.34283829281098394
0.36092094412834014
0.3486884932950872
0.3265986394851213
0.3326337028661517
0.3533750540867308
0.37116934188081907
0.37991007630636664
0.362436073787018
0.36374058733094244
0.35023781712887325
0.3402474343677572
0.3285172352121517
0.3114184651535216
0.29108394607641036
0.28763469532132796
0.30537218032262137
0.3267153100314926
0.33782319641613057
0.35085676904687546
0.334551166372261
0.3059117119453158
0.268486856972224
0.25844881344048387
0.2486311926815778
0.2663777943912188
0.27578490498951364
0.2889989648026456
0.2848431367863277
0.32256222328573814
0.31850027827453936
0.3170719483610835
0.2975775530355604
0.2966141260418072
0.30391301423052586
0.3464868886106942
0.3748253787029985
0.38550201882611745
0.3609122065857177
0.36470292583782593
0.3593503928261377
0.36698850179508236
0.3466207134612645
0.32578914596838654
0.31167204065935394
0.29280273634365883
0.2866754687398651
0.2886349903439637
0.31367733152137967
0.30892113725547926
0.30024639133243836
0.2802466865509805
0.27971160906257664
0.28266370860939805
0.2738770468021805
0.2831321091096846
0.29682003809602536
0.3173483668994217
0.33006158444598205
0.3668535366953076
0.3853699241568126
0.38990737845881895
0.37745158481475666
0.3599753487367503
0.3283305356317891
0.33115830304779253
0.3498955008451187
0.3778124776781735
0.36594724792895356
0.3573580808899358
0.3434281350853414
0.36050531533242464
0.3392819481835912
0.31212602216403945
0.286622933399054
0.280901518595968
0.26795309217382146
0.28088957130041536
0.29380963793207093
0.3068450124908303
0.2955528101990717
0.31064032414738313
0.32142159160085854
0.34127751896156966
0.3507117271515627
0.33252590811363447
0.30164278275962036
0.262960715673309
0.2646359208748436
0.292660480322173
0.34160898377669735
0.35906977853581495
0.38609595718348144
0.3721564066123734
0.3768720896536105
0.34270513246365814
0.3370593567424074
0.3138196499974815
0.3088145889976063
0.29229129274780474
0.30870427420751406
0.33230399392979776
0.35577553506092013
0.3588720273513243
0.37035406772046237
0.34136788399821216
0.3277224324497492
0.3064847232879143
0.3074914667875385
0.29340021263264543
0.29710988302894303
0.32355367016992054
0.34390376716409865
0.3529067002829389
0.3343792604388442
0.31165402381306234
0.29951145549130626
0.295444731135406
0.2730799593968721
0.26385524663814347
0.2587921759653171
0.2880998410029083
0.30370808397430327
0.3051749506672082
0.30323788732486007
0.31380095176361694
0.3168748318449648
0.33073850728321585
0.31156335420433
0.28445832166840335
0.25909644271430526
0.25744233562176055
0.26457336310516677
0.25450494759128045
0.26132433012468004
0.2989749045172312
0.3633023228633157
0.37320673625741946
0.3637712846410298
0.3490376060510645
0.34247964432630534
0.3599258559724972
0.34330329790511455
0.354738903651264
0.3246355411977371
0.3487402553746783
0.34157988525909366
0.3577030907898319
0.3365224392305637
0.356392645791592
0.34979920862604125
0.3691499963173948
0.34437121369385243
0.31550956164356064
0.27871645155939256
0.29339986351047426
0.3071701999058486
0.32976662718338046
0.3183393654843656
0.3286120522470699
0.32233469332267073
0.35024155912815946
0.3871594183285229
0.3956774867765719
0.3825682293924509
0.3378203508442627
0.28575900502096635
0.2557171679093017
0.259194924622165
0.27903597737478697
0.28792227283634764
0.29367670741447777
0.2997853519730383
0.29960499864338724
0.29034088583601586
0.2786267583421601
0.2812446644957477
0.2998052133493395
0.31823215456838333
0.35880369286974406
0.3597813494590649
0.3645453070970396
0.34871135259856384
0.34719047776418266
0.3474266222037921
0.3572438397480667
0.3656699262823703
0.35971875697024863
0.34367945768052044
0.338711580703315
0.33315881261160807
0.3401400678905566
0.3335229442665897
0.31769650184987114
0.29874349719733695
0.2962002766624989
0.29915365588841153
0.28653003008023537
0.2683573071234694
0.26842552310373513
0.28829361902965156
0.31366015912628786
0.3135002626983046
0.3235058119499658
0.31770748407674987
0.3202888227117411
0.3013149853518451
0.28614345914779404
0.2746216420631328
0.251831902736053
0.23589968003541914
0.247031751343546
0.24513684249036322
0.2606417037611441
0.28658795575867024
0.2862238240823727
0.30858392873828666
0.3142982936778087
0.34429619597997263
0.3228549554015853
0.3019580016150966
0.27186941866628406
0.26640026680202555
0.25910155297393556
0.2610954669330403
0.26452832433143764
0.2611203739812455
0.2789078784042306
0.31106706740042145
0.32854011538952327
0.31730370314749634
0.30126998414632866
0.275507859731177
0.26900304752889365
0.2654930691235269
0.2705752868549633
0.2751484448087669
0.28867446013523335
0.2794117406287083
0.28648255564064906
0.28751558264004745
0.291688053709476
0.2816642884070971
0.28433371542638675
0.288734277641732
0.3220631999333573
0.33595518240202055
0.3328076693255843
0.3021646939141057
0.2714510833743284
0.26766760501247006
0.25338198592917405
0.2542035007275615
0.28132085427264497
0.29262947601811273
0.30405694540549744
0.29327912828031377
0.29001143441411736
0.2820077457827409
0.2984313454465453
0.2848657268403155
0.27024078819911757
0.2465978203105336
0.250360272268021
0.26520413071233057
0.308329425052216
0.3506762858673501
0.39603840425175746
0.3787280954844712
0.35379651921012834
0.30798413757216747
0.27753536610590795
0.2618122446946515
0.25217072344412383
0.26341237357838115
0.2728765430463113
0.28560938353486476
0.30270562690101555
0.32961007841761414
0.3487449751704327
0.33191514420982277
0.3153577015849313
0.29998736196923437
0.2968670121766244
0.29339484338804067
0.2876802755857543
0.30274312802590675
0.32583203051900583
0.35439068542468366
0.3668302179938536
0.3777932085615499
0.3995199826163365
0.3810070875924536
0.3828938666383136
0.376006042712511
0.3796614535290543
0.34861182914447697
0.34141537311176806
0.334142746258448
0.3239947492840526
0.32642897374844776
0.3354172189948094
0.33926724724420537
0.3249319422648095
0.28698989293127447
0.266428790507313
0.25691931124498585
0.2714702829979519
0.32101275203269103
0.34630170314498876
0.3880962247648996
0.392505035017511
0.4020595518976016
0.39628932418314744
0.3755061769981181
0.3568734108605074
0.3503002840901025
0.3616688227645089
0.4106543129888696
0.44372528326369615
0.4480048937564149
0.4159606630194534
0.3591747054084712
0.305870353774918
0.2813563789169579
0.2909912939661625
0.29240893075651964
0.31295656299887736
0.31684408687105653
0.3228017586168024
0.3027923643698243
0.2897793843616061
0.26433588710773936
0.2837119377385516
0.2771533908001309
0.29816136348653965
0.28948148343220276
0.3074252925832882
0.3165489133833356
0.3577450975318665
0.3709932622647795
0.37115545304876385
0.3356792270029531
0.31606961444215687
0.3398577207652022
0.3659478378439999
0.39032519313909225
0.40807318589530917
0.3984399244920933
0.41301419059263594
0.3965468279136542
0.41655374249230037
0.4400634793670719
0.45186594777055805
0.41243601783764616
0.3719289950027347
0.3682829374024955
0.38017889956842804
0.4106274842626301
0.4129977566825166
0.4079495546529469
0.39764056719307594
0.397312092832451
0.4082768166591813
0.414102999396509
0.38055306510190057
0.3497326838063059
0.309006589591669
0.29814881977262353
0.294939887349661
0.3168924643363551
0.32428913839305057
0.35330328968460484
0.33941287475943277
0.3105996584009897
0.29713044554930684
0.28207170631537737
0.2833274440765487
0.2789615758543529
0.29722857144649806
0.30782534371175
0.3089788131770065
0.2760448420361134
0.25186345111285163
0.23348513413614563
0.22742362366640048
0.23594323975839268
0.25965924636514853
0.26410956053920837
0.29904567229082707
0.3381978152677548
0.3786121813447201
0.36266080973906384
0.3332661335937549
0.3196957150388134
0.3084705222981818
0.294152165608074
0.2756223182106206
0.28610657153458796
0.3064393162749113
0.34863590483416973
0.36826956114210524
0.3627589994192666
0.35891364436569934
0.3357988821534644
0.32545798342937377
0.32528355108606716
0.32055168805902157
0.3182937419003778
0.3106034713630148
0.3117882082286924
0.3019371469825328
0.31826553959324994
0.3451492125908357
0.4010850068268618
0.44243368423787766
0.4226461675924788
0.3794026967265646
0.3291317402197473
0.28772069291983904
0.2624552535204407
0.2941293702867079
0.32573929473913016
0.34654439953302185
0.32871349809885925
0.31542320746513486
0.2957060915106572
0.2814853093776167
0.2787410526205157
0.28746220073998463
0.2855281340947963
0.31174731101822406
0.3281068536267113
0.3812119740969985
0.3962399871692366
0.3782390368898673
0.3216727618318171
0.28583802244130363
0.259561138890634
0.25235876347221325
0.2702778920837533
0.29224992981420833
0.312661778787375
0.33472745060622217
0.33290323144713463
0.3379960042179701
0.3200558119243225
0.32179190469885505
0.3283385691931098
0.35812058827230603
0.3819521362983124
0.3955480635879503
0.35365367138724274
0.3303085068449496
0.30881985458855155
0.3261103308225546
0.3182705603335517
0.3056193752015161
0.29082737924393626
0.3002140707530363
0.31375107852185213
0.31364851399214905
0.30813056772059055
0.29976685731290964
0.2954994196056487
0.2818627265068234
0.26873053778334643
0.2551528162265025
0.276277033469709
0.2963256088106935
0.32893122507685296
0.3429534950708646
0.3454126511024983
0.31361197974622446
0.29583359801033876
0.2878663619231217
0.28424217629913
0.27396462309730246
0.2708605934165087
0.26656064873183444
0.2704403509846065
0.2662366983438042
0.26240076731199546
0.2562389292998678
0.28212958106728714
0.32840218586245734
0.3384850581971791
0.3446690030676424
0.340594810820389
0.363114745471997
0.370907677727047
0.38639585477106136
0.35099130426986835
0.3361947922367145
0.31183028317302003
0.3332290205586869
0.3442490386804807
0.3476835083621468
0.34387737440497373
0.34352648901610866
0.332742644196292
0.3115781233319639
0.3013091880107862
0.3026500715029338
0.30895593803255283
0.315232963782716
0.3127339636592629
0.3059478313691748
0.3024623011969104
0.29459361014982566
0.292083020676856
0.2889718760684156
0.29023110723764584
0.28909699988426474
0.2933040290182877
0.2961650702817676
0.2961336707089551
0.28074434362891537
0.28883216266425094
0.28224037168966437
0.2817527119245356
0.2912564538995764
0.3054790160763271
0.3216414588324278
0.36575261617916793
0.3983146656273625
0.4229866910848918
0.4118592597233786
0.39024674140876947
0.34855203934313783
0.3042795207641677
0.2945529213021847
0.31035997781934294
0.30927570388651965
0.3265748645826005
0.3290348647232004
0.32984820528474235
0.32316933227887756
0.31619268372948167
0.30870048704304204
0.29879322285762266
0.2869541405028679
0.2706222342536243
0.294903678611946
0.3003909214733703
0.306929512524098
0.30332766454889454
0.31451745410476917
0.3192631508032757
0.34259282246403583
0.35636658511951097
0.3726892083850388
0.37117501549623216
0.3463662954895487
0.33287684913827154
0.3297007432662395
0.32937461518298644
0.3327293335145544
0.3438806044067323
0.37716515097843994
0.3835312665351371
0.36107072833914833
0.3201320478356327
0.30420771199488433
0.2887922716609918
0.2929314117606185
0.29856387994522393
0.3283566747740267
0.3393570864617376
0.3389881701403768
0.3238578917338598
0.30845873021372894
0.2898131273332972
0.28975314756865134
0.28792603439826986
0.29346503848822647
0.2975286131581874
0.2926761262066462
0.3109362311337148
0.2823275413126045
0.28383264057571783
0.3132737281089964
0.34713642520339655
0.3389762218877912
0.32074169224113647
0.30904718845368895
0.3140383816955479
0.32715569101357345
0.3506449986572934
0.35812243322408716
0.36761010866133864
0.3681312385619454
0.3753804927056728
0.3591660572258634
0.3414064380401011
0.316469906554952
0.28331375081664545
0.2800730395183589
0.27581320036343593
0.28051848321255407
0.2876690207481114
0.29668576852717043
0.30507881753852756
0.31924905796155634
0.32804493649472394
0.3162516498768059
0.26019665067859
0.2091168391358403
0.20340719284922687
0.2211755569712142
0.23450944554622924
0.23585961381791953
0.2565018533875552
0.29882897173095124
0.3106683610156992
0.31801808186148967
0.2880954065254606
0.2756838335724629
0.25329565019229006
0.2549714004067128
0.2688186589637642
0.2703034670926092
0.27794925425272243
0.2776755631200285
0.287277799274743
0.3097972400810053
0.3293380138172831
0.3261720231452319
0.3148605548018953
0.3066834951734319
0.29672482554438206
0.30629871622474913
0.29324828126915975
0.28441880331764363
0.28335113050742666
0.29921178072936355
0.327325699486851
0.34687931340184563
0.34648865909828663
0.3110659810588688
0.2670326754356907
0.2509462545026958
0.23858435202540404
0.2362151411973517
0.2556470557139832
0.2861003665409331
0.33057855334326897
0.3561390133367442
0.3797939613267753
0.37944425754479927
0.37551535568584177
0.35198820873729214
0.3370071278503936
0.31000196413194187
0.33649222983330296
0.33393822057564404
0.3427113605229642
0.3198732663642549
0.34585195539261604
0.3395218695990696
0.3244881534036535
0.2832817847804908
0.26862555989129
0.2693568543798737
0.2820027583823161
0.3160403758348941
0.35267544138569373
0.3588694635769196
0.3602758929317174
0.33283924336860554
0.2984905505627007
0.29594745011334145
0.30373325256878614
0.3184386864285197
0.33542398867833206
0.3493362772087611
0.325979863328062
0.28372936774247115
0.2718279933540259
0.29482512744755274
0.33768565760927516
0.36273155162580145
0.3663869971428075
0.3603144010140774
0.338794185420146
0.33748140476554794
0.33094212318673055
0.3347383131327167
0.3564155391482022
0.3613602278569169
0.3378164173461287
0.30385092815572545
0.28570957666455415
0.2743056132316777
0.26946433185615964
0.29188316080043547
0.31269213768858134
0.30988128087840877
0.3342066909925896
0.34359355170479444
0.35438043019151944
0.349117353181524
0.3700409242983066
0.34346323329393397
0.3322422025292333
0.3041983699782562
0.2671954183845041
0.24908820768311457
0.2501167832965905
0.28662792553531435
0.3428531479959414
0.354610756718173
0.3504378087490472
0.34790692165565645
0.3401679604140732
0.3300192004389715
0.3145398386441311
0.29210844781045747
0.2964615642739774
0.3206237793014603
0.36702408805296544
0.38517404990024473
0.3849294744318591
0.3397208970891506
0.2977704972510821
0.2663353534854835
0.2823456430347925
0.2997652096595173
0.31865216772632055
0.32269494593015846
0.3387582322287739
0.3357776486193442
0.33169694862519516
0.314922396007072
0.30054948172640705
0.2814360455716454
0.2798741408964847
0.30917289950719723
0.3237683566305823
0.34791041781920506
0.35950975842868915
0.3856251075736727
0.4101488821677551
0.41284835491759525
0.39764944042209865
0.381481092160591
0.39247292362379305
0.3742048903783469
0.36832220993208264
0.32917718515688177
0.30457773788888304
0.2725945668392375
0.26162455410312013
0.27048677826975787
0.2877361160100499
0.3121629960285442
0.31204073018464423
0.32050539378123755
0.31780618526912097
0.34140206977219684
0.32813741241227595
0.31790376557736105
0.2913812511822995
0.2945027536819421
0.2781297431962777
0.26951009913041724
0.24684870248099394
0.2609814848598617
0.2880990976770424
0.32207313220299755
0.3249246877139955
0.3409639776801149
0.3372142998053494
0.31857415482982265
0.301302683829411
0.2931285566026814
0.3404174967349903
0.37743680865246704
0.4083986440667135
0.40408531250662344
0.393987632409777
0.35503967223171595
0.32596317473600767
0.3052119443210319
0.31212150287138984
0.31695006187879493
0.3281291998402155
0.33050379181597134
0.3296173345833518
0.28294745774625313
0.26823964766809044
0.2728011095636161
0.29632552968283554
0.3033906746262456
0.3078698803713036
0.31275293745650723
0.31693915454364174
0.31407116351745384
0.2988925935448935
0.3076270794260026
0.3279309654089504
0.35527743513362525
0.3637858569454648
0.37665212933026865
0.3572455514558472
0.3607455416500683
0.3560890143210966
0.3820803172650496
0.38859955190678985
0.3953430811130902
0.38104843948397693
0.3514880653478041
0.3106923245599676
0.29942194836384683
0.28173735216433815
0.29024881946228126
0.31588343208842196
0.35219893714922335
0.36316123456006916
0.34841220803652484
0.3162761794951823
0.26809999339809826
0.24442734903952726
0.24871501133771035
0.2836994615777005
0.32252378613438115
0.3355083995504863
0.3213155210132902
0.275089271606278
0.25251135792032586
0.2691713490623288
0.31206734720534396
0.34713867638451346
0.3569724155433878
0.3496869959264832
0.33934368294917283
0.337317409054042
0.35692301953285965
0.35785725900748083
0.3329676917674712
0.29623314714180293
0.26309727683371265
0.24620083590490094
0.24610330008525433
0.2794016365106782
0.29034608224265546
0.30389787129889495
0.3255502396606222
0.3300086029267766
0.32072224618150913
0.3258058638166988
0.31637812569937557
0.3208605711404224
0.31268213682106716
0.2996816242483261
0.2633483660850625
0.23064952634245053
0.2254035826595656
0.2477515026923851
0.2837273780726871
0.3216420619643053
0.34240698542073295
0.33848312169771494
0.3305408458996846
0.32179946837591056
0.33196513958298485
0.31893586142856245
0.31271118110863116
0.2886662727917401
0.28491202414515904
0.2879694929946163
0.30071078565815756
0.29476141474972595
0.2852355774244997
0.26705890403863614
0.2521333186202122
0.24796033048474014
0.24652058955210807
0.28760174391313853
0.31951743808968436
0.34580453909757647
0.34663840233832177
0.3269320460873653
0.29685483923417466
0.27479306063357944
0.2693467195290158
0.2879893166130642
0.30813912331727883
0.327484873958558
0.33535465009276544
0.3358226723201416
0.33236953203238306
0.32109550263664194
0.3119643889803742
0.3284300896349982
0.35406583900952393
0.3686596960758888
0.3698171550148128
0.3406349192289284
0.35210433136325486
0.3563270068992992
0.3625231077910451
0.3491260353725058
0.3695040775454543
0.366100818051304
0.36451900552910177
0.33197479013819686
0.30828038819777903
0.24683046366137948
0.2367547461935158
0.26056568994640245
0.2860638561749535
0.29116279873601864
0.27149532346736654
0.26743888333341986
0.24812823240927923
0.25686491570823683
0.2642766002675496
0.2775906825479824
0.2979719003903284
0.3218642837736702
0.3142405561717483
0.3247735583419493
0.31688510364142175
0.34098143326653574
0.3462862230863233
0.3667278281324535
0.3500027713665603
0.3190289483607331
0.30311095759840223
0.29387859631518887
0.3090693687650772
0.3155419066403553
0.3186591837957478
0.301794888617823
0.2868130386817085
0.2812985137730993
0.2697729361694174
0.26243915213651275
0.25582607997108153
0.26661164008409755
0.3030519248966774
0.32619434183076174
0.318156503312369
0.2975284150255589
0.29274147376467663
0.2870886419762119
0.3056054043305141
0.30503495619972165
0.30171855516135015
0.2784549866895408
0.2719572320846609
0.2699608049810897
0.2807210868007152
0.27821390772135307
0.3046123449999742
0.309597697234048
0.34409440457814955
0.35896699120346764
0.3695965176298816
0.3674849585949075
0.37745505724987516
0.37875625650979905
0.36100884649959497
0.35679116797930244
0.33241220940960226
0.3521373241625791
0.3578888441761884
0.39210092215657594
0.3914425570365783
0.3666801891854441
0.3277889047027552
0.29259645866001366
0.2888881143728973
0.3401025105180772
0.3604224197074007
0.34183248214968853
0.32232222849767517
0.30778520104672785
0.31615061401186906
0.30688712667143236
0.30093403332122726
0.2792708651130431
0.2945995824225287
0.30618205308501567
0.3250638452816447
0.33594341644180886
0.3596787148363891
0.3590334707462815
0.35281220280117587
0.33740059809589557
0.3270723060403717
0.32090412931194967
0.3223416958065191
0.33759545715419337
0.3369782213625679
0.3153049282422167
0.29412966058557727
0.29034353907760685
0.28000627833295105
0.29558815661127114
0.2969777429240521
0.31344272330207046
0.3302888110916283
0.3591264316298037
0.3432487207779459
0.3313266686538876
0.30567683388656824
0.289629955477235
0.2807828042984139
0.2752006733165492
0.27069798605743406
0.2966474632133446
0.32507053344569503
0.3379951769835731
0.3246165907024379
0.3098040329153414
0.29938656175507855
0.3182457308625975
0.32076410606875216
0.3446247513970008
0.3467825607930731
0.34024757914176973
0.31233305579009657
0.3058823506851356
0.3018379896133506
0.31282830155781327
0.31365954102149274
0.34100198274764254
0.3317934911152591
0.3330455445575989
0.3054138154273179
0.2995085184152995
0.2972171219643057
0.30758001260974704
0.3148068732933391
0.3108098967346727
0.30729765085567234
0.3155558979408211
0.325147820159618
0.32960876712858084
0.34316844403978686
0.3349654215240849
0.32610080986974965
0.3324615552286854
0.34736874797704587
0.33187073183260063
0.3137925876924529
0.29745976823422055
0.2972441385874658
0.30678194760345123
0.3036943209674825
0.30337208379741293
0.288613656106304
0.3047659571555954
0.31710958056989835
0.32604941222409994
0.3240213615060054
0.3305111871191134
0.31281869679694685
0.3253208586011032
0.31727561952448347
0.3462165625763667
0.3528062826465268
0.3610274621212585
0.3554326735997094
0.35884256422543187
0.36503596975111635
0.37952773203679857
0.3664433037347627
0.33159824735632165
0.3094807575377385
0.29782980947464127
0.31479467711631354
0.34018729667202063
0.3790380089805756
0.3820838070904903
0.37246928121716383
0.34021127452791333
0.30471620534490496
0.27243628984289775
0.2674195162206183
0.2785682940316116
0.29332465205311986
0.2927028906598571
0.27862939414825616
0.28377519993299066
0.25919401861930613
0.24603654497223543
0.22862819710126175
0.24217856737854548
0.253492716578802
0.2823236678216389
0.3195114058692236
0.35138593056956235
0.3564826259756988
0.33950168321257507
0.3215772099175085
0.2943198892726157
0.2977188809044819
0.3005402785083838
0.3073581199081938
0.2998401961967057
0.3015596903606047
0.2972661372143402
0.28275077213672123
0.3084766491343533
0.31548860613142027
0.32794510237063423
0.32041259850896064
0.32704446944904736
0.3171349703220129
0.29511415609273295
0.28410805421329755
0.31851375193030096
0.3447293388982616
0.32827926949323416
0.3272245501517862
0.31626570939730453
0.32514424384610463
0.32321808252759876
0.3406307197672132
0.32800498211646506
0.3094957421900325
0.2846224870137872
0.272805823301885
0.2608611705352971
0.2686424032028414
0.2669139770635886
0.292961115402403
0.30866272979733994
0.31693851982520393
0.2946586324430945
0.30742935236537283
0.3170892744645631
0.33480189069022454
0.36299599061231624
0.4141030606736293
0.4509288350238871
0.4572827229994532
0.44078531286490513
0.41983160342451076
0.39523443071073316
0.35851716148831525
0.3196862087146859
0.28769951190817766
0.29087490832296703
0.34305686970475474
0.3701397882013022
0.39112647120910066
0.35841073491301206
0.3062451559693466
0.25290387295939676
0.2293926057000241
0.22738880747279716
0.24693794526434884
0.25912846597478467
0.2733884182171245
0.27379190049125757
0.2712637719087073
0.29103051656673584
0.29344887226103084
0.31335373505717046
0.29072180507730816
0.2914069563388106
0.31637554832111925
0.3618295580927272
0.3899501757627534
0.39730928171400787
0.39288748971639875
0.37732218821914176
0.3817954250936817
0.3624849830405102
0.363386900452188
0.32771334297827737
0.32196362702340836
0.306732042658473
0.31256828871204123
0.32960651091071624
0.34582959043274797
0.3318797227919768
0.30526863002735094
0.2867271443893451
0.26420205210339737
0.25623566052082464
0.2558353335125848
0.2677664164708428
0.2745676038317363
0.2819003994447876
0.2950105698974514
0.30500704191119804
0.3057406264225674
0.29455549841420264
0.29538700869192713
0.3049850715667145
0.31952315153220595
0.35834972054889075
0.3826510019961472
0.39106262432650146
0.3964446722369962
0.373944407516189
0.37678913412757153
0.377095260000805
0.3908982780011302
0.3769050366906857
0.3520486849931816
0.29620473151313575
0.25798599450031473
0.2281842156538684
0.20953191069235594
0.21587324075172
0.23035504312365712
0.264093263109075
0.28442830620110815
0.3196879260089082
0.36111117212058313
0.3464171723062981
0.3224411570992626
0.28580723075415265
0.2947440815971843
0.297360453917138
0.31531368614990035
0.3130662357590264
0.31580585593293903
0.3136532798645745
0.32624858310837845
0.31645831952847026
0.3248547546928514
0.29140249133679047
0.2834001080437628
0.3092266014585083
0.3374208646244693
0.3702413435623484
0.38621795373215867
0.361918727955638
0.32473336849953266
0.27276726320393013
0.23844293986041953
0.22739854019828218
0.25178585371224993
0.302160554706854
0.384266196542017
0.42007779790437194
0.42909546160096596
0.3805199803425658
0.35189117208437487
0.31638590529523264
0.3431405858614461
0.3677268272069402
0.4081408988200255
0.4026211422791094
0.40461325138811893
0.4036981939225385
0.42722987229617276
0.4137035938792774
0.3984170570549026
0.36448214746293833
0.32097350000363506
0.2930241819383781
0.27940151040169364
0.27981289037869883
0.31170182018693143
0.3264042025548944
0.3372344650467155
0.3232198747247546
0.3240984229747361
0.32132323238004706
0.35388041009569415
0.3438205823180147
0.34702775449354684
0.330736388565675
0.31112695575999955
0.2822041572349018
0.2599626767711907
0.24446423231756176
0.2789077663437814
0.3256670946617395
0.35273633736768256
0.3644238256134648
0.36690433135549405
0.36358350185448074
0.3777938878665234
0.38768990111760315
0.39772482598582876
0.3950819449874527
0.3739624810037636
0.35788610355372513
0.3697896563205846
0.3702014649431314
0.3743530140864577
0.3536833219019893
0.3353159903139737
0.32254883628820946
0.32874550164136035
0.33868058580803645
0.34429568991029363
0.33379456350300685
0.3322058794817658
0.3217917070207828
0.33603350771845786
0.3204121070548356
0.3144221788129732
0.27235351385997114
0.2515265669458676
0.24555446586925905
0.273797640582898
0.273763544459381
0.27892121201566256
0.2649981678543675
0.26245585454238335
0.2614997311265607
0.28332563210237405
0.3057595673889188
0.29035577950988867
0.2864028039072052
0.2857450305264254
0.2950291034537263
0.29761447459083445
0.30692584423676694
0.31119018577726665
0.33856674050636804
0.36000273352402984
0.380686600580788
0.36701255215952505
0.35139078378086547
0.3328272749126357
0.32375838621782793
0.2948952726674256
0.2849379287978941
0.28434229463494676
0.29635504406057006
0.32693743515073603
0.3617653730745572
0.36425931625662766
0.3424346376013149
0.34617513094135727
0.33442506517947573
0.3350745647773136
0.3361002590518439
0.34228749671938286
0.36281755195786164
0.36150119891463567
0.33271412889920327
0.29844909331375374
0.2627114151676403
0.23825975678906922
0.22813943783300336
0.25707244232834686
0.2727778591507579
0.2813692221400607
0.2880084706303001
0.2749393785288652
0.28112487506720013
0.28968777867887435
0.306375291573423
0.30020979199622627
0.28901179437945285
0.3003032301672275
0.31252533123871884
0.3308681482890229
0.3345484302437077
0.34840583773814326
0.3753600795520224
0.38713406740347045
0.37491663602291925
0.35080266193542775
0.3535891460612092
0.36652578604961467
0.3679210807022831
0.35652171473014777
0.33817947430130135
0.31460132824797493
0.29802187761589566
0.2872639538394828
0.2793860120274986
0.2810985136065076
0.27783473518752355
0.28260786464209586
0.30296058392829844
0.3303738098726654
0.34323910328167645
0.3290286739167012
0.3202894382343324
0.2982904900178136
0.27518302000963046
0.2527854774216208
0.24716857885521443
0.24517198271722426
0.27197316027784263
0.2851045801112911
0.30322934206234703
0.32097606066674833
0.34756104047284786
0.37838019137295786
0.40280862318666655
0.4395125494956654
0.4188181089644162
0.39553548761517276
0.3371936969772828
0.31671952943352466
0.30214143299013274
0.32773266200179074
0.35202175427016985
0.3761084618661223
0.3503069007992835
0.30066683282294215
0.25719323196203525
0.2557991805162871
0.26604082923680916
0.2839618726569008
0.29687245088560776
0.3031792187696395
0.28522420870286364
0.2785068949097842
0.2589063011713087
0.26025956977079506
0.25958309884364805
0.2684505626626058
0.2865257267497307
0.3024253872975909
0.3178585460401782
0.32824943365699005
0.33870127263262645
0.3340109790970209
0.32340265366136345
0.31841128919720074
0.33779947126940224
0.35251002590305747
0.3464022171897316
0.3497599097976538
0.3591000366767519
0.37020191787951756
0.37188040936801114
0.37484861657752894
0.3572780828338461
0.3226662289981262
0.3046311051500171
0.2957594709925974
0.2952415564275544
0.3019193170704808
0.32466882425553434
0.34943002083984215
0.3599647660101154
0.36509834037249445
0.35053262158202025
0.3398902465246592
0.3350727835863593
0.33028772101619486
0.3363062137781705
0.3123270544197523
0.2969765477206394
0.2986883313913974
0.2963058678752573
0.3177152340958026
0.31702529951489444
0.3440490795421829
0.33751922845561905
0.3227113170821297
0.3169855381116824
0.3194833959508268
0.3254298788337422
0.31385581132737284
0.3230358536216887
0.3191230064710292
0.3098515428171106
0.33352353741963914
0.3488444561051733
0.3601038422171841
0.3436802780092271
0.32725805467023733
0.33550240560469474
0.35347160971763025
0.38201106615505104
0.3722134834830565
0.3539727583198984
0.32385790886170557
0.32818697482154185
0.31603414042681405
0.33920377673555924
0.3456033385005899
0.35051278625888316
0.3389088655258209
0.33099059751624815
0.31286842735552417
0.2777757299422756
0.2816908827825017
0.2995109860810854
0.3288422393025325
0.3543992492088997
0.3775509196687408
0.368154409005082
0.35407436612802345
0.33053185909595584
0.30934798581535444
0.25391620933808134
0.20173453973028188
0.19659702801451984
0.2436709344941289
0.2914915947896271
0.3293168295329695
0.34435012832058365
0.3515144548350977
0.33709547980871024
0.31831345594608496
0.3112621957547523
0.30712015503842754
0.304738334857299
0.3202287433031895
0.32691602042689594
0.32826876038579367
0.29209659265459215
0.2813011073430807
0.278262208442224
0.307546059878971
0.31312221846722327
0.31239524349711556
0.3083701327716078
0.3109140566209071
0.3222974272074918
0.3117837340106765
0.3215019263500271
0.32599271749720155
0.34097410549333723
0.35593911407591444
0.36940502437995665
0.37809932362966164
0.36322718622734845
0.3710357113421133
0.345217303549162
0.33355752236183295
0.2802731218751178
0.2534514337120999
0.241745416297605
0.24876222109356724
0.26998262163892184
0.2807141416403722
0.3032959548157257
0.30197070201438897
0.31453967281502015
0.34471146857238727
0.3625769881684783
0.36925416772991937
0.3747981873945563
0.372084129487797
0.3619416261874587
0.3352262371044756
0.34424783701141265
0.3340036244209827
0.33687586628156035
0.3414766387545408
0.38228626603135335
0.4138968678411997
0.43975178213096805
0.449733712111778
0.4218981190440353
0.3787761385890928
0.3259198602891129
0.30660616439056176
0.3269235450003179
0.33329788108645236
0.34148931421462814
0.3255322994938972
0.3128930567552053
0.26990883549830963
0.25087191828155636
0.23817289514074833
0.23745352680531617
0.24620808586022694
0.263674655251506
0.29293628249909287
0.29512763112689305
0.2907844435537637
0.27728248141399053
0.2892693044315784
0.3155097957301241
0.34026249437756173
0.31315984744300285
0.2818913402075852
0.313111391693517
0.3581547632671418
0.39465296832443825
0.3789116886584675
0.33800214417049046
0.27951694655971704
0.2569673524607502
0.26027369120320865
0.2940919415861568
0.3279101542969161
0.37708138260639046
0.37554010705576923
0.3459559254201841
0.2780623739129309
0.2404798140562756
0.21485880757299222
0.2286080032620068
0.2703452772016945
0.32146495606478737
0.3359900525805171
0.3488175827075399
0.3378621412937607
0.31820950507889506
0.30920106022771443
0.31140342614064404
0.32969209576528125
0.3379572677098848
0.352139014449338
0.34091679207091286
0.3199103531174972
0.3066862323938972
0.32814452486969337
0.3736400860428472
0.4180811689398318
0.390198703762769
0.35802802788702287
0.3314977264630492
0.312822407814068
0.31274996262326127
0.336423013692978
0.38714746788239357
0.4048074609210397
0.3840317895475378
0.34486919204055644
0.3072912490918105
0.28764923951915755
0.31409751638475547
0.34459657929715465
0.3545442871317865
0.35055563662517975
0.34368188871462935
0.298561677215727
0.2886210000159978
0.25933079899890327
0.26354839944574554
0.26651860051692
0.3079698640969028
0.3030864688554637
0.32054646046375523
0.31222502154516046
0.33360875783950666
0.3173168546624975
0.3217493298823124
0.3146504022940762
0.31000975194317804
0.2900365449405192
0.3118686131368315
0.3543493155712236
0.3905733834573926
0.38591448129735284
0.34417666921463735
0.3151479990980925
0.31043391533190823
0.32118801242983486
0.32429101821368167
0.3132779891470006
0.32515776583368183
0.30795651892563836
0.2989320944606603
0.2986168462456252
0.3001857603736645
0.29602775401492126
0.29562455032316887
0.2809049260172182
0.2786299628514508
0.2758008073287493
0.27687538057035943
0.29160325783034546
0.3156490064719428
0.35424137301277336
0.3639150464986117
0.34483892155177626
0.3122386507289941
0.2835314186298441
0.25918521734402433
0.2545825180983841
0.2466166772604451
0.2459310927562802
0.22553846889818602
0.22758283918956396
0.22493704125505848
0.23654468914913046
0.25141384318548
0.2771555840629593
0.30687339225698457
0.32587723480504793
0.3390474256332767
0.38475445906418076
0.38865431128407574
0.389793472764713
0.3504702027426264
0.32314301300234355
0.3034596166871437
0.306258252024723
0.36108912031310375
0.3773167490788306
0.34982260029316536
0.3267005243204309
0.3134645792458762
0.288670393613335
0.2880929310311058
0.28732182071544987
0.29914187150127164
0.3038118888985432
0.28057610753515067
0.2762214566609132
0.26816082912026024
0.2747590142311159
0.27383489339010486
0.29635415375701846
0.28393316140190505
0.27489690487508445
0.26015570832982476
0.27847563093554584
0.29032996827219626
0.3280705176811575
0.3863314188213063
0.4244750147175193
0.43006690479286264
0.40806486975380046
0.354805789568565
0.31319986762528756
0.2939232480797975
0.3154988248087368
0.38226858862304186
0.42231169157989407
0.4401917234803687
0.41149463425533167
0.36859388996521875
0.3230854924441494
0.2793159692017378
0.26939515512631107
0.2893968142945377
0.30255712692731124
0.3079004136887196
0.28253636541145455
0.29663518145482887
0.31081592839658495
0.34205225979885306
0.35355460088273805
0.3456044162137664
0.32742995049458984
0.3049943981783403
0.27846646318408064
0.25662614008819146
0.26552903251403215
0.30194733028879567
0.331401586705056
0.37148496494303457
0.3692796315241825
0.3690012701460826
0.339640952518648
0.3151397985456107
0.3190013654166809
0.3339565112765671
0.3570830181594307
0.3585489876840684
0.3545646955477331
0.35977696451526225
0.34482635872004946
0.3411777659492534
0.32999417147526205
0.34905466865887463
0.3676285406105745
0.3665696138040708
0.3425321377991576
0.31804327453003356
0.31899709544656163
0.3598646272142643
0.38801574504519803
0.37924101974741975
0.36550144661729117
0.35018723626526493
0.3620041169565756
0.35417404943965597
0.34136290141755704
0.3077740249703343
0.29232119551718044
0.2719865577014131
0.28654256576331305
0.28306161633843996
0.29183167839025287
0.2897401605159708
0.30144633846818775
0.30469210886049725
0.32721899189559484
0.3457018609600758
0.3639275442178229
0.34520467080467576
0.31267932470342374
0.2871970653078681
0.28289671177141534
0.3178706676202785
0.3543232781182918
0.3911384439674946
0.4021248851778056
0.394467045767127
0.3726582395263839
0.3153515588353461
0.29339737751924533
0.28043674236400207
0.2899524874046049
0.3028177336946155
0.3126618755883075
0.31586876185142193
0.2833829987223229
0.2686571420628822
0.23074538725874266
0.25863310129553213
0.28243480404270477
0.30079861545076453
0.2869441969658455
0.29143184047063697
0.3141282956951497
0.3314739058734532
0.3291755377820941
0.2983998583867145
0.2823201103363685
0.26867505676900005
0.24276286044923703
0.25714926084936496
0.2851887462509692
0.33109817540921005
0.35173777368563913
0.3688036760746902
0.34558873060842205
0.316689083023253
0.29707136822683244
0.2926880829119205
0.28484194712885147
0.3115246400323905
0.34023414211213776
0.3643932430786478
0.3528180129350232
0.32494519176201303
0.2707513576228909
0.2168823068714525
0.19889256112127812
0.21658599625976488
0.25734204342272976
0.2825072613240599
0.2812237549653092
0.2797744944556978
0.2724673143793941
0.2705242135270535
0.2408090009753089
0.23082470974322342
0.25291252323800123
0.2983558237373651
0.3254829917912784
0.3166422070894279
0.31285885330581414
0.313060286219895
0.3046924983902184
0.27694026060948557
0.2838753743719942
0.30278243053983184
0.3299152690476044
0.34284187342571926
0.3576708298626099
0.33851420562734175
0.3340531057792747
0.32189341930396476
0.31859144312854387
0.3109575688281053
0.2938210245929119
0.26839387041208623
0.2693807922673196
0.2899159855690885
0.30688686093452033
0.31854504529460875
0.31217516449382976
0.3194596328601173
0.30364356490227784
0.3019942237418268
0.3028496438050991
0.32576270229486776
0.3569180589884207
0.37451341343854067
0.39702589273624983
0.3995681415398579
0.38827549588168614
0.3570162846650746
0.3244908239207036
0.3116082614315057
0.2947996658762874
0.30177463177684305
0.2895417873823211
0.3037808126647299
0.288567120635284
0.30300271328737194
0.29959209789814645
0.3287841709827035
0.34287637513025176
0.3638172083876993
0.35807813137535216
0.36004559676806175
0.3447688555473479
0.3389301137470527
0.31366167519534327
0.29076104615828935
0.28539069462892214
0.2964299776868971
0.30616430262878414
0.31970641742142597
0.3446636624757607
0.3813220364117142
0.3800463296407386
0.33294233995665934
0.30755369163458435
0.296992942746689
0.30661584369123196
0.31819853237019735
0.3387366886826473
0.35400821208147853
0.3415936200893546
0.3386443456292111
0.32314344953738944
0.34112110769067555
0.3272169069470213
0.3284173236288083
0.3204660901941892
0.3188054416936821
0.30664336969254474
0.3020387230947087
0.3001201251129171
0.29618146561338815
0.3169613991653456
0.3452142841992239
0.3908224857870202
0.39801950133428643
0.4035913077699588
0.3603174724786227
0.32887522134766645
0.2802617340044935
0.2736923274020918
0.2667175418358822
0.2888060418093303
0.29211728578981633
0.2905247581510563
0.2563920218207421
0.2618132619882155
0.2622452392097743
0.3043562062730696
0.32803742175567596
0.36796192868785893
0.37190101428532296
0.37433098227771033
0.3690663031487885
0.3459976356055812
0.33553572187390446
0.35089087383094775
0.33932545031618444
0.33348640422955295
0.3095176261234694
0.3148647690596102
0.3037436860520054
0.31835473445658186
0.32878444762905784
0.3631961278990924
0.3506642499111087
0.35516535359646323
0.341455508796065
0.34046484599871196
0.3144391796619991
0.314668990157427
0.3358693402077915
0.37012420178540845
0.3662375457289764
0.3495419720827738
0.31428322176982426
0.30622755703080223
0.2910927284898841
0.29315734753622363
0.3060044723927119
0.3128355112763894
0.3169688901518446
0.30564401354641935
0.31470210103071183
0.31377544428382415
0.3295104653707438
0.32699257422658273
0.33042756060044765
0.3119329628815057
0.2912938790252062
0.2688341842110458
0.25065329904759437
0.269122163655291
0.2999748101520288
0.3099368326058551
0.3207095589705458
0.31963164201796895
0.325049976466819
0.35201361668764375
0.35364316502024257
0.34083127469089014
0.32584812786952233
0.3136843470330841
0.30731454071258985
0.3067217979818673
0.32089498186825616
0.3301732264557085
0.33508526196363797
0.3412227500170419
0.3545570470909552
0.3666116201053751
0.3547086811443509
0.3258586445556587
0.318495091583044
0.3201785860027106
0.33641916019772367
0.3425101355479338
0.34949028794303255
0.35325177667980856
0.34119494386999877
0.3181887087346325
0.28450825502461974
0.27564109933778275
0.29562099332994235
0.34238132893759105
0.3555563299560637
0.3875117202062997
0.3924155137748562
0.3848966409203849
0.3398298745336999
0.3205012811684631
0.3189238486089316
0.31763582616443714
0.33518946051236764
0.35402640860031637
0.3804060737276968
0.36582977064797045
0.34698697382611005
0.3187214770510768
0.2825774457133459
0.27191253935372606
0.26938504575933125
0.26791180272683246
0.2547379936191857
0.22889710143976189
0.22132569905951097
0.23188486929039315
0.248226755589088
0.25509053128339376
0.27685223424582595
0.33052795928609396
0.36643775494455777
0.3771187647129758
0.342241466130388
0.3154412900786474
0.29644584780148214
0.30680918126784734
0.32598903495930237
0.3697408510496074
0.37192620245326774
0.3823949473460531
0.3498992067223223
0.341255936548729
0.32348492789978844
0.32681400240062186
0.31786611201817383
0.3323165931326783
0.3230022777277967
0.3329186945654179
0.3633317642330289
0.3739370665679574
0.390091554822521
0.3729762159086933
0.35078964412078256
0.3370334660828896
0.3176317136451786
0.34373082803714017
0.3785825655432046
0.3965164842751846
0.3936495491855513
0.36369797595665565
0.31933751663087373
0.269600899480741
0.2418486108444355
0.2291711837093328
0.24035874253460646
0.29254810307252505
0.34646121288833837
0.36776958232031515
0.36212105328112326
0.33378179376851314
0.31781884499853574
0.31233620247201405
0.3090846130835798
0.2998220527496523
0.30320801467571373
0.3005921359329577
0.31412816933960436
0.32377555288706494
0.34978871407908974
0.37473077650542075
0.378633798241845
0.37251584902632245
0.35775383269252603
0.3600275679462403
0.338694015869654
0.3463222097445729
0.31174167609380704
0.30491230336639946
0.30656658170822076
0.3219732593203365
0.30477712650923744
0.30400360557129014
0.29257350278420535
0.3040021111027232
0.3171508051006747
0.36924498388357413
0.3909519571553397
0.4056378695881686
0.3572226052918853
0.33517609421034467
0.29600631635645974
0.2838214648738121
0.2677279277279217
0.2862699206835979
0.3022160718960643
0.35964896206777713
0.3623996222903433
0.348601161119907
0.3296012026403668
0.3431017131213698
0.3754956571729618
0.3966131350859583
0.3933677968776058
0.3665241147019778
0.36503502334919685
0.33904909712864617
0.3353310832418165
0.3145790699905961
0.3222452029375569
0.3213475881534089
0.3372189038261534
0.34342279051681923
0.33065864809939693
0.3505366088234212
0.3434382093178535
0.36574147496370607
0.34960796470001665
0.33480145289237623
0.3000283540979338
0.28821191811403885
0.2840131154186991
0.303693275222415
0.3237237547829751
0.333208911983725
0.3146482647617666
0.29476823855548373
0.2766025681386495
0.2790043728022147
0.28417804494690085
0.2841556879367201
0.280314226693262
0.28718786274509667
0.31494920315666863
0.33082068674964926
0.3218248242628451
0.30117953579397316
0.2864444104961517
0.28945279014366954
0.28402568476651224
0.2753147851394917
0.2714053558321497
0.28808099583280233
0.30257804774397506
0.30932072223633095
0.3212653149275097
0.3258244530522456
0.32220152745897684
0.3358476382894231
0.3297527211980912
0.29939613855312547
0.27151787903249425
0.25674063525272106
0.27982637685738276
0.286137827421886
0.3031879028655273
0.31315393316355966
0.3157526698620065
0.3112533273610019
0.3244656635334489
0.3551808241129314
0.3525299439361379
0.3334123437089496
0.3003096703642456
0.2620429817171801
0.2544347230680946
0.27656655110036005
0.3196279176458039
0.3463567802258763
0.3554794785354474
0.36076241359381356
0.3699207576760641
0.3501027736116367
0.3675129302204378
0.35067069483822544
0.3586062937191474
0.3443280880065173
0.34079259110443366
0.33681304618735963
0.3583917457481711
0.3525697866208699
0.33212856131933344
0.3114954897999858
0.2904167639458577
0.2892619744922996
0.2812754670512718
0.30858632795008284
0.33415179730948286
0.35230411679619733
0.3588928105832124
0.35876815028155784
0.33301345710713887
0.31367238426268906
0.3070082075585656
0.30078993974496715
0.3161437516378708
0.3162556117913266
0.3200005802100628
0.3238888015109139
0.32419750225024346
0.34083603808363666
0.3434565090497696
0.3158835568552177
0.28281941462396787
0.26759195587527923
0.2776817639987511
0.2996881672139054
0.3253887340058726
0.33857655035040113
0.3454099570354452
0.33208770036247154
0.31803256554820036
0.2956476045038316
0.28254882801779774
0.29296620294689524
0.35113300333827047
0.4119676694109191
0.4117209035447911
0.3710114283452088
0.3231153995820288
0.3063757599827234
0.29129081025656955
0.2897458629496369
0.30178325726374144
0.31821317692773093
0.3346557309741703
0.3453199721307166
0.3530512981048624
0.3274145264874227
0.2988126368039568
0.2823556165054872
0.29708938074333746
0.2887358993740344
0.2911425524189926
0.2817044938146359
0.2771060004546217
0.28616368679560994
0.30520497620997544
0.33668748511152574
0.336643689716141
0.3412816860298203
0.36720137303612943
0.3795788697414218
0.3851972756384252
0.36454260576282294
0.35499161136585605
0.31605486869417343
0.2914597118263339
0.29283290644075444
0.31632803493442135
0.32828240122404867
0.3101365844053003
0.3079850783623831
0.3181277098442827
0.3182470095908698
0.3285725719677607
0.34687173767825064
0.3681647936082671
0.36140278869599307
0.37722051858934624
0.36040761079381156
0.3602342976744777
0.3312714115928723
0.3541888327472297
0.3593735136383407
0.3910923120360298
0.38872560057771965
0.3804030341700588
0.3439481256369874
0.3201979090971248
0.2859122419782384
0.2647143533714383
0.24795187881880928
0.2626347615454854
0.27413294684070255
0.30169797316051994
0.3297310907778241
0.3738853886743113
0.37603504629266404
0.39205564476414595
0.37037187136910993
0.37170326093988754
0.34907714524657724
0.3649219126700038
0.383299073765847
0.4054366975227322
0.4018547892285276
0.3689849906949508
0.3381752435668314
0.30117365913019856
0.26765253941408457
0.24643524341206263
0.2458311614070292
0.2621140809899336
0.30249332165991866
0.32425516173828106
0.3475809538681011
0.3836074592151126
0.39950192669611273
0.4135620505013254
0.3936071616207062
0.3592175085714632
0.316234422770736
0.29916341590846357
0.3002856535059557
0.3385106662518882
0.36039302783770466
0.358482876719474
0.36111314492760893
0.3540708937274401
0.38226158435966745
0.3891578510767329
0.39747301876963614
0.3774630051575055
0.36020875444437467
0.3123704032716033
0.2964503758188515
0.27937175181056395
0.29198512410283234
0.2935960022304949
0.30369391586082983
0.2925290860689872
0.31550466713442926
0.2994604330559612
0.29279862313527333
0.2811127621727568
0.29405606111477095
0.2883972203194194
0.2864801174526092
0.2918098893184602
0.2930392117660842
0.3009080701356094
0.3148274795062736
0.2977055598225219
0.2933245877014469
0.2986214299180443
0.33433469487345396
0.3534412685744243
0.3663344018790034
0.34272206610375383
0.32187132817681813
0.30061134603179185
0.2972046506864016
0.2897130515406236
0.2940381334432834
0.27822364183683235
0.2711693229376809
0.24539916552798935
0.2472238109481514
0.25955415386183667
0.2800473500635107
0.29861004540132546
0.3078178142186052
0.31197732325278177
0.2923176757725258
0.26811654243191385
0.25344357573216647
0.2509986052251536
0.27967772665595636
0.33007947547694744
