7.222083679724387e-32
0.05078618766845384
0.12572328908546912
0.2274480688002281
0.3434381307345189
0.49134388863101947
0.5399616330030229
0.5355741429029705
0.5249231812684687
0.6009991093887533
0.7824721358346299
0.9313889343859523
0.9726665753775637
0.946041321875699
0.9285143879124798
0.8457198818938336
0.7682722581741416
0.7126798063228477
0.6820878221756357
0.6710222603983286
0.6476853195211816
0.5993394001922454
0.5418606797758141
0.5101172146999052
0.48152527459502503
0.43001349840338576
0.3851778098299654
0.36202882257429336
0.3720211975522425
0.3901636945349488
0.40723964514225053
0.47402371154897255
0.5491726079952135
0.6153268096763252
0.6182303207471221
0.623770499455568
0.6300020065023553
0.5998054072901152
0.5908291869928645
0.588001587614396
0.6074355385073308
0.6132059497906727
0.605759379954115
0.5571518290551163
0.5228495665645965
0.4864246568171476
0.46576599248057166
0.4935765831700539
0.49480313900498823
0.46337233214149315
0.44428188288775905
0.41191742160846057
0.3992535251742219
0.38081040506845676
0.4001174245171918
0.41285381956712486
0.42703853467649855
0.4271599850754166
0.4503488745530856
0.5002106212175549
0.5812397251481504
0.6101031668815247
0.6195232514919561
0.5683406225251503
0.5258862908702319
0.47603482788966195
0.4716154744916145
0.4619999545931102
0.47275425313023056
0.4761784880851997
0.4866991920206973
0.4910778931857608
0.45324501258866823
0.3967125741018512
0.3532739588433227
0.34599639536003973
0.39096950910491113
0.42074007514537365
0.4557671346597277
0.4625996163519631
0.47422186801787586
0.4557825020449463
0.4738043992348684
0.46507444571401263
0.47008595135982967
0.4968496022520602
0.508603227737483
0.49626454150429333
0.48004373194572075
0.4710862975077794
0.4667359331642946
0.49181692575473646
0.5084264764212189
0.5137744174742461
0.5288723694897951
0.5298474092952835
0.5350615461729339
0.5102307337125964
0.509358640265728
0.5127102310649414
0.48779233429842744
0.44884745782998203
0.429452165058892
0.42037493377806623
0.4416239559417325
0.45872476862309386
0.4632372712395749
0.47110050421926186
0.43638636468806746
0.44214958779656366
0.4822621993412791
0.5101227936502166
0.5509533168335763
0.5619496124087897
0.5438733668504049
0.48852478503562974
0.4650292963903798
0.4423825169847309
0.45004856591736914
0.4454152672379769
0.45653490299023564
0.45238579107704363
0.47472059094033636
0.49896392203579376
0.47029356267700556
0.48787927753697236
0.48552310472543075
0.5146297259563113
0.4976490683678099
0.47883601061179926
0.4621206418547902
0.4380922074749944
0.44774675858582
0.48833509992242696
0.5131836651500354
0.5108788546577527
0.5036000303600241
0.5144108192642134
0.5134347549304119
0.5107150642617119
0.5551733869942371
0.595746865714182
0.5991088137406926
0.6029685022520133
0.5784215198060589
0.5861679657363909
0.5584452969633142
0.5590161566343614
0.5814791400174727
0.5632170474721663
0.5213507378682575
0.48997987607252436
0.4866811441546566
0.48737754182283566
0.514709222583864
0.5553758705211725
0.6028808129346074
0.5951368340341465
0.5807644455315241
0.5512436644098248
0.61125882221187
0.6387234282708164
0.656166185972503
0.6324512814895272
0.6377227066265152
0.6514064394924508
0.6716906957531658
0.6851566763786439
0.704608661719677
0.6974772827949143
0.6894870594262188
0.6914754173165116
0.7406529951570084
0.7599008010228818
0.7355575328713125
0.7089979949873662
0.7329025548632708
0.7644462574798008
0.842016777337543
0.9077264733301568
0.90466027682086
0.8939619682552075
0.8531748929911984
0.8228143005547002
0.8449620706555633
0.8113871905695068
0.8637313306264012
0.8493303255393446
0.9028637006201878
0.9264326492023544
0.9392098424901434
0.8953539909807543
0.863789502156098
0.8319713961323788
0.8308088920939737
0.8543740376349099
0.8637540274709644
0.9123902611158454
0.9150873222083251
0.8998258627892602
0.839791158973114
0.8150419787433923
0.8602141198281463
0.9473225803532499
1.002205886219704
0.9692735253588605
0.988348844364456
0.9805247001324264
1.0133738829552155
1.010258477191224
1.005874533262257
1.0146891962798634
0.9514794902071523
0.8711568279938597
0.8411700532502386
0.844289151428168
0.8238753062564566
0.8458500707970457
0.8645568583912442
0.9723508704005909
1.001355177263013
1.071346152650956
1.0509701176192316
0.9784554355311907
0.9472464585634329
0.9237663864033687
0.897101655969865
0.922336590401049
0.9288577356597406
0.8473678319474893
0.8024836578133955
0.7487311123128377
0.7217132028201682
0.6639863279111369
0.6418637774148734
0.6148272475358002
0.6044762836736882
0.580661981280614
0.5924525018743112
0.595428033331104
0.6052313617115496
0.6336085890151751
0.6535977409693079
0.7170864970097848
0.7664118342899668
0.8476095061249976
0.9006983523370766
0.9615625826410361
0.991660777148216
0.9701166811456294
0.9433498334004256
0.9111635666856988
0.8933473132631564
0.8710722900963004
0.8754573087968939
0.8620993851209703
0.8213871326031309
0.827341039661141
0.8262718959057767
0.8479262542095249
0.8301713856816842
0.8163814908360573
0.8096918212135501
0.8066800357742907
0.7724342430052278
0.7624708299462146
0.7356016916616316
0.7690825396967307
0.8465015435254638
0.9511114088514581
0.9840902127035881
0.948738255075369
0.9004707009744447
0.8437467841586823
0.7975589133726352
0.8028098486402101
0.851159893392915
0.9234006724345037
0.9125981123888223
0.8710386867459877
0.8468181242467937
0.8101177011605737
0.8533671317890299
0.9003213643727406
0.9809481473070718
1.0118010312588603
0.9957831396049868
0.9584919575176798
0.8776890671527906
0.8383328689904959
0.8267699913397653
0.8212831578779125
0.8333089958438741
0.8132023300982338
0.816389083637052
0.8068429562902698
0.8273183993352577
0.8507300832975755
0.8761598228055459
0.8551576261009763
0.8238103531386342
0.8199747315365743
0.8442920161713476
0.9303648746027007
1.0616536494967523
1.1576120742732527
1.1676384363013266
1.1208345668946667
1.0259757154646092
0.957232176075599
0.8637708303948313
0.8164595080385927
0.8081727569481385
0.8551725378380247
0.9144840385082894
0.9216937068177691
0.8772306847759674
0.8795430497259348
0.9130300489925881
0.9857983194148947
1.0042468548029833
1.0488302362279331
1.00391024430104
0.960192593300523
0.966326461628041
1.0008201636018401
1.0068523196885881
1.0118841800324563
0.9517824142967337
0.9231695918316268
0.9302149815693125
0.9830995134701965
1.0403778966822157
1.0740346825684877
1.093715031414837
1.0981411870508138
1.0230134016453
0.9760086498311109
0.9533234526207486
1.0180984251003729
1.0087025820591013
0.9469519393067374
0.9099677044114853
0.8735603080730465
0.8530139390809236
0.8790796161082518
0.8747604746281734
0.9300148869355004
0.9815909349480729
0.9851302682252908
0.9455091946060535
0.9262094800276742
0.9668616659024778
0.9788386416656735
0.9886250519047255
0.9760556965345076
0.9420965625177584
0.9524107956084616
0.9570369744307798
1.0233010542704541
1.0439178700850418
1.024706079554681
0.9349064651614959
0.8808422978157716
0.8886755823505935
0.9444926495681113
0.9846240104708337
1.04818558582536
1.018297655030622
1.0343104649458217
1.0083088202239963
1.0134156689222615
1.0022344768953044
0.9689776748446659
0.9016557173090071
0.8246504957042687
0.7831493137306507
0.7717867143575855
0.7685428650332001
0.8116049352861768
0.908964931662591
0.9747001909424776
1.0270416168076324
1.048505894367965
1.0631453573669594
1.0419539912184177
1.0737198865885202
1.0327831719503198
0.9565723991695041
0.9108223260501027
0.8753330033620575
0.8404067535268495
0.8726418507484873
0.9351041181271313
1.0522541127090166
1.1340993023783543
1.2159672250030684
1.2672801348824574
1.2766458508323992
1.2749405353812913
1.2621319395610833
1.3106980971593807
1.401562557968636
1.4612300898388981
1.4944096024737423
1.5029296371585146
1.5057401384066733
1.5427153861094638
1.5628478785922124
1.5504733489782896
1.613755129278778
1.6136071348936936
1.5786305269573646
1.5318606135297133
1.5497041577867998
1.538474118681653
1.5144677605326795
1.4490355536616224
1.438291808392162
1.4681553195927883
1.4743330646343829
1.4794983870501086
1.4475745426157047
1.4558427744110989
1.4419318513831472
1.5533822715877583
1.7294480056392985
1.8121648261266154
1.8724071413297412
1.9533656530853956
1.9783365873690453
1.9577213980849393
1.9732060326464744
2.0153060131754863
2.056080127665814
2.0832909897330283
2.077022316960774
2.125672173996448
2.1113804493883497
2.0878088941762227
2.0874823827073876
2.1257829891187106
2.1974738289298257
2.2249948930674823
2.186409833224312
2.1265677631842306
2.1087108408953226
2.1555783702598768
2.152098522576235
2.0833954778674064
2.008640934827085
1.885884959382857
1.8303716752651178
1.890704014421161
1.979038729341787
2.1249265073026637
2.1457818617664994
2.174588277905845
2.1597543419744936
2.161018134160001
2.184285096329707
2.2128905323441646
2.2059829738777266
2.189301499921389
2.069653077810844
1.9909496226842505
2.024557305110684
2.102995187656576
2.1242279796503976
2.092799951513054
2.040097583946999
2.006481584211891
1.957590195420594
2.017189634716964
2.035891466012853
2.0674023970431468
2.052526215433078
2.0514561140226455
1.9680546054850772
1.8659162690784927
1.7820237839516622
1.7356328499014588
1.6946564728650302
1.6979093200639195
1.7319070127963343
1.7169576049974042
1.626892039135929
1.6221674407074995
1.6788667229081324
1.7890299625554362
1.8247657617456918
1.816813685354171
1.8541344077555817
1.8966078591374709
1.9941350379573737
2.100999881002375
2.231617658850488
2.31303245188228
2.297060908074373
2.2083854653487647
2.094080654219822
1.941497215189654
1.8027211505890837
1.7420694155776677
1.646269933505503
1.604301355374465
1.6135229899918373
1.767976976514933
1.9083753420501879
2.034554193875735
2.0670891118756036
2.0226161754917444
1.978285597609198
2.031344295653223
2.0729860105021687
2.1098420105159907
2.154545393335112
2.21121435713066
2.2866751615274783
2.3983378441743617
2.480217605942135
2.4917723913242615
2.501843454772479
2.3912481746807916
2.351263384724925
2.3033928817675986
2.3462005519983107
2.4542851945285302
2.5484964292473156
2.7853250468238646
2.9438761400622253
3.0207924862038618
2.982357835546387
2.85804846262372
2.790421241372862
2.752583121913518
2.8073825340579863
2.921055024515135
2.9991301634533807
3.003980528935155
2.889643897273759
2.8780572657128527
2.8864939624639883
3.007647983747293
3.0930752844764315
3.114379589466529
3.0948684163506694
3.0076099384697863
3.0179141990665443
3.0243214477359257
2.998125868566835
3.045428105673956
3.004762425580702
3.0178682363474043
2.9782536379811653
2.943136371288368
2.9696957700784394
3.0038006989850694
3.0128495167165577
2.91646987508926
2.8485860784717802
2.758395346519204
2.6351938132577186
2.5280286683486377
2.4368164805335955
2.4691993480954615
2.5052520568276697
2.5031676044785436
2.5759049175579727
2.5985465100021545
2.5893889528435707
2.5002394025668644
2.440525729732643
2.387579514627115
2.429245362364013
2.5206877666341314
2.615962239978919
2.7501763802910872
2.868779507515068
2.8912184805592704
2.9430957091529795
3.005277700147779
3.1021780658733373
3.16837244670188
3.1942699038336793
3.1726881137557696
3.087092390098977
3.0203730472673698
2.9761418560364117
2.9791950531678246
2.9479715807247016
2.9192531907062675
2.9404220897238926
2.886775617117823
2.867857785560814
2.8111517797642533
2.7641916371650774
2.7192302286964987
2.606543349543064
2.5483500841228306
2.484093052950928
2.500533416848186
2.5234550391085584
2.5660024051551287
2.705860595059052
2.7330627418477866
2.7874801587674964
2.802090096380809
2.765327757241708
2.7469286529722923
2.845603298378096
2.9954067321521296
3.1137869162955187
3.132473793268867
3.0235624961241605
2.781389064923396
2.6672662891287073
2.678655215421308
2.8579607701241883
3.0398528562134857
3.09195939247825
3.0646061451109126
2.9833717959754673
2.944186410424512
3.0413652608102555
3.215442775776621
3.327421515160212
3.4106518060231905
3.3895480876911934
3.40487346859941
3.4603181222715853
3.4219948877942508
3.3655653910313212
3.258715396817428
3.2627464933638293
3.28063942698693
3.2997446472525915
3.301878969742517
3.328576354184579
3.4291081960676237
3.558768924360484
3.6603817550652966
3.6893690282636644
3.739879488598824
3.806028117486321
3.781411558929766
3.7396486129933346
3.628457604890416
3.57203177541549
3.5221902934870157
3.5186159385211018
3.4490117893290884
3.3389774707221718
3.3257560960833406
3.3498714521086805
3.438232655265272
3.507158659109793
3.493443179135047
3.3669906270290277
3.230739393786292
3.2196841778280563
3.2650754763902134
3.3151964601992177
3.3864138381757165
3.399388124142764
3.336694101041041
3.298186365985664
3.3727353605956045
3.42329281375192
3.425912599222353
3.366830815567021
3.314274921336329
3.2318721263619774
3.1638134510664613
3.211658640100463
3.220846204926875
3.233836079704988
3.1562035061451326
3.1214234946960606
3.163259186948555
3.2377316480025145
3.3526374856201784
3.407817228888319
3.378043019993706
3.2110013690047547
3.09417625415375
3.0834147941056496
3.145655897942296
3.3122181224968377
3.483514224953593
3.62859720520792
3.674957183916264
3.6620459549737503
3.6568107540907815
3.702678641134099
3.763076343526378
3.7901197492940417
3.789885129171885
3.657455532764201
3.499711362924425
3.3568230671939285
3.3221728010200837
3.3293181336543807
3.3505350374096863
3.320219909972535
3.2414995450220134
3.1482727416428617
3.1403028711057765
3.1324677146184086
3.1238875187692408
3.056996603915529
3.0399005106840193
3.0646037160762294
3.1901535652601942
3.3440016269325987
3.5741347087240976
3.6918230533914875
3.8078498829603857
3.841836083274692
3.810460936012598
3.7927192758103385
3.817509850162594
3.802155125092817
3.7998497117435366
3.6950248290528815
3.595823462166393
3.523938911041638
3.47546624813021
3.4892510764638036
3.554768994652729
3.6219678301581903
3.7046529308961413
3.7158707505613817
3.6997105447725893
3.673101768527636
3.684448029710811
3.660811072605291
3.667328774878302
3.6453534655566155
3.663636491008125
3.659792709219686
3.5986408598922184
3.5156989386206785
3.409079547084141
3.4752507274813103
3.5539082790976178
3.561778654712545
3.5405270810382428
3.413912424183985
3.355484656981429
3.4215792901821778
3.536233488198085
3.696479909222948
3.8001285292519
3.8292248262845017
3.7853054841026195
3.7528733717139833
3.6810882216181797
3.449291013396007
3.371784605727822
3.3330635144182263
3.368455136272063
3.3913256168602586
3.3397673261031096
3.2206646403136783
3.1130660732764914
3.1038518837513056
3.2307701782781364
3.3776978378539244
3.5154430996419066
3.5825455132569886
3.6338119638159085
3.610086693620124
3.5679426714074154
3.543232058394858
3.5700540854159826
3.6141058425140415
3.6268193296859548
3.652091054255772
3.6596804405753485
3.6993343456009837
3.718943215347992
3.716763780919883
3.6615566256480623
3.6299334456297707
3.589576634345898
3.511943396578927
3.39434160934125
3.314824089743418
3.2381770097937626
3.1676779900072174
3.155667001229618
3.2262908315549885
3.3927247592613146
3.5126449966420084
3.6253031496772103
3.665308484689844
3.5842849828988803
3.4191078027687754
3.384570941571712
3.2831200366300477
3.2415791632281166
3.1792555939116043
3.1970227910164413
3.212486532718423
3.2726798765661034
3.2879016095314477
3.341234235227534
3.4429240434732766
3.503956120369425
3.601012805149643
3.6010666490395793
3.6568040369418275
3.74818785992582
3.698196466061097
3.6084803037966453
3.580484584617866
3.6284877042381263
3.742206303316902
3.8600272129898965
3.930481229726145
3.956589072717499
3.909840590162679
3.7917480838183373
3.885431705164362
3.868151760019629
3.8975931112939834
3.6996117250154597
3.694314940834472
3.6618360231059808
3.6567530233789176
3.7382660532066843
3.7885890716699535
3.776976402400843
3.7746138598509176
3.750018891688445
3.798820896122728
3.779134702451613
3.828777574136678
3.876306401653021
3.992393466447609
4.014074996608185
4.112156370802416
4.09125523111439
4.149794337257789
4.166711238202589
4.175297302218864
4.242793792067067
4.337583850197288
4.43704418273464
4.445634188730526
4.530747528905746
4.627334706138923
4.801075711456214
4.849094059883035
4.772052890765968
4.6734631185208055
4.693717500729786
4.776734364970496
4.918577921381413
5.022411139690421
5.022298244759038
4.941985851042142
4.728976251563593
4.520373340875357
4.3061120994745705
4.124268901574704
4.008116582671386
3.972648613787058
4.017441989306147
4.059963419987651
4.066713272024406
4.084576861980922
4.094150496898666
4.192583358768075
4.280402954913405
4.297864954157522
4.297088493714571
4.243011417138638
4.208766550628488
4.306124472236587
4.413778507943484
4.456654953949142
4.514370699084835
4.571768688339868
4.678414843604727
4.72746848340579
4.75823287332313
4.850541215528656
4.992471011036385
5.070253914060699
5.126039334000266
5.10585143297702
5.004578177732693
4.88083773260446
4.987502219899065
5.114686881354172
5.323986468448586
5.402163630242279
5.2276915916850895
5.008439729449491
4.80502017664955
4.697909750454537
4.722396366103512
4.746495712595811
4.711710955683091
4.7146796531895
4.632288453020074
4.637635768535263
4.640961049012443
4.669363102952005
4.528575178914051
4.400260527474787
4.331964232026018
4.403270028856205
4.6447174010788
4.900913257901564
5.172347302371081
5.377218415526879
5.479412695188987
5.500508318609089
5.458555102307396
5.4146526407384075
5.434334570219156
5.548334615308663
5.550760103896857
5.586253067819819
5.531406316561685
5.412228021874303
5.233578216149702
5.032141630302261
4.893772200012504
4.894230180296892
4.993581451728769
5.021355602988417
4.9124273438575035
4.784890186186214
4.670482890439919
4.635397476923248
4.6483343418888365
4.713910203194898
4.7931867377691155
4.739636468771864
4.7221846445073465
4.661793455689938
4.7363084631529375
4.783942831151735
4.833482361026431
4.821655874941007
4.729018806275546
4.726418959497131
4.726208702649807
4.776195824290308
4.8869097263253165
4.9404673986139915
5.051874907592455
5.065482823644619
5.018674259309433
4.990027461022433
5.047870946210337
5.1120931493406845
5.222895209621878
5.24555947790829
5.125400114578449
5.048587431842618
4.985882232835394
5.024030509033961
5.063081967136264
5.099278656377024
5.16886665001941
5.141572817026926
5.093446730053672
4.896237679496236
4.710096584937178
4.6591747062712585
4.74498742019495
4.985013912785669
5.247666434662417
5.354325517908149
5.373298754300348
5.20833690006013
5.084386211876149
4.948835839218207
4.894952000627506
4.79875357201807
4.801065505249003
4.898990633925914
5.017005041032309
4.94522642758601
4.969687560273406
4.969735061629444
4.988418100789528
4.990519941740824
5.057600183043756
5.1873404097832205
5.225408883863626
5.336475437007225
5.267319523868142
5.143548066136893
5.0226192062195665
5.028338695036578
5.145523304313532
5.122028555356261
5.012963783834865
4.76042819050416
4.574644526281194
4.509898956147708
4.709092949619875
4.845347590166005
4.883100157502001
4.88849182028612
4.776212025133151
4.795169452846576
4.888681940321095
5.032545514615559
5.231275548295792
5.292548777298181
5.266206206738108
5.188959336716795
5.173620439542162
5.172725681906488
5.138672144812221
5.204554724648941
5.338378931746629
5.409076976811223
5.528284218145514
5.57566822749293
5.555453366180605
5.38454008520107
5.1992341208178114
5.167918123398532
5.046432999508798
4.788848098709565
4.561598296483967
4.543961329749588
4.5941023648561465
4.585443890570624
4.631321362520392
4.669704951608118
4.6644932116384314
4.759946592537906
4.873258700795454
4.941300034332769
5.0444010870737594
5.157895570786852
5.101143866077096
5.0034041968115375
4.985306335605336
4.850703442247
4.850953495395459
4.811826284468441
4.79055767830559
4.824905296469101
4.846001642099112
4.966181103158151
5.080474169833045
5.133696181940991
5.274054337869206
5.286830495357159
5.300992977938984
5.391762870797458
5.468057068498083
5.543313291181894
5.471504127923445
5.403528895757965
5.336460482204448
5.402949765497744
5.543851899765196
5.607503386721998
5.5404122949546535
5.379747070312313
5.273629620309629
5.129494320661953
5.091627285350351
5.232496751534406
5.394033509917978
5.477771787716829
5.410333861296122
5.344572573232211
5.318333904078315
5.304722636631641
5.34615412432784
5.2981131336753196
5.114792962157487
4.9410563881995
4.832819530903882
4.844940115005671
4.790887727677285
4.828728500073697
4.868805134295149
4.855948451516576
4.8299592604975485
4.756779838186585
4.864426748587119
4.918139501284624
4.885422008666443
4.838151531772488
4.881173263504641
4.979083826068249
4.970402926920057
4.963066231919679
5.024541156798292
5.016959378627291
5.060509937995866
5.0092428270729705
5.042443342622614
5.0678440133722455
5.10273402685365
5.0646869927599045
5.021868411678998
4.9821981883684145
4.960774020168659
4.890836322983039
4.811811165919654
4.855083277420041
4.975141424544355
5.109738428897251
5.241178369291808
5.351797627147832
5.399947086029376
5.481623450062163
5.450404965878985
5.405005529890171
5.395850417414151
5.464861171622927
5.525144859153179
5.463561785395832
5.361855727816422
5.329520787066939
5.286541512178919
5.257894159555624
5.259628798175973
5.167516174445053
5.177817544247413
5.08194538462485
4.957949548275348
4.954606292222011
5.007753789860413
4.9100707490908135
4.726337379987805
4.604195897599732
4.617960181983362
4.760692145384474
4.928639131124518
4.9460605832727
4.98198773798568
4.9378420400640035
4.804899392050691
4.7516741464195595
4.758720966382314
4.833077965530584
4.921798634292577
5.072224265057174
5.106765083488803
5.023132146341547
5.0070466079581895
5.08690602812882
5.1904466290228575
5.312061886311693
5.3942839824890285
5.396152077958254
5.488645029769898
5.476641071972742
5.629338065177704
5.638904998063501
5.687255029862753
5.557434313518207
5.373116331817104
5.433604707074952
5.649838125311397
5.908647770921242
5.991206717190035
5.980745498572852
5.744095697063102
5.598268320915288
5.617979770226109
5.575424608595854
5.438351323318045
5.334909410536799
5.351689812074297
5.373355973646647
5.364120351906363
5.446567748771837
5.4417664505866
5.385459694627016
5.361872317865191
5.342669985337856
5.211917207986402
5.203718737519207
5.266828280884158
5.25879730102739
5.238292835902316
5.190817186925989
5.190608157119096
5.0983319260839695
5.0227898160791735
5.031799718588618
5.098672103434069
5.1186422806688885
5.06912821182318
4.953493885801102
4.899012303764039
5.040088990113857
5.132407919468819
5.205756851117171
5.404010418134298
5.430616333972412
5.41004487368353
5.324538013620902
5.364830829270327
5.3884455827406725
5.56496709572844
5.659349750230364
5.702361455707199
5.566644326250374
5.448090666228657
5.448311119731485
5.457972262592045
5.5597587812712606
5.764451109132933
5.738021411174516
5.830805440642781
5.9520806335676
5.983747771129598
5.8787006101995285
5.7540914631981055
5.6933270952073745
5.797284089363454
6.016864465907008
6.113040518214601
6.212806970695632
6.170986838068419
6.206451866026326
6.197308034302753
6.042708557943447
5.7891982080124915
5.776023294716027
5.6851013217931206
5.760116753039816
5.858466612863318
5.926882674877583
5.9521816137549495
5.983302307261798
6.0034131609239445
5.983040346217694
5.859510738872686
5.926979219165769
5.983279810922294
6.029802315428333
5.998890975163137
6.068882326195057
6.000913827960328
5.914340225715014
5.853958407084387
5.801476602323162
5.637834498079136
5.675391813680812
5.849052155554262
5.996648391078909
5.890919119547077
5.809614798618069
5.761634580003072
5.696823457996662
5.713626234536336
5.770533444552331
5.838089834375641
6.048862180887774
6.206750935115282
6.52542629944879
6.816232767233818
7.0163065105205735
7.014023608657305
6.855667874170906
6.664150554323374
6.517628973235469
6.4132093646481865
6.26696546216688
6.208125938250203
6.080390602999855
6.011558322887666
6.042540368513168
6.042377761908796
6.107103791018833
6.045966480657319
6.08636382756046
6.1757245149690005
6.379657583858605
6.499218867758434
6.489973053636108
6.309115699171459
6.263611625219455
6.26272445967118
6.339683918100268
6.5121720546368405
6.68256748342118
6.798412773343974
6.817223281759878
6.798498398466357
6.687386154765661
6.639916877699259
6.527949105762697
6.592377862859634
6.598269080903969
6.596982999628111
6.566340583469298
6.545165111290483
6.544873265523882
6.63122039257601
6.709779572584719
6.748681416249243
6.533226258025662
6.352756536609147
6.167430810078347
6.316070314316804
6.46425258626252
6.6259274191305755
6.641475661866303
6.674263936637561
6.583940870233058
6.4839871181514726
6.541237718699385
6.5351114115546665
6.470139857468705
6.330433001298767
6.225957058651285
6.289642029398575
6.281316240025333
6.455095350829185
6.516459625620317
6.45590906925255
6.247052743538611
6.101721787016724
6.106733981072346
6.167111196064315
6.238029986617667
6.2108461643652815
6.128008611051701
6.165182020537035
6.295052229704579
6.417722246065187
6.3946434215174355
6.505657421675554
6.536911773364548
6.694023805806145
6.874750284651891
7.093462520664074
7.140080722164995
6.972169049068301
6.901943153797169
6.900672445214436
6.782461190255661
6.683758279954247
6.664654271002379
6.6089575393010005
6.595729600216336
6.619234040029562
6.753104094262467
6.841910564916186
6.749021262752563
6.712112976392746
6.555997284808887
6.629941577082266
6.852654910171352
7.015725536217946
7.036567007317318
7.055551303722916
7.045409310674043
7.0754722054485555
6.991588353476848
6.900005557556712
6.8401955069390885
6.95322805511921
7.139132912252443
7.205514431016777
7.197536059168461
7.160024905061923
7.157698414938335
7.211572902948602
7.256381094468479
7.223691433879223
7.163258367818266
7.18996716922225
7.127830626110608
7.052651216631991
6.900462407339589
6.8795416550719235
6.958305347288907
7.1536274849229615
7.269323278556323
7.3039142652240026
7.221474923162778
7.125438549989707
7.092867076793545
7.139450827597582
7.224344681883878
7.212307497856532
7.239997631051118
7.1441360357509645
6.942849887770399
6.823302714559578
6.840916884979892
6.911015022449282
6.982959486371067
7.0541659456009205
7.087421184928168
7.139410481494798
7.169811132031806
7.2378169416347164
7.123620178717216
6.966309361166251
6.982692032123547
7.035877663680101
7.128064446608624
7.234332166828578
7.402068191168717
7.476498167058281
7.437285687729538
7.372585307519901
7.323764650385083
7.378770593007793
7.485059708666271
7.491219186715241
7.519436523014917
7.547755711307887
7.6482492648696105
7.717537051542497
7.657908206152508
7.610601750127915
7.431803182039893
7.483064313789682
7.4613905019380224
7.3726170752204
7.275319169858329
7.273516152989333
7.226929006829224
7.184169791830725
7.147090377117517
7.1708619989970845
7.169014719988106
7.2004186017862954
7.200294237430989
7.156946581177035
7.118722352457237
7.137302502258562
7.230445961469
7.424653701490187
7.5349364501195755
7.6902030820795355
7.745454196465262
7.742033085503171
7.723629916987458
7.7444383790755005
7.750705511220385
7.8611779297194255
7.837190633903679
7.714688949839293
7.551020389179888
7.437385680503709
7.4048669868554216
7.460590165018906
7.505498358742219
7.711785106314964
7.692768033301185
7.562945796430296
7.414161103848616
7.435471232252513
7.562263585944208
7.604856587128385
7.606800848223544
7.641985030805203
7.646659141393841
7.617422473209632
7.613241862481343
7.63936462524359
7.564282735459927
7.524007112107177
7.568013346516119
7.511728248375543
7.426217900821594
7.342602168812983
7.382380377439089
7.373980437647073
7.401951499510257
7.319497340580972
7.298982166314694
7.267163930391871
7.263547483429896
7.105489463387989
6.999069142350932
6.889486764084215
6.957045781366784
6.952292769957677
6.985344091819161
7.039139234774121
7.121411532620158
7.248341356730653
7.275380942126503
7.197735129702009
7.147422708254156
7.057549989073214
7.135481789659296
7.206320472838025
7.4800305622109855
7.554967642512996
7.470452596273197
7.21012654542888
7.093449273061409
7.120721179225203
7.22175103539345
7.196855299038065
7.076959165788589
7.132682179125327
7.249012573722706
7.453793859459832
7.6384062547546545
7.572831252686657
7.532665369704262
7.4318490393368215
7.480170630999221
7.514240502976273
7.588353910577218
7.581980276256237
7.469011187378849
7.473418343894642
7.546518343836185
7.650199240920885
7.702934408424588
7.72520873332569
7.773669435969654
7.614111135816111
7.472081076506248
7.489762619033146
7.63043651805574
7.797496427444787
7.878245239897246
7.91777792074466
7.9992413836279885
8.193646309605432
8.23483287316892
8.296389896082749
8.254505301773952
8.13448831123859
8.035627753352534
7.926042958884022
7.762955855680742
7.655057201368587
7.619088021173333
7.549997674348081
7.604501917861431
7.6602384121936415
7.665153446097604
7.600354442256279
7.514732136154838
7.4301947455438535
7.3316761812679525
7.299698541413176
7.2000894989456405
7.1647334663618505
7.048996594541923
7.078239879056838
6.997518045112917
7.113878900568561
7.281476901448517
7.477370684283951
7.566654131810965
7.699500853305471
7.640238895476785
7.507142994890232
7.404357726393592
7.468411063904414
7.693503000779122
7.844300045508557
7.877607571049004
7.839045327024035
7.812321679434675
7.8973446042811055
7.959876731673541
7.850835048952523
7.803789738635967
7.650528265277185
7.605340789871634
7.515939625473551
7.543438944407064
7.254065317532579
7.155855783915016
7.307741328569769
7.451202737110266
7.60095329293993
7.650129735513551
7.5504637523675555
7.4705207603909
7.399780148311916
7.367036289228742
7.380129385621451
7.391899743905434
7.388987335320576
7.252430157339569
7.324451577424126
7.363842678571367
7.445526122907631
7.617539691140182
7.710781278883636
7.7038965375643835
7.715639133383737
7.708330962020191
7.555097921540132
7.40639009262974
7.222888737183487
7.208519653522884
7.193250216172474
7.345928717585866
7.467098667810351
7.658971901168797
7.496529800825544
7.249801057220916
7.064092692797289
6.984185891727798
7.065215870457691
7.082617757951109
7.059118777217017
6.961091115043117
6.887278687466286
6.934337619860784
6.940823356900481
7.038507633130392
7.305895865175977
7.442865434918881
7.705522953623571
7.808686740084338
7.807151646360537
7.925185334360282
7.993019199020066
8.034102841921925
8.040825973145255
8.048787782439932
7.874187548307955
7.8477911288324265
7.791812177101727
7.679690683293543
7.595654846831713
7.599194548158859
7.510054427091458
7.405654714900234
7.160063295952412
7.200990731475824
7.2571550810730505
7.254303720842869
7.176778479527747
7.064446912565752
7.053894855515561
7.046900761537929
7.06256264721676
7.137047719309334
7.185487849073924
7.0858477203882995
7.047627812935579
7.073183294447954
7.267464373702359
7.520815670099285
7.646334795966407
7.636407269978473
7.604520345305393
7.685245729930063
7.857225425189782
7.968631548014564
7.807291620703228
7.657217448343726
7.506927964248083
7.437978850835585
7.425493191686311
7.4602490266401285
7.461977695306219
7.39689192485958
7.4024572720504995
7.495281369925214
7.636536916772866
7.722842200756395
7.806231985869604
7.721462084396029
7.633076075004386
7.539313697742854
7.691373732260373
7.816941808706475
7.795260890947868
7.667155313259387
7.372879056587987
7.092453797128547
6.912895019687982
6.914920078284491
6.882032481660762
6.81789843132354
6.870528862604333
6.810813839743817
6.825147206563002
6.9483731126519555
7.1202473939537985
7.262436912496441
7.190118217869665
7.12706647154446
7.1607972220212215
7.184580362028736
7.215525592618474
7.311420599559429
7.2392427677814615
7.115804870977094
7.140819235136311
7.253222030112857
7.365858521711735
7.4219686642748375
7.445367232507165
7.453116625259332
7.472627576419211
7.404624867932246
7.314220691103353
7.123361329235804
7.046852514588563
6.902300481796269
6.883780920636305
6.942848650097659
7.003227941210692
7.098016996031742
7.144199405921374
7.050614650735868
6.931834775478965
6.96145403962111
6.995472746974492
7.052928978411002
6.919945908741798
6.772682469090032
6.7295330105750075
6.9340981830466335
7.287928497082595
7.517686994455868
7.663427943783815
7.5616748470792094
7.469765525486586
7.434396550935443
7.469346841224358
7.496313222334167
7.40205741739379
7.15041545320451
7.026695864897242
7.011107340205343
7.062355402042638
6.984183517227652
6.781866694354604
6.598380962925
6.484601955833823
6.515736705855249
6.700094480052132
6.869680500558122
7.0145035412815515
7.07484929652787
7.104643532586734
7.073987417287741
7.002328336980694
6.835897178852061
6.641601895083575
6.528421548359619
6.5052623685123745
6.543976151146367
6.473455697030462
6.5863783287072035
6.6288286321907375
6.768187894698262
6.841911339195003
6.903385114637743
6.920162467404219
7.083062669712849
7.1895701971305215
7.338990284042033
7.431962808765341
7.435398373476052
7.373907712551722
7.307077907544057
7.262462488476275
7.292071536231017
7.399824456346802
7.507428171035953
7.547368268938155
7.667306303366651
7.731311435949712
7.868081882498382
7.876855448981096
7.787556584611927
7.617856248821081
7.390938513445529
7.181843872498373
7.03477287402297
7.043559270337789
7.080001394143065
7.10927217293201
6.945483490236621
6.89827503655674
6.832802928919916
6.966966237787377
7.104407414824329
7.070986735715537
7.091205688447206
6.973422131923113
6.863622971346595
6.857360530798477
6.986985540982941
6.995600967625383
7.112800044819115
7.138829976862905
7.290530843279621
7.349900089517046
7.45791196176728
7.531530854134956
7.578267441648503
7.665248114797857
7.653981674196188
7.516820631149995
7.419103627697127
7.3161915369975485
7.430153921685793
7.6258579253873915
7.833466415898476
7.87242393136972
7.841721683739969
7.701040787729892
7.49880390304037
7.509955057820749
7.551269846473421
7.650646174419945
7.584002226034326
7.585979130980356
7.457390964741644
7.396179583233853
7.309806748102598
7.390292660814489
7.381987531779972
7.334141349732184
7.339320866841617
7.567917752260953
7.477093208354514
7.4153926631351474
7.382124087495461
7.335553515828798
7.355099685473807
7.434447005804119
7.496963195588471
7.6516569160408245
7.81523839532001
7.72911178099133
7.693520650019342
7.585892399375358
7.583228620346852
7.7013124059630345
7.640429942550538
7.504403834271838
7.363300607797185
7.238196240994222
7.162124139531785
7.2930259837379126
7.365415307911064
7.453637333900698
7.507561991679972
7.64727078282935
7.768668399838822
7.920582955808401
7.987027915836879
8.115274192589837
8.174146169674195
8.216364468497629
8.159016194751203
8.164315498833135
8.196310391296107
8.180020937376668
8.187661515124635
8.237802594009949
8.159251401870517
7.984005299534826
7.840063028197685
7.69882779729204
7.789316540423968
7.8256365632423375
8.02437107871204
8.159321096606932
8.289752641502139
8.211748232928006
8.086170388156125
7.952144349848642
8.033290786195101
8.056938964024514
8.10514274176975
8.071276653891548
7.994835267058113
7.9679726122205095
7.956788819425497
8.057845405890003
8.10239795684608
8.005933704001757
8.058621014835543
8.229602704102286
8.347908769556158
8.454036870327277
8.326444488733575
8.254622661605204
8.265069033953592
8.503244687280494
8.67204827828818
8.805663183333618
8.822201130102698
8.807542708417179
8.923050513905922
9.02400928600268
9.058338327601264
9.053972367314797
8.915646802802552
8.740742929786258
8.494762547827715
8.471445209769728
8.636318060075881
8.759678659417693
8.606939906634175
8.470273207007045
8.561634780706727
8.678263494769208
8.918802867551516
9.100476271420456
9.164560972038775
9.219324796363376
9.253064693613004
9.276362048348332
9.155136275206988
8.99030748394531
8.736703690072243
8.45588911593704
8.36407135706955
8.430173850148927
8.5648110330309
8.656523709391289
8.785570153660217
8.791191722862866
8.790595851797201
8.97568077340779
9.097551002859179
9.181558538297526
9.196812520119053
9.245853968508177
9.125259305545544
9.062257917898036
9.048930191286825
9.131528007504912
9.186938048957353
9.08217828587878
9.058746450345312
8.921071975914233
8.921557899374127
8.669701222735998
8.479283486030399
8.249465077114513
8.326893893754475
8.615712115032807
9.023828813207347
9.214991298238527
9.363141802883943
9.439189435850427
9.454613545985064
9.410665174587873
9.263276272840738
9.112318329362877
8.992355251052272
8.899916043806277
8.814679025641807
8.756970330244032
8.751399675845326
8.706401880104309
8.59426555731087
8.487570830182758
8.515324579878227
8.587115043852696
8.77105338877297
8.741555332917004
8.698344865497337
8.696935859118158
8.732210339879082
8.94795367177078
8.992697486231652
8.970473343740393
8.974559688437223
9.019554424270847
9.159238530782284
9.112965283665815
9.014950092626306
8.784243188389896
8.616515100539011
8.66277289029703
8.816206325008825
8.873621695842836
8.97022143661764
9.034734358802835
9.00524221085219
8.881794893274254
8.802393951058418
8.863285021838005
9.12399616323
9.23796216238863
9.360138865759629
9.205188719662607
9.070853506986372
9.032837026353347
9.050767519204475
9.039123977332006
9.047934324030638
8.965929291483286
8.785958146893114
8.544272636627799
8.614130479453245
8.723821910552429
8.858380002157588
8.803632657465824
8.645751949446499
8.522039255643174
8.435813682786316
8.486110144580842
8.749128866804632
9.126232760143912
9.472772019154338
9.681793716498806
9.835060829543691
9.905314689181983
9.848207491373175
9.808612374615043
9.682652526407647
9.540878186139905
9.387166959052712
9.346185853542016
9.190356669350036
9.052268760261539
8.88316732636731
8.70918728028112
8.752496120369418
8.832876312914117
8.928771216599225
9.025375716380756
9.141818384659462
9.250491938864904
9.411662410980256
9.477039006690983
9.469319063147056
9.459472236930747
9.44909005873576
9.524263866692223
9.656798637995337
9.683827220134425
9.529245969795697
9.375794343234512
9.240486776954729
9.166269489518488
9.131570460646294
9.08120111427108
9.14461169118493
9.096153936598014
9.160913580171998
9.208983213555205
9.231197649026598
9.258155331304993
9.347777400693788
9.266836711086619
9.337906728605661
9.244976151835955
9.146377947532205
9.14241960789524
9.14952580674768
9.231746218272743
9.249558502964021
9.26260739457302
9.151728975915669
9.059939609684465
9.079017668999958
9.03821415889237
8.900221148562537
8.818009784725454
8.743276712548706
8.843681022605624
8.9077048787785
8.959099562423026
9.035648747509375
9.004514579425104
9.00020802938041
8.999885067979056
8.960376219970914
8.798667669670934
8.672328692470401
8.806294843401018
8.99344748628159
9.216448130701917
9.211209532469802
9.153068537114207
9.026453787375626
9.089662859307028
9.2737738128073
9.44803899392591
9.534081987396142
9.448973068435025
9.294563665188836
9.37212682123162
9.440370887916963
9.493209430727827
9.417798833854974
9.369125126040762
9.292779070516168
9.334388488843643
9.482608856517171
9.64284435218163
9.565508025431008
9.39637627700215
9.484103794187435
9.558836949707228
9.492147492044124
9.682812674293174
9.822757778306466
9.892913218317652
9.770000225830568
9.658405505611151
9.588577332846624
9.526795826370565
9.650274564017275
9.763334070070762
9.833429462618827
9.924081072775278
10.026621009497191
9.922789111030939
9.851520617326807
9.682185745414525
9.65826215993165
9.755866894049177
9.770347334670998
9.710634498801069
9.4903878640313
9.347016482239816
9.257951947562193
9.352436977526274
9.460497028573224
9.462411258035615
9.230180197706957
9.0543033120628
8.902515877507
8.950599341771818
9.190570465225846
9.427137015071887
9.51660911398595
9.44369940187487
9.409682625307145
9.569482896505914
9.748349115220696
9.74699900563025
9.58117518980363
9.551786685317001
9.582763406140456
9.447436066910763
9.417715779033614
9.462437717902525
9.466845555979983
9.386551378636163
9.300834817745637
9.083246981839741
8.882250151557008
9.018110572522984
9.234139638769667
9.483571343519422
9.486554256024492
9.344701129130256
9.05085431399619
8.84205727210811
8.820436261828009
8.692214427475992
8.693252750429611
8.63354204691006
8.730025405579767
8.921283554190271
9.135676378603065
9.400863592579485
9.465946058066445
9.604909202226123
9.544035387372857
9.71548684821957
9.653579205253543
9.604769946012373
9.453474478351941
9.551630753792125
9.448185384459375
9.522913322373572
9.486067975175004
9.377959177897766
9.260405388454489
9.326145222895144
9.534036885243681
9.719610385451599
9.685180510139386
9.641100064680506
9.630517390510715
9.65795850611163
9.8617189341642
10.054452743047921
10.086322556657862
10.127790133159714
10.16408926260425
10.124097369957868
10.1758293372685
10.065395370798623
9.995401142227205
9.893066034440878
9.842255156552538
9.78768565580541
9.69475073014088
9.59577405587254
9.4691774614393
9.317048265809015
9.197075102953443
9.379193431860426
9.47552488273185
9.802758167292499
9.82970418844799
9.96360295034271
9.814019043771095
9.636015708653934
9.456149899346778
9.143457383073361
9.056543267812689
9.092812628799777
9.182132732599058
9.111477328438514
8.899261201927379
8.780954052605905
8.853166431941169
9.158382091005858
9.401222108415379
9.406983996281166
9.24761334303345
9.192533958296766
9.084813981322052
9.140126900574177
9.118839435218067
9.03797944155906
8.908224236779125
8.766369333632408
8.862613893700562
8.975232925614687
9.091870402856651
9.03828345485885
8.853182719106819
8.847457228948501
8.892978273865024
8.969857933245962
9.07037957008545
9.019501380869208
9.106530946936596
9.122134581114448
9.333114301268026
9.46313039299839
9.528045520634043
9.455785085166106
9.229506921161748
9.199928303109155
9.197922419348986
9.430981124170525
9.553607497727999
9.57171007129113
9.673377484973056
9.777064410018587
9.899141197839795
9.841139523198335
9.776315765085
9.63690680228572
9.453741194819381
9.394940232177326
9.42109904078126
9.442905453837012
9.25104336278039
9.106833252900682
9.16987390868286
9.315452022117476
9.398955887638675
9.437367393570018
9.340544554659028
9.30803977250765
9.270468411077289
9.36370624413447
9.414459831638085
9.522884552146982
9.526899819904926
9.654104406921801
9.758007099428585
9.997738369420743
10.006491207435465
10.036122228404441
10.093390590827545
10.129536240005946
10.133836258048868
10.14385600407944
10.169593124007454
10.072611957670858
10.005085667244602
9.928364567860394
9.89136518632702
9.836976448960819
9.906877332802324
9.825521326871119
9.608832550045898
9.546697968287697
9.614468586579582
9.674786210751568
9.603007716037055
9.492883432941769
9.261592749988573
9.15711944061107
9.284290582812169
9.46169101288164
9.622593438934432
9.645987787502284
9.493482908605802
9.293697897950622
9.192004815063905
9.33355617885456
9.4444414006728
9.474641990662445
9.564410202037138
9.549822446886079
9.76058494367097
9.820159079183535
9.8642660216208
9.726072024262063
9.635634341366867
9.695712634108716
9.747709800358725
9.844913997452217
9.873414599607013
9.76069692266374
9.789941128245486
9.94869908353122
9.990957809866837
10.00782162619505
9.97828986870774
9.952676373931443
9.894240843999441
9.969193456699113
9.899041597673456
9.887811300773649
9.892445756660383
9.896510001382572
9.718346319796112
9.332582076457712
9.404026888976041
9.529819571829005
9.844235222729575
9.860317679536227
9.880273745587626
9.73569188151405
9.477398478548432
9.476803718568357
9.752635527196192
10.016166852506988
10.187164699481194
10.038262978842111
9.855366327142107
9.792818704197076
9.748641978434518
9.868711094046693
10.096237874845857
10.253412800125776
10.360119309389367
10.351389263328677
10.37570590053115
10.5562831059299
10.86098367456263
10.964902760831894
11.03555174011861
10.865666189884013
10.685133117712162
10.479020056773374
10.321839754716523
10.252902241593345
10.193470127852839
10.149775742147362
10.060571951347509
9.91761002580424
9.878046803662718
9.775264539042022
9.824959385022806
9.729643696037506
9.650748063722247
9.56477344190256
9.565998682579165
9.571064901420666
9.377574549351973
9.253457464624619
9.239809289538089
9.37997022340277
9.509776724570939
9.652574679190263
9.669153053742827
9.829188743254116
9.8436021880421
9.86998496981727
9.850551834062413
9.84242701410803
9.783142322238275
9.715986856142237
9.651258896135136
9.754646383453624
9.769628667003614
9.811141125114547
9.80058623161118
10.022007629506643
10.048642684932448
10.21923616636077
10.343010551062441
10.518957086380999
10.46701396679677
10.31568538039509
10.315708663785067
10.146733912975872
10.252584720533969
10.227129996922033
10.381029864000956
10.173871350305802
10.128972147535274
9.98510511437672
10.011106403069519
10.121095587228922
10.311826510901783
10.235989128510548
10.058218603037515
9.85613784596095
9.682369705512441
9.702867896966369
9.887042596907818
10.039686888910346
10.16299493820686
10.164169231227259
10.292246518565234
10.373701401957911
10.347301890183559
10.275448028074763
10.138112842112548
10.080401866701637
10.132340660262903
10.17893074766638
10.099125011780758
9.927623096965965
9.701221342196115
9.621427721406393
9.604811095195817
9.652612177112173
9.652238029264446
9.675003134508186
9.732028142013567
9.84866895983028
9.813998878774818
9.88911920341741
9.876068628299619
9.940492012939401
10.055768897788647
10.042338810973943
10.01988415653967
9.891537602057536
9.874279871409694
9.939863202679133
10.216561715088213
10.367145825577047
10.474683168191609
10.433422150587651
10.337341811289326
10.322058206010539
10.467047800889627
10.64151634344827
10.747139102034698
10.576140778057432
10.225187736603639
10.031851010135146
9.968858602717779
10.017437405792036
10.105332374487872
9.911679813025048
9.666027875548357
9.317483152250258
9.093927255492952
9.034357405040934
9.06280760110306
9.106483435470254
9.282207243753081
9.232761200746374
9.079322523683249
8.91432063635619
8.787107655878524
8.854289284862919
8.905398437684257
9.000973268782763
8.906118300104357
8.803388970776968
8.915354764954948
9.039890799786901
9.175112876508907
9.160582047580268
9.316746688641908
9.377970478487269
9.3905361310083
9.407884532633934
9.455607317727925
9.547568575463226
9.648088211538438
9.614930522011122
9.80077658953268
9.848386064873283
9.991013258119482
9.919466759876284
9.739146966759849
9.601183661800272
9.54180780727371
9.625962030994298
9.709435139373207
9.668961229903244
9.554706181376774
9.415661340458122
9.419816050277335
9.586740418572948
9.799523650194773
9.952185389275353
10.12106108556064
10.120198347230886
10.088817273434207
10.102427458555281
10.156129172285594
10.204625180217858
10.205334976830072
10.170167646385945
10.059732944650557
9.845530390500672
9.695659385381452
9.74272266504823
9.968975911284604
10.12758916662008
10.080958665849536
9.98494366534591
10.104918176155598
10.346316310695462
10.362676338959988
10.21658094270018
9.980093830327613
9.897463051776223
9.833887030471578
9.743063728726986
9.705724521632602
9.71699923081424
9.699751763346763
9.735505574073233
9.799753650543403
9.790556624592348
9.813970488509145
9.76212379837643
9.615949290750331
9.485804987657243
9.415089731399974
9.410409945426784
9.420900564071385
9.438656679068115
9.492951863061442
9.524435795780386
9.584293993469517
9.488416322605712
9.355134242170118
9.199809364352465
9.173015896130188
9.37235578606621
9.461243981643875
9.436407694968883
9.711851720596563
9.994226523617911
10.292790482734786
10.338166583065924
10.21864914723296
10.204147356358241
10.30384047573184
10.628701663295619
10.737219338404662
10.66147659332331
10.466576351643791
10.191432339978634
10.090565799485685
10.031283484328728
10.176091200159084
10.228430289073833
10.347634014053003
10.500281636794703
10.460729534758723
10.403926792269568
10.21888196993846
9.958406139455803
9.71606586049526
9.698189535677967
9.836227771756537
10.000440315329442
10.054784137990179
9.9427324097804
9.944975598661774
10.095545274418559
10.204016424447506
10.216714062559756
10.04001654326092
9.959142061036953
9.955609221123096
10.04932574566106
10.043872307852395
10.036351274308547
10.084304141753986
10.06934850839522
10.31650181916658
10.60950448554204
10.68872970147024
10.693908470463953
10.552642313408692
10.56025864554935
10.555764459947182
10.573299144732207
10.476378652067359
10.443277398071436
10.384963247260915
10.290222827781273
10.077048916544873
10.127699552857727
10.184209787209808
10.209577740657481
10.124673873651238
10.063862413772146
10.12536496992227
10.314294468631216
10.297424962435056
10.29047648333098
10.103318022508292
9.999447808507322
9.931165628342528
9.892443483951961
9.796876964392254
9.76697730979367
9.777386078436281
9.788326233065016
9.732785024722418
9.600512219444274
9.540886005555759
9.690477979719748
9.939971915858479
10.143971461830068
10.055209651311644
10.041624674158875
9.911574602826517
9.908666148261037
9.900766667122795
10.142595100501683
10.324185417211332
10.481465961336909
10.369391742132096
10.23640999554242
10.201361801533798
10.38280140701981
10.543246367628058
10.700508583024133
10.820611764470872
10.689269503042837
10.518272385158003
10.382368238014577
10.354941778030215
10.349330135210067
10.349322135506425
10.288537296886977
10.290421541323834
10.239309371504863
10.159555283255369
10.140526506264827
10.158287615455903
10.25976523560512
10.321914464380189
10.279361049255806
10.317361667153419
10.290411478530073
10.301547518039177
10.31257912037237
10.362808403174167
10.355599938703932
10.485990169770835
10.575243498501015
10.614353153652416
10.590583810254506
10.473747269117823
10.415106022570177
10.347642193736675
10.45016712577185
10.35210575376423
10.209545832601485
10.184723412719316
10.344268091701533
10.605850274424485
10.748068810082684
10.723835333113552
10.529130612560751
10.313394618851218
10.299649877130308
10.335018095925681
10.474954545514976
10.397210129789757
10.332273924964333
10.206610092207868
10.171618454859342
10.000246878127896
9.732597855184292
9.388662444547334
9.334428604483461
9.536834583580493
9.628104991888506
9.662143422687423
9.751378765519817
9.754906731678663
9.85778046296109
10.01008470759004
10.146441077112758
10.18875121975011
10.13716422036197
10.323105356034425
10.405994170941813
10.477831421462952
10.281554597974372
10.081953297529132
9.940108482918452
10.009504207772396
10.06175712642912
10.149094335941557
10.166744037032442
10.160577184642584
10.05220392412918
10.086077101363019
10.145665530285816
10.170182817554876
10.148039838918026
10.158193218604785
10.16980918137044
10.238640611116965
10.24308839800287
10.221688835220103
10.213396068421906
10.102729699139982
9.927351426523204
9.782430443429037
9.737851599862948
9.773672281348828
9.995179582100784
10.239508824442455
10.24211521567506
10.177092044382999
10.131106253045502
10.228386448505367
10.228793637622235
10.329675486103916
10.315390842681918
10.369867620943442
10.409484260785321
10.445568627806738
10.505535853526029
10.541340611322749
10.587686057699354
10.528407227923468
10.477678765937313
10.556989860194578
10.628823939026361
10.625708169709513
10.787109617752822
10.842708015882538
10.872903023038237
10.978239242127987
11.04990032824595
11.058163269643819
11.057830673634372
10.934771920880243
10.852282023474833
10.90197431430044
10.919227402722948
10.796999569308461
10.754890351612898
10.789787881867003
10.825260326626065
10.760189258685124
10.63526876043839
10.540320290267086
10.409613450125997
10.539952189122554
10.428439804689
10.178933669420653
9.801039517892427
9.532845321954454
9.58581715469057
9.857184069885621
10.012246568999982
10.022969833935438
10.026936435772457
10.080051746118636
10.314145564690394
10.573527461590404
10.69034481470392
10.510089517340095
10.386955067966856
10.380917841152556
10.394035771725532
10.399518101749502
10.61347517951974
10.82402699906693
10.980308721010536
11.074244384271681
10.991265874851043
11.07013936261064
11.064489571832498
11.077027495729311
10.982632416675564
10.8182170285182
10.605689344281924
10.348059334557885
10.324322347209195
10.325209050907567
10.363596261410583
10.393737542796917
10.288151949823787
10.161882504700442
10.06194580293111
10.075717220613328
10.22129153140851
10.49077609083758
10.711617094271377
10.702082644326337
10.544816216788668
10.392256711533443
10.309703416236704
10.422923996542254
10.414509102725022
10.397485964650746
10.51562949443406
10.566389229398306
10.53069932604426
10.35014035588709
10.137323221827982
10.012742359425214
9.943533210426898
10.023555956492041
10.170698074188477
10.208222915148514
10.319410470387911
10.456090374906447
10.727191139617169
10.810802928962785
10.795023143512102
10.658600975140995
10.536692632638163
10.40249413191698
10.426986368067848
10.342269994459677
10.274947374881169
10.114015111847216
10.072387044872132
10.131142493802596
10.24774905392078
10.34054911687282
10.388499270580558
10.319495408307075
10.231451190953424
10.382888365734997
10.569244774968325
10.713503771542303
10.660274696007532
10.505477627518742
10.297364723664941
10.32442161144234
10.384054456055036
10.500788893491341
10.47334637950088
10.54096896602216
10.560931860703882
10.583401473082262
10.65278838147147
10.796014782255435
10.735448809469029
10.548790496151998
10.541212909701423
10.563113926072559
10.626102608088393
10.761311639471435
10.824434531594138
10.819375537655128
10.661473925007588
10.633716545902926
10.745834818993611
10.775343242749225
10.831706549659867
10.691048698282836
10.559834706696556
10.52254662361494
10.349143305296655
10.135745392644113
10.145571162453423
9.99968789118413
10.188325115286409
10.231961475578961
10.382134572157215
10.122333004781312
9.928895256925383
9.736217130395156
9.773819811552613
9.924067348679166
9.998032665192163
10.075818212853198
10.020619985392743
9.97089487887198
10.021950005852936
10.12771067316417
10.018679874303855
10.028459756357353
10.114787338852224
10.354836766955211
10.539156082432582
10.643161162526834
10.576040107434302
10.551994850306652
10.524904320289698
10.428204644954912
10.359169208926012
10.367020823454862
10.268785639131782
10.29230290981804
10.36757229059817
10.370056864752215
10.432313622418247
10.40986412963631
10.17469695499361
9.886768413520647
9.644178846949707
9.757450737265865
9.995528537650715
10.250575194165917
10.263851784161922
9.883645997896119
9.600877207579636
9.441903345694149
9.600442060865893
9.817069861769692
10.10918737830636
10.219337186206452
10.283937777131964
10.314961277682144
10.379630382991781
10.484478668684899
10.416957306857741
10.545628841889245
10.674176638905921
10.932858888325244
10.986941335542957
10.746632843756528
10.480118742285281
10.178063001136064
9.954288392371852
9.873354351591555
9.881220445860682
9.965199341921672
10.105484340466871
10.226905469443713
10.257842620101947
10.102570126433578
9.992850577941091
10.170313667252634
10.381563230658871
10.413326886921062
10.210983989318626
10.080396429275917
10.038899326344923
10.16937906504843
10.315460116292492
10.341157007421371
10.385247740849518
10.19474520377882
9.936763175406105
10.085421899384105
10.4320889455318
10.576171784073672
10.551287308131322
10.284985157108983
10.03253652705221
9.918752032203813
9.97143940689973
10.036914748175915
10.122469316217263
10.120667919875757
10.109276976442573
10.001582306647965
9.994650745529915
10.024543064299808
10.11027239608976
9.978921666566661
9.845559237823833
9.549649769003889
9.583886302684949
9.778715208852304
9.847219833696862
