7.222083679724387e-32
0.0407548940731396
0.10698435947123801
0.19848755601961207
0.3272269439831192
0.46479140375934436
0.5189839911832669
0.4930488532139442
0.38195534180709034
0.3318711253700261
0.36624034577428966
0.46017397218682526
0.5243810681615365
0.531060706053892
0.5308466642776093
0.48547178088796705
0.42201003862202985
0.37135618631037126
0.36372195597727286
0.35871159029651645
0.36229481784005707
0.33663329817118764
0.31191732250607435
0.28957954835182975
0.26462277770849696
0.25724100712861653
0.24940472330156335
0.25667240537953623
0.27854111274300153
0.30651990272584
0.3556763078564931
0.3744846724103839
0.4103182057525032
0.42122719203009656
0.44403913633725417
0.4808509922044801
0.47513614494356227
0.5179383208148002
0.5120682763450293
0.524600147711264
0.5284189903904929
0.5362326033999074
0.5203011100382775
0.5028941615271392
0.47150443225556676
0.44214236643721905
0.4048019315497264
0.396724032433261
0.4090967283401663
0.42524277327586296
0.43118626189929116
0.4315440013907904
0.43045791233056596
0.44090282689979304
0.4284292705493791
0.4259257267462602
0.4584328579939045
0.488074723319751
0.545659541678435
0.5802573873235223
0.6401468210002075
0.6489479787899962
0.6646640984791155
0.6731226155088156
0.6782207307839263
0.6752287820270714
0.661105276028301
0.6349172805006043
0.6174463229058669
0.611101580741518
0.5968370474951282
0.5853454701094913
0.5558172604940851
0.5315318456862028
0.5088131431043361
0.49256434765428875
0.4794319230094066
0.4734723260786547
0.4770934176262671
0.47811284275036753
0.523410298998299
0.5366960802432138
0.544690660559636
0.522999217448641
0.4983529521882161
0.4728488733956792
0.5183215646589963
0.6043748084786643
0.7053278527666984
0.7482525178004991
0.7280305449383436
0.674859921519597
0.6396279156935682
0.6268690502861073
0.5940517985219705
0.5615739160145553
0.5127134113414158
0.4845068251914863
0.46510512726417946
0.4569219316033778
0.47187210617793224
0.47109437855912323
0.5057570593849199
0.5015373160840548
0.5377626777979083
0.5865350569656038
0.6525790631540994
0.7024473614732784
0.6714337434833767
0.6492654084528233
0.6750944221118029
0.7115016998385936
0.7164092454466962
0.7200706429545012
0.7407409075543241
0.7635993650920488
0.7989924830620877
0.8017729936555044
0.7977624325166558
0.7531785997071219
0.7475386423763811
0.7372019581765578
0.7038565431365583
0.662076145980609
0.6411659743071845
0.6375322299322368
0.671902255820952
0.6988350963195407
0.7164805921287101
0.7433085844843575
0.7710283899634008
0.8119483700466916
0.8337688353640254
0.8337062667357843
0.7998205560285961
0.7828604005510271
0.8168943931180316
0.8705071758706104
0.8907393711954514
0.9194836978075758
0.9313919684998528
0.9695512176292503
0.9683978949828658
0.9977771274611448
1.0110040506684606
1.0397127818430194
1.0382261370203234
0.9996681772602691
0.9421730760375538
0.9375278992557345
0.9404569012328784
0.9301439958303911
0.9475092728920516
0.9497851032937668
0.9558702908332419
0.9669302486177671
0.9569567918022549
0.9124474932905696
0.8621369677205879
0.829882197239414
0.7892849836114068
0.7844782250952129
0.7584997712896019
0.726713442616427
0.705373535977593
0.7186534579698532
0.7231998949724084
0.7611589570577517
0.7637136168585774
0.776940800354521
0.7567978740675123
0.7442400448346009
0.7818853936898872
0.8108042104028175
0.8180863245921312
0.7835646003988247
0.7560204869528147
0.7956474334333695
0.8352156431659328
0.8750119439972162
0.8686862687861433
0.8481406639605327
0.8560724209899191
0.8860222333990193
0.9282766527775643
0.9772495011192996
1.0232151781952072
1.044158205985933
1.0311074382431415
0.9359029213462353
0.9377257058263393
0.9151797888453684
0.9185274677917065
0.9045476585220852
0.8804987866786287
0.8614872023932618
0.8631761639040751
0.846322242816161
0.8429003955101788
0.8326458299715226
0.8280675273572266
0.8349485203806225
0.8588231464565056
0.868077794026513
0.8459731891790127
0.7870596646325768
0.7735121461941813
0.7680075458751207
0.7967953011295179
0.7718776928854161
0.7661938602492736
0.7539709507613701
0.7752034173371096
0.7769689179846698
0.7505771105961749
0.7283604690034446
0.6800299300432076
0.6706975153925702
0.6487859364756171
0.673336880824152
0.6833181632620685
0.7026822645951779
0.7326315949621797
0.7527098314641162
0.773741281623118
0.8148282729839703
0.8258843946065969
0.8153148174493982
0.8514247557184651
0.8719115150923002
0.8638980436489526
0.8547786238959779
0.8241325963695424
0.8331859877814728
0.898975336249528
0.954969264459404
0.9867499826655602
0.9712525998969036
0.9562589352672941
0.9425814757411046
0.9168773139787585
0.9020948098575112
0.8694344645293897
0.8826289866813084
0.8813694819110048
0.8668307055585559
0.858163103737454
0.8567657855280206
0.8673524023976424
0.8475026651535588
0.8336400081703663
0.8392036716883479
0.886957362541555
0.9594837060669146
1.039306765745754
1.072702410383582
1.0672048032474617
1.0200571984497049
0.9281861341945369
0.8370975550069857
0.7374049030059687
0.7249213179639761
0.6849440812427701
0.7083882379808188
0.7224820999767417
0.7373534535639289
0.6994133180127827
0.7294520652553496
0.7250982699839169
0.7180999906714801
0.7441995940820761
0.7594172817743199
0.7969004771287287
0.8111855952322838
0.8270129061688952
0.8527779195743511
0.8584457701686624
0.8684928107804636
0.8520524625584924
0.8501512613418043
0.8958950288582105
0.9253280093211684
0.9251676219124703
0.883623477649543
0.847287081361507
0.8227925926443723
0.7886141739062721
0.7551671419721797
0.7318565143748303
0.7413638414588405
0.7089070844518212
0.6615925658955149
0.6865854299632745
0.7484339381677477
0.8541581967716552
0.95467233869609
1.0270762130937987
1.01144240330011
0.936576575361006
0.8996473209168047
0.8854852240949272
0.881580709494537
0.8437639522327174
0.7857995102067453
0.7340174622685927
0.7158954720568298
0.6990229797804703
0.7556731969721528
0.7894845182799781
0.8283616962319338
0.8262290087320706
0.8112283051332345
0.8289399513817544
0.8566037452675129
0.8847159509192061
0.8166452792225736
0.7722154192421781
0.7302662452267688
0.7402646792145681
0.7603277395451189
0.7742546353586042
0.7332212013552308
0.6920519456260972
0.6744486415057318
0.6734573423505155
0.6761836127041685
0.6787994909006235
0.6786557552031665
0.6773815901276992
0.6883907715225606
0.7068495688522597
0.6945142689174046
0.6962790250746598
0.7345728667397805
0.8093057415063457
0.8882856289437744
0.8979185812495493
0.8712442963666174
0.823711373706185
0.7851422203923005
0.8530374657059041
0.9294793226397594
0.9796279967627145
0.98173001731874
0.958403631118746
0.9073534441212782
0.8575325927448884
0.8466886401920027
0.8440410110918302
0.8183574529389138
0.8055012818433321
0.8133401450706494
0.8610364356609025
0.8843882375386436
0.8492102578774744
0.7842057980996351
0.7556850761972306
0.7411655302254028
0.7573771237365858
0.780079432183976
0.7716931483404293
0.7128536301604687
0.695696385902609
0.7165250567139595
0.7250103528593376
0.7659085639589308
0.8086087969807184
0.8238098649636464
0.8619249151020539
0.858243356056667
0.8478487015175786
0.7864640107318288
0.7490499947177084
0.7382146829305001
0.7399062763875552
0.8105762009636184
0.8486986538285722
0.8463879953430906
0.7987306500312493
0.8076158510837472
0.8343184977289148
0.8686784746193935
0.8636091112587496
0.8714570991185021
0.8526309842908206
0.8299811405482034
0.8228161949089334
0.806488339583808
0.8191720721491952
0.8132390645684427
0.8010055715336385
0.7635775702007568
0.741289271102604
0.7186348461354881
0.6810402903338594
0.654599061579711
0.6884126078117977
0.7521895275027978
0.8021203587741174
0.8529423893380009
0.8479830813527084
0.8623486575116661
0.905122075385808
0.9084257604865307
0.9184242011653337
0.8629086772337266
0.8643284590108876
0.8423294563523732
0.8393346810584261
0.8465500578955643
0.913358721657101
0.9697080563950224
1.0129331760985059
1.0049840425629555
0.9939449056778003
0.920494658761767
0.8625247467426087
0.8211528236566835
0.8407583045365541
0.8413749365663368
0.8505746484129906
0.8383140338878715
0.7769274503391616
0.7171145985936046
0.6811845040209785
0.6796448199524515
0.7074655131085206
0.7743768870673614
0.7723148183970803
0.7893327315365009
0.7761465460116324
0.779588212653221
0.8433000277394146
0.9274243381832012
1.0240314851133143
1.067007297651606
1.0397000665760328
0.9681375359736623
0.9263638821869915
0.9344763886808202
0.9106182437046993
0.8719902687824541
0.7927767528303178
0.7775768101535929
0.8045866700081158
0.8562662044277005
0.8941903432488272
0.8563267477554931
0.7845793382360302
0.7592088310715189
0.7737066382563725
0.7986372976595647
0.8244255952973869
0.8269419684571354
0.8329703101046343
0.8742595340086604
0.9382643684014781
0.9696356306661612
0.9950009392333792
0.9606189922667386
0.9309883854470912
0.8730411828623996
0.8104323013185996
0.7614714956723609
0.7262509897118893
0.7095253158145874
0.7047977838103529
0.7089127105467634
0.7467361122786861
0.7814007979115967
0.803853701382813
0.8139121860448142
0.8265271933512394
0.8407731780502877
0.8386516042416711
0.8284133645557408
0.8314833240869736
0.7966378325427493
0.7572482406767108
0.7293838939615003
0.7351540652419577
0.7555648135960842
0.7660176916675674
0.8141634051946863
0.8420515360319897
0.8776083799930514
0.868979719479848
0.8566540219288907
0.8563758664067249
0.8909066588027706
0.8882644674959921
0.8825885111363228
0.8798939768379306
0.8327084727574396
0.7909965984654944
0.7539722999095667
0.7458200849486109
0.7436061951957643
0.7560250443494841
0.7828026187917124
0.8228092877828125
0.8199021547787636
0.798837190336495
0.7728475996106647
0.7593024314618102
0.7446273026988224
0.7990843216797084
0.857384008608965
0.9337449580181642
0.9983363272561455
0.9998574990860264
0.9253537273230253
0.8580502277551728
0.82997502778634
0.7876504008823464
0.827858054003819
0.9064288441507967
0.9161991251270528
0.8950465185922235
0.811102390217738
0.7746613644539363
0.7443989261604047
0.7568336230515683
0.7581144009403107
0.7524654055417681
0.7443329786928147
0.7441247784900766
0.7367835684435502
0.7367885321716171
0.726458397223625
0.7569591873607774
0.8168528052961402
0.8945504925881431
0.9845185230534671
1.0120627925038241
1.0577133834706611
1.057706067503107
1.0325675261046388
0.9985539668763418
0.9467983819207756
0.9009240705855621
0.8730267399300385
0.85435214286806
0.8499096643538705
0.8342790039129717
0.8299849941451443
0.8389224012258513
0.8526727755743728
0.8880468347565084
0.952879674403606
1.02385225788556
1.0643745064211327
1.0847881792859104
1.0951436086887445
1.0756596451558735
1.0621844458120802
1.0472674183058426
1.0509125360651204
1.013681184646423
1.0266918767849638
1.0033235915858905
1.02214993491907
1.0543132710250296
1.0408330593908355
1.021223214570481
0.9643633124668521
0.9979507087290234
1.0215595795561656
1.127541196526855
1.2658394657844425
1.2699083509865936
1.2417794027478122
1.1291070864311474
1.0916715868159452
1.0848013740490252
1.0994910080517117
1.1276795343858887
1.1032031284946031
1.096326059083032
1.0277110679219374
1.0242224472547652
1.0195152473448847
1.0563242746085395
1.0466733743347258
1.0325423003137917
1.0315549218178366
1.085146421095803
1.1067166965314355
1.1205827837637816
1.1051015886692204
1.0630069914414002
1.0295032690842543
1.0106373390320766
1.0209112325205665
1.073841169533501
1.1423493053456342
1.2040932005835432
1.2099607735706381
1.2079026990174928
1.1970921231185814
1.2321769324690868
1.250954586917697
1.2896815652059717
1.3482539582855209
1.377430773547077
1.3675541609364392
1.3489461370068496
1.362760142037305
1.3446514344040459
1.3494094816638067
1.3294639235403256
1.3261580473899384
1.4160316628925556
1.4825876136433402
1.4759618985508898
1.4281539931685046
1.3721178921569033
1.3476113018872096
1.4223542932791375
1.4861217734229406
1.542202170102151
1.5047646943805009
1.476366595877709
1.4564796812075262
1.41553421666559
1.4308383228277899
1.4058148771960535
1.3988395032658814
1.3812780286934745
1.3737848362000074
1.3433084087367562
1.3271628066193293
1.3254182790543165
1.338731387049148
1.3396386899411954
1.3928056271640359
1.4553742473415625
1.4540653697912915
1.4895238688235377
1.498087922732535
1.5188085046857998
1.561238806364657
1.6187581824995672
1.6564815794680667
1.7236138512098291
1.7979592476464281
1.807230562383451
1.750144517167628
1.716066379626438
1.6813055500632363
1.7211349251944674
1.7781112907211005
1.816057384390748
1.8595980389044717
1.915381031267253
1.943945701738407
1.9670838344908945
1.9120918476453108
1.8656143006108392
1.839284101649586
1.817179739694305
1.7878385999330793
1.7572949426980455
1.7236934021585995
1.6703437396854734
1.66846279897013
1.7048439156461221
1.7167700370116483
1.6898523462975867
1.6117749357341744
1.5588394324106916
1.5636937382299683
1.5884577694327566
1.5774254656234743
1.5719759460482705
1.5447891204916786
1.6013642658085985
1.6823812505676203
1.8639134145283103
1.9543419875559462
1.9963493369640903
1.9982111478234885
2.013309705504447
2.0889480783410335
2.0907569369562617
2.0616797865871987
1.954563160791005
1.9043237323332152
1.9155727540079834
2.010067060938058
2.0001012964497566
1.961158465420538
1.9296038985966475
1.8987322341083375
1.8529742924314792
1.7859441452190201
1.7084870215210541
1.689515193686844
1.6719668956504523
1.6877513575652612
1.6743022054151702
1.683349067408058
1.6294320429247577
1.6181247173164697
1.5598622941406104
1.553483783632587
1.5079592391778247
1.4937202075879585
1.4955137008706303
1.5191980488466217
1.4841919859228017
1.4108695267939169
1.4120772795645202
1.4665618440298853
1.5156704338223843
1.5340401560719024
1.5273872262803363
1.5779689678832742
1.5859745674154095
1.615418106411509
1.6406635027626952
1.6497802146766367
1.6515256084017573
1.6529399851849584
1.6447923842865255
1.64033862691521
1.6594857483109724
1.7539314518128517
1.8288495656211337
1.8850078008666769
1.8499646860144556
1.7660154577981442
1.7017965245293123
1.7038192721502077
1.6960819179829016
1.6894289502722926
1.600197569403529
1.5493723421419872
1.532300291966534
1.5815093281845094
1.6227136558698576
1.642407708600504
1.6127237260055627
1.5543639767493287
1.5237847849562272
1.5277310597627496
1.5265169717290168
1.5088124947015915
1.436385162491959
1.3527464833285965
1.3219309538928825
1.300335943328492
1.3287346297150764
1.3669610944293125
1.392159949591915
1.4122967122501366
1.4310060988650166
1.4762068856534676
1.5073766723755786
1.5469174800382415
1.5862445746333693
1.6183808615788238
1.6377086260102993
1.6529053993551608
1.6769636770340195
1.6959249699992205
1.6274633729082764
1.5922326051177378
1.4639392711875856
1.4268560302528335
1.4245064062285475
1.463028898548044
1.515079997296674
1.5365111943980658
1.5872683200781894
1.6516042396311887
1.6655312262128448
1.6352076734067316
1.5787108706899249
1.5255231118158679
1.501677518347874
1.5194913290791634
1.5604615982014298
1.569026452827662
1.6145804371867993
1.653666202745952
1.705277750182478
1.719428638244966
1.7249331461466249
1.727563373798248
1.7611137361347446
1.759426820056232
1.7362534330052866
1.6474360785712598
1.5548268471007407
1.4736378614026844
1.4364098111065338
1.4332614615772923
1.4449156084764074
1.4177451535021717
1.371309056833418
1.3320950629657626
1.2953103552850915
1.3180745227832253
1.3690988329671088
1.4659067042794092
1.5551288494696518
1.6658536754036297
1.70746654234336
1.7009880141866758
1.6620103496647403
1.6207933278012647
1.6042921435839186
1.5789176626016377
1.5526749590935194
1.5398413454850683
1.5777715148812828
1.646336082728263
1.7121526976231953
1.7119539919808617
1.6622731031156561
1.6864461918432663
1.7050900320377007
1.7453621943396098
1.7961552282124023
1.8291082482019876
1.8379834690266998
1.8442616032038466
1.7949635672031206
1.7438579826130558
1.6530951283050077
1.5957053559323995
1.6083579647510162
1.62747373814456
1.6102891012571183
1.5352124420932358
1.5142735401242802
1.5592016991928133
1.6368957813714415
1.6401144423149583
1.5730314772982383
1.5727535676626236
1.5910524855717505
1.6943025062258095
1.6840933655415096
1.6903631161998955
1.6488974707312027
1.5983258627066241
1.6325042673277785
1.651033100134691
1.7316959798163658
1.8120974813308632
1.8115781937705526
1.7404174607943668
1.601748002623663
1.4667543156420122
1.3944480338512708
1.347256773829716
1.3411312438442544
1.314520417000224
1.257490329294479
1.1683871696067039
1.0943413244442641
1.054699013921849
1.087599895293439
1.1622271817849275
1.248850425630464
1.2848716316265048
1.3112967144545231
1.2637824482260451
1.281113738197109
1.2900316969941883
1.3532803930303232
1.4057278288170871
1.4494415562020548
1.4656558772455957
1.4755667837975972
1.5081265310283938
1.4963183771147304
1.5168016546530332
1.5123102694343658
1.5190338731578872
1.4678759586653873
1.413747757301681
1.3555784257895316
1.3874429355630826
1.3986953864977592
1.4205952066627874
1.3698526776109574
1.3202723315630147
1.3087764121974492
1.3451537744650999
1.4118587111779295
1.5013069054611463
1.5573296674473716
1.5866989911264144
1.617787240554101
1.674047502131404
1.7695467407614394
1.8027008973686824
1.8398163732489654
1.7992942237797123
1.7341342056704463
1.6464114877933609
1.563314132210292
1.5254197034452657
1.5059350511391056
1.4785093271116483
1.4550728818378573
1.4353987563482382
1.4262188077576945
1.4082578200703089
1.3928449954135558
1.3903891843219327
1.3570244106283145
1.3765140564306864
1.4218913081910982
1.4761212163512385
1.5638384037353392
1.638305709620485
1.7019669241704298
1.7327329598077
1.7022162400989973
1.62697374748702
1.5552681616049928
1.5235046670917405
1.5336965422977213
1.5816954697691714
1.5964375741734904
1.5832827402632506
1.5653118654265967
1.469420213614883
1.430505614747467
1.3959631899895926
1.4013433748302229
1.381562985002172
1.4232995448028238
1.472565623813398
1.4959487736218162
1.5766392984208928
1.6852847553600792
1.7472378673133515
1.7677203570873243
1.757317527174728
1.7702635220558585
1.808178399349482
1.805010299283489
1.8071681863271116
1.7574835279940535
1.702454385107294
1.6557406025826975
1.6015720586196587
1.609859830848101
1.5852456397947903
1.5482007635512194
1.6172872272281686
1.7508558381037345
1.8249083723664445
1.7743582447657942
1.6514764485552553
1.5324331482070477
1.5004149413961958
1.5696975078468474
1.5907925745805636
1.6559403643250483
1.605803728969994
1.5859659222728393
1.5647705875154796
1.5343355777389078
1.455473438539601
1.4018515476684026
1.4025014777965739
1.3608717446954173
1.3766436753270588
1.3290221045927368
1.3102051895920444
1.349720815131917
1.380591142284432
1.4408308648891743
1.4330247509120422
1.421333061399146
1.4511707677991308
1.4900849451908371
1.5691233804777491
1.5998638614890077
1.6382651367374124
1.6257719227058705
1.567103038882234
1.4741525220094753
1.4318274408953582
1.4639848844111891
1.5845655331140331
1.703398191115639
1.7312289859698338
1.7012866994591758
1.5963495225044009
1.5324134996992989
1.570333923358822
1.6096133694849712
1.5978589746603151
1.6106242139857947
1.6255370376286717
1.6908230969168536
1.7134309641052807
1.6948609188458514
1.6913341504123744
1.6831995331522909
1.6970089051086652
1.677867073773409
1.676833735740861
1.572536524927963
1.5360286105163174
1.5269079058733812
1.5728932647477296
1.6028411148252544
1.6065981853229008
1.6006383188434579
1.5691467390323102
1.5414686042855974
1.523203995493537
1.5649291642365593
1.6503401831684088
1.6387178647687861
1.6608649324109768
1.633034601358768
1.6476403014707586
1.6576217398460142
1.6589760634946729
1.6694281505169637
1.6857748126658896
1.6437790372682837
1.5861613225944355
1.6222765858296022
1.6755822809153451
1.732311156637861
1.742883037588034
1.7165208260300777
1.6735986062898092
1.638224479375713
1.6504229066111167
1.624067912275445
1.5602548457327108
1.5030488373494322
1.5128828609424196
1.598582256572092
1.6502471445444904
1.6459398784955417
1.6185437602165305
1.5131776663006458
1.4205702477761164
1.3035417370144502
1.2345843222720052
1.1803076489199849
1.1638303337100793
1.1732926278142857
1.207927750034423
1.3034230693499935
1.3065233689582094
1.353694222420401
1.388113182383307
1.4453071268644428
1.4513019524911743
1.4321585026878407
1.4439532077101584
1.484435999532765
1.5421549697022188
1.5930278762167078
1.591261821530726
1.6412872355392782
1.6901607028313022
1.7387566411124036
1.7909652917711691
1.7436070935674528
1.712394306634307
1.6844054126680978
1.686342666217659
1.678339410178947
1.6644428474521937
1.6929617076688097
1.7104705879961195
1.6806840312276794
1.6438008862740083
1.6226624159367793
1.6796371909184624
1.7783252627854655
1.8124322202487426
1.8139616457844814
1.7765840875313115
1.7636550102590633
1.7035255708023254
1.6425523918007616
1.6155285343147885
1.6148457307403046
1.6776026477274737
1.701705047328944
1.677640507679263
1.6411227947749918
1.5559544820144302
1.486968533801495
1.4495817298385618
1.4063088719594674
1.4528688191189798
1.468806765351415
1.5304960889001642
1.5703260684432634
1.5768344630115787
1.516812765253
1.4980955390358925
1.4907070798785131
1.4866792977962637
1.4092304203956891
1.3802859229337057
1.3726197546442105
1.402576556799319
1.393368400842334
1.4345655335974097
1.4397157712266955
1.509412945490489
1.5677787465413753
1.6449854785966065
1.7334600431605007
1.8423963946873154
1.8661061274473758
1.8446539107763213
1.7754013472524288
1.6682846129452467
1.5723439752269153
1.544931204237077
1.5863267339503986
1.5717687756506935
1.564979538844907
1.5005551462861835
1.3685172988346508
1.2679625662506837
1.1612872700451784
1.1022526600738738
1.1080356936797116
1.15218255004489
1.2304823209225069
1.2561059352785142
1.3179790021453524
1.3841778855805356
1.4684316514646343
1.5106961277046733
1.4962082225730546
1.454294719260597
1.4874144028020795
1.5368383949283926
1.6250947014626387
1.645100744566179
1.6334017412576063
1.5645805247601503
1.482285645026343
1.4672225424848935
1.406176178032048
1.444624461948188
1.456242356601181
1.5226641686980078
1.5179164666979579
1.5311313436001264
1.5000756863196558
1.499596477649482
1.5010585433007049
1.5201248515060726
1.572259712971685
1.6160028406984168
1.6275185084814732
1.6769753605842144
1.686810918963662
1.7026616149718043
1.7237945894058722
1.7054735041179516
1.6850321152015886
1.7236254243775784
1.7548911109750285
1.8626244448981775
1.9024905639920346
1.949814087890386
1.910623098945362
1.9159160661885133
1.9060664215891616
1.928947120306677
1.9131092524664182
1.8390326894918028
1.7710242264981946
1.715242093684407
1.697390970098989
1.6562619033117068
1.5675088789712648
1.515540949411284
1.4774330429955846
1.4215722909700204
1.4177900494556546
1.4289516335304713
1.421261592663155
1.449796528196503
1.5093411665361596
1.6188375599170344
1.7803780413827217
1.8194914334531789
1.8209217196591336
1.8245991697673143
1.8593613224757757
1.8728653656824268
1.8674064815613276
1.860556553672659
1.915832848958899
1.953410078460382
1.9727870911449061
1.9764001587809172
1.9566031761525002
1.9927145726691706
1.9422985246759572
1.898053131996043
1.8663067927967734
1.865427142681843
1.8765333700925124
1.841075297148632
1.8007535146461873
1.8063590092443562
1.8257842477667168
1.851700755653941
1.8696363801856242
1.925298088890573
1.9144053260185938
1.9500210575951211
1.9363668645346863
1.9598006446504865
1.9356945971281367
1.9334350722927294
1.9722819716376312
2.1267044439366902
2.224380996531607
2.2782054123715336
2.2957803863616757
2.270620850207372
2.2805514303288428
2.2392336389878364
2.2473002225671546
2.222675336149492
2.1911221278732307
2.0917962157884245
1.983887898136305
1.8690051801426568
1.805656057442763
1.8861773633486285
1.970633128557103
2.0974425461691717
2.120112889376997
2.1738639874882066
2.144915075266877
2.2163792140472642
2.212340895566854
2.1817709042767954
2.1752664908715476
2.0950795176138484
2.0535185742930833
2.0132495089544107
2.0864631796000275
2.1776694226716553
2.256012958267959
2.25738029033023
2.1520429943571773
2.118765859567538
2.109786708651311
2.1045129078897786
2.125468483686148
2.110429203822178
2.1447474312793506
2.1913652041126093
2.1900635972812137
2.224616001235991
2.151881784333306
2.0817709034041707
2.060769661852941
1.9339727206866135
1.909911914595241
1.8834263002522562
1.9178042797621297
1.9762095445392294
1.9660644782455463
1.955979336536642
1.9008815730930666
1.8648820356243074
1.926552588143831
1.9709087868614672
2.0501016353342743
2.143374409892604
2.153746521674718
2.132212931004602
2.1529960160267234
2.1459055090547245
2.2111723427824086
2.2386785896440777
2.314539730366538
2.313457555537382
2.2869012289187376
2.211623022779694
2.1640100238062687
2.152851427005203
2.1812855761367054
2.237554004172904
2.255353301997447
2.2476146599297664
2.199589644098671
2.119773656788358
2.1096741952625435
2.0867509926087022
2.0760839988247413
2.0405849881470917
2.0434015661140057
2.0702336563035493
2.1639655074326076
2.131331455414334
2.1335479198817993
2.129468271416044
2.125255622960925
2.108448472210385
2.1174335702730818
2.1673474808123836
2.2235389337819074
2.274080102782638
2.3544222738348206
2.419228019971933
2.5234102318025498
2.600449826054545
2.6102244020992895
2.464804398600915
2.3356523702557292
2.16901443012765
2.02980470875768
1.9295435293417853
1.8685968250950005
1.8251709527300493
1.8438580318950648
1.8684940259193008
1.896679285135695
1.9106231585607538
1.946082159716304
1.9811608702864179
2.0999318162767473
2.2404994380610086
2.3472097956755187
2.331351560354257
2.329784730428441
2.2626617281992116
2.2246825407897237
2.2061079984868543
2.2030690034130647
2.18469426199401
2.168866746312301
2.2124658345755357
2.2061343371584092
2.1872442070868847
2.111658797318017
2.0789247553812578
1.9967897093169618
1.9616417271209812
1.9464319605201468
1.999876582539514
2.0483623581729797
2.0503736083842967
2.063026040528772
2.0990155514800812
2.188642185204407
2.2673582635083975
2.3041438591326058
2.3007900744540826
2.3125193384149845
2.3626711738775152
2.4335168140576005
2.488144938921087
2.4698755430185897
2.4484297615850825
2.3596905454792267
2.333837878856503
2.3195716723685997
2.3867036810264066
2.421321272701657
2.4068831910368975
2.3293602687801367
2.2874958343595284
2.235338153630176
2.245606155444403
2.2445300890538196
2.2238100739369826
2.1955792403814205
2.120434394736633
2.0841356408505347
2.070760293451424
2.0755558184943026
2.088847844175093
2.128816091656707
2.2229449996398483
2.3311273424142818
2.3381612006171326
2.2852470143728363
2.216037881972563
2.178719102159819
2.1846204960125823
2.189546833261934
2.1803208743541047
2.156439755618232
2.1177703664260026
2.098211424303566
2.0358089925608738
2.0029508302712578
1.9920053763453454
2.0411750214637867
2.1299450148694796
2.2496740182928927
2.380473486885135
2.461550732048691
2.49391880750062
2.4381040566427914
2.3709965377088573
2.3509620940167117
2.4226755247147045
2.497888898901988
2.557542137927453
2.5386174153025576
2.4526818326054527
2.3778366807198847
2.3661143862474137
2.424910734839392
2.4845766347402387
2.511674734798352
2.514732322980122
2.4825290924318293
2.427885081673325
2.367414050729262
2.305747532192014
2.288471400926213
2.2694750170205222
2.2228355106222364
2.1315105102772636
2.077571520681299
2.006111115126009
1.9940981335435235
1.9957575466480553
2.034794184745922
2.0412483962539087
1.9992062411613625
1.9687947325961377
1.9834087259167736
2.0802616176452156
2.13333759348714
2.139078867001115
2.0484722692586246
1.968910594278303
1.952292508274113
2.0045646887439066
2.0525505416101546
2.0498409867579936
2.038285291181181
2.0289951292892487
2.0538587854952075
2.0910370719119347
2.1499629331385712
2.1653703528287003
2.2020864223323664
2.227914065778628
2.2548711688847125
2.2430544953450875
2.193191456179996
2.0763797368257677
1.988882840818597
1.988647989940227
1.9864676046055425
2.0112404486021136
2.015406443559192
2.0406225183411366
2.117775972369261
2.1855480067897233
2.2407069250424096
2.254603486988134
2.3031601491689533
2.3814333642141996
2.4894076898318445
2.5442204296941506
2.4743068320348587
2.4477104619526973
2.4206120283456896
2.4422371263695304
2.4484781789175685
2.371427737647885
2.292802294051609
2.1945795412484306
2.185162192208823
2.256950646885774
2.2798775786750842
2.2743532154825754
2.2760932559697005
2.2877532529708016
2.3369041682882306
2.3441831807338
2.3848914479862464
2.3647541508391825
2.362062739108169
2.3783138347438877
2.42052705419597
2.5292796122245007
2.5868268432497357
2.6257324235792896
2.570480492216498
2.4621559335709713
2.33824071800255
2.2690652028641547
2.2794080613627434
2.2934738852696452
2.222531917550401
2.1520642642315626
2.130704582955371
2.111879189412148
2.134061053220974
2.1432099198510053
2.094072209198078
2.0266655024130653
2.079062028537247
2.142918141133493
2.2159935716753933
2.2639343277335024
2.226466251409091
2.154376289789079
2.0943331887936965
2.081911591987764
2.067487412832118
2.0500938994642333
2.1192664327853157
2.2294856032822192
2.2935608898771487
2.349588109434417
2.3126649894931446
2.3600478804199607
2.38106611948666
2.486458352025082
2.5629524329328315
2.6681992047255307
2.683897032322021
2.635097841221286
2.5731211175583315
2.462163701542765
2.4544637731191443
2.458098926268299
2.4359831442215034
2.4508812468891907
2.403682139533334
2.3567659757658697
2.346364184311524
2.313237617781065
2.3280940673809716
2.3520850564503784
2.370733486304796
2.2951564005167477
2.1444724777926476
2.05132696235424
1.967597179264381
1.994989100545174
2.0294619176222697
2.1081328143542186
2.1961390404699928
2.329174987253417
2.3609326891401627
2.445422402430831
2.58633697087649
2.6743984070921183
2.651694191600003
2.5615213572152284
2.4540695476312506
2.380026237209524
2.2951162706318415
2.251063468916006
2.2069091268867433
2.209836386539474
2.187897954326416
2.165009009350234
2.178021301630495
2.211507273585857
2.2111903455559614
2.225228512338712
2.170399042009727
2.1368459503781243
2.116508718080054
2.096028112220924
2.100513582590481
2.0961988593638536
2.1296414847521183
2.1121543879677587
2.075813366048265
2.053628919151735
2.0234360017634074
2.1081813176991697
2.1215673600397773
2.072418746641426
2.0531351651324843
2.0249709454735365
2.0467106651833418
2.0960051306208873
2.184099581992119
2.228569765745161
2.2062478749333074
2.1363038330786095
2.0588802169691562
1.997882569493386
1.9868622729131855
2.012129610093769
2.018440475429582
2.0633608545337827
2.122048482789896
2.2546537614949735
2.3827265769115504
2.4700076510198965
2.4894295407059572
2.4283613583547767
2.353209205318972
2.2482903907327296
2.2436402776104596
2.2219233004397387
2.24838305010415
2.2589623394081064
2.2372156732048665
2.206332450951156
2.1994991646936652
2.2758821189310314
2.3879230633453252
2.422766752137287
2.37010061059409
2.336711658630157
2.293880418553153
2.2826583172507497
2.2950618950483537
2.3261746367218366
2.278930582710782
2.1803522401151074
2.121038931028471
2.072979727605721
2.091831944481359
2.1008045617376894
2.116308269564767
2.1825301413733142
2.3140602559292507
2.4736351365295786
2.597535131262118
2.6700372740295237
2.6165383024714477
2.594343297140108
2.6139117131748466
2.6493570012877066
2.568661877393053
2.502245732812072
2.416768020691737
2.387272697305238
2.474349049012773
2.5357171562644334
2.5197175257696145
2.418921484774893
2.3287572157011303
2.245446600813767
2.219897254316195
2.2329152750480517
2.295567993789717
2.2423652732903756
2.249258706872148
2.2071993007664905
2.236016948605191
2.280543858257215
2.382863960908276
2.384764642166788
2.37278126234333
2.308200467304453
2.2782788565986647
2.2999963989572967
2.4035472380373504
2.4953424965454496
2.586787062398575
2.5603125648550322
2.531594460521508
2.5185023496806074
2.5096019535572927
2.464986851590429
2.434110871451822
2.421369709152975
2.404771959038703
2.3245165170653204
2.2323809399609233
2.159224366536461
2.0873317291829783
2.08287359169647
2.1187056762447765
2.1905015614754864
2.2700527060812594
2.367945146819031
2.424350882879591
2.47974654393052
2.5012537938213093
2.492672567318316
2.443394517926393
2.395081181292862
2.3053695597282466
2.2237535265605453
2.087853842992249
2.062443003251598
2.0301115706594692
2.0326531355893933
2.035243424016786
2.025392403976645
2.042736977657803
2.0495518249700297
2.0310596265113463
2.0684534562528243
2.141601542363358
2.23273912790745
2.3463698600283123
2.407390044326011
2.3877970770303922
2.3502008868510087
2.279085725518568
2.314720638891891
2.3108775684224483
2.300277605863445
2.2088233308432974
2.052354454662014
1.9674307674681102
1.8663162061622522
1.9146636343722805
1.944562033822867
1.9687187885838038
1.9783695124145517
1.9828785339680663
2.016295882325327
2.0210447614433718
2.016895010912145
2.062214221944127
2.141898539181239
2.1506930028571936
2.1478283764814945
2.172914550604756
2.182299654299999
2.172955820457556
2.20825039174231
2.3039247823542053
2.360418165596402
2.38564599881512
2.3643769397768786
2.2975815193552274
2.2823390805166266
2.2222727274988054
2.1644291609238437
2.09812155190942
2.0657163567347285
2.0646770385836617
2.109488690857611
2.1149182153159103
2.047179328955742
2.0162914854018408
2.0463178844457848
2.07061674526949
2.1052193293789854
2.115875561534102
2.1035321971436853
2.0959968847424433
2.1178362423672232
2.1740191437953067
2.243056096776922
2.3092741928729574
2.297237130368016
2.2663540216003093
2.2649397742543096
2.3395187911919324
2.45751978006301
2.5414898783773987
2.5664733581681003
2.4980349444997256
2.366367151298791
2.221300490455516
2.1331342619474745
2.1239911655420074
2.214471724367332
2.320361980624983
2.3592989365652803
2.31432308091166
2.299353834623445
2.371425755495249
2.438505034205121
2.501002340704411
2.4858653828424986
2.4105173013658803
2.297738547134729
2.243229471355317
2.2095719562047367
2.2214562245264475
2.248786473924582
2.2958717808275737
2.3136498912246872
2.361366743144949
2.3421634781749407
2.2833478184436125
2.227538841407152
2.2065759065609485
2.152497729142871
2.1856225483112484
2.1745499627532205
2.153029180601304
2.1300940166498643
2.175832403467965
2.2111844402085192
2.2852433642475303
2.2801641548883644
2.2680922865734816
2.3014264480980695
2.3338629684889
2.366736590097304
2.4172804678954996
2.4660956457556495
2.481848090019251
2.5177904248078034
2.4877389050827734
2.474161296742947
2.420972342480649
2.4236243392799492
2.381151192136278
2.3264308144970007
2.2825967303453414
2.270719409344717
2.280990903288831
2.327217676453857
2.3021610746426338
2.2310667289355552
2.2181239829493293
2.2689608592005595
2.315374981502176
2.343806574753427
2.3513346597820273
2.323458906355825
2.276460539056241
2.284242750741847
2.297932013290079
2.3740496838094773
2.4205027218459727
2.4343131465421783
2.4053448122195458
2.2885817370953605
2.246641439750472
2.2355579592615022
2.2547471125568803
2.260715183589461
2.361201442770697
2.4605066335795622
2.5582258924761314
2.617344531759549
2.566295093992103
2.542379043945096
2.5897075182648313
2.682857190365632
2.6723516906970506
2.6180676333200608
2.515091702318859
2.45131501078755
2.41347146694156
2.4291036667942367
2.442731610582224
2.354777318356045
2.369934376020069
2.396730235071428
2.4427210745918306
2.483305055304467
2.5385069848490716
2.5871449742758688
2.569977170440546
2.54042174473891
2.5314421004171797
2.5560833557759874
2.599643823926037
2.643313439761124
2.6573842498767606
2.6466539118253
2.6211860234828275
2.601254151765345
2.6401619581936946
2.579613623452395
2.565266335624516
2.533026317557331
2.429252463447474
2.4671570665537046
2.488785259380469
2.5191752893546786
2.408835712375392
2.328949744448488
2.160365167936465
2.1151418682595367
2.094485689137738
2.1365324664727945
2.158307795954307
2.1906796940640354
2.1440357019533685
2.1534594427943703
2.17698646531524
2.212176435922444
2.192498287645511
2.2366887087362817
2.284820369783885
2.3021568740219225
2.2694738300985486
2.276787993396624
2.3064705730663024
2.360909985606894
2.3518052841839645
2.3027956764271145
2.3201302192488713
2.292499461827724
2.3512645894762274
2.386900701764915
2.4284912734387785
2.4877333400834716
2.5532601739141256
2.587757697367887
2.588697501163391
2.5510702809966266
2.5092846176080754
2.491197329361189
2.4376212902352385
2.390750958204578
2.417616288936805
2.4221480093958143
2.4594946130603077
2.4592774787871474
2.3948070177435685
2.3266883965373184
2.2560092965957304
2.2183655537331473
2.25730842885943
2.2856692423327893
2.2303868891430705
2.1523634880339597
2.101056174492438
2.109177884911929
2.156284041071644
2.158854276409229
2.142489307030575
2.1249681219994447
2.1362014926218174
2.187938567000297
2.2744530248380412
2.35295216156897
2.4087706143230836
2.4590395069796775
2.483961574392421
2.51384535469439
2.5340099898685207
2.5671832411423106
2.6802887888274975
2.626300557342295
2.567780821163039
2.528225234081276
2.5601224313548534
2.5062594090664607
2.4461591461852037
2.372327710241084
2.3711739029875623
2.3789892259133487
2.432066151637515
2.4789153796588144
2.4975549075205246
2.469975699195225
2.5098332011185764
2.5214568243580624
2.532387288180682
2.48344598938776
2.4377033345265247
2.3624124580387167
2.2346323846649123
2.130795751975445
2.0869444597912374
2.0823163621780023
2.062660576764995
2.1096828297189485
2.1477768014234355
2.160686714488281
2.127423027339214
2.083371013413722
2.109262348896756
2.194084117515478
2.2811298363678145
2.3521292173429553
2.2763353609893255
2.208255113217938
2.115216500096926
2.1417196231612645
2.158768509373998
2.1608172994158403
2.1992899600449043
2.238585542202193
2.245710994733614
2.2255567487130268
2.182771261192247
2.1874783530005115
2.2136213788192083
2.2523940275097836
2.281471159667403
2.3358969062105905
2.3186624962337343
2.3720905691256537
2.4157189792510003
2.408774106044264
2.3790223881955725
2.333525104048963
2.2277731858602903
2.2275682865158246
2.1857524555867474
2.227166191127829
2.294662870321464
2.4157088311087844
2.4802261723442793
2.4761890186036775
2.442444845951066
2.4777358246526773
2.5448430629420176
2.658424429716371
2.689355092817834
2.611027907170358
2.4294786590181383
2.285805708423275
2.218385492367014
2.300960986519033
2.4019808451412876
2.545365815136298
2.623001672085711
2.65116325869849
2.6601704198383365
2.6690439172468663
2.734674373249934
2.7807325119907276
2.8082916122344477
2.760447424187395
2.7358585881157547
2.6376301331837957
2.5426079647996063
2.36236801729941
2.254570197735524
2.113940238881283
2.0636822901206817
1.9936319440941985
1.9622703899232627
1.988537641092225
2.0087896949273163
2.08723528920366
2.2424982979115655
2.3077558541050323
2.3287083710402103
2.3388148094038566
2.3520120285933435
2.3544853023763737
2.3551159683199474
2.3795596878778076
2.382047889635902
2.3974415756843594
2.462613190192112
2.489810286714865
2.5406759172428606
2.4959503810790067
2.456477322645021
2.369543950797746
2.3477679187925844
2.3635857709884913
2.44752707178995
2.4066361140146992
2.357902090395441
2.2890809021134024
2.2775246874972535
2.3852039741358775
2.5252883244084816
2.630803668641581
2.71583647217408
2.803341857853042
2.7694724182278625
2.7555693824837224
2.7499872312560947
2.7676876814382223
2.75664434378699
2.671055679053578
2.5795508139545524
2.553399530901722
2.5761058676903374
2.699296239824395
2.8862291147755132
3.036233446472638
3.0830879615746403
2.9999376768746915
2.910388414627889
2.8712404294442897
2.9051725782404096
2.883454101071957
2.772310356869093
2.65464460863346
2.529815522075852
2.5243629680195845
2.559206277751097
2.635151885816691
2.6761250267489594
2.6867479423398812
2.727447367473923
2.7531841999394273
2.8250924442028187
2.8671595311709455
2.8869301378774774
2.813428938926054
2.730593342440829
2.6474784113727545
2.6764344611138835
2.72467070890347
2.7982569922268787
2.921590473256062
2.9775128241679094
2.9095555103870416
2.839056599456545
2.802503097632418
2.7392219560363107
2.654646737795285
2.6347298413026987
2.5927751753051895
2.590524485173213
2.555936894296688
2.521935001094472
2.4780875292849704
2.541838571413383
2.6403569058000733
2.680018779859995
2.719362121992501
2.7698737584144983
2.878981675809702
3.0905601931016062
3.2098991157333394
3.2715977298779992
3.1924600979056605
3.0558324233501377
2.9267038509527574
2.831502508125379
2.735241223369848
2.7227656233092166
2.701778898662949
2.6943564739705397
2.6757853589152694
2.730317228294681
2.732704917075437
2.6961513261827044
2.6610299515038336
2.6501451421503233
2.6842737406768773
2.7040971564083027
2.6598684386891556
2.592835899981959
2.550554376465915
2.527243837751514
2.505173186938935
2.471834801125445
2.492482516174501
2.5849291214704744
2.682835582133449
2.7649910268366105
2.7663783289769115
2.7798164105243073
2.7528294671178415
2.753553193773708
2.7538266403870777
2.7406020926626846
2.7807261560849312
2.7516034890821204
2.7820305518884925
2.8451045445646694
2.9507863381242485
2.8933114415643533
2.870116040769977
2.772931985703188
2.7423604251001423
2.7316446443361273
2.6771347436089457
2.6498512502011433
2.656556764401177
2.7069786261177815
2.7681640508401366
2.8016893549366526
2.7898038691023634
2.766004507334613
2.6812029573208864
2.647814693649808
2.604540527784628
2.5967553347357253
2.571269945146144
2.5390166855538374
2.5105179311606634
2.5147929201340533
2.5165209960821056
2.4987698331637036
2.442008199176934
2.407732293547218
2.373853768855969
2.4454358527277456
2.4950708989670725
2.528505859290945
2.5361350065902646
2.5892533213129862
2.6468718942700726
2.759431583386987
2.814726980343087
2.810817149533205
2.7756193046473734
2.7494365272146806
2.7429509788247577
2.817580285259468
2.883797160459754
2.957844322337351
3.0070885995451766
3.0143939119535363
2.983357675387666
2.9046350154458174
2.903354384522324
2.8945249610586785
2.9708862068815955
3.0240879016233886
3.0274350064406224
2.9527279863668263
2.846219374313864
2.776598262392647
2.727429738257098
2.6709549866788085
2.6665218157947073
2.69099070852108
2.714277731156693
2.78302877757661
2.857980893619147
2.9070795462367034
2.9254761263651656
2.8096291353679854
2.623357685367978
2.500226476815216
2.5042745037279865
2.5641484570964606
2.633234248256837
2.6308868774250898
2.6627083464747066
2.6034663849786193
2.609673824190234
2.6389842644698924
2.684530384460521
2.7530878308928965
2.7256711871307613
2.7312297268818004
2.7735648779181217
2.888752451632402
2.955876999776034
2.9903243690802688
2.9886127494404655
2.905122359973082
2.8238410839096555
2.7753259147927674
2.739493319867573
2.7483355247814396
2.7480545355150428
2.6843702270262266
2.5529320015014254
2.442889668648101
2.347522427582305
2.245505139466995
2.186792709739516
2.2143175118331926
2.3271782426068874
2.4938590140909795
2.6170794887708735
2.6531405919251494
2.6455004619101863
2.5825936846734847
2.5150878987910588
2.496027087422263
2.5478060222318133
2.608094479682633
2.673482496992811
2.6646894725139925
2.6509043764925675
2.6701320958772685
2.727425371172745
2.741924599338312
2.7477698211609862
2.741873777704199
2.8641441799842053
2.951407131069454
2.9820592528557612
2.962282506181162
2.931436313261611
2.8737538672811085
2.8183791133484717
2.742524760697062
2.7475257309511947
2.7730955398802517
2.853391625859183
2.8724258344167115
2.8860494700492265
2.8899552718199226
2.906347640335144
2.964557194771645
3.008795677379671
3.03394696491555
3.065838207047922
3.0528678982967534
3.0946870547259615
3.1351304793913797
3.1975070519043527
3.178551136207977
3.1301608461169512
3.080289828295067
3.0148933008154124
2.954645743362597
2.9564440852558524
2.967251159722907
2.9840041238652475
2.880263881430748
2.752406231370339
2.617305779650779
2.583193135778185
2.568710989991627
2.561138784789351
2.495830429423414
2.446169471883738
2.4771143644684535
2.563734287033771
2.6424011818056177
2.5887644346795797
2.5649613449107025
2.5432780581387266
2.5255576681577425
2.517106708920432
2.533940875704798
2.4859419292917715
2.454583071703445
2.466869781118624
2.4914984616860902
2.5326449119747636
2.536173952251915
2.5271411579804557
2.490683984641559
2.4988717771650486
2.5410791547580382
2.6471460927976294
2.749042188108398
2.7734121282052526
2.7717418200320902
2.758449048363554
2.758966787922248
2.7377728541436985
2.721459592697513
2.708975110195605
2.673643533215585
2.5575696599049533
2.487747117940127
2.467574189546764
2.4812379515724534
2.4516869460538606
2.424396257750792
2.3815581091405313
2.3922668585870617
2.4473816518837266
2.556394747298538
2.688818311297857
2.8103253470361973
2.867894362035072
2.8756900047778395
2.8618162421446494
2.8701632276680495
2.876582811912798
2.8693944584697033
2.863372540148176
2.840451631026406
2.7388980029155277
2.6161310781010574
2.516113964151134
2.4807731869142358
2.51716189979445
2.624660283205205
2.6883745987333425
2.7338827765959484
2.7742104461525887
2.7348528991482297
2.600977848925652
2.5629861853065954
2.5256941178366716
2.5347142288285416
2.5311991453912053
2.555582579955205
2.5806676058351847
2.6652773635340443
2.7726022764203027
2.8083479758026937
2.7397806304766292
2.6324347723829797
2.5202033657893557
2.483210846329245
2.466883337903432
2.437412003578029
2.3841651967810202
2.379912386182018
2.3697429456606343
2.4597767736307476
2.585658155994012
2.6372202109635086
2.6739068342060732
2.6366260200148735
2.592154280455476
2.575563469866171
2.5491030443853173
2.5424067460952697
2.59135742422001
2.691493329708321
2.821583844313511
2.901166880554599
2.999028330804299
3.020337458769745
3.018962179886203
2.997070451724644
2.935252272371682
2.9100997176462267
2.8867320397916294
2.8360233832257484
2.8448232828688864
2.8491773781433474
2.8668555109342813
2.8490967071769884
2.77445530917478
2.688005244042315
2.6346857775542474
2.5771552447571215
2.588970306668888
2.634655118873787
2.6390101344941206
2.666627975234366
2.651873806235827
2.6086802648264578
2.5567856460883314
2.530114771004733
2.4885394554178943
2.5271873666037443
2.5678002787552403
2.6210525127167186
2.6109356564636177
2.590031066727971
2.581458132807589
2.619004446543417
2.6575430346504856
2.726767800041555
2.7068606613790895
2.6974564449262286
2.7220350058381295
2.7158733949080403
2.740333575692992
2.768798161098569
2.7315276881994106
2.7325159789496256
2.723776857294998
2.704917030549727
2.7153140275706527
2.692506253141264
2.6631279791008264
2.6480040416201063
2.5873382578671498
2.5557536362241615
2.5730370382410617
2.6436473600677
2.724185185074026
2.788666007255978
2.7392528236696556
2.7040165206728277
2.722389377228009
2.773217606435205
2.8179975678511804
2.817165580452928
2.784701403882027
2.673423098101032
2.656159567181204
2.6747696835289583
2.7750524001487262
2.8194762186324454
2.822790124684261
2.7532839821346524
2.76509776774986
2.8652346293204096
2.9778005185937264
2.9987716789252223
2.9542370765728023
2.875377252418744
2.763335842917988
2.648246177724071
2.5506684845444143
2.5796951132274577
2.661562403541729
2.7225179180945602
2.7611635484575445
2.8169043471302535
2.874060732836121
2.917060167284602
2.989204800630529
2.9430435345242247
2.8743732268406648
2.8132006242559804
2.827967107224947
2.8068167093352163
2.780598785826549
2.7056288445694783
2.632623982037137
2.5277210736967985
2.5064301348261755
2.4920867726065934
2.5282919552825787
2.5655143380637164
2.6059692093864424
2.6913774280556972
2.746811825294263
2.7471448513205283
2.7357264305706344
2.6801191501634127
2.6229449398562754
2.6153841430881135
2.6476378917544166
2.722939984608418
2.7631294328321165
2.8353003967277637
2.9094800063919037
2.9731906460621147
2.983891257949292
2.991772023887409
2.929738897760901
2.8129463165214013
2.750049823685355
2.7273851545178625
2.738913176483711
2.7471305087134383
2.751756282280212
2.6913189613603143
2.582206273253099
2.462633683467495
2.3789196690396057
2.3311482727028956
2.302863920633755
2.2788800545923014
2.2278663600118853
2.2164910148403796
2.2089197065293567
2.2455164292293954
2.2942514743117175
2.3250590206055133
2.397701213820402
2.5503747797012735
2.700234014610464
2.866244466090397
2.9863284882897925
2.934178313529942
2.848653183788329
2.8393325815057118
2.8626387357914904
2.876665684096502
2.918955135303591
2.9829864872120955
2.9300587778918574
2.8920770841337067
2.827496877993199
2.801709748954253
2.8171495699069182
2.8435186713861063
2.870603733879145
2.910200720533618
2.930908790839944
2.888763589035042
2.780100056313661
2.7036315813899305
2.708293285347115
2.771911220692926
2.781108529486355
2.7999522254116984
2.8478847564952967
2.8704440370746096
2.910743132326717
2.8650291239017465
2.767508774783792
2.6588835380776845
2.598236674818105
2.586403475265142
2.565420830989148
2.567507114708685
2.5449494821813734
2.5800314584398336
2.6566724178121954
2.6950718157999662
2.6818156945217955
2.624984436530938
2.595865385725579
2.5870625604477286
2.5832338564416393
2.5449389001298663
2.549868102328411
2.525898137001967
2.5424000942520144
2.487008571902561
2.465824040723369
2.4071453098057805
2.4188139316721142
2.4184813302079777
2.4729124994621285
2.5535416079976407
2.639997069818751
2.7560299417054313
2.865892421636304
2.9560334283580874
3.0488895195776906
3.1417985218766575
3.2191623843313746
3.2000255505661372
3.210913617818366
3.1522914199004317
3.1066040739022576
3.057977450962748
3.0306861877306708
2.9644685254895076
2.8488321868038042
2.807544084904267
2.7532349626297825
2.7434634615596067
2.739682821075522
2.7467208941299637
2.766488274566248
2.7936786410411174
2.87400761680384
2.9916615748241067
3.091627724165009
3.0777755113899072
3.0319730517609877
2.894027036281203
2.7918996079509384
2.7315384944790617
2.773666982344245
2.8215469043251185
2.8739124514397156
2.899113987283242
2.886387946053647
2.8383874058894314
2.804696092656906
2.7894254129131117
2.786274426551135
2.8148667662090445
2.7643478030075355
2.7293642509283758
2.723983302203491
2.79110989628001
2.8294633519501167
2.8465970646249703
2.79696909336826
2.71180887491144
2.6598181374559795
2.6244013921352076
2.639390241628554
2.6206908242231783
2.566799504135392
2.4483658414467593
2.3640649405504464
2.3504837100907467
2.3432484649327505
2.349815814305985
2.3140230114196134
2.3034910164312468
2.3027397264987144
2.3481106023382763
2.379756013087629
2.4733700517006025
2.537893646456695
2.536441467542444
2.5370988425368175
2.5326533621629013
2.588113445737234
2.636723604666027
2.6688173684280487
2.69277592028551
2.69328580415124
2.7111274782719206
2.7820068204251482
2.843644281257609
2.870176673166327
2.8655858870525566
2.7464749199831844
2.7007815380820435
2.6314297966806097
2.6908871684119613
2.787783171371926
2.8504450926323366
2.8376249644304874
2.8548548301303955
2.874983997141626
2.892584156951574
2.9289772038789192
2.944679899589085
2.930056218303019
2.8405865261793757
2.799688575728733
2.7810400834474716
2.7993602232441734
2.8250487323004267
2.876407593471033
2.9341375061239896
3.005671148575928
3.016672451518099
2.9978220167875227
2.9297461998934655
2.8700947001839996
2.818836814258314
2.825562767281781
2.8785466085884757
2.8674704573594885
2.842101121312085
2.7830253160456113
2.8231637827809326
2.841857316313603
2.821347734678687
2.814828927316049
2.840718147594517
2.8109517315916075
2.8530616466980776
2.842110155251907
2.8316620814777456
2.828532790784564
2.7444794909453414
2.7229360690386337
2.6090047885707586
2.6000937810598863
2.5720510898609765
2.5947812866657327
2.6199808894158942
2.719425589079095
2.7867675136037584
2.811968488187016
2.787755444305741
2.750104264048697
2.7179440462087294
2.6740782353387114
2.63094920984149
2.588085089162062
2.6770908530721176
2.787481428607948
2.8874711081861144
2.932596197904919
2.8893563701087257
2.793396951139922
2.6888922801186803
2.648841601985347
2.679198416105965
2.7557228896454387
2.822752385285481
2.831923137553088
2.8717216186609766
2.805527744914774
2.844320979087471
2.852736068769791
2.8356966478805585
2.7663821275671627
2.680610179436406
2.586596692047057
2.517281077807637
2.521476448661518
2.599710155762123
2.6928096775883286
2.6957180395077556
2.7389700817243017
2.7462909674664284
2.811260198077545
2.883535434587624
2.8371944075796143
2.807438444332315
2.755086270832746
2.6742545008988703
2.6187257799619053
2.5857794996233197
2.6284404485962347
2.6488366910430416
2.6439241796511777
2.646146325914817
2.6027718287799675
2.6096132704368227
2.623170567465622
2.6910825620917462
2.7272605676319213
2.815299108373637
2.81962832734162
2.7607155601083884
2.6252130745810107
2.558501035293649
2.5548023731336422
2.6168381669191185
2.705541979867635
2.736818087341853
2.7433339447228002
2.7883213550575854
2.8010835297042584
2.8905715093761075
2.9495594528940043
2.9717472318560865
2.819048526913284
2.6970661889809993
2.628918533093272
2.6453789950282585
2.658186270115875
2.556851899181366
2.466422397569333
2.3932508480762817
2.3568925861360346
2.3835145773449895
2.4357610494385544
2.440717303083601
2.569990414857042
2.6592055428147847
2.7101502955944157
2.7578176958046714
2.7592442066602487
2.685876415973806
2.6257850742027364
2.64449243106269
2.6633818459786696
2.7272958926077973
2.7355907739131418
2.703665260128571
2.6180008346688006
2.6536146426047247
2.688266359654221
2.699226207238286
2.695519792028367
2.679038622337431
2.607237140613905
2.5759193451984816
2.5575851204577433
2.5929703184454818
2.57388102884281
2.635041840912426
2.695269122099893
2.754760785013074
2.8131643065746346
2.8266735729653623
2.783475842254539
2.788650260166274
2.8241640055367987
2.828188256563666
2.7959668614263795
2.753770961065439
2.7321551839741978
2.7562636707601933
2.8067040406318187
2.8151599168578425
2.832751293992132
2.821507859543314
2.8927868448005225
3.0412336325632943
3.157467598637243
3.220225486122888
3.183887107782725
3.132470343036869
3.1181313078564354
3.151676744666414
3.1457412247605134
3.1519402970494914
3.1020346052367813
2.9497179970923355
2.829885043471425
2.700012968569914
2.6845191019888586
2.720978046888658
2.8140560411126585
2.9752157103344974
3.075295853486895
3.023758196351507
2.9209623294441696
2.7002148394048113
2.5632561340905067
2.557662124555543
2.640506768652331
2.693097487427218
2.7239078799226086
2.696819703653543
2.709290211954117
2.7436803905028766
2.745078753487146
2.7456095808763847
2.7481209891388025
2.726084045321496
2.7583805647925366
2.8325982287025013
2.88011874920793
2.8723476443802127
2.8420497209260205
2.802181450153405
2.7715456546191723
2.674491675320074
2.570053378096192
2.521599493957873
2.530664524884177
2.6136856553340877
2.659476250101135
2.6001028119984544
2.582163549014427
2.547151159848444
2.4791057845891706
2.443360042378539
2.404625311315921
2.4748607322080645
2.586693679127543
2.746794433887073
2.9444285316737413
2.961990841396162
2.842868922159801
2.6550170755985305
2.5972285959995576
2.5329184044190125
2.5052700303962916
2.503886824952067
2.5434311028371885
2.5566511287773666
2.5635015496680476
2.463509203685932
2.4084346251454
2.3959934338152067
2.4538454734980832
2.528580468295071
2.6238369070190473
2.6499537439708734
2.6411176153484575
2.605821531110587
2.5751675847106372
2.5660729795478403
2.595948081869209
2.6325434164681614
2.616046902113524
2.5544337574891536
2.4533067801659265
2.3868921312606832
2.3497763049819413
2.343626074268254
2.3566121921428236
2.344012572307694
2.3973312293060616
2.479198701090167
2.518424253240867
2.52663309588815
2.5395302946332596
2.587904539540062
2.6211784305750028
2.7025712554150134
2.7667812042602553
2.738176084199117
2.7382443295383903
2.7295492247249493
2.7061198294336637
2.755794615115494
2.793298746752405
2.8010006841757122
2.7700571489575183
2.8025288909835187
2.8224661424021784
2.943525881712051
2.936522261377166
2.9518886055385343
3.0124494197247067
2.9361444276402624
2.8185887986246123
2.636835044114771
2.5083821361793017
2.535794835450498
2.606660317253928
2.65764412652576
2.7016461599382335
2.6141785894454737
2.5721688857786114
2.5535849593873783
2.5860328361517873
2.6646860849241776
2.687397262899992
2.648814910692939
2.621492434861759
2.5910083439637392
2.545227130249786
2.578186214407999
2.6276466019520326
2.638487147133783
2.6014728711654955
2.6280205577885325
2.6991990928797454
2.714071862093993
2.708039062416548
2.618883935030256
2.5593853068435717
2.5561630064486693
2.6016005621412934
2.645776003129722
2.638354411815136
2.6311177948371975
2.5817343960426897
2.5444821956143144
2.5557725861813987
2.6046170948998526
2.663058591247186
