0.0
0.010679052919506197
0.012309741398372976
0.009773844055586798
0.014666128386248157
0.011362503161876173
0.012826095748201623
0.009291395813395846
0.01664302422143745
0.02059099298692396
0.012224266036917147
0.01989470859804048
0.02051829040939915
0.024671191603695523
0.029686986180744383
0.03149654359055393
0.03800764407738861
0.03615368468099647
0.03708060648784883
0.03792031929500195
0.03863315027614942
0.042945911136055996
0.038157366299920094
0.03755497511749323
0.039452619055372395
0.03366363930544434
0.02930324720246553
0.032399115019595706
0.029987874511623856
0.02732834142204363
0.024951747605059214
0.01999563089459879
0.017434692285495507
0.015031175752981506
0.01336822296961606
0.013777022413253043
0.01408923088403711
0.011977752986595498
0.011756095550606102
0.010661435629926561
0.010048378434212796
0.008438900503033373
0.009422730456944887
0.010642675630864537
0.009251888468396894
0.008930488594106344
0.01287147881564779
0.012485863115564133
0.011943407538727559
0.012391596891124766
0.013300685777651854
0.011400277654153286
0.014401697633768496
0.017287144252014188
0.018211097553738773
0.019876543810406166
0.024607412644410465
0.027977447145500066
0.024674059278760666
0.030988412616285044
0.034105268357438726
0.03193868960122663
0.03400062399543397
0.03144337396090862
0.038046518364611356
0.03825592509076954
0.03360976114853246
0.032577271077015316
0.035996722387032144
0.03534437627607529
0.027297145435612888
0.028294529738188478
0.025483187049547308
0.019889710861535115
0.019631809146360105
0.019095191806401186
0.017105935929846376
0.015560161315647723
0.013750068868581513
0.01429648963057383
0.012429752355974263
0.009996614048597696
0.008122472706891586
0.010557741067103504
0.009838152124532611
0.00823334554988119
0.009308959536869362
0.008890636970082277
0.008586139216408021
0.009546170719950113
0.009746729844766558
0.012002529340340302
0.012418813798085201
0.013469244909999515
0.015218001874806052
0.01428917397724406
0.014747770672328867
0.017819072662609663
0.02035044549685403
0.0250846044353684
0.02536307048997591
0.030968713090245507
0.030647285423963205
0.03747435712368087
0.04433026605701281
0.03931611884181057
0.04136358104809183
0.040050244527290536
0.040900059340602174
0.03881007444622878
0.035573177692297696
0.032254321160256484
0.03155457402171068
0.02964904508397296
0.026298636321609652
0.025978760736441543
0.024202095203201567
0.019040266819680483
0.015735180410770256
0.014698018515341435
0.01288749939157697
0.009741376579795754
0.01316702298579774
0.01178651249745571
0.011584933422209053
0.009594190924451714
0.010194590155020243
0.010156875049439391
0.007506607633607303
0.008162457288392676
0.008758014599394973
0.010594398097927563
0.01142994227149284
0.010397314007669474
0.013060252551041611
0.014009283225337548
0.015471198653853414
0.016329572404117847
0.014337692318291032
0.015918960798693545
0.019999923270680085
0.02317429926819815
0.0271756934604952
0.029773697111429884
0.02794459206468202
0.027211997350598427
0.034430196725081616
0.03130282136569625
0.03715696559433114
0.03851217744834634
0.03880250521440922
0.03812887368083043
0.033894952194221846
0.03942790490549932
0.03386319822465158
0.03144168905052627
0.031682326564441685
0.02379316209918236
0.023578443284808837
0.02077942567116028
0.01743231464571546
0.017795561480223796
0.01695381754821957
0.012957449441772174
0.012662828366242464
0.012529658240594082
0.010901135248044437
0.01076456387992351
0.0105157503048332
0.009603889009180692
0.008967557181775108
0.01007822910908531
0.009167332714774663
0.009243988840428624
0.011761887499487103
0.012021586603133351
0.011475811927778952
0.01175206647056582
0.01340093713575521
0.01266235810639823
0.014116163423757938
0.017080496843195906
0.01506154869070017
0.01733343371341233
0.023800764207430568
0.026828683333623652
0.029063240772933346
0.03536583924859667
0.033317199734311694
0.03325578749874282
0.0336116158134003
0.038970089667766224
0.041704032605395965
0.03987265504648892
0.04127179047243597
0.042506695255607116
0.03603547129772896
0.03534252456927838
0.03443886587882765
0.031061244812565936
0.0283414151491713
0.022340901843451944
0.019295809863181208
0.017641489335636605
0.015976138174194975
0.014200880791322335
0.012891200949543649
0.01275002009476129
0.012514304056246815
0.009995403365056488
0.01035979144188737
0.009922452303334982
0.008412431795003995
0.008404664442688012
0.008921149957080893
0.010323180347494585
0.009343258313921056
0.009982144942383383
0.01178982731314524
0.01185804655705889
0.01300989425896321
0.014298169931282472
0.017297667161126466
0.018663167485461495
0.016834322093146042
0.016874429322162484
0.019200782146591388
0.021702654822731895
0.02464497790136882
0.031065570043383887
0.0399688348364442
0.0384462111489246
0.03742484803400683
0.04199418783757415
0.04481643704723993
0.03850022981210146
0.030899486424531778
0.03394083052435082
0.035518553613826644
0.03251297975465373
0.03208500975565496
0.032700220617070924
0.031233191715012498
0.023362353179814693
0.020123452112771285
0.016544529188342694
0.0155981128900542
0.013362429305624568
0.012386920772611776
0.0132047937525694
0.011642536052924472
0.010549849318959251
0.01101065601843159
0.011542774738693678
0.010209733477096672
0.009150197537884475
0.010425790735498345
0.009879429095523001
0.009418104091923802
0.009954906540008674
0.010375052063985007
0.011696650258178037
0.011880664970348507
0.01323203240620718
0.014654148170706862
0.012783249661040913
0.013687625046143067
0.014669184560901681
0.01782448662007162
0.021260744140417637
0.02094185768192183
0.02827680767135476
0.02504635889724065
0.030485840914368498
0.03449481606348229
0.03235272926539978
0.0363657085614275
0.03276208710843709
0.03488161956594622
0.03776219411487559
0.034901598848049754
0.039301495301431996
0.038859328463038904
0.03396139217341192
0.03245583083881803
0.02835040678851888
0.02474984153036327
0.019575218177708343
0.01786426498202438
0.017923236449542072
0.015061981102353275
0.01408965587370872
0.01221620656303813
0.012688972160399164
0.011092206969165895
0.01173794863066259
0.010459754533018627
0.009336520438288013
0.008365082713144421
0.009038529111505393
0.009801143372622674
0.009265619288550447
0.010207957333654538
0.011095593445789257
0.012630787711022036
0.011520928567851915
0.012346090352473716
0.01615784888902099
0.013292767561899774
0.01564326855335227
0.020262288085707052
0.01947502954358954
0.02350371589856445
0.026966058052395516
0.0316885518466335
0.030575334360519818
0.03319550373257537
0.0345933445605244
0.037954006183378575
0.04371133094921561
0.04621939852903774
0.043045455050033044
0.03736534789389001
0.03626188936360349
0.03827246819341055
0.032760025504119335
0.028668238320863237
0.027101267340518535
0.02538113432080098
0.020939062610915757
0.020844147149183607
0.01890837310823511
0.01583103606259819
0.01554161943419789
0.012399153930993466
0.011103342959968206
0.011411133771664306
0.00987751201582525
0.00854862449853645
0.009256886666805703
0.009255430762075773
0.009886140524356234
0.0102272394526142
0.011039186870354708
0.010441064321106624
0.011058328225454474
0.010930432768592221
0.010602477345197134
0.011836286640033103
0.011568973754109353
0.014870371225263336
0.018064531517945116
0.0173056976013608
0.015808389434416356
0.019402639807835954
0.02519582666439631
0.02678996475464636
0.026310027975421375
0.0287462370359295
0.03159477757112779
0.034120507671523706
0.03510646181685468
0.03842129651225913
0.038731499524282335
0.03601513373213371
0.03631920275723365
0.03612094872228382
0.03867670784112617
0.036472499724485456
0.029083082918336573
0.02625205965379132
0.02337911175083385
0.020109907395158746
0.020992796271853773
0.018430822195389968
0.016926841269481834
0.014234065086809026
0.01231542659370774
0.013105397334452734
0.01196596011013803
0.012193541786999683
0.011096613757197133
0.010306114477423372
0.008824108646055083
0.009899642911037695
0.011685617133526217
0.010293810452632848
0.010138642259743948
0.010829497602552796
0.010587642596985015
0.00988266481080004
0.010793610001029859
0.013691447318986071
0.014320284107903708
0.013993641053462196
0.01631161049539954
0.020305889210470305
0.021256572583640596
0.02198438502852479
0.026957904264911566
0.0302118261803711
0.03469050434828543
0.041228936561668345
0.039897478897475275
0.03544773852718933
0.03875533381788833
0.04078855429865266
0.039687566616436465
0.03891473943080709
0.04044956032590076
0.03739961686732462
0.03856309018775595
0.04113468317771017
0.03330221867769274
0.02476723599463519
0.025311123453254432
0.019911461154339866
0.016787456658499293
0.017345425352303268
0.013529838236384869
0.011515265137771513
0.011000548433837862
0.01395306836643347
0.01394832743523491
0.011444799305625602
0.00990354738909936
0.010747822002613731
0.010012429720222276
0.009577548122034537
0.009698962185155252
0.010223587076999819
0.010297408356752845
0.011797163103210892
0.013524589642273885
0.013973694762173553
0.015229274773405977
0.017511472746798998
0.01654973364656305
0.015512994450209523
0.016762895775363284
0.01974040358594262
0.019986116073703365
0.026551836800917446
0.03546248528745153
0.037977417092436155
0.033904249396132
0.035734078190038855
0.03737295450262827
0.04139487157313239
0.04319462052908
0.04409721885267537
0.039450873535339895
0.03581476036527671
0.037164648875243365
0.03499166687420845
0.030438650913402386
0.028734456202997676
0.026961470675538852
0.02322286367223175
0.019401666897686198
0.017814528189584053
0.013217881662226278
0.01373226319705042
0.013987510239929503
0.012078359702562788
0.012525000068563247
0.011885212603229167
0.011455141978581372
0.010728980613161902
0.010617305611481293
0.011540147539807028
0.01158630063408387
0.011098852540649832
0.010984009069086524
0.011423360103222462
0.011462284577679399
0.012567807730509764
0.014276327965897128
0.012850200375925146
0.01456145976378955
0.015855612177187103
0.017357550819313727
0.019912184739642822
0.020810862206283483
0.025564917165022055
0.033268539439091686
0.033117928085510014
0.035906836016617594
0.040667723196571644
0.0410401462016766
0.04421758672635997
0.04250020250330561
0.04224369116390064
0.03441157921758931
0.03510086037394646
0.03715423919400901
0.036246173371142595
0.035321308981781686
0.030058807461643633
0.030420389883668953
0.029178920096127294
0.021777680999558548
0.017534310004816138
0.017280145799757562
0.016078344511734906
0.013957573687358197
0.013078280154855976
0.01343271915723516
0.010253623015579937
0.01245935632915793
0.013811122497175936
0.012060064118853983
0.011249434618400446
0.008833222870368876
0.009840722288234521
0.012046332207125532
0.01021156006714663
0.010708749222540635
0.010833891378340205
0.01369308202743873
0.014417591765720439
0.015101865262368236
0.01807770733102375
0.016934612089549002
0.01698451612135881
0.020998478186096497
0.023049360223304467
0.026223638043088048
0.03145750970560119
0.03543324632376547
0.037758635505130034
0.03671003959794035
0.043578616553044874
0.04414748033457164
0.03884388488932836
0.03716309967008146
0.038954507049998414
0.03597793791697859
0.037213077743553515
0.032232529663074126
0.028120924095749605
0.027316683384093057
0.022872409713972756
0.024324587337191526
0.02500425382221053
0.020255430162762572
0.018424982931173103
0.015838493510044436
0.016984686839788224
0.015457311769934751
0.010861250412206052
0.011233335879542242
0.012439461679508795
0.012585131985731341
0.011720393997481383
0.010868146351186323
0.01107942960307594
0.010925197619638173
0.01093602884718239
0.011450504339815003
0.010880425064753467
0.011733397531454429
0.013116440479424146
0.012639420313291013
0.012646409303352254
0.014407901306880832
0.0175805355255985
0.020744934306323307
0.02185165603037238
0.022660953086221
0.025346246917490347
0.0286538899439216
0.03295916808622476
0.03793661975300745
0.04156189809404099
0.041054265443981844
0.033098898276071466
0.03767501891891446
0.03802950501685098
0.04250695438130152
0.043028342215952996
0.03968827440858838
0.03709277422975224
0.02840869546402924
0.026466371540733297
0.02438572760092538
0.02211214491149238
0.0195106780391159
0.021400585442385763
0.019617284641065998
0.01578722364325191
0.013782427251472038
0.01365788111377348
0.01269044867396853
0.011482475168848484
0.0102569642751342
0.011386807812150105
0.010364701428396574
0.010878359972088681
0.009932755850757709
0.010351245602357213
0.010382037122863204
0.00873133110918167
0.010977953765882311
0.012433535479150794
0.0127735287046452
0.01591763497048868
0.01603612592564459
0.017795991450652644
0.018842094713800644
0.019564772523219594
0.023222990936618313
0.02555531372232101
0.030339353525664085
0.03677139684121718
0.038674285866873964
0.04489044999712157
0.04297926469358515
0.04178217425470028
0.03675549208055794
0.041308426071674426
0.04025633067467378
0.03041607289953891
0.03443744405868964
0.035174465467064236
0.033445823586290946
0.026483012964555283
0.026640170201025506
0.02766697921309385
0.0215835687845259
0.01979025128172351
0.019444238882513457
0.017419313043926833
0.01739082123076578
0.013231600009664524
0.011719942888493736
0.013513032406304536
0.01177093748770447
0.012622019859991528
0.012445410895106201
0.012416638924967145
0.012202270404070402
0.009558305153380204
0.010416264498202208
0.011025189758027349
0.010855841078126574
0.012909659973178708
0.01295659989200859
0.013129005429527866
0.013223626269050003
0.016655324850166395
0.01776756098957501
0.020027597621784583
0.023211802749993817
0.02374618511190188
0.024525750849547043
0.024550917358823268
0.02905086267681252
0.03526291221527106
0.033523508571017525
0.036057055764757276
0.037192320600114064
0.04068513841359144
0.03978433981256756
0.032924082050643844
0.03548354272068157
0.03511385623811039
0.028465473157189294
0.02848582483759942
0.026590522537884808
0.024034784170401818
0.023927078333635256
0.021085212216404737
0.021506742938361346
0.01971702745601921
0.017086516578583084
0.014125917916206926
0.014129983583714973
0.015509638802178281
0.015103319783871081
0.012881302209437223
0.011951368541667735
0.010425160999914498
0.010667024901843509
0.009192679973022994
0.008964818786922462
0.008786132257640052
0.008641928363294442
0.010236998400935081
0.01060455215190946
0.013449689305292013
0.01633680326763031
0.01390842115486154
0.01634886341230054
0.017926876543313618
0.019466956916486738
0.023616135248132226
0.023766267206728496
0.02457716737802467
0.032061153009121254
0.03251797689431544
0.03601143502448047
0.03519486048346556
0.03791343772852264
0.041579003655338356
0.042111409466781935
0.04368703492650497
0.040292562634140085
0.03206238026488455
0.032107327890734456
0.03550138959430014
0.03361873430886968
0.029616395039826836
0.031125995429245643
0.028634502039331284
0.02316094542354802
0.017010663102396097
0.015893248228149606
0.01637616687188244
0.013808190007012886
0.011825548714475859
0.011153005206844186
0.009933579662229295
0.009584260417612261
0.01098080503690904
0.009398700572261873
0.0101433802517054
0.01111964179979502
0.008986335112394238
0.009362425077710455
0.00933408167099863
0.009568300895325545
0.00946606689859703
0.01359539173411141
0.014115053428080756
0.013927023517954261
0.016197965659200477
0.017551318845532682
0.02070800519081293
0.024286998814341453
0.024727757382978888
0.02395435763306761
0.025834590120291077
0.03052647738641531
0.03536450131279501
0.03339684957115721
0.03808248700205572
0.04388079780161622
0.04322932860557802
0.03940240374476213
0.03260620505883942
0.03649174674765066
0.033516058915186234
0.03129943695964345
0.03183112158758994
0.02574231195950262
0.02567297534370838
0.023749857720836102
0.021456865018414404
0.019908949667791987
0.01700598576934518
0.01616153929156937
0.015400785814356764
0.012358406172287133
0.013110780548053098
0.011538218783826538
0.011054023495886434
0.011380670292553957
0.010401361858130143
0.009148822611319095
0.00951378647476049
0.01111244995558973
0.010551360858921058
0.00968953797489366
0.01172825758694068
0.012361054498739763
0.012735867041996047
0.013201824461077498
0.014973738689907094
0.016792465709569174
0.016197602764926235
0.020025954042164968
0.023195224719188015
0.026490787762608603
0.02852338222975702
0.028409978139836416
0.03337182884791264
0.03582214218883452
0.03748006470445803
0.038300266262285255
0.04641210135785314
0.04486862720769844
0.043955937470320845
0.04006006977192058
0.031813478784870106
0.043199915395659115
0.04148037327131791
0.03136515092249809
0.03018003077597429
0.02616002313721057
0.024797767369260947
0.021589859063517194
0.02116670383979619
0.02107152458397067
0.01520035225022292
0.013122288210971956
0.013420783800533213
0.014011774855790929
0.012971946512205524
0.010994136743975223
0.009664344371619074
0.010447941911987703
0.009966435287755801
0.011759819942381495
0.011204865069743056
0.010146237542347522
0.010881775424260557
0.01059962739854499
0.015135803861378184
0.015272352632448635
0.015283924948734354
0.015396375025116498
0.017445123268358436
0.02410313495717214
0.0283935465554785
0.026868905926462443
0.025617045354209528
0.022053755305543446
0.028493214510648932
0.03573513175436015
0.03908582134274818
0.03729880313767514
0.03612495314309637
0.039948104980862494
0.04188508740412934
0.044494432345986115
0.041808861710061186
0.033998098010247245
0.03373195199465303
0.03777658708867771
0.03957896041687186
0.03301306720207127
0.024982745238436865
0.02211505801793997
0.01891871740168694
0.018457632084084564
0.018113883189254828
0.017204451582531557
0.015450092774264788
0.012344775692252213
0.011583312193327788
0.012473011263131644
0.011788910309048757
0.010098961299856157
0.00995358040687743
0.009028681572154152
0.009871361285282489
0.013725594059888435
0.011621993850980778
0.010403056371733027
0.011505976630552858
0.012333579769897293
0.011427239902300204
0.01356934029558094
0.014868125976348009
0.017630812806692996
0.018048652065727123
0.019266173625810037
0.02461528671476197
0.024574788370477742
0.028772478792007235
0.026362564912202725
0.027475326111052488
0.03447786113416181
0.0358069894396915
0.04170164076670508
0.0447372264488618
0.0415496738493831
0.04433696718105465
0.03522308409180654
0.03952088044064218
0.040575426497764244
0.03397478008320638
0.03298046370715891
0.02928044389915695
0.02565593090200135
0.025599930108180506
0.021636142406937404
0.020604659901358367
0.018332319223336623
0.01710604218363444
0.015944391917869633
0.012506171921934359
0.010110014831144355
0.010066273329369217
0.009592268786288717
0.011909850369226956
0.012809924798250636
0.01177311353390387
0.010326397560621082
0.009761101192785379
0.010192472935197537
0.010460540063438729
0.011496887683378419
0.013551763049189525
0.011488927459663435
0.013733283305592713
0.016219654750448623
0.019379313920676024
0.02219716585258374
0.021346846275824397
0.02675910279798633
0.02832497836458486
0.02255892012251521
0.030234396710763795
0.031840932069944476
0.038014690400917636
0.042547613705444354
0.039901456502756845
0.04647224427367367
0.047880707093917896
0.04475117032141218
0.04208894192465693
0.037531021374308395
0.03703284619716626
0.033825762788265164
0.028762971042674047
0.026374302019290554
0.023838267909332387
0.018932594033673505
0.021567668887414664
0.018741527186421438
0.016474242444815723
0.015313989361457832
0.011125857020888206
0.012511353416770057
0.012147990950893335
0.008920309291299477
0.010642684442608723
0.009298782226333761
0.010879547872129417
0.011959817734838576
0.01141383144241842
0.013519203160373968
0.011981205911361764
0.01300082744655391
0.013121448948949439
0.011720989482327094
0.017023829686969805
0.01548340735407518
0.014758834916823019
0.015819296990220125
0.01901055112851052
0.02446834462302657
0.02524619553176407
0.028310300784215033
0.028848793623937913
0.025907470686771933
0.033839123849109434
0.03557499351713916
0.03937422486687425
0.041230308174679625
0.03462222650471202
0.034666747395411986
0.039363337948249276
0.042173034399279184
0.04906613087292079
0.03722084502486065
0.029473471048753155
0.027699516875684723
0.028013839056840316
0.02816619941639267
0.02141695155849208
0.018226900399971872
0.019075822676479733
0.018047341983296016
0.0172766850186712
0.015550612651701172
0.013064626084711666
0.0123483099644266
0.011086847884627986
0.010179691588582925
0.010413645650278457
0.009260515546142635
0.010859716968566729
0.010702038530428047
0.01218334655177395
0.010711138745536185
0.010502114442149863
0.012480564718093464
0.012645985113056602
0.014334667041920952
0.015189857000352521
0.01749332496457092
0.01916312796702704
0.018163900761260454
0.017582955601215106
0.020628927541948377
0.022976531091172377
0.03120924062795979
0.03940475102479076
0.03907608226361602
0.035670269593609645
0.0380750659258374
0.04726638907859813
0.049555486713359624
0.04889998163081731
0.04708701788130786
0.04511540888227149
0.03520895991441435
0.0340956124787226
0.030538219370464425
0.03243908271197486
0.028436748056719963
0.026062393339257056
0.020855066209614262
0.018114009335246057
0.017050104604685392
0.01484766857384804
0.014206646458191466
0.01402695042051681
0.013398945621846193
0.011923650537638913
0.009473484378622856
0.009612080978974868
0.011247857254237326
0.012342991582689459
0.012139966385982621
0.010743201171279419
0.01066192815751857
0.010066718906474795
0.010354458062486164
0.012456269772505114
0.013707307867616049
0.013302116107928802
0.015453810739838812
0.014433355112956948
0.018376693440445405
0.022444165105377806
0.023154404256402965
0.02496147637255983
0.02741769624893175
0.031915583020318515
0.03343675089462719
0.035241549682666753
0.03833996392054872
0.04396047632775894
0.04264455511794536
0.036268704138342156
0.03704911903209432
0.04125869597361042
0.04039874389792576
0.03749632683457317
0.03683508978330463
0.031115676733520153
0.025313962528658657
0.026527769199293647
0.023221751446592293
0.02272218482093299
0.018313177528420488
0.016323877728396937
0.01589592672962183
0.014113477218004416
0.01397388441902953
0.011228396378088402
0.009931550300924706
0.0126919999041554
0.012002062568233371
0.013067618935089547
0.01201633535241672
0.010437354921627269
0.01200938726364393
0.010593580003739353
0.01106450590695704
0.010555978916187429
0.010142305167893375
0.013686373839298348
0.013621814580080828
0.015480729836142288
0.01710434018501352
0.017295134757896465
0.01925770772852259
0.020083680003719198
0.025579778167131736
0.026381252761753533
0.02543648881500457
0.038924718057314824
0.038405992107985086
0.04011510739617894
0.041280753567051236
0.04556506712258915
0.05462479662181087
0.046362835460968
0.04282163517618316
0.03566864623949978
0.026905399275519503
0.0336285532283643
0.029649956941340847
0.03147996316152866
0.02823089616280234
0.02333647345088329
0.023723238413480802
0.018065053325942403
0.01781576482771903
0.014733521138549173
0.010665653373673837
0.015629202915650127
0.013398026277979605
0.010522254820436215
0.011632745452338764
0.011639873744329019
0.012441089285330262
0.01331182630006065
0.01172137353582949
0.011628415216953472
0.009266460582845812
0.009650348964741711
0.012615040613934484
0.013709678885682272
0.015727881514021637
0.017334343188578957
0.01639116267593106
0.018190074827623408
0.02012807762265637
0.02264511878758981
0.023523296703607994
0.02656994592399252
0.03023672481803519
0.03134891304523601
0.03477988053997895
0.033748408886314335
0.032590022991315
0.04615406892081426
0.044112574113650084
0.033674221118393625
0.03258772064690964
0.03478031314712275
0.03271744502029238
0.03126019241295981
0.03381296233406705
0.03008173101576643
0.023263209040913422
0.021754755322245536
0.019139754418503723
0.01857497001252505
0.016223065080883694
0.016661830206228342
0.016964364563879
0.013193972160987616
0.013528810381353772
0.01213131665070412
0.012014308905812088
0.012951255803525073
0.009834661480695827
0.01057771105697652
0.011130131459854382
0.010347608658056102
0.01210864348430081
0.01036307355835492
0.010991132598738402
0.009253847832754918
0.009654852011091128
0.012346570054644882
0.01225754665011182
0.01384889739481111
0.014098773999532091
0.016334047468723557
0.022518613067686103
0.022586881235330054
0.02434309475190701
0.025694962935994978
0.029588114400124668
0.0366694389841204
0.03309213823929091
0.03547981832937265
0.04129112097171322
0.040866604168424046
0.035990620812173746
0.035591302661083714
0.04083087673206484
0.03590342689690468
0.03030098175331282
0.02981415798733911
0.030153793110727817
0.029506630284273517
0.02653764613808577
0.02293931610637286
0.017687405250302386
0.019099498308294174
0.01457470738439211
0.012599889089253058
0.014504188402881616
0.010582740010006106
0.010816563223302388
0.011661478590654131
0.012522185599696874
0.011708019277169388
0.01055588392786765
0.010371578922281065
0.009559125353554153
0.008755622994577009
0.009067631776759046
0.00964208939809394
0.011547095212775745
0.012196664104513644
0.012580723277908476
0.01671262561047623
0.01811870088159532
0.01952408565015962
0.020915397578445096
0.021341261571176794
0.022651238564924656
0.02691406694950305
0.034983060569061544
0.034000434090994
0.037313199571982765
0.03831746841989584
0.04423769782086824
0.04876974584808849
0.04153684771793976
0.037698513531273056
0.03566627301210947
0.03599998794945418
0.03568609814452967
0.03231715690535208
0.03283525145895285
0.025392816545755065
0.0247213926611069
0.024303408793063086
0.020227339078951887
0.01818923689185075
0.01737412970505185
0.01493059752708206
0.012915100666409118
0.01100191897041975
0.014064025600081666
0.015358111451623307
0.010072946123401795
0.009241797332984301
0.010567647969665887
0.010301147541059966
0.009381732415783427
0.008480905765221218
0.01069194082674098
0.01101227191860485
0.01212186139324923
0.012946692736073588
0.01105885623782306
0.015122250995944424
0.015192948144374654
0.015353356848822637
0.01756600072665737
0.018437983910314117
0.023788302412852808
0.024616014975279737
0.02750118090834621
0.03314157718301312
0.032812119954498405
0.03549381201760402
0.0392875195575392
0.03466990004358562
0.03512955345149679
0.037331193232853374
0.03772019654501984
0.03358058107173487
0.03604706608781942
0.033878295696498396
0.028569413306908095
0.02823578923757118
0.02824440538397799
0.024825495941325233
0.022979114035044844
0.0188062616452871
0.018655707389606112
0.01819133783041189
0.015948303214179463
0.01349581531491234
0.013205543287645187
0.011810829533369014
0.011339392683067589
0.010818349325837735
0.011721900404409664
0.010759960597140909
0.009409375434640451
0.010552639070963937
0.010789357113518415
0.00956933402397266
0.011329421254339406
0.01130649001146303
0.010898856725059938
0.01159290624570628
0.015728561848106
0.014954799602977412
0.014585978290120366
0.018839225002204932
0.02278767949038981
0.02790659206706787
0.02873907154154107
0.028287266683864058
0.03144976284808211
0.03643833902739812
0.041552260745732664
0.042420335496693065
0.0446184939591632
0.039314106891462856
0.0393898188486134
0.0394120792383522
0.03157064878507314
0.031547573410352074
0.031314524027314126
0.0241403089151107
0.025219819321508793
0.026356382431763626
0.023129445383328118
0.018458535094507064
0.016718472187810085
0.019617834484696603
0.015591556344067982
0.015924723721987867
0.012837403231617138
0.012251555940827438
0.012317631757914942
0.009099431288232563
0.008562296199469842
0.011669173441359992
0.009372155581173212
0.00975322275690811
0.0082447347010602
0.01172500157562934
0.010825039769290057
0.011270823313252628
0.012767622652458134
0.011570183078664842
0.015116548671496501
0.01320787366567469
0.013473876641341066
0.016915940168279815
0.017886964859728575
0.020711044946511447
0.02166180112756829
0.023534661306840583
0.02782358068655255
0.03110348905209003
0.03417611577554788
0.03561426328629211
0.035657208402198194
0.035224733041044225
0.03625976073042096
0.03750139828852674
0.036497674404813676
0.03326250546316487
0.030627076403652934
0.02840521658063909
0.030996116152521565
0.025115123001160047
0.02802723350283968
0.02411483526064059
0.01734014433557748
0.019778732512418105
0.0184111407290272
0.0149303008598867
0.01348651468398002
0.014290914485737142
0.015413460281267435
0.01243542354559758
0.010326688788544095
0.011075594445229401
0.009371569152464178
0.008582654253155748
0.00997606477613318
0.009419841212775615
0.01067308895295538
0.011440953793104712
0.01045888484060874
0.012031974908499407
0.011687646251190295
0.013343765037946839
0.012874976899783848
0.01696918111765557
0.02162083952632333
0.019269153063435806
0.02152149707354259
0.02756436303683668
0.026701997110792044
0.030464960969357115
0.034502533057803896
0.03294110987795095
0.03530338259113566
0.04922450318134891
0.04512843657411778
0.042064158733734834
0.04118913081618379
0.035916107288500684
0.046564411768165274
0.037382321649675136
0.03229646903389483
0.033140058219375226
0.027608021118938657
0.0255089705561591
0.023935110492446093
0.02200522165030965
0.01751775118968482
0.014262263859759415
0.0165474415432877
0.015146689756149792
0.011747677398061823
0.011729813093597172
0.010817455519595112
0.010400118296102686
0.010710653018783465
0.008859992185452342
0.009378144329002957
0.010422279826226148
0.010986432452562814
0.01218781149150051
0.012017927032058878
0.011511548079654757
0.013044763153971533
0.013682925657698231
0.014598893241773362
0.016408902596057033
0.01876150378399131
0.02036777237477558
0.02189454689361886
0.018476300249876922
0.024031966786457318
0.03246259154088773
0.03354958916760282
0.03351494180962997
0.03498339702129883
0.03084514137897859
0.03324055857304074
0.03893941244733367
0.038532678558028666
0.038132967968891866
0.034700096215839464
0.032562359281905574
0.030410025871492934
0.033463751336282134
0.03548934879488169
0.024024356634374043
0.022554860863840013
0.022098494535261425
0.016932235006294354
0.016089694338675055
0.017437418359682773
0.01597741738523145
0.013852104482842945
0.012612899147435646
0.013544580593330134
0.01210336550842481
0.010495619245183533
0.009908237382245862
0.010176306903193473
0.011096275054956577
0.009701542286791683
0.011070527549073577
0.010167223695603814
0.012216153687330852
0.013374852585741202
0.012660198020980432
0.015058285367465951
0.015602203723642847
0.013557136639724018
0.018165142304977625
0.021554737009628438
0.022910969081157116
0.02381798348444797
0.021827851184083983
0.031797990708105024
0.031930165594925244
0.03639277001966761
0.04005404713457172
0.037059615354281546
0.038785180205277006
0.0471700385319679
0.04379891180877418
0.038014393907139114
0.034383589713708126
0.04181326636622377
0.039259864169400124
0.030707205405059557
0.03142481258186339
0.027195930311751538
0.0242485218644081
0.022578525772566572
0.021954637149846513
0.022585464844224152
0.02077327379879394
0.016056330018889228
0.01315080614623456
0.012495462305027802
0.011196378205801738
0.009318042735941244
0.011114161854015685
0.011886938525380232
0.01074700940449682
0.00980343786759327
0.012967036963849748
0.015301676993029733
0.010951572441906242
0.010562387911592449
0.013005078482700097
0.011303148875511803
0.014658760875410022
0.015239049481622488
0.0179328753982856
0.015673457520506428
0.02028596590384358
0.02954464057637518
0.030396091857107153
0.027726476373741867
0.02823819606343258
0.03722013076075514
0.031967408294549644
0.02842492092092369
0.03575502636842256
0.039343299598074616
0.04084357264137756
0.04203370268341403
0.03720723882341327
0.041092025490142216
0.03101045707522306
0.029058250269599524
0.029365863206890087
0.029342186398497436
0.024464197802166705
0.019952061625185966
0.021334843945124995
0.02034952175929574
0.016692342106839526
0.01652509999868844
0.012486389745218675
0.012581424602956566
0.012137791267935806
0.010687141299962137
0.011896276474789311
0.009383292662314333
0.011777993503284677
0.012108562406475891
0.009400213037389225
0.00929333058748492
0.009573296785637812
0.011221551464628299
0.01267691320445232
0.01347464005188618
0.015209942718692323
0.015964655767924288
0.015481487549744656
0.014231721932034173
0.01878428743135199
0.019642207512546177
0.01725022877700779
0.021841311414789264
0.026381424345040056
0.02945680444717231
0.03282891555691882
0.034578951940618746
0.03838076716186948
0.03791194600018922
0.03877111308447223
0.034414903824563206
0.0383556703456256
0.03960731691093301
0.03159831081994705
0.03638066361623835
0.03562655853097391
0.03039317882038468
0.03068413087457054
0.02611646074556631
0.023634730257584582
0.022651153859821544
0.017975930358495446
0.016800284245831132
0.014501654213569611
0.011713959661030749
0.011641661925733654
0.010921453569068599
0.012695095415389357
0.013658943796849054
0.011554150019630149
0.010815043912550854
0.008364755259203875
0.008263788618173536
0.011664564142582321
0.012431748888633872
0.011374277672452714
0.011608433610698929
0.01317159560003863
0.014871199794106992
0.016071722610634904
0.01848442886113591
0.01815664883655688
0.01651593955851001
0.021506417543253623
0.02802004418979248
0.028071001053771787
0.028184110857583277
0.032300823068627416
0.03327264552195496
0.03566759065820682
0.03651397417678924
0.03812826704070146
0.040980896777546356
0.040063385156927624
0.041717407529625765
0.03713261023500812
0.03795570722297126
0.03754809885666242
0.029626710640243283
0.028630795576924436
0.0250778154798454
0.026216381511741733
0.02490130144167493
0.0196709389836925
0.015118739691954429
0.01208581538021734
0.011872916497565663
0.013497918805336887
0.01364697277102476
0.011698042950765281
0.01130529345054244
0.011378370052004502
0.011596712070406483
0.01390436852147602
0.012235144137246136
0.010151163920884047
0.010312069541114686
0.01056700407145297
0.012230928468361622
0.011892784427440925
0.011577864588433994
0.013484751765871552
0.015370834601947613
0.016853363340565513
0.016716937450094022
0.01842180582736808
0.01796847390862923
0.01892483509008008
0.026720352294691403
0.030962385680154705
0.030507142635819516
0.034230711015671114
0.03099531836716072
0.035930351758997184
0.04211568683401333
0.04390882498994828
0.04470245337439193
0.04291298791301938
0.0351378362147278
0.03691595123778842
0.03241069418755399
0.03297773976639899
0.03539804042312034
0.027326044640071788
0.027173790499578854
0.024147785640957913
0.02083009142916088
0.02146977801353477
0.01708624647484795
0.015294679792878213
0.012873121604009243
0.011949223740923994
0.012861212526075317
0.011515978825283133
0.011557484630146974
0.011236425549185627
0.01015193066123447
0.010814449458264526
0.010371917241249423
0.009432483158655261
0.009852166814344827
0.01052081648985498
0.012770294508044847
0.013452369685567137
0.015881559692557102
0.014965604063054378
0.013520058467159129
0.014337367953313201
0.02046269654486604
0.024265710860745
0.02599911475219485
0.02548273440922096
0.029786942081397323
0.03225499535885325
0.034459333197790605
0.04621768170468299
0.04734967288339672
0.045240247819954366
0.04626529781174917
0.0436943794034007
0.044874723362742626
0.03916218988062765
0.0388128958311825
0.043456994424734184
0.03345242417934153
0.0309604407164986
0.02617338779258933
0.022546131036947855
0.019208412033906736
0.015102621501034254
0.017322901500425744
0.017645341508577776
0.01349982048778968
0.014221263767096797
0.013377040213108805
0.012503535004254052
0.010093254784705196
0.00936480562555061
0.011459557385750828
0.010074393953841984
0.011260599322497275
0.011617705898682482
0.011543022194024125
0.011387482750652846
0.012832821776508498
0.01307323597013582
0.011255048949237043
0.012715243664183208
0.017022715018335202
0.016680500881382704
0.01614446864603116
0.019267141054704007
0.021612542086922575
0.0251788728592649
0.027351319350861488
0.03607636580970948
0.03270998173714542
0.03338587747396177
0.033973269662482646
0.03345096943624498
0.038174041873464154
0.039500209334656936
0.033692943434698454
0.037617358386623514
0.03790446044680025
0.03532942677021126
0.03187318067677918
0.02952678434877053
0.029364962420769174
0.02394848798920866
0.02006152831153147
0.020494794534063502
0.020060132570348402
0.017029491701354656
0.01625629343914092
0.01603051910827996
0.014377299300885925
0.012933964891244733
0.010420557133897343
0.010475628504993215
0.011258138846842394
0.01069053631494798
0.011477751362182579
0.011228038481622526
0.010488759309284687
0.012317710732658669
0.00972070926482113
0.010023616276608303
0.01080739574233737
0.01250921106795401
0.013928786432041079
0.014753043349417542
0.015614896825119606
0.02089263957176357
0.02064134606929725
0.02296941218828261
0.03190518445561577
0.030065666582999508
0.03450988097708774
0.03256984562841221
0.03929307286201962
0.04665221564743849
0.044194003983359854
0.041722114699846755
0.03726984524554639
0.04506813168485243
0.04376287117145987
0.03885257836903915
0.037454377861886656
0.03396962011258781
0.02931547302955922
0.029981293722466478
0.027295149526584333
0.020255756045136752
0.017693869675302207
0.019365739727137503
0.015699037205241306
0.012364238644758458
0.015543840195453953
0.013281083399554458
0.010201033135865092
0.01107371164628958
0.012404827861178995
0.013039805177852344
0.011160359065697262
0.010179253484446444
0.010065627933519833
0.009641837239788585
0.01172790165925054
0.012306351124040443
0.015099562481936297
0.015402972343197128
0.01245822011078377
0.013318561202226126
0.01728994772225399
0.01913867600598564
0.018417339435518366
0.021958157094049805
0.02617119023052316
0.025948935934867964
0.027475343841236444
0.02601200506183255
0.028601753737080148
0.033617499843419586
0.031279100676190975
0.04024582958492751
0.03683083730845054
0.03714627593744977
0.03425330501641971
0.04200474349286748
0.039244332446789
0.03341286691545211
0.028795227935590483
0.02261629119927725
0.02261305522666359
0.019979753359369426
0.01971049520417006
0.021294029796264168
0.016308538104806244
0.014496166025262694
0.014853966688803568
0.013378257304935493
0.012870012161400093
0.012227174198369143
0.011388942204105445
0.010604360695934904
0.010474206319425684
0.00872973975994973
0.011185436498733716
0.010973925622994481
0.01041094685988377
0.010084278795005824
0.011000130246407735
0.010851421318887817
0.009302913873021823
0.01255430826711159
0.013595093672209605
0.01361707726625207
0.017751608495831274
0.01833545374515159
0.019959401249451923
0.01895610383823613
0.023785953209607743
0.0322004882556434
0.0325531370566174
0.03546437621108122
0.03488837233123316
0.03715039927613042
0.04125188278122484
0.037970327491564634
0.040472449872105416
0.044137148972997836
0.04350572820389538
0.03801605534227456
0.034643228755930046
0.03426816537981772
0.02894363891158984
0.028121467584772214
0.022772114530437586
0.02283954988005416
0.019138254480328156
0.01740164084741906
0.015541776460102543
0.01301009366444756
0.013060711146259014
0.012496685476959295
0.011953740249295774
0.010263346623888309
0.009583867193205227
0.010061574607346212
0.009323698415204962
0.010621152274067087
0.010753854752917026
0.010394917992536652
0.00981793530200451
0.0105929426589485
0.014570492895716089
0.013291697604268092
0.012191557930135556
0.015823636443473267
0.017860793325876978
0.020937010976688295
0.02025036197491037
0.023871414519401866
0.026814096894793825
0.02578578832835962
0.03269233272092875
0.03471603876876077
0.033437722106376945
0.038827775365998615
0.03101963273324593
0.03384788337914133
0.038797071861367174
0.040574432916630765
0.03997854542944107
0.036035689163830494
0.03423817236677636
0.02899873876874634
0.02732843023301611
0.023510440909811015
0.018397050694845204
0.02194011106203303
0.02069997445816896
0.017060594179983405
0.01545450927785888
0.013637573525765957
0.015177169576996465
0.012341911303362575
0.012135062039748182
0.010414276550240116
0.009341159279297554
0.010896275655118567
0.010016126772170838
0.010194836143960957
0.012508321575891733
0.011488138649124792
0.010311788620836143
0.010367298345916768
0.011184265379362436
0.010428325079920302
0.011108040089118408
0.01363915286401482
0.015709813319955378
0.01610010257580886
0.01501220483697648
0.01764996852493464
0.021715748530230818
0.025780800907030877
0.029313364151248165
0.025716339292790477
0.028893209585227127
0.036527727946617024
0.03538278680019197
0.03805446911279988
0.038906102647067155
0.03813529818142103
0.03663962856826721
0.03458150138433291
0.03589492424952292
0.034462590998243434
0.03574111158290949
0.03087932813883408
0.02706526810808876
0.024394161347825117
0.023081772800936776
0.021462207068898675
0.017778943965513768
0.017620412074555447
0.01655751538092757
0.01439715837285949
0.013701145594038653
0.011642256176537196
0.010608527941993335
0.010451800733527935
0.00920002601737811
0.009403652686456977
0.008929552955008673
0.01087705737289753
0.010559418020809236
0.01016178088616652
0.011044400455457591
0.013273200896131963
0.0119079423160802
0.014013504189285566
0.016289191837683598
0.017487879116210844
0.017374509674448108
0.01769302568488813
0.024629585159594316
0.023650864413427855
0.024164090786750556
0.02741290907860474
0.02796243242624235
0.03729655960368872
0.041577682288609454
0.039916846208757725
0.040307369738706564
0.04634369341544539
0.0485496194316057
0.04646212282211904
0.041127561624090786
0.03799590581885408
0.03310033944963811
0.027169423795714347
0.02786513468199204
0.028168851645793774
0.023170631300297593
0.016643569303608444
0.02081101631807457
0.0190793836761759
0.013440603921773212
0.01434340723336138
0.014439194888320376
0.010990697102106685
0.01216180836886914
0.012048249639916903
0.011486773030600519
0.010867156804893311
0.01066451606208744
0.00966619849304554
0.008130589283609956
0.009703140416239852
0.010490318684470572
0.010180563552579099
0.01215725238751227
0.013685940048712677
0.013511507201387241
0.014604543847618542
0.015441053850530849
0.01719068937406586
0.016325703349016295
0.018358112897427132
0.023392792619300783
0.02794413326582251
0.02934262699428898
0.031749460546995914
0.03205021815335516
0.03504202019729075
0.040592595129282275
0.042093388597944766
0.038570133890878114
0.04398881111395125
0.04004020677818367
0.03355332497352955
0.03679803936319164
0.040686384255983914
0.03212408574319765
0.025875418235359045
0.02384120510043404
0.02399465190882386
0.02324466451098609
0.018902687967714406
0.01682894541377789
0.017258112740805364
0.01543020550497414
0.013940603745084016
0.01397614338423214
0.011696042335485877
0.010491771992763767
0.01090826835516994
0.011742167915330929
0.010092693146669765
0.009731333920904429
0.00981828189603248
0.00984781443934494
0.010633824856050396
0.010420303130141398
0.011775657214383412
0.011736028962514964
0.012995875433242045
0.017133801411450357
0.01845577424033649
0.01967559051938328
0.01991636723524269
0.022455123045506356
0.0285993774898798
0.03520934780197336
0.038046167687216303
0.039872827363014104
0.036880466360997406
0.03365595604348527
0.032199891042427126
0.039058443206281435
0.03828688783578397
0.04048342569715285
0.040248899067306415
0.03603264224490193
0.03323266333472729
0.03146557689674131
0.027775012270211275
0.025700169130536635
0.028755593744868805
0.025156498221608092
0.020689238633172888
0.015012935817480647
0.01617011712667809
0.015365749342040979
0.014272783168199146
0.014977135682787558
0.013710645213030795
0.011373287868780883
0.011317729522730606
0.009043399890546562
0.009134272178625013
0.009585740570761152
0.009952799283429702
0.012052674988819173
0.010795312990756818
0.010928221232899103
0.01359120864238651
0.012617582715060102
0.01370955375782555
0.01255364477726446
0.012735215735310034
0.01594480605802551
0.01670557162950346
0.019116817473346304
0.02166295508694925
0.023996494194023724
0.028738287111525717
0.029289614373274476
0.030180151332609324
0.03234315614059171
0.030710243234563075
0.033627125653097514
0.035556597404331244
0.038471267267707394
0.03771229580718799
0.03601734202458635
0.03545184051843785
0.03226889818141958
0.02602257896743366
0.03176378487219574
0.029046997255929564
0.023013830756703275
0.02165737423761547
0.018702789873281545
0.018988822894468908
0.016397302973053206
0.014025291877108544
0.015290319429503837
0.013636666596466071
0.013873878032096913
0.01237128844609188
0.010582489342326373
0.010971766197417585
0.008770741525195162
0.009774875106944808
0.008755303662104969
0.00974402852523105
0.010181843376267584
0.009490339592435348
0.011063625831301323
0.011918360496546569
0.011521896297199666
0.013848321078537272
0.013228507121059548
0.01555589361083286
0.018436598834337424
0.018470757519516254
0.024639062211136924
0.025258780945565877
0.028839043600568482
0.028493188302572896
0.031128758418484292
0.03319008216596595
0.037007342056652605
0.039043637148314644
0.042309201157080256
0.04853539114313005
0.04461237249557533
0.040288290768493516
0.039941433742801756
0.040874823204002146
0.033239429084747744
0.029110094251058184
0.033028096419152775
0.031528381627881706
0.02614639734853289
0.018895323457307933
0.015155220153063755
0.01554939431340242
0.01484955459456697
0.015225519726899618
0.011142637907998309
0.01090838461082171
0.01114869156098526
0.009152630703155102
0.010257344252681402
0.009790986612345355
0.009401716788970482
0.010736101472350297
0.011237373890337955
0.011079068766962508
0.01013657178748791
0.009645152874934644
0.011818083305117905
0.013147707232625079
0.01488913330079333
0.014748420813785764
0.017496928349659074
0.022073231959935925
0.025174639378477248
0.023357194062693466
0.022486858139753606
0.024484989074105287
0.028871612917221012
0.03074037342732355
0.03731118760828521
0.03935960481074832
0.038096205789169564
0.041158233177085696
0.03523569529176698
0.03219137625087065
0.03651901166770248
0.03239381774136835
0.03045125346241865
0.02721572997627627
0.02753420510228783
0.02450563556554283
0.022102251604330655
0.020838086697694568
0.018621653837222255
0.014737992228604457
0.014041891473626507
0.013670000284520813
0.01208508910837297
0.010313752203484775
0.012165599787099562
0.013315193022212048
0.009972999278245999
0.010030419571024109
0.010568026845298981
0.00904040490277585
0.00967452165058947
0.009496036374533872
0.010957251404896935
0.011601305338062683
0.009987100306714337
0.012806640117382612
0.015493165778596944
0.01589233323973791
0.015471829674030576
0.01478265789892345
0.01555978741421484
0.01983436279334723
0.02323522090295526
0.023594118259651655
0.031234452713166497
0.030500445358737218
0.03175644108425377
0.040493133825034264
0.03988969848566351
0.04630643341256363
0.03910874470229825
0.03829443895266801
0.040556509711422835
0.0329750371245957
0.033377337207321334
0.0301479144424676
0.02742319695235786
0.02772085995131992
0.03282160286032608
0.026565661632278446
0.019637057766771732
0.019486374985570053
0.017425870073500327
0.016324645672371445
0.01371571479717086
0.014205336691855412
0.013321442781958973
0.010572447093912411
0.010562564570389591
0.010638498857613993
0.010947820248884224
0.009905467172139016
0.008947745183967005
0.011042763103885349
0.009864534510128958
0.009959740375882277
0.011321494699018797
0.012321818462518905
0.014276547630362367
0.014157472060217348
0.014372828363592244
0.016665431542558926
0.02058854764668171
0.02395951981211519
0.0228201370486704
0.02480518079895206
0.027164874440615022
0.0291468148162762
0.034626900703105964
0.03233778758521701
0.032688259366105865
0.033106874776239664
0.03389761902406012
0.040468650520018065
0.03452751661200329
0.039314462862332554
0.04320473263940865
0.03992629814848788
0.03839516923647758
0.03299966463461681
0.028754677042290525
0.021929700842505746
0.017705477499826015
0.01609822958243803
0.012996786970371384
0.015259283360792061
0.013986490696131662
0.014556932767663882
0.013147157671357922
0.012238238038015832
0.011173636416859088
0.010107319234932823
0.009570887409323717
0.010307831769033772
0.010433824369287302
0.009959819319905347
0.010731303821387757
0.010659546425715052
0.01046364740371423
0.012021524446003856
0.01184010998659243
0.01209780193969747
0.013330559375093233
0.013967125111803983
0.014548989343362326
0.017308134724707217
0.01991537021679569
0.019054305622814363
0.020570504714083997
0.024834822994381722
0.029411099166561427
0.031482597399607896
0.0300845895583077
0.03171703768663179
0.032283732624775255
0.03899015181696808
0.04081061171294088
0.03808480272372004
0.036232752100622906
0.030155253094916602
0.03320042936590385
0.03154866611623944
0.026747202486286484
0.027787023862378198
0.024004743418823443
0.020748464793284228
0.020404216551484722
0.01722168281615819
0.017376767351072128
0.014183887964385078
0.012839000580951453
0.011871937212781878
0.010005956027428337
0.010217546176411308
0.009951887187906404
0.00971058099779142
0.009998638103945719
0.01180587317829101
0.011330743210466863
0.009222586628817172
0.011239437017876492
0.00973845725381273
0.010746906709133839
0.012085165529589527
0.01127050134056686
0.013988194129483175
0.014906899119225681
0.018055835945244934
0.016942454902508747
0.018666258866630873
0.023689458480236965
0.028068514061238233
0.02913451487812085
0.0322182817870484
0.033921138484248554
0.03504809380218634
0.037406231906191294
0.043730562664194984
0.03357561680674605
0.03232439909855305
0.03242483805005776
0.0389408972733143
0.04179734371593711
0.032256713123215305
0.029467983431450285
0.03143477567076696
0.023612841282145386
0.02023407638125674
0.0229251239563686
0.020401065775875794
0.015689341551985658
0.014714122653981252
0.016968341030913114
0.012495016862223865
0.011454135399701009
0.01121083173448946
0.011186021119345009
0.011346319638172947
0.010466488307042757
0.009899855911932924
0.012130862548274574
0.01023557366022047
0.010272408091747525
0.01210589580240005
0.011479311822032075
0.01057033836021723
0.012165760807324531
0.014005826155310175
0.01422608311052923
0.014059122727252758
0.017266688653375436
0.017226541799348124
0.01769871208193313
0.021431085783950057
0.024371626443314302
0.025078496729160977
0.02656432218480921
0.027890787522974806
0.031025206886328104
0.03655770462416258
0.03695936046521318
0.039260229945846506
0.0402321578006122
0.036655132133366894
0.03577183596422276
0.03315040282779088
0.03209464835120168
0.0306557020656475
0.02971602053353059
0.02808407896757323
0.023544784896203208
0.020905512464011185
0.016468871616255282
0.0186459749916121
0.018864996230942965
0.014365913562103257
0.014929648856623248
0.01541794067864171
0.011016039529559029
0.011557547611461228
0.011135216415383141
0.010918896291044788
0.00994647391755806
0.01044432885661633
0.009869354137513026
0.009351306622166529
0.010309847341168434
0.009895039445407866
0.009711478347098203
0.012614038616722478
0.012884122688332911
0.01568986775639599
0.018541089848161295
0.015775177855321735
0.016256334927205532
0.017855038629386005
0.021120906620035095
0.024018335742867457
0.030546767126802564
0.03174609818819813
0.03649485954832251
0.037624865664608244
0.04405497433466213
0.04413732046511244
0.04170175460588207
0.04355980179836268
0.03949434481901744
0.042689010700548
0.038895770849189784
0.03665633181544757
0.03213766798604579
0.031219983120382645
0.029970446063004724
0.02462936433609453
0.022865968974873727
0.018820540262465716
0.01746197761112545
0.018960230328171766
0.015249333998688825
0.012425199072769955
0.011257724820105716
0.011838212567665065
0.011340449463922122
0.009740132207027052
0.010309358717773357
0.011100669890152222
0.009615794479357858
0.010426108815764565
0.01161219882388888
0.011711060377553985
0.011973088455932403
0.01365140089819442
0.014491464683639077
0.012389417449020237
0.01594572299333158
0.017040064972905104
0.019138078641355916
0.019221943813361845
0.019745009824914145
0.03124440867843699
0.032928298199383706
0.03213933517093372
0.03654634429772017
0.03422031997528779
0.03701863283833161
0.03722835352387711
0.037492323532430934
0.03806514032487214
0.03297826796044849
0.03894034281641044
0.03755920812988459
0.038027919159447345
0.03290642493181369
0.027442499850024626
0.03098224984544679
0.02353955712994554
0.018045039961496513
0.021045159572255615
0.01831118329634083
0.015760396875948005
0.016806584815951767
0.014417823739208345
0.013549153037648464
0.011091072104174813
0.011304621675856923
0.012656692225087404
0.010102000368536073
0.012024064176067075
0.011105191730953621
0.00884310919794167
0.010909531328686425
0.009907733177764015
0.012432056521769508
0.009803166187782533
0.010315109120513146
0.015598971357194643
0.014092378488168715
0.014583898247909795
0.015172432760945345
0.015370790137502146
0.020408034467816537
0.021546856079253666
0.022891542413810882
0.026053427228557524
0.025490596401418743
0.03226252752383697
0.036134401638137414
0.03690964247433145
0.03429802152320602
0.03446004168240812
0.04229693345560475
0.04144077530446609
0.03992570635842776
0.03731736981393161
0.03153522521871783
0.02802460075111364
0.028129689969912178
0.02422542477312752
0.02115352771075758
0.020290389799203123
0.02098769004348963
0.019370668345487074
0.018954097857404956
0.014148763959254832
0.013303612847812955
0.01252810457951948
0.011941220253900755
0.011801528564306333
0.010517331190422537
0.009573476347305047
0.009377723901691577
0.010680799791343667
0.009992388002784734
0.009737222262962855
0.010727085875017492
0.011355772152385882
0.011257371285631357
0.011028607205505117
0.013275570575666256
0.01592225273293882
0.014522324952337693
0.014568812491309356
0.018558862145183944
0.01913630644145138
0.025232198009065888
0.02779603793888745
0.028635277052712217
0.02822015580554869
0.03127792198599853
0.030176497340938867
0.03353735427137584
0.03619487385656206
0.04217904857912063
0.04415343098878035
0.038440277627564384
0.03392993752433145
0.035100745834489015
0.03418383157013349
0.02806200926833055
0.02542645247750037
0.021774482675121436
0.02299360528427227
0.021850671868590292
0.01847646817821284
0.019671752845742643
0.015459659080765157
0.0145555534845417
0.01345442600101497
0.011269842308306636
0.010888542742999418
0.010148840147020095
0.010858320475855512
0.01146285963875773
0.009676513442853966
0.00944196218829678
0.008863451917093215
0.010539678001521134
0.010843606840354604
0.011128021382966204
0.011013761439758398
0.01285825452740067
0.012282198232167505
0.011671501750819815
0.015501949229103015
0.01527307217272844
0.01581320580629215
0.021521541590065908
0.024719313456218892
0.024092138532224507
0.026859568895802894
0.028623283521630148
0.03267896232680392
0.03237139853497715
0.03352240070972078
0.036735147200232805
0.034247470517329244
0.03771997345381686
0.03909183408683297
0.034507706233071214
0.04060575269517514
0.03148505702165941
0.026237210465963882
0.030108721968899726
0.028253274329641125
0.025025004839277918
0.018754536502222644
0.017128674187811076
0.01627880409537865
0.016499483713750335
0.01397258579004292
0.012032762932884553
0.011920588879327456
0.011002015831303743
0.010502636045251033
0.011324901636524887
0.009513091941502405
0.00884234276003785
0.009629561431439735
0.008753505877903774
0.009228127588000384
0.009170130331234028
0.012215520048533862
0.01164941217690598
0.011492752207294874
0.013931482731083564
0.014487738641945875
0.015094606614862106
0.01757199161844785
0.020435881178489174
0.02480915957618844
0.02441662978898885
0.026714086641279708
0.03107747221232389
0.03098218942265227
0.03206212123604787
0.031001356974103174
0.03408864184742926
0.03915830116763052
0.03939733527182341
0.03740210094678312
0.036110725496481186
0.0402128022466544
0.03254566823466532
0.027618649144399803
0.028704700491942445
0.02540200949003408
0.02281081525353949
0.0218329373979968
0.019226386113973506
0.0169035730317056
0.014638034023772473
0.01477908149080311
0.012667435525766177
0.01160986206278167
0.013341261736129885
0.010633032412383813
0.009476358887712246
0.010333322397606145
0.010083989736332679
0.009733646723212707
0.007883404510368407
0.01093498415164882
0.011331262629682315
0.010471445988999196
0.012126894577360573
0.012865770835266046
0.014048833291911443
0.014505417215275145
0.012080762077900577
0.014414777010582533
0.014036020094110653
0.017687185352830655
0.02486714993935367
0.024756841761371263
0.026545994438982153
0.026420471422061498
0.02856937056278945
0.033001393740696515
0.028808104426460424
0.02681411503294017
0.03288593637160992
0.0358814319648973
0.03123089127174132
0.03366068417418995
0.039307316264589075
0.03607229857050895
0.030231716412953608
0.02845902032191905
0.029322092960013903
0.022776021993710333
0.018992918391508587
0.02142102981523233
0.021271466824067796
0.015431572797232854
0.014440516573680513
0.013836814292663242
0.012712455595903036
0.012312916328421644
0.013307827930853477
0.011845926246642437
0.008384683442843925
0.009550710853788922
0.012828971348609875
0.00906192804699174
0.010259133603464875
0.011681561493811964
0.011432581607345949
0.012420934521148203
0.013388426422008106
0.01311184933486799
0.014981621263195143
0.015999087353730596
0.018721044364842926
0.019343132805834863
0.020925828793896633
0.020259565926151094
0.024412488613181866
0.03255869785709938
0.034664736507797105
0.027160390397793447
0.027222011848225435
0.028866201615691756
0.03679848346955042
0.04194248298853671
0.04203899806312937
0.04163362901345367
0.03517831011121481
0.03169615855755114
0.0297093637589135
0.028645433615324484
0.021829377136356947
0.025512365634969184
0.02827256780924261
0.024873248872319488
0.018651206272282082
0.016414047408455815
0.013320889322872932
0.012625691511303626
0.013139362198725312
0.013060081863153395
0.012034360323426198
0.009678183790391724
0.010241943916965398
0.011142183991745129
0.009787594712093565
0.007390638564693641
0.01025274793119802
0.009640265688887935
0.010330061023897774
0.011277454377054697
0.011144627778401141
0.013310522652589434
0.013332033030012055
0.012201866058410804
0.014452483697157183
0.016444774807522926
0.01727443468486225
0.02253697734948473
0.02512971929447124
0.026607104867776125
0.025845770278864217
0.025998118323446406
0.03093968898275467
0.033497962988547667
0.0338326268122156
0.04118579985692566
0.037531919687095495
0.032913705246621426
0.032684558961914245
0.03186371657905848
0.03373513650459366
0.031213672949856656
0.027534473540175932
0.02977207114221157
0.023397416958195947
0.018321052520681867
0.02139820856543657
0.01950205643427205
0.014218989342626777
0.014182421989819333
0.01283434714468571
0.010845898688493727
0.010567456015417979
0.0099689106289197
0.010328963003436954
0.010555452582185404
0.00955677276488157
0.00863397668353852
0.008638898388096953
0.008567113576174372
0.01044755608712913
0.01160307007255415
0.012823024058616373
0.013115319765895785
0.010225321491847484
0.014006090353106035
0.016472661027916415
0.015458341981866462
0.017948687823812568
0.020322648387589785
0.021192730777386686
0.024216197808907377
0.024187177182644213
0.03139663665891183
0.030299782671269745
0.03319577291709811
0.04687310189233477
0.035193976947197926
0.03272173932162193
0.03967509565153247
0.04236699226708479
0.040298475494938125
0.033153378911118865
0.03046003861641225
0.024498290615987472
0.02536709807544922
0.02795050288494497
0.023351237048105072
0.0222309473552105
0.01916696678816352
0.01792502953272126
0.015517192470815155
0.014926727169607256
0.013914333519134861
0.01419723474085291
0.01394640558832973
0.01261097880110118
0.010067561709533377
0.00930019906642128
0.00975516191554344
0.009716859493099377
0.009735207837209143
0.011990038631796738
0.011598803066546594
0.01134918963045051
0.012382111789408679
0.01325261047213782
0.014799636894215821
0.014058770642282125
0.018347426618120787
0.018015899089180314
0.018165443637495463
0.02142646284065402
0.024357408625388214
0.02523370886664154
0.025803551775413096
0.026156338817329313
0.03173384096559858
0.029711755213672697
0.03163412879232558
0.03830079964495237
0.03899281928808951
0.03534059043477319
0.03556611731985085
0.034630424898999666
0.03238150957195393
0.0347293302921984
0.03145267856087646
0.02997085413417636
0.026619572247024284
0.023650480127980593
0.0214713125722803
0.016838771901405356
0.01797819782037634
0.01673055299803243
0.015424407405123103
0.01497017409649106
0.01237458076524749
0.011780098954678204
0.011119188368791106
0.011231370478963736
0.010373696156542805
0.009956438331639773
0.010817095433768933
0.011005975960980812
0.01054841233356072
0.010140207637841799
0.010575911114894131
0.012929979081752608
0.01306822069224358
0.014296681524778155
0.015039430497682475
0.01452376198323125
0.016187485149673362
0.021366554204492145
0.02305435419895741
0.02215586789152465
0.024195927268924847
0.027404138752337482
0.02852170954911786
0.030652084745944136
0.03516459478251967
0.036163362596381414
0.0353827939634327
0.03453685355850714
0.04195740674106644
0.042722204020014753
0.031127945391331527
0.032455414422226686
0.03834236074848536
0.03223207018248338
0.02680426504587911
0.02760442084338917
0.025411160026556485
0.018612172180265674
0.0156392970534062
0.016290906349209038
0.018373324245534423
0.015595975727777265
0.015116659953990193
0.013787456032705592
0.011723837814257083
0.011747079568764017
0.011790126758864233
0.010161026519745216
0.010469263091775703
0.010945280418254728
0.01063017951088007
0.011451147623334327
0.013605506715682737
0.013235656216087976
0.0112358338734698
0.011337347781031962
0.014147391487265654
0.01511377529106638
0.01586913717684904
0.016945155333919083
0.021047101434118594
0.023296066784236034
0.029548834122046556
0.029089645048149683
0.02928346899262138
0.028513422339137354
0.0338924541133322
0.03528648309579201
0.04133136535770589
0.04294439553465106
0.04003387793882989
0.04128378226557781
0.03721554316767716
0.03963130442293359
0.041608100685245675
0.03245090114376088
0.028947047422712868
0.024980618461599786
0.02152544268804141
0.019562162040850862
0.01687258318788393
0.018321998135063466
0.01550817150898475
0.01277100369258887
0.014200356806404893
0.01577692438406662
0.013621570447894074
0.011549623736134057
0.009715601698442627
0.01046735413185845
0.011671771570805248
0.010257933683131019
0.01037874463883847
0.010917318556780586
0.009250137502074552
0.009899134681675612
0.0111809071671936
0.011393336228209842
