0.0
0.0011563715937502256
0.0037129875777235353
0.00601048870769352
0.0068767557579984566
0.0066907390309432005
0.0062728400083995025
0.006245428457395626
0.006510444900827497
0.006543625689350118
0.006425748590221832
0.007003733986051526
0.009069106184242354
0.012201385384758673
0.01525487357793057
0.017064587768595523
0.01744280174002831
0.017284219403139383
0.01733807274761085
0.01764256160677041
0.017958104922478547
0.017531509974201658
0.016911570992322596
0.016551723440836358
0.01621881466836094
0.015792536171309417
0.014988066970641556
0.014169460718313393
0.013377250049079773
0.011843202961662186
0.010020005190755486
0.008441983532057074
0.007247213141460802
0.006606712399126482
0.006269665793988999
0.006029565080257859
0.005621246981179609
0.005069631546535611
0.004622625197815445
0.004579511030971934
0.004535721402559451
0.004478786620878017
0.004159676555754495
0.0036971821751000866
0.0035581641012805295
0.004009522235580539
0.004781281104264094
0.00557330783743453
0.005752054720804832
0.005499825011135856
0.005184517661688849
0.005275767890121162
0.005771082206729677
0.006701830471576513
0.007655702128053163
0.00861272341100198
0.009762945921116914
0.010929517255279944
0.011814030568835615
0.011875627408489183
0.011532273522501114
0.011918870298827735
0.013375185453924562
0.015516158115229474
0.017278990860898687
0.018256167817771975
0.017907310510261717
0.016546047208341217
0.014991870341568755
0.014410226482538563
0.014665961948550361
0.014601305430689963
0.013651270436628825
0.011794260420068288
0.009455693785974413
0.0077438379239410104
0.006972148708686943
0.00692745191448335
0.007195565628499948
0.007007250402486597
0.006449296068918341
0.005664831015967233
0.004752560651670938
0.003986317443396907
0.0038218085631599127
0.003915495998468124
0.004049812025099551
0.003899190990874927
0.0036023473953215217
0.003504650497684521
0.0038770744402124606
0.004749313060812294
0.005774930608821859
0.0064926390952320685
0.006737117093827463
0.006743422788884365
0.007201359186398207
0.008118751641871867
0.00981228482284372
0.01169014367769649
0.013380416940936009
0.014962113896166841
0.01670812003979592
0.0183787910946016
0.020046479341649846
0.02135691044795575
0.021265628609029214
0.020404944069198776
0.01939796432766725
0.01863729734142759
0.01805090446162419
0.01741312035282716
0.016151834339520183
0.014729999439579056
0.013290910723330444
0.01207591466032273
0.010972089432477876
0.009632457190543831
0.0076115823945777684
0.005849399644411997
0.004947607667108158
0.004853564666856095
0.0049943210098552454
0.005178631676736023
0.0049316346519333336
0.004368918642094399
0.003602350252847988
0.0031193837884378956
0.003121845069259945
0.003527562761990901
0.004180060375842769
0.0048329737885607965
0.0052802972963718504
0.005493871211228736
0.005693825197080492
0.006203772147191505
0.0067979674160641166
0.0075263081511984225
0.008232326878078434
0.008752861648166455
0.009431241684405869
0.010815957796910488
0.012442332599283979
0.013921583452626165
0.014739543647911307
0.014707363550521444
0.014403950613318624
0.014840879138543225
0.015495801967857714
0.016094141550849476
0.01611299561729816
0.015724122625331887
0.01492498289235978
0.014257998614192335
0.014736587651040411
0.01502267254708263
0.013968107821239197
0.012380926479327838
0.010423472277595791
0.008912136631573935
0.00791199504743678
0.007071764258212499
0.006056023423070798
0.00518949780976921
0.004634451338470231
0.004501826193105194
0.00468921513622681
0.00479921747513898
0.004479148989598887
0.003941184812656823
0.0036141217770392087
0.00366032089369425
0.00398582829772598
0.004399114204261977
0.00480913386236372
0.005106989741933768
0.005239918636854216
0.005198739320966259
0.0051198241076816035
0.005333612391376579
0.005614593008751297
0.005830206649644136
0.006210529879256243
0.007176211110504978
0.009132893438983103
0.011785858418945546
0.014260169888441553
0.015620805038331357
0.016208869323009245
0.0159075283509053
0.016080166064136703
0.017230976511665108
0.018960978692102386
0.020189147127589274
0.020094430350238595
0.018994660751596483
0.017884739598365163
0.017337563681930387
0.017062553609507397
0.016447666399182184
0.015061472454701512
0.012980830766961965
0.01051172151657536
0.008606039799243447
0.007344026192470639
0.006663840612719944
0.006030899241262464
0.005496951860615884
0.005014524047057
0.004620876963713919
0.004428993043915207
0.004400618814911848
0.004268036535095899
0.003948037481740464
0.003572902314941544
0.003448999358947148
0.003911219534480291
0.004745343698595119
0.005670721437746659
0.006571805113547433
0.007300615700507943
0.00791111787445566
0.008355160090797035
0.00840393810865634
0.008346059458855585
0.008547352255446936
0.009195837677394422
0.010734670084023656
0.01277914717140822
0.014742798809136176
0.016292112153792802
0.017683941123257944
0.018799472295048164
0.018977244496033826
0.0182765618007894
0.017697861454970026
0.017258944103866948
0.01692004075229527
0.01661216948288723
0.015943857879869662
0.014486489458215061
0.012798439032823041
0.011557602276976723
0.010724275625570547
0.009632075242124038
0.008224534138605312
0.00669649169687398
0.005534015074856702
0.004853604294300233
0.004770455638439419
0.0050006604458111914
0.005206934500725871
0.005103974677538519
0.00472315911144217
0.004287551085718964
0.00404643830081215
0.004055871179082618
0.004262171821488179
0.00454849399944934
0.004912420208116378
0.005242026644242936
0.0056208401806941205
0.005810257698337835
0.005756150157386498
0.0056020799900818345
0.00561163542610708
0.00612836001239246
0.006978877564108004
0.008060022864441891
0.009137503051686185
0.010323236270631553
0.01108108750155512
0.011862826420760367
0.012512677014390796
0.013724909576485167
0.015019537847059778
0.015975599452057
0.016795717688588303
0.017030775981688805
0.01707540526616083
0.01724861683885128
0.017616562198424817
0.01771488830335801
0.017709741038516795
0.016719032065922953
0.015104621517110103
0.013071972139543045
0.010764365876948213
0.008780534682869805
0.007072842591786783
0.006039903066510289
0.005421774943828304
0.005105737177506493
0.005003430178735129
0.005068926773795716
0.004919478462697173
0.004640875191039895
0.00409793119059883
0.003557026578814088
0.0032716154673788976
0.0034145218094527546
0.0038799596200726504
0.00431996310236568
0.004540709861638688
0.004568453741918509
0.00476272671767953
0.0051171508921881255
0.005644762673154722
0.006197574127983005
0.0066072752372026
0.007321619202085461
0.008877287409376353
0.011255945296895607
0.0138287502725441
0.015762436815973224
0.017001656472801486
0.01757415637243249
0.01808474436412419
0.01885021640919533
0.019791423901685767
0.020727553578312033
0.021542737409951822
0.021716454649909425
0.02126009130771509
0.020051010364271114
0.01844359170715591
0.016520940301225685
0.014670078607965976
0.01310417785660066
0.011717406479460128
0.009911387452074375
0.008082003509037126
0.006575792647752136
0.005635127136128052
0.005214601591422325
0.004804346777022503
0.00439013609504514
0.004147976661179895
0.004045574603904623
0.0040775798792165915
0.004152990516605602
0.004098568654058758
0.004187837063751431
0.0044565788684782105
0.004953509633832033
0.005405497285672663
0.005795267257937765
0.0060360362468655695
0.0060463036206240255
0.006054648334773824
0.006175905919644544
0.006639756044361648
0.007589083331951335
0.008846034370183166
0.009876672200982053
0.01101227968202156
0.012228448138200025
0.013569165848699494
0.01465212130257895
0.015342858476544227
0.016059868286368108
0.016780225378315274
0.017424591380333775
0.01789821893430647
0.01777135914100031
0.016964856715913627
0.016071561434202363
0.015218805648153068
0.014944735416685288
0.014639493701029483
0.01395820206769698
0.01273577912614073
0.011064693200178236
0.00947503985626163
0.008231107545290741
0.006915890171247752
0.0058096772770863045
0.005144112628628234
0.00492076323347684
0.005192792659707793
0.00551480235120471
0.005688407721678133
0.005397306142561473
0.0049239829010973854
0.004469776340488101
0.004150944098057346
0.004052963930705095
0.004029590977700051
0.004081337124037983
0.0043340608317558186
0.004844201076050131
0.005487978890434437
0.0059930943284795205
0.006246089308347856
0.006442646644695312
0.006870240776115188
0.007733188827716987
0.00934574274272482
0.011442718429578887
0.013421255174530527
0.015535299762216164
0.017714756364425346
0.019673887996166747
0.02096119814621353
0.021363076167972075
0.021180274830865316
0.020847921914782512
0.02107466512959716
0.021708422024245624
0.02152419501109432
0.0211222556924161
0.020077815591287723
0.018646716400826904
0.017041515608442682
0.014848850013251993
0.012268944854921719
0.009929956620252216
0.008141876186901882
0.006917763169498262
0.006244241080590032
0.005820770044861939
0.005623695580757277
0.005699190726691831
0.005927784074442316
0.0059347871065635405
0.005649484678015848
0.00491123277875727
0.004310195633807716
0.004055203423982306
0.004316902501048426
0.004961258785090404
0.005778207824689006
0.006565209706624675
0.007188756789494062
0.007700003265194924
0.007994758623446053
0.008113509746869942
0.00843091697907073
0.008857209808399094
0.00946597607651853
0.01014806658006204
0.01114250467913663
0.012511733276700002
0.014543707651840827
0.017590624507438053
0.020758256590763254
0.02281714345285556
0.02362605764720031
0.022741904114218683
0.02124134315717841
0.019748202212842878
0.018898946412779245
0.018698027370873102
0.01898013621994203
0.018708080020416986
0.017133536461233733
0.01434463329133482
0.011562709911619265
0.009636217120849956
0.00853965193600035
0.007614536916558073
0.006745017117995423
0.005984117360004999
0.0056495124082448995
0.00567492905911563
0.005707574377729981
0.005573015796262292
0.005200804993751584
0.004895729916733949
0.00491579905758792
0.005150930839712557
0.005428736362473743
0.00577052045324795
0.006201968138076876
0.006650050981055431
0.00695331726454783
0.00674745865616307
0.006100886720321449
0.005570391101759874
0.005635718824062095
0.006655511199642941
0.008237273528166413
0.009637154972342236
0.010594495395610755
0.011634502037732917
0.013332261479340374
0.01583207955837781
0.018355123088730305
0.02032518455078631
0.02183169517934358
0.02318539642515409
0.024215705322248735
0.023579336654069187
0.022237903858954196
0.02038349490569878
0.01900117661690071
0.018503671924105455
0.018180832657252628
0.017657279680318397
0.01639573930713301
0.01463695604518757
0.012724480577444418
0.011041527983378136
0.009287870587811347
0.007633358977029152
0.006389601089218666
0.0057626999711684595
0.005760138524892925
0.006102612283665425
0.006225415463368007
0.006156823812534393
0.00596805890777666
0.005741581363221029
0.005512719938549439
0.00529564611110297
0.005026984067212788
0.004790085661045428
0.004581945797495696
0.004667149828023426
0.005232104626703011
0.006264438176514132
0.007347193914631254
0.008265815719320106
0.008827263940293055
0.009486612110589447
0.01048144720707889
0.011906292828222212
0.013747936961242425
0.015578254997878191
0.018022412647099636
0.020713636628717898
0.02353875733749171
0.025419361282608143
0.026044559709961706
0.02534599289920542
0.02389523434949821
0.022119296063527263
0.01978516995729967
0.01734285681967786
0.015651857575933542
0.014583654308473745
0.013770075714875861
0.012875590185852173
0.011678399453350544
0.010285435928081737
0.009025045212038053
0.008246458738661113
0.007930744302043814
0.007459613032593461
0.007080455195286533
0.006958103597713057
0.006721487037657086
0.006413497469475818
0.0060899668917228115
0.005822776004384453
0.005447780220083442
0.005117963292879169
0.005054526721023977
0.00519529209857652
0.005347731435727384
0.005381641510284923
0.005427097864571039
0.005623678264007187
0.006039648871670462
0.0066552913260838065
0.007406314072038717
0.0082288836488209
0.009189941829190203
0.01027526297943953
0.011465945475388234
0.012859191908884666
0.014583229987139507
0.016597409133416813
0.01848083464398562
0.01996585607954843
0.02065396414703582
0.021183063653714727
0.021507052390699177
0.022210327780280054
0.02309023712569625
0.023043619879552068
0.021814031615599336
0.019346097178673218
0.01683048384039583
0.015228267293258298
0.014182928673736108
0.013079959183202521
0.011611231139931271
0.00987381900755814
0.008568275022594983
0.007732111939357164
0.007232975911328659
0.0067448981668815815
0.006409490320865664
0.006167654209484207
0.005811718945809664
0.005263047769619862
0.00477631881257417
0.004393360819553022
0.004437822543229108
0.004674055394680895
0.00493780271446326
0.0051076125103132215
0.005215920894783198
0.0054576949394611095
0.005942933883579158
0.006684305724938924
0.007541582763817073
0.008402478164919886
0.00966562048182594
0.01154666147156097
0.013866421008482245
0.016369274134717747
0.018754985127214494
0.020594779652573555
0.022124713941413493
0.022972520272646145
0.02389969339222492
0.024283554961230348
0.0242949792557993
0.023241725911311534
0.02189399369987299
0.0206138162634953
0.019015251876015764
0.017389781550267117
0.015854697523177197
0.014444377752945796
0.012791915620402489
0.011547462251952524
0.010584053864711694
0.00980237682288557
0.008988863571371564
0.008195484869843082
0.007487887787197716
0.006742963656956113
0.006146166233750261
0.005778887608069675
0.005874396305112751
0.00603845769941582
0.005995287490297876
0.005641691077015155
0.005156560436650852
0.004695694687061889
0.0044925556328801845
0.0047195953681512595
0.005187360999485612
0.005683506512392386
0.006076830000750435
0.006174935882266034
0.006397368377875792
0.006934675458952293
0.008181226209983596
0.00989716509239276
0.01163324351504955
0.01322593169060053
0.014358042527105257
0.015059252371448392
0.015595419207114356
0.016251012825714502
0.017208569596220732
0.017953820587343513
0.0185125955258421
0.018410487770447705
0.017966175837493055
0.017370372768298007
0.01615219576521869
0.014941179972021905
0.014498173317903063
0.013939981112095082
0.013223462225456457
0.012259781479357561
0.011281814124516372
0.010762677855140991
0.010405592163184915
0.01028747032151438
0.010191986474484136
0.010105529640829421
0.009656246050261845
0.008920721008610251
0.007879332224136434
0.006702339824188212
0.005591556707481505
0.004845529230711998
0.004500528369188767
0.004342131223586186
0.004209340004132604
0.004205503017265235
0.004421767787304268
0.005014696057129224
0.005736413948090007
0.006395440362735044
0.006915432078672073
0.007558503562786769
0.008326793019846072
0.009443673894721493
0.010602213126391919
0.011859016197589787
0.013100528258736114
0.014504929393467612
0.015947908221074635
0.017742562393411154
0.019757348961861366
0.02140712303921577
0.022353502869465035
0.022141957040827363
0.02118349456088404
0.020407332320299416
0.019819091127628224
0.019906836700526936
0.019544732326799524
0.018804625039069756
0.018370662885169572
0.01791237591963335
0.01687489577252437
0.015025164249052921
0.012640971107294747
0.010305058676569048
0.008368079103245062
0.0071997884988290965
0.006620981464551474
0.006406952495135782
0.006044323364277293
0.005435448862564587
0.004862892639641612
0.004480177575444338
0.004374896469079152
0.004413278057189312
0.0045011593918710905
0.004625942143265365
0.004738692070196476
0.00491932797888343
0.005100945621417991
0.005397216127993949
0.0058067062998488185
0.006538304831461769
0.007409535889515381
0.008446473949883597
0.009462783498485262
0.010485186740126096
0.011680631840796658
0.012922426647596618
0.014013154127174184
0.015049373506889138
0.01657412311000306
0.01815517210504195
0.019262443183142228
0.01968225424424111
0.01976232801528891
0.019602176875999692
0.019210869898274117
0.018909643824901075
0.018133932327018015
0.016891673417604315
0.01566627297216058
0.014611617575704058
0.014005122511680412
0.013173256231209933
0.011991249263728776
0.010656581623466511
0.009320721169724233
0.008244464129103101
0.00762483570199327
0.00725912106788225
0.007025312670294932
0.006654360924494996
0.006325502821801523
0.005965748240544743
0.005411328034313367
0.004901903487262034
0.004531779996366001
0.004237166702122763
0.004264315014281453
0.004532037110674834
0.004802568034956767
0.005054787172388558
0.005493781712812653
0.00613331420377022
0.006815617342873791
0.007411492812982784
0.007888918416312217
0.008600136099471703
0.00957773638655722
0.011081391954244792
0.01264404221205063
0.013948998094398065
0.015167297997560465
0.016766058894716707
0.019011219998087747
0.021651525744076784
0.023825159571492796
0.024216270623980563
0.023884627415743747
0.02296454068500039
0.022347716791927052
0.021941076324084
0.02100026134828324
0.01952057698047873
0.017919030670495256
0.01628574506155984
0.014914234230150503
0.01379142016292576
0.012442963143497734
0.010812514422088134
0.009244889118329202
0.008137727268514392
0.007341210776599845
0.006773279436858034
0.006224516348493118
0.0057668478530616
0.005388510838299147
0.005126142511984679
0.004777016886226509
0.0044898697592961395
0.004328002779637927
0.004184568836579949
0.004223281586308669
0.004471163672066061
0.005063432893109305
0.0060480322334285855
0.007485414131584437
0.008956696757053583
0.010474980882838629
0.011637811668909868
0.012318586013189909
0.012691072552333564
0.012891703041022648
0.01276194761897875
0.013049120930926833
0.01351509632682751
0.01486678761702332
0.016884665302660667
0.01895642652250904
0.020672405616708318
0.021637177719589822
0.021450316660845237
0.020349472907428768
0.01894356894556768
0.017749284530948022
0.017043006372974456
0.016624374078136734
0.016106633121411577
0.015480776185213025
0.014701940715003541
0.013600545271031965
0.012011660803722258
0.010277044794595052
0.008662964144396854
0.0071265049563888775
0.005743452651840576
0.004803874460980334
0.004302699801332102
0.00421641927484285
0.004534484317979671
0.00489642224682048
0.005185529429345695
0.005408713340035245
0.00544831459188775
0.005489951013977307
0.00559118345610922
0.005443596945777568
0.0054095053543359506
0.005578793377192634
0.0064103837156925135
0.007493444514769906
0.008334062687428815
0.008648927857375286
0.008410340882421923
0.00826277316922577
0.008769623968895203
0.010346104055485878
0.012606694791898222
0.01509976031556939
0.01703107706393587
0.018460445404361234
0.01986737222681519
0.021166915891488714
0.02172976243800554
0.022105978290464984
0.021794218717998994
0.021292800961932888
0.020227339240423508
0.019435381118375426
0.01899735973479251
0.018621104232448726
0.017803684937755603
0.016331291390874636
0.014470173948967055
0.012704315486120218
0.010980403780475443
0.009259942751171165
0.007619893397068333
0.006490672995269841
0.005926794652202959
0.005878473144441753
0.006018145093308233
0.00603614794720035
0.005698946131206867
0.005375078785059175
0.005116338569991826
0.004954760351456556
0.004894985710475564
0.005006669621124836
0.005297218645315975
0.005724148099991149
0.006225318427363188
0.006819818194977607
0.007357840068384963
0.008147178181527853
0.00923501441454048
0.010427324397898438
0.011373312729786466
0.012451826146161391
0.01405480176118737
0.01634208239411864
0.018256904258040225
0.019145782160750954
0.01897343399340905
0.01932792726347017
0.02115795287136333
0.023222551408450205
0.024537417487677984
0.02478710724083707
0.023633380483075575
0.0219265945881347
0.02028074829362148
0.018679283575238258
0.016852426775696417
0.015040928139754689
0.013111608509327261
0.011413537004703015
0.00954782166877795
0.00784220181144344
0.00654560303235749
0.0059018212946599195
0.005644286780068981
0.00537924270227363
0.005002940575242069
0.0047160661909399415
0.004633090684454914
0.004849329988985882
0.005196528641567292
0.005417545935477136
0.005376290411476428
0.005442454525769208
0.0059401499525347885
0.006726595580489612
0.007414841509454174
0.007635485013529954
0.007178673667239873
0.006729228531224427
0.006698272849775782
0.007260066769051091
0.00820511539488496
0.009590469120262587
0.011115867241120604
0.012653198227911132
0.01418068622406731
0.015339893465938354
0.015897498697114168
0.01600408142408943
0.016001604214606658
0.01665707632853582
0.01799840029685168
0.01951097003338943
0.02039281544571953
0.02127960265122464
0.021397236099658448
0.021215746749976474
0.02003419219042921
0.017794100577705377
0.015368845122687312
0.013334351373156974
0.011695418823474836
0.010347671760333724
0.009196248691126162
0.00812282398028557
0.00730990271992759
0.006792776744433983
0.006625611058975946
0.006556882302601007
0.006354205566510047
0.006050484303810752
0.0055382591391233815
0.005140590237503953
0.0048139162279351826
0.004733792127788948
0.004821935322826388
0.005198949788118252
0.005726159053303634
0.006186599117116495
0.006709849649855728
0.007261615020945672
0.007781347067387399
0.008148277826178756
0.008354549777202801
0.008464419737417649
0.008836890132861697
0.00983432698922178
0.01144498376632274
0.013469851841893398
0.016040276812927783
0.019212481365855946
0.022858918887090525
0.0256004929237954
0.027126249033151046
0.027581148136400183
0.026873248790602332
0.026093168429104103
0.02469032507373109
0.023255116862165654
0.02120061440830413
0.018961704492277617
0.016872781010843975
0.0155712731196354
0.014333483284937918
0.012756880985407072
0.010556847783583356
0.008576524612728526
0.007190497047557808
0.006498397964744283
0.006241886739527211
0.006382345269439351
0.006784047862103556
0.007111017269147715
0.006923724491629869
0.006238534168481808
0.005457995951378075
0.0049512869249606776
0.004993632489530411
0.00537444819986322
0.005913679065367607
0.006400460854245796
0.006751580270469197
0.007043954146976273
0.007390925865415153
0.007629354200792101
0.007858162897784628
0.008124667047660529
0.008916473967978712
0.01041733991823496
0.012779494973979802
0.015535276597333997
0.018166463832095935
0.020386499229605604
0.021455045124147604
0.021386287448437222
0.0203121767281422
0.019372521858680256
0.019525436295490962
0.02073587303341983
0.021822523472671534
0.021500470405404926
0.019601422517642946
0.0178033247448788
0.016415218437715668
0.015435159378206508
0.014264378289793916
0.012686472188251354
0.010635352552419451
0.00897191888832534
0.007764941999331238
0.007089964087017046
0.006579938036012343
0.006259926687275045
0.006056446384064425
0.005858363708639491
0.005768275750914091
0.005785281809491991
0.00579790259131351
0.00567477448381995
0.005398289003781231
0.005025845026608765
0.004789502801117803
0.00483969297902692
0.00510774191102509
0.005437674728672612
0.00565084605015115
0.005881078269559396
0.006193929443540544
0.006665393683732517
0.007737119503470234
0.00938186488223165
0.011163435629576219
0.013107283475153659
0.015189080485460024
0.01726403443672976
0.019476770645195495
0.02241354361030172
0.025312147440883774
0.027339726943972825
0.02802921429723272
0.02741136674051105
0.025335008195765632
0.022400670927742224
0.019429471846424528
0.01746370190148069
0.016378488121233718
0.01578366508858156
0.015278214311308554
0.01417134540003874
0.012482950097852054
0.010823018820878372
0.009473592779802418
0.008302836719646612
0.007215903331229827
0.006213798260496012
0.005665591553291508
0.005885189773295429
0.006361265949641955
0.0065699745013857655
0.006329369417619854
0.005798517148747489
0.005216632589467066
0.005253051544585751
0.005539372791290209
0.0058226642304214345
0.006063788251190223
0.006274577328285176
0.006676613735076795
0.007253914370308226
0.007839614270454685
0.00850982093046837
0.009129298185471545
0.010082668383962686
0.011748511093822961
0.013474553365674023
0.014845902021741167
0.016078197238510252
0.017159620519609436
0.01845859485863287
0.019653501145369793
0.020329408819365975
0.01988113099901497
0.01942802653512455
0.019410777555674483
0.019230101505296013
0.018532629860113434
0.01748001263170775
0.015712646524828774
0.013680835727667557
0.011728262179824462
0.010085694094313693
0.009006734904966467
0.008192594131686244
0.00748393566017006
0.006903710520576006
0.006439256956520928
0.006309540000451288
0.006349975890284461
0.006462578667355767
0.006490228596225664
0.00623052019086816
0.0059541498677231856
0.005615028252495439
0.005334731427311766
0.005237198333329924
0.005372433126418217
0.005545819021156586
0.0056047707383962905
0.005320594474281398
0.004932805858151088
0.0046713073479939145
0.004897683999348085
0.005625345585504044
0.006640215401328299
0.007410208391616507
0.007862402640586972
0.008410716102777533
0.010052640850335371
0.012367032069608664
0.015131608255453035
0.017457466330415058
0.018290139709732298
0.01855259716533366
0.01852327031582936
0.01964355556002255
0.021427689472222195
0.022684625037438847
0.022412492886344178
0.020573631989645375
0.01912271088562062
0.01833118658651296
0.017667717770469354
0.017248216051839786
0.01606588340580513
0.014172329140393389
0.012124445830652386
0.010293348975732664
0.008758442645177781
0.0078065999586363136
0.00718984844316246
0.0065964744951049195
0.006180816612448205
0.005844268598318924
0.0057676603176421105
0.00572188972248647
0.005554631450168567
0.005134965453586285
0.004622927920936596
0.004355771623166333
0.00452549267179102
0.00498634026528417
0.005415739234339224
0.0055336737856325376
0.005549063724921158
0.005970609901150322
0.0069074360931584665
0.00851568848618961
0.010483924152602441
0.012262583032161975
0.013865200469091472
0.015261591139552545
0.01652476363558589
0.01749674751856825
0.018396226438726328
0.01928294571557956
0.02082178801326533
0.022792350572403083
0.02457472334435408
0.02495796130373021
0.023436291063379633
0.020653210581711275
0.01785089151202442
0.016139781325936284
0.0148702476832944
0.013538976472079162
0.012414151618714047
0.011173245293901514
0.010447889283356616
0.009820703345202995
0.009039867514515503
0.008001574644513844
0.007096346738721473
0.006420548995478952
0.0059043150615906035
0.005442639568909687
0.00509434180949165
0.004996788675926934
0.004927980441250757
0.004895147232336601
0.004895750875330515
0.00485578120268575
0.00485135262746026
0.004949834255523349
0.005294452908742736
0.005706515773091342
0.005909595464236598
0.005853558624108209
0.005680381884099914
0.006054755574282258
0.0070243897735710135
0.008344411175522893
0.009612814444603476
0.01053839183666225
0.011628871805068641
0.012916198041685633
0.01421859951241374
0.01559240238436879
0.017053022039216967
0.018410309500530603
0.019426553300856218
0.019692364507333318
0.019678763623452743
0.01940701327550968
0.01933141315063814
0.018569498831556036
0.017033976859348956
0.015029885460934641
0.013429951159566647
0.012539563299281749
0.012157467894521493
0.011640231750935719
0.010728042880405565
0.009341235657831784
0.008201417531540236
0.007467350980584623
0.007119659742984676
0.0066916988202149735
0.0062378886729310065
0.0057204132209959105
0.005269130481467274
0.00484162973813809
0.00451256677941827
0.004242828036539697
0.004102765872437405
0.004205248238446935
0.0046189695597225406
0.0048504286617499235
0.005003161314827086
0.005162875008650831
0.005519079159405909
0.006224782693810003
0.007463938743406428
0.00873516837568764
0.009736108447047764
0.011106163466401508
0.013034961846066421
0.01551919153764442
0.018143423053319757
0.020046164021704664
0.02115803025886057
0.021600759414770854
0.020854882758987142
0.019540232318194663
0.018390427093319114
0.017834291523960447
0.01842398319364218
0.01872663440104854
0.01764358565447819
0.015177319246971839
0.012787472759147466
0.011091209394057746
0.010044502009000299
0.009403209866874557
0.008561419557853086
0.007655799069478871
0.007159763217720611
0.00713241397822715
0.006980731994261907
0.006585887306620586
0.005647889277817165
0.004808179961804462
0.004382298819999079
0.004358870761421148
0.004217316517486654
0.00418751816108408
0.0038929386412964186
0.0037273646172965554
0.003825006553238406
0.004478185239908367
0.005119093742766324
0.005632998381706749
0.005929721298891291
0.005980084382299788
0.006364583130805764
0.0067779523634269616
0.007405712898383698
0.008253538753801998
0.009558424463295426
0.011511647046966484
0.013421703432781982
0.014753658185870178
0.015179561673527915
0.014916948194247982
0.014575929273799026
0.014329844835680196
0.014010493582359522
0.013737294346052368
0.013624073697786006
0.013804517514594751
0.014676097189380566
0.015346760104744828
0.015745708534888176
0.015121463413458481
0.013911432995946623
0.01231457753889829
0.011053823187922172
0.00988408680980212
0.008964751639931828
0.008388815218378427
0.007937804493226591
0.007587789029111341
0.007096951827593369
0.006656889893843996
0.00623810300339531
0.005618001203543346
0.004890471771873073
0.004199039635622699
0.0036769390111216914
0.0035739573314442358
0.0039670438048324645
0.004540476328464515
0.0050387154204169895
0.005314889845239569
0.005251191521701505
0.005197112513367284
0.005478491579564279
0.006395454308279338
0.0076764931199014615
0.009284030940669792
0.010944371151367907
0.012423477675748846
0.013239767726118231
0.01393355650294633
0.014654826316885668
0.015819663706516697
0.017631448168214357
0.019914813335193134
0.02207111844472331
0.02417346213156695
0.024891295740123484
0.023665831892299566
0.021554102408182965
0.019508120294278092
0.018254204508893816
0.016867338451504843
0.015247475400960931
0.013686879566137088
0.012779134109840622
0.01213876260880708
0.011339073556676285
0.010049197427169464
0.00837468155543123
0.006741923380430358
0.005575975515514876
0.004926707449638362
0.004684421475401717
0.004769619471158736
0.004767452725447026
0.004671898379931193
0.004455420249782072
0.004142090092697688
0.004159363990571619
0.004555034010561882
0.005150017224519449
0.005677809624368995
0.006000388154360109
0.006312476772336857
0.007084060540176863
0.008250867725483188
0.0094513071686192
0.01013013837258775
0.010281387305910826
0.010000419533926896
0.010250928565625808
0.010991784793352031
0.012555409625173987
0.014769510312433488
0.016389300067988315
0.01732522602487157
0.01743388467321089
0.016974714407034776
0.016822536155003266
0.017406009278455238
0.0180360653160269
0.017866074153471023
0.01689030771720637
0.01574478286862701
0.014715134657445401
0.013700966107972537
0.012489630999549325
0.010862512653030208
0.009499420224312272
0.008646155774022375
0.00822468737325597
0.007897032336426751
0.007420164243606935
0.0068426485727194905
0.006483628542181275
0.006183501986365933
0.005896388694282325
0.0054175237004215745
0.004612335080975211
0.003954149009135362
0.0038614101367270776
0.004447422530228377
0.005064354192848247
0.005422075420878105
0.005283510173281195
0.005202720318242156
0.00545450975521996
0.005960359319205781
0.006693753551647009
0.007328550353560572
0.00787122490279481
0.008721556171904128
0.010070329712096322
0.01157200202424868
0.01293873674200586
0.013928463996558612
0.0152106311388996
0.017001879305055662
0.019213971061302116
0.020466679027703133
0.021111120238374546
0.02062554167327878
0.020651523452118563
0.02106896368927351
0.021273125996222476
0.020966571810197288
0.019959862036176723
0.018927628010100606
0.017878308399704255
0.01689367580594914
0.015278468933520233
0.013318633551716733
0.011323003137549399
0.009211822234472391
0.007611208035198631
0.00686585599855083
0.006356803818446657
0.0059518259911061746
0.005484892563130088
0.004967486575500879
0.004504271672121235
0.0043146519798318425
0.004386079669957192
0.004671150056235225
0.005184034232520258
0.0059026793300980315
0.006545652339794615
0.006815940443721477
0.006581050004849965
0.006363623153969093
0.006324529412546693
0.007020473042562985
0.008264140345088
0.009712182438200117
0.010845390705013743
0.011867869598109457
0.013220545743091082
0.01489289962460102
0.01622619091485793
0.017077015046464344
0.01787234599904068
0.018419506494805667
0.018963747386109005
0.018893383606063508
0.018909921311009478
0.018779906772228412
0.01928137953234973
0.01902487827339897
0.01768005384279208
0.015357849781535737
0.013311186449630068
0.011914615794139903
0.011370335286101256
0.010787827158813833
0.009759515112987864
0.00840568915450929
0.007163280736805228
0.006272105504953853
0.005769788193745767
0.00538083277186906
0.005187392635162482
0.005146804669346528
0.005181930196297328
0.0051487273264258695
0.004922780181165852
0.004718690370048188
0.004611423678462408
0.004660806718261021
0.004790620079726839
0.005069521090947376
0.005479824717292398
0.005989536638639851
0.006545574221076572
0.006983950724604773
0.007287921132092458
0.007272089498762321
0.007077294409948152
0.007387175282279251
0.008511466749187502
0.010516775404079998
0.01287857689655465
0.01532517015943233
0.016848600695578416
0.01734501916911669
0.017203433576718993
0.01750979231586411
0.018497212125849177
0.019999030073960228
0.02097866931594268
0.02096170242195705
0.020532860693192618
0.019916211297854033
0.01943748892277018
0.018636532164657958
0.017057567307340846
0.014883759790055158
0.012383853775075195
0.010182161447940454
0.008372717793629835
0.0072280566104919244
0.00676821937736433
0.0067095723889506985
0.006695841733085871
0.006427257152214616
0.0059450134177326105
0.00538392368265942
0.004959855577785253
0.004620578338698557
0.004312753076790356
0.004136353755040279
0.004263171475372367
0.004672157870270975
0.005195107237160792
0.005765349356951916
0.006401887061570768
0.0070473945002039575
0.007740993533680392
0.00847761894687151
0.009359528345929334
0.010433677384675365
0.011524051570408466
0.012968927690941667
0.01433221731413779
0.015232672866453741
0.015900080651676637
0.01653724422923223
0.01774375533835319
0.01892760363710102
0.0197119347856145
0.019961299958348517
0.019826817673113707
0.019853304697667686
0.019912226005518053
0.01928022737974033
0.017639418204662808
0.015542321122081326
0.01364389469656175
0.012632426629826053
0.011773662750563784
0.0106679985355858
0.009032143223029426
0.00708419186064407
0.005727966894090147
0.0052536092052085145
0.005463969209466181
0.005802430630983394
0.005830194526640408
0.00560277683731832
0.005272684223301659
0.005164030281768854
0.005196894331411944
0.005301135048999729
0.005282857762331507
0.0050849266707815996
0.00519790540475756
0.005609330822036541
0.006197827804615084
0.006481658579045595
0.006356772079254169
0.006094317773421954
0.006171978628149747
0.00697898634710948
0.008084890539863136
0.009655172076400315
0.010871538764726798
0.011589785944354619
0.011877751231976211
0.012203688965482965
0.013181797395748955
0.014800016185214405
0.01643766334547874
0.01799531482606975
0.019349963533640033
0.020244650099375806
0.020294650093765874
0.020162166710687594
0.0194165116086325
0.01847448092460584
0.01738063648309885
0.01623713891684993
0.015409071548203224
0.014293901111746788
0.013039946827672304
0.011665066870632023
0.010298552227243771
0.0093226958268868
0.008516155875328052
0.007736922059493908
0.006955758798181593
0.006197731546250106
0.005589839758710284
0.005289108320557825
0.005142240087613501
0.005037231962253832
0.004931150050547585
0.00489963658755981
0.005125440144225152
0.005399327475912721
0.005563632823212296
0.0057055391327461066
0.006001406900647374
0.006303190027867696
0.006973721173245554
0.007745326883997167
0.008593402589234331
0.009342542524035772
0.010450610290075593
0.01212079178840945
0.014569424955848493
0.01734904246992758
0.020328427656651663
0.022798106313505595
0.02438094990207424
0.02583109676897951
0.02640058011865421
0.025676191703280598
0.024502431071126703
0.023911781688426694
0.023799707995304214
0.0234566016224818
0.022105958048242513
0.019645422176605625
0.016079032477342086
0.012735165935106511
0.010412294715419702
0.009196218282678447
0.008187203408507093
0.007170624120982041
0.0064347246472734355
0.006093867738382711
0.005758431802508638
0.005515891962057353
0.005289837339588853
0.0050283840526462705
0.004882035361623987
0.004818832305372495
0.0049402425788784236
0.004998673091524713
0.005023895789186012
0.0051060761969448365
0.005343928581899906
0.005704348107731208
0.006152351393048946
0.006406156769178101
0.006386262116861358
0.006202045091927757
0.006257535559246406
0.007031765564270817
0.008330577878224495
0.009977157457641857
0.011704257248605625
0.013412003645082672
0.014562213596089004
0.015934566882733307
0.0173658280248947
0.018852780801292185
0.019381026791400965
0.019117784331713003
0.0188163998895613
0.018945328991345434
0.018698698285338947
0.01823823831026281
0.017609371185261305
0.01662902506131525
0.014844467543959574
0.012929252058584941
0.011299521718934604
0.009977998118036348
0.009063942408534172
0.008584854555007584
0.008612312629910704
0.008411004743352522
0.0079081472162565
0.007067555971460674
0.006265703115873564
0.005771548359274325
0.005421654064943462
0.005199339772973189
0.005125832238204553
0.005087129277566606
0.004905722676983085
0.0047574276843485135
0.004591865554841078
0.0046725583963899515
0.00484479892064354
0.005299532202672987
0.005793678860113255
0.0062480047639914245
0.006786003159458486
0.007678763432912088
0.008993929938048676
0.010778193092085362
0.012763133453906965
0.014477606152755063
0.016857175504051275
0.019333508100394473
0.02223694642170121
0.02456558548923346
0.025748082974928144
0.026295007482304646
0.026018638111592864
0.02531683357771499
0.02473523691096459
0.023618713198222605
0.02133439974760602
0.018595847412014106
0.016427825282464743
0.01537641177888463
0.014509306575454215
0.013554301878579091
0.012018271553821118
0.009981588433685455
0.008197355842107871
0.007060594792615677
0.006451280610795677
0.006093429631133617
0.005920655223182868
0.005870727226598392
0.005600105081420487
0.005271274338308365
0.005140339692594844
0.005053714856712867
0.005061120736204577
0.005012763818669031
0.005035521546638137
0.005195521083760923
0.005641854170033531
0.0062524456130626845
0.006988247729904183
0.007581321083662426
0.007751988744082494
0.007928059008208388
0.008664680963206804
0.009754898071492863
0.010823532269308937
0.011785460160588273
0.012859377230436198
0.013653093653880118
0.014395832794801272
0.014792689424024185
0.015153512470176697
0.01632259056648612
0.017653791201296534
0.019300855354790314
0.019384355554807428
0.018708185601747557
0.01741346398926543
0.016386983962692142
0.015020579854655883
0.013389637969007565
0.011518731670459505
0.00990920767827895
0.009052455323564442
0.009035918916412125
0.00905032644336956
0.008855942157117568
0.008281146016217145
0.007463964042185586
0.0068694339956381235
0.006476503453211982
0.00607366695025826
0.005543074780084873
0.005175411556811098
0.004951433487933031
0.005037205303699549
0.00517319917446143
0.005289764553900596
0.005221617251016129
0.005089083853705273
0.004961686258497971
0.005039153269144518
0.005236153716340661
0.005583662480301175
0.006157419435419902
0.007071716874859674
0.008327828003648704
0.009556067619737731
0.010563600609601135
0.01146021039163954
0.012477480797254779
0.014220683757889867
0.01685028881391295
0.019713493871160278
0.021610104554476317
0.02239041748497797
0.02216040482651752
0.022087331517316663
0.02195791620697746
0.021718893669611706
0.02129640344394338
0.020593153176657657
0.019841476503746996
0.018676559580911963
0.017541395273901625
0.01599929970881544
0.014304692621367172
0.012398814077133134
0.010536856643798932
0.008749819974099678
0.0073517825678842165
0.006577123013480777
0.006209601339447546
0.005963300208996087
0.005599924668699053
0.005083957692233947
0.004692813574898872
0.004597811359584905
0.004701723205887522
0.004877938462181224
0.005185689469278218
0.005460615468068315
0.005477747157326715
0.0053653097547188165
0.005402222011107612
0.005992928126735452
0.007077581437122764
0.008248441196780042
0.009165900343226452
0.009947005503403602
0.010961139559757527
0.012306632238277356
0.014141006157650973
0.0159645823712981
0.0171848297010193
0.017119834682111767
0.016973774250505218
0.017019105261700588
0.01745655106703704
0.017437243792047457
0.01686485099712696
0.016447318567304896
0.016134755173021226
0.01607670134283912
0.01591100700746841
0.01485266055860075
0.013768188565750652
0.012832923832212295
0.011867291606825358
0.010406567272479827
0.008728774699265314
0.00743357450815993
0.006573868986608294
0.006250058970951918
0.0063926917551418065
0.006715769493100119
0.006606676183982425
0.006166263299310616
0.00555214829488987
0.005119389586859965
0.004895699758390444
0.004928272001324264
0.005043973517875066
0.005174541267437532
0.005288222319892445
0.005251678588010844
0.005083304339262565
0.005031376906975754
0.00516567914079231
0.005466719616966689
0.005806542831939958
0.006214733934441481
0.006945306480302419
0.007853996256527556
0.009210053211206836
0.01113756658611951
0.013084419091674402
0.014836061399029736
0.015970689583667028
0.016656553004053658
0.017267486315364556
0.018208595720722497
0.019282464774408765
0.020192142417485733
0.02071324720954369
0.020876556546579973
0.020898226467741747
0.02030534239527059
0.019101241960595212
0.01803935036590841
0.016493422417159693
0.014925786266706379
0.013199464307968298
0.011588020210899634
0.010396643900628577
0.009629247002780384
0.009023566747156818
0.00824583640718505
0.007354276829088198
0.006397755529164368
0.005437548696683556
0.004799049594814258
0.004617487220565014
0.004598683123195051
0.004683667026752429
0.004689245657221191
0.004691905449919167
0.004594078448352462
0.004867609341681037
0.005469566898250927
0.006527838261908336
0.00756856489111942
0.00832773304875023
0.008714224246576089
0.009000678870749705
0.009647470575998369
0.01100508791477867
0.013349049381738892
0.015778952205499876
0.018097645693328782
0.019537546387866214
0.02033796318413722
0.021038347483168594
0.02169127293516644
0.022497821765431993
0.022495780160295478
0.021605510842772832
0.0203259303549377
0.019221155357572624
0.017870313493870627
0.01635748209538508
0.014896232445868508
0.01341995442490904
0.011664055367789108
0.00973006476816126
0.008368618995962175
0.0073219238876269825
0.006910871421976213
0.006882458750892179
0.006818737173433698
0.006565841405802163
0.006270146114561361
0.005958844605263083
0.005801108921745742
0.005613329132564071
0.005359468398376269
0.0049809016652444865
0.00450610581909759
0.004044147227355986
0.003917104643150211
0.004325152020022836
0.004975210428964674
0.005622491133741842
0.006119260884948986
0.006550015380008789
0.006831024900061545
0.007228387802104405
0.0075553208779383565
0.008012842774267366
0.008756699685149172
0.009929440030057331
0.01177563443447783
0.014287660462405769
0.016543574967806732
0.017355248489120154
0.016892514078860228
0.016577147503265343
0.017065157802764963
0.018805493936872156
0.01987066026480066
0.020602657297647032
0.020656874809921084
0.020077281725321465
0.01919307624610088
0.018186660789054218
0.016774491007324695
0.014798100945087258
0.012705285113034703
0.010899712383534469
0.009516780318600981
0.008642694583669955
0.008003736983945636
0.007600860864831877
0.0074113861276098435
0.007060065733497372
0.0064841995314806585
0.005587680690958708
0.0047056433364044805
0.004194684493170291
0.004212200384957028
0.004613845239181178
0.004837389353716143
0.004657284022399404
0.004369428031972855
0.004318798008725265
0.004755158024786841
0.005672598947370335
0.006796796643507347
0.008085635773256605
0.00946528028668665
0.011000641878468213
0.01289861250642244
0.01466213494653938
0.016097259680720597
0.01755119443176626
0.01887008766382678
0.01968784381387132
0.020789325980209685
0.021545408916245717
0.022408326221254667
0.02255614331018961
0.02214048807092585
0.02107157409328227
0.01922200979135107
0.01786279205133919
0.01700891460572873
0.016370382345532525
0.015705009518762598
0.014611878590871787
0.013261467892784465
0.011831264983966376
0.01026243827610557
0.008947558159414084
0.007652221391207461
0.007004758429943142
0.0065737788469889605
0.006095021043264441
0.005626213337609108
0.005225288013827686
0.004970112449404638
0.004929323666425136
0.004829495160348378
0.0047722911405721135
0.004822089375228982
0.005136632197331924
0.005701124404901246
0.0063117408802696815
0.006779549312344114
0.006998326887429106
0.006982414184820939
0.0071512309338619085
0.007529859677984138
0.00800671067571418
0.008424257112612157
0.00886037502787502
0.009659829707632196
0.010860028431084053
0.012340476156356504
0.013536338773934613
0.013920968944627148
0.013879651361613985
0.014139585127248493
0.015127356081309206
0.01662139887575886
0.017629740840288195
0.01787219483718805
0.01730626423873692
0.016996094901284117
0.016520273518621172
0.015984629124673647
0.014710393075372481
0.013152493048211806
0.011766739683876704
0.01033031876684896
0.009301286452403123
0.008639003407700229
0.008347736658822474
0.008212890250635372
0.007753941920716472
0.007166689931599433
0.006492018837540962
0.005893316868856447
0.005416688764553342
0.004962252618336298
0.0046551434766059835
0.004249206222886486
0.004031847511376159
0.004040105435491285
0.00436998185100691
0.004842641673558694
0.00537291346034423
0.0057956534479489865
0.006140331340233017
0.00648471115121999
0.007119310644604754
0.008031841986954323
0.009263773010123318
0.010909037990139345
0.012324465636217571
0.013487622931073235
0.014231241958797497
0.015065611368253112
0.016321070300184225
0.018370859037308705
0.02059580468519686
0.02262270637033455
0.023612400103965488
0.02441703978600071
0.025365102019283256
0.025421336489551808
0.02410100489016354
0.021855802244480717
0.02007576601357048
0.018741403040063706
0.017611411510817743
0.01597381487648213
0.014172202986700655
0.012097052592672287
0.010005161079722451
0.008446101367547195
0.007203994697372206
0.00623361926818747
0.005289169528455756
0.004368889902380818
0.003981996780972627
0.004129742175335237
0.0046161315652544005
0.0050775865822878
0.005383269058624771
0.005342621552645768
0.005010345843568499
0.004892393760658567
0.0050083350767119485
0.005495202597257567
0.006248257918063726
0.007149697077522552
0.008053715071443352
0.008882349633572005
0.009563471004148645
0.01033027904210315
0.011371893391864542
0.012875534775694836
0.014329546810086599
0.01542127389318636
0.016219175005667164
0.017229458868564248
0.018913977775479672
0.020653005925819003
0.020723628589013585
0.01905826618159617
0.01707641209568799
0.015723625219793324
0.014894356640983923
0.014952397868836698
0.015057085403850323
0.014765195335649252
0.013809711029970253
0.012494657094055315
0.010925027187755445
0.009364203575406892
0.007964712400829963
0.007030471541021362
0.006399686592319303
0.005903721530234028
0.00565027080838235
0.0056156884814600825
0.005404398981363064
0.005158143670544036
0.004959723059780953
0.004633508306707215
0.004399774729105294
0.004457601977630634
0.004728720242351028
0.005098531673543495
0.005488609290275239
0.005876417437169739
0.00628108683165239
0.006379741966258609
0.006236572171231812
0.006073139057380779
0.005871885028027191
0.0059491420872628655
0.0067771919367180114
0.008283983534814014
0.010272750639674352
0.012422274626071561
0.01470587702573509
0.017209993757012647
0.019512920458086447
0.020815224995176154
0.02163268091339683
0.02227280569395612
0.022857550884137105
0.022418669616106834
0.02054150485088232
0.01882565392371214
0.01753780045443722
0.01672311478272798
0.015854643128396535
0.014838697919555669
0.013713434034237559
0.012693171637109915
0.01177298282338263
0.010871342875393377
0.009962909282430609
0.008824802230271244
0.007616801126905286
0.006560646005740289
0.005970676058003174
0.005840089182989106
0.005850214028279734
0.005622039357953998
0.005200015735665596
0.00487973643377195
0.004633370780162735
0.004560514766871394
0.004934683338589573
0.005542911634018063
0.006207631623090578
0.006727851766591087
0.007187504453480892
0.007539606696642777
0.007838317309193592
0.008310909648291846
0.009128825287109602
0.01069737258886056
0.012824018464920177
0.014875009257635253
0.016345449492461566
0.01698672011737605
0.017433556375312676
0.0176203948611263
0.017586392820918704
0.01789216605574081
0.0190676536745796
0.02124123384353931
0.022984229421087642
0.02350051705587466
0.022567762535757315
0.020654135607239128
0.0185245883769943
0.016345308439009817
0.014236877688823653
0.01183262036488858
0.009518372686544128
0.007743247492484663
0.006781059057312617
0.006500782965960742
0.00678815238768252
0.006963008022474169
0.006717840386491591
0.006080037662294247
0.005563033805302078
0.005421579707072184
0.005551940584953436
0.005632041898351229
0.0055234054647197925
0.0052677200806123215
0.005057657358699193
0.005006878210655491
0.00536005051486655
0.0058794397472505
0.006228893862253983
0.006380109373112711
0.006579237022032703
0.0070214848330285105
0.007855647854341905
0.008802633940205109
0.009413153203424961
0.009807795222051222
0.010088715875666721
0.010703020398722278
0.01212992744610249
0.014151351013713748
0.016534482597982684
0.01832188754221059
0.019930026121886088
0.021120242782168085
0.02187720540143883
0.021918098014435963
0.02081350518516012
0.01939838538371762
0.017664281557325197
0.016491467181997198
0.01597492901341133
0.01546385886330496
0.01501353513268045
0.014075003284133535
0.01255755340798314
0.01096479706017614
0.009237364467125482
0.008075787063086393
0.007473994001872372
0.007014204835460708
0.006502316517748251
0.005765543181091327
0.005185112632753001
0.005100387445816728
0.005289758634816482
0.005519312679531337
0.005748812749940206
0.005922350893880897
0.005950132299390455
0.005988459521391639
0.005898782740182435
0.005738698505874995
0.005766477703679104
0.006091408468224664
0.0069668085755784336
0.008396457580093023
0.010280246941547765
0.012269094405747959
0.014421379828746413
0.016278749502923292
0.017861482414543196
0.01902304572089823
0.020351064611827955
0.021411065849252526
0.022252123367181874
0.0228828501351001
0.023462550069080775
0.02320311566672509
0.02271220163213541
0.021791288637283378
0.020416595729750266
0.018491908700468393
0.016113588080130584
0.013963168375553026
0.012366871323299807
0.011272057469595455
0.010119651743851103
0.009091402047328155
0.008565630995999078
0.008164561547688746
0.007688370768024248
0.0072742360169563754
0.006466083190306078
0.005575700988591471
0.004772123830543236
0.004515211309658399
0.004664301609161641
0.004963647798112777
0.005193949282043068
0.005486836642783936
0.005730867556268186
0.006109178352372047
0.006682277994243348
0.007182127163571856
0.007397690396309932
0.007374158849887317
0.0073484138097213
0.0075228019916064905
0.00790667964331625
0.008729005776384424
0.009473796612840056
0.010474181033384595
0.011771471276040408
0.013109645215687882
0.01408566203522183
0.014642877439263671
0.01541087824977691
0.01680626023861826
0.018918282735416393
0.020639647676394125
0.021177126434678967
0.020551279996375422
0.01924049072856186
0.018015629682560617
0.016947091589452627
0.01589319100542858
0.014818555881677593
0.013758097676107138
0.012836988698718826
0.011757691816757367
0.010592661471165514
0.009274746926946433
0.008301794541181115
0.007844340460951758
0.007610797892616133
0.007286587486733369
0.006993945040326024
0.006545751136515108
0.006225969840872872
0.005867844811095508
0.0055831933785556506
0.00531335025952557
0.0050812966617983886
0.004928097345721189
0.0049504328087091164
0.005153555158318517
0.0056182914927315674
0.006225843674823376
0.006993979300137292
0.007628980352181762
0.007990362125593968
0.008433097062977438
0.00894345886249636
0.010063032935274285
0.012009133361811315
0.014453197051873262
0.016827381109307638
0.019306354089801168
0.021135985548542274
0.023042462965222093
0.024362624997842003
0.025316942763264377
0.025672030570753363
0.025516158233818132
0.02517687261459
0.024009101939350942
0.023077671988370435
0.022034751677539724
0.02089898547815135
0.018446361290319
0.015592948616068305
0.013121923627572515
0.011061204220500085
0.009735507070490618
0.008756926233011312
0.008065155204879841
0.0076972894175195644
0.007277228070418573
0.0067082160938861666
0.005843833115975918
0.005013893529702095
0.004544902659737298
0.0046240837713151075
0.004976033321138333
0.005480798574188374
0.005740072487076832
0.00577486821574876
0.005877733309001554
0.006019410850305254
0.006333799437310236
0.006564567842689563
0.00675999034228045
0.0070367430154584165
0.007868308530742305
0.009379429229838195
0.011700213140557364
0.014272006959272077
0.016368808882044887
0.01819803823648039
0.019205972702191064
0.019394585611040217
0.019323472872047772
0.0192953300297565
0.01964629322744396
0.020514342591583048
0.021143977935040113
0.02115923447208143
0.02075174923606647
0.019922584669955123
0.0183176760391976
0.016155460917447007
0.013566494842307793
0.011091749089571102
0.00961788822474196
0.00902934507301048
0.008705470575542025
0.008476122853594854
0.008099742515372033
0.007611115668041884
0.007042451155844246
0.006437254971036428
0.006024758566092789
0.0057678588756026935
0.005683689076175562
0.0056584998962432255
0.00564447408256375
0.005636498986268198
0.005580973204165554
0.005361634034568994
0.005245601585778268
0.005215956760569883
0.005442211844594946
0.005738541056197774
0.006235101130579227
0.006790784130716468
0.007363509819115326
0.007931716514429877
0.008793524598582434
0.010223258507527918
0.011947744425725493
0.013507409659613414
0.014138132867494898
0.014506451844120357
0.015286795199020759
0.01706519685217047
0.019255126210212106
0.02114940998137704
0.021822156736541955
0.021923078375463485
0.02176298582049953
0.02132159580017017
0.020823072234575312
0.01996439647330872
0.01869243927375973
0.017000349134306883
0.015390029921756632
0.013917611738611332
0.012721543617470665
0.011596524567338383
0.010421927162105033
0.009048708078888176
0.008054803449379366
0.0073395191616960715
0.006836829498245369
0.006387967329684974
0.005999952823547095
0.005670113430025085
0.005401800875225386
0.005117353894267842
0.004809962232640789
0.004691720249862399
0.004711890598492687
0.005047978985582577
0.005623935558428972
0.00607316154563273
0.006393186438478395
0.006824951565583547
0.007453890491306811
0.008305309219303504
0.009511476144427272
0.010850148154203956
0.01223992560465781
0.013551511274602216
0.01482173922189476
0.015588710452148777
0.016113765983179956
0.016303341319545337
0.0170576683038835
0.018222483879385177
0.020124686456616997
0.021807968999903393
0.02252435028366849
0.02255825440323349
0.02086309437239812
0.018871380394859937
0.017124927706431325
0.01512395411572048
0.01286162844164523
0.011131402609370766
0.010103049735734743
0.00972335196291193
0.0094707118883081
0.008846314154334454
0.008105451791339756
0.007156253060499245
0.006318333110923827
0.005764829257584788
0.005267501453985225
0.004720843259253994
0.004475416741693883
0.004526597035588774
0.004870188630360614
0.005298041856364613
0.005608359430002248
0.005549498166554461
0.005440805764827807
0.005384157102987229
0.0054197610249580004
0.0053666398453113065
0.005255100520378678
0.005308561149715108
0.005932276319762601
0.007345966331147993
0.008959049743071535
0.010290283191089454
0.011039746863142826
0.011588468115814807
0.012115700570867924
0.013280035527588567
0.014956688221879344
0.017019224075530564
0.01867796088003878
0.020007083554988425
0.020976087718777653
0.020872193674309217
0.019932882425270564
0.018697065113295157
0.01732465592883598
0.016404331399469296
0.01583195795667477
0.01475093645788107
0.013385839103687298
0.012151724192180344
0.01099259360745503
0.009776810316309578
0.008707789493984031
0.007836777134013775
0.007235832545482892
0.006562680904964048
0.006000428109831218
0.005393620926923567
0.004904359154295802
0.004677376344383596
0.004694719529635378
0.004675839589446915
0.00442667365364359
0.004145376460019648
0.0038501239942516996
0.00398086728547682
0.004483731339066836
0.005225952510067082
0.00577840387503956
0.006218998530497004
0.007061516335535999
0.008307788442551232
0.009789898599009873
0.011765828941177118
0.013524548323935293
0.015248754591337382
0.016556658970681006
0.01677541813348914
0.01688110991734803
0.01718902547453918
0.018250777129559668
0.01968634088675816
0.02067383300555318
0.02088857912100639
0.020115863268259777
0.018988898215470017
0.017909889922644043
0.017187142227292347
0.016134899677093938
0.014677865858410105
0.013117933838834764
0.011799441531827866
0.010381667811126928
0.009207708399486255
0.008187874947066269
0.007435854893817385
0.006902144367475642
0.0063170418317957736
0.005721745700659596
0.005077383522914623
0.0045224072843233825
0.004211158873720105
0.00409327680225793
0.004248284841885782
0.004515550219514252
0.0047357646562772955
0.004840394223070043
0.00503353513395943
0.005256302886894346
0.005563830138341294
0.005945980421087418
0.006438520963884888
0.006857781761928037
0.007191788511171159
0.0073345981874399
0.007621729136093594
0.008347026129869721
0.009825912870165742
0.012021779489520682
0.014015128413479757
0.014890496988750872
0.0147642859648267
0.014397184333546868
0.014531551527664504
0.015103730676159815
0.01546384047426095
0.015381595068689939
0.015833388855987014
0.01654120725698207
0.01724083226155687
0.017208195613095875
0.01630657566066787
0.014702062843618887
0.01254754873704379
0.010980396397981068
0.009931853883004419
0.009256497762781233
0.00876603845404163
0.008503712453975786
0.008266385723308694
0.0078043094430256315
0.007036342036285793
0.0060588059867217525
0.004993417182477034
0.004270042619232944
0.004113855714985772
0.00436624021606982
0.004528442582292693
0.004642957824596814
0.004582721079091352
0.004760701496536913
0.005056379031733488
0.00554712149411525
0.006032769294385402
0.006495690050549589
0.0068615583808165565
0.007277853189908673
0.007651743169406433
0.00813566424913252
0.008843574665403062
0.01000793147606093
0.011280033453859618
0.012682175005334072
0.01388287095397404
0.015423763677958472
0.017096880214101575
0.018886557546458405
0.01989726202362531
0.019833873683309054
0.018757353816849346
0.017425022186651942
0.01669382158779282
0.016772228590002658
0.017334421837237286
0.017222355726982816
0.01668076259205815
0.01501846840551579
0.01314661196736849
0.011242363654502924
0.00993728293240192
0.00891626440750627
0.008189521999028363
0.0072809971907597795
0.006393350716998618
0.005828353605906598
0.005314644522263197
0.005184682043359176
0.005008431546950827
0.004700837392206385
0.004236357403668862
0.0038322344882946264
0.0037837877257191825
0.004255361995355056
0.004959089997925991
0.005541877836619013
0.005767725482390825
0.00587691321499883
0.006340537444253595
0.007350227987512719
0.008260104245145526
0.0087068475600928
0.008952014696632236
0.009392066785924707
0.010353252077701403
0.011420893321692454
0.012501003616335852
0.013367397583336835
0.014375775787416825
0.01608740590515739
0.018533054317050615
0.020079779704719324
0.020082404750179573
0.018903708613221406
0.017269754447219843
0.016264997199271623
0.015832536207124777
0.015638790181462824
0.01546715783775392
0.01483221756016076
0.013928631151697938
0.012557462792660797
0.010779210099246251
0.008865050226657453
0.007211630085669517
0.006031384093382401
0.005624771580832331
0.005667019537470227
0.0056014040767527
0.005421618621164244
0.005136973873812647
0.004879976764745601
0.0047624719560519745
0.004640089502031022
0.0045654822107644676
0.004497137878185913
0.004543817661251508
0.004802590768106805
0.0051892563589188674
0.005783719596029143
0.0065867990421491435
0.007395564621180656
0.007942010397440767
0.00822906755168583
0.008175581792030486
0.008128635483217017
0.009112554796069578
0.010889826019086692
0.013553615756941813
0.016126779072442417
0.01788162420264831
0.01901697586850301
0.019867169578870136
0.021564185399871538
0.022753399146079965
0.022608726814279164
0.02200010348818088
0.02130081203065553
0.020435144671530174
0.019397897233839667
0.018003456061452597
0.016185146665747042
0.014494591662747502
0.013261316417223248
0.011907270563565395
0.010575587246659152
0.009287927375416203
0.008268558499048001
0.007342620869553587
0.006637025680134382
0.0059031671211123345
0.005267464575931573
0.004899185310173921
0.004864989445818546
0.0050530669648348875
0.005295278020281657
0.005359241509588015
0.005358153372197053
0.005240787759633558
0.005106365815968306
0.005090127316137194
0.005400203899773408
0.006131396488602441
0.007020193848770088
0.008050382856512026
0.008705022799891035
0.00923041299574464
0.009731801469594103
0.010285852726389736
0.010952807530139073
0.012183430758796281
0.013742617509834623
0.015662083606804638
0.017309131883843143
0.01855549464156538
0.019322980340645862
0.01962007158770791
0.019925973936243877
0.020019380322330232
0.019478996228047326
0.018358121128236943
0.017090055852084028
0.01598253185175408
0.014855072225719817
0.013792070815560128
0.012529407546367539
0.010835689356915184
0.009254675708730795
0.008176074438680889
0.007759297140596336
0.007672981665093265
0.007657153731758757
0.0070366543900179
0.0061849425061996635
0.005643818921117778
0.005297157973934597
0.005145787769079138
0.0051360099212744035
0.005203247325099737
0.005325394178568178
0.005329786609220699
0.005254995154406139
0.005135683059737184
0.005060536516617122
0.005143415496675386
0.005446559409088366
0.005802989076211296
0.006274877404881549
0.006974287087860876
0.008035794533622588
0.009104847001771107
0.00999971439200638
0.010597477421055865
0.010885668024941305
0.011522192418664584
0.012978068529392988
0.015021343377200895
0.017063704224680534
0.0189684991802011
0.020227459598628032
0.021127654193466686
0.021380757864338427
0.02101746510547031
0.02084473060901538
0.019848705227366092
0.017818007011584928
0.01574198689621759
0.013625669937209877
0.011755719894990368
0.010755258564236548
0.010542264748072874
0.010523170502488521
0.010064592308951858
0.008896609731969792
0.00749167583193609
0.006105009921358633
0.005390651503252417
0.005355204031658002
0.00567901763680018
0.00568303893857827
0.005475146116081741
0.0051893933168411215
0.005032451558533337
0.005066490091920089
0.005061745993518223
0.005086165042910945
0.005280206433408082
0.005760950878168047
0.006494005166132366
0.007059164159442756
0.007501171082148436
0.00800642524062663
0.008879490740933065
0.009973483282638957
0.011429835150822916
0.01258846589360117
0.013863749644542567
0.015432947040787305
0.017476281436858046
0.018959990951716695
0.019589482835181405
0.01934930733299057
0.019100102010670056
0.019253129518058534
0.01956210324128811
0.019683266974392242
0.019386428873273454
0.01872720669650355
0.017445661327358496
0.015355157036699343
0.01299778736313403
0.011082284100657192
0.009444279448181802
0.00826450228951467
0.0074412777836520005
0.00702780052627459
0.006560845751665424
0.006022191921205539
0.005570918701615702
0.0053037273137626585
0.005179451951985428
0.005141899172833024
0.005123421822928801
0.005141606739937904
0.005095776529563942
0.00503302303145342
0.004901555788270158
0.004752724537870813
0.004882289884628356
0.005309290996149754
0.0058496704683992755
