0.0
0.0007555174673825691
0.0025697490001781666
0.004561210212779516
0.0060215168637237386
0.006883957903698436
0.007290422223835013
0.0072407569072639255
0.006812222561921742
0.006335725883171066
0.006506129604260933
0.007904217439168595
0.010618040438018238
0.013783112034636499
0.016086967770923024
0.016964761158867633
0.016855361431333298
0.016471077332965673
0.01623474921689088
0.015946989812241498
0.015740770495567498
0.016002640577290467
0.016921070044238783
0.018188991313226804
0.018871214741440562
0.01826139663909651
0.016696351105840685
0.01490764769830807
0.013147667827251108
0.011358102249336859
0.009684643789869097
0.00821506209078617
0.007018704076812251
0.006004275548798714
0.005139718314691723
0.004444719112472494
0.00391913073024083
0.0036127752094502327
0.003490161404366094
0.0034349575971408374
0.0032943962909055572
0.0030676878892418324
0.002875297327913192
0.0029027790778190323
0.003280661749100006
0.003928675846808377
0.00456207268109412
0.004934220426473226
0.005017864996701696
0.005024258935166391
0.005189258589285734
0.005640563555328423
0.006321194644593479
0.007091199068631437
0.007740347537870243
0.008143800280581983
0.00849203046996877
0.008962065240174398
0.009602481802797188
0.010308148452378105
0.011103468522043464
0.011789421883918742
0.012471220527437278
0.013544111671406218
0.01529337069340954
0.017666939947043696
0.019895408643632626
0.02103943014876936
0.020621876114630296
0.01844214130189171
0.015168842233437969
0.012040978832246897
0.009828867690299023
0.008709749776076126
0.008316104879325333
0.008030935076115797
0.007465151229207675
0.006560034486878395
0.005537774098565355
0.004669386740915736
0.004244526363278046
0.004288496463904946
0.004548191630377191
0.0047111587220353985
0.004629146771035525
0.004305404072232994
0.0038507461516612347
0.0034777494554138534
0.003297812524138123
0.0033491910562152742
0.003535089201362276
0.0038324824796620227
0.004277266079640274
0.004969191459722837
0.006091298709470332
0.00776489803870521
0.00974074007487918
0.011499004761911782
0.012790247361984234
0.013761913214211852
0.014750870246612063
0.016066286978781805
0.017747572761930855
0.01938477343782382
0.02030950924175976
0.020563486409546756
0.020489796405363615
0.02036389064762896
0.02033707910642077
0.020525492797713644
0.02063047348496505
0.020023520457708187
0.018558921266260207
0.016460248663291245
0.01414765927585188
0.012153277734361177
0.010765130841113153
0.009892285958298642
0.009102262296106669
0.008105060831208787
0.006823776436466673
0.0054731208049129
0.004352110712247838
0.003686484202318316
0.003429456356705041
0.0034307056689542536
0.0034701825353925437
0.003420098043100673
0.003317923405165876
0.0033689648257800697
0.0037263055572683934
0.004390106072211935
0.005228592263230856
0.005980564065252852
0.006450688040772377
0.0066992723854463355
0.006867225032496471
0.007019590528510225
0.00730589789026282
0.007886403546143991
0.008787919233565838
0.009874713763000375
0.011168521280760452
0.012516869242925697
0.013493537517910622
0.013660844770642798
0.013272154153446278
0.012643770059257382
0.011939670884414872
0.011363739087286941
0.011215869606242306
0.011613213154083502
0.012353102481958428
0.013113352183463996
0.013618454403862166
0.013627291048574956
0.012920261406328022
0.011650661179249722
0.010181549644122942
0.008853402804104023
0.007869296481686432
0.007170248993206117
0.006539917989536732
0.00584881191225969
0.005149095123484579
0.004498607243762164
0.003926414286552675
0.0034948048215164354
0.0032667443652206777
0.0032702852815661276
0.0034463183052665463
0.0037022627369060436
0.0040192255219550195
0.0044398772099678045
0.004949241083624416
0.005476698683975104
0.0058835350353134246
0.005955478061362667
0.005643488856200287
0.005207536661586991
0.005068724726931181
0.005400398970629827
0.006068731801922145
0.006880289160018827
0.007801026416361967
0.008772063667961703
0.009764942323279817
0.011294667313587064
0.013800221984955898
0.016968633614237078
0.020051022416133716
0.022302755465878888
0.02342904773312132
0.023508418490458836
0.02280431744944879
0.02166710243482736
0.020375526793432745
0.019103506020578014
0.017489601526746733
0.015436640602440916
0.013221968651967614
0.011056078434861758
0.00904976270488477
0.007402920856090277
0.006257812497077124
0.005585340881081419
0.005205473440644883
0.005038137067012096
0.004956703449069627
0.004839594914852333
0.004644276801031096
0.004415302662473216
0.0042233050920914275
0.004081093230205097
0.004117751595775125
0.004361873312000154
0.0046744574854821076
0.004786064324222426
0.00476065675785785
0.004836466407029415
0.005238823016899649
0.005887711663858474
0.006537636766971411
0.0070183747636428356
0.0073714870914485505
0.00778894985830714
0.008582217469266431
0.010009122345168299
0.012052275292191952
0.014583353498594171
0.017519401134702458
0.020505075472477857
0.022751615798834574
0.02378418935370773
0.02361156423101595
0.02249203998159459
0.02078942096256984
0.019093263829328286
0.017658328233360922
0.016418019384189894
0.015316006828526737
0.014386843654978127
0.01346845147697924
0.01219988899429248
0.010454175908621747
0.00845856805250137
0.00664542331077903
0.005439746242080787
0.004834766513326355
0.004611234081120908
0.004574887114882116
0.004632705765005787
0.004549990950347912
0.00427816927794762
0.00392079109090808
0.0036013324635117577
0.0034337500114879106
0.003514770880281099
0.0038417069565160693
0.00427544445156798
0.004645356436293298
0.004946469425949357
0.005222837199395105
0.005481217519247718
0.005753518189169415
0.006066261283973654
0.0064037065178089774
0.006732911424017622
0.007275869489927616
0.008204828679701086
0.00965428509194483
0.01154701221381214
0.013598024469832675
0.015361412910176099
0.016502909445956948
0.016921079346095956
0.016916975300871065
0.017146003004695046
0.017812970607010523
0.018682921191629804
0.01912313797206915
0.01887957965831223
0.017886127258762697
0.016342000052211248
0.014514132687398732
0.0126381618131628
0.010861177589183441
0.009259230966496236
0.007998874681055326
0.00717043211912846
0.006704516668348405
0.006412428547395373
0.006134245471203737
0.005814207661197984
0.005504433118930786
0.005197150769314601
0.004834616913495908
0.004325859190658862
0.0037240301826584267
0.0033235035067749556
0.0035017547579345443
0.004338162148173033
0.005537231435473185
0.006564327987703644
0.007058893863766343
0.007010635114283932
0.0066939351517792565
0.006498609156475802
0.006760923269865319
0.007614737501695364
0.008846744456795397
0.010078651058493053
0.011106217001775207
0.011905680449991945
0.012701507067892148
0.01387031852334316
0.015588109634900461
0.017577282848587915
0.01913986460046366
0.020033428865312577
0.02045976250039587
0.020817186380793627
0.021364680830328754
0.022160224463149643
0.022630405909615212
0.021996563730449798
0.019953468246913984
0.016986357532293293
0.013920187250792443
0.011249943434405853
0.009079404802593342
0.0074016577241946754
0.006253694155017965
0.005621556571994632
0.005277688666767944
0.004979135148773447
0.0046746381130755126
0.004401272830277571
0.004195719943473324
0.004162340062017567
0.00435967915713147
0.004736636775909761
0.0051885947331281
0.00554061724441417
0.00571035555110813
0.005693337487799554
0.0055553624844170675
0.0054301471485809095
0.005335497009624658
0.005361953478887482
0.005514586019779772
0.005766022764583472
0.006085377861607101
0.006607967265162761
0.007629087675010946
0.00933357550152793
0.01161808855169258
0.013959426059537155
0.015799314266265133
0.01714719159771208
0.01812464589179998
0.018876963494122923
0.01981030101852471
0.021048045073501064
0.022306150603174847
0.022816290773633986
0.02219315408028474
0.02042696397599824
0.018050882342966056
0.01564040723094616
0.01346716728513143
0.011653823625497672
0.010188103994489899
0.009018231337671895
0.008142362130053848
0.007436207275756991
0.006844179707417657
0.006250739769097414
0.005648355999522563
0.005137083275748401
0.004826367556233212
0.004752341499004137
0.004958985451477798
0.00539465258124618
0.005907086594932272
0.006216462051811391
0.0061121182486792046
0.005628594758683997
0.005058978617740306
0.004790346188056201
0.005003767955020437
0.005606118369219825
0.006291720243449827
0.006784715869079069
0.007003563811772096
0.007125473315368521
0.007359521626622046
0.00808562678466082
0.009650948472945536
0.012343297552302226
0.01588890405670005
0.019716177414100176
0.02302494551842555
0.02533333511588416
0.026314059903180483
0.026161527341715708
0.02539554000729636
0.024567754038027016
0.024012214337600323
0.023337809089682027
0.022274159303591487
0.020625208249481553
0.018589284735500478
0.01656959009011921
0.014787901143722514
0.01315306220720626
0.011490855640238058
0.009753122476609585
0.008028704458050715
0.006509532035094862
0.005416658726167896
0.004810229555110804
0.004611048498120256
0.004613177962068996
0.0046520127899727344
0.0046542977107817025
0.004593994282630861
0.004560274697227412
0.004570798410223587
0.004654126036237811
0.004824096517047373
0.005200732152749909
0.005796627589835111
0.006400407643147171
0.006744865132835588
0.006746706779461864
0.006705564958786056
0.007045926446788427
0.008050168257389119
0.009677599614610056
0.011702230568290683
0.01376769589856885
0.015632848311996364
0.017125819333698198
0.018282332940114495
0.019259085414798524
0.020159190156797933
0.021060224246961495
0.022060739085367844
0.023171032829432937
0.023955897554080327
0.023912320327866055
0.022934076955247597
0.021036595360278774
0.018402829347073515
0.015471469361117063
0.012834502602447548
0.010917809462399961
0.009596389160792893
0.00845781286753555
0.0071025522133512905
0.005725380969644783
0.004779533457211374
0.004524726084441456
0.004761614151133388
0.005068820891320257
0.005200037542711263
0.005204837724281165
0.005252177900686599
0.0053892875827950115
0.0054915491192231896
0.00541403549403381
0.005180174961227159
0.004952955413667901
0.00490307289175381
0.005035080682519722
0.005162161456117992
0.0050951025512579965
0.004833713270910504
0.004650409253057133
0.004838514207881021
0.005503412763383303
0.00672860210341975
0.008566576505200726
0.010885618079558646
0.013309243469197925
0.01574508101846995
0.018116506075566627
0.02044825768339557
0.022700079375645683
0.02464404555380415
0.0260654738758733
0.026827860653046126
0.026904587909501104
0.0262329095409684
0.025114885528542883
0.023739888488302413
0.02205331071032187
0.019966479730720854
0.017457963780577863
0.014635829780176177
0.011836081592748616
0.009395764648082543
0.007706647464622554
0.006880629410284558
0.0066146519870132385
0.006454141356952611
0.0061997614284331065
0.005885568843029753
0.005677382595615472
0.005730685252472543
0.0060310086561403495
0.00636343782053645
0.006413911925377435
0.006124911869825575
0.005604789014332807
0.00505364106728928
0.004652330144634026
0.004617535023381033
0.005057343415338537
0.005860798043385476
0.006906495065448016
0.008150959822262304
0.009715192834276295
0.01163370943028634
0.01370300974752276
0.01558523541987613
0.01728099552413289
0.018923178665196914
0.020706785880390082
0.022708711190444444
0.024876387528947976
0.02665330655867599
0.027557982724309465
0.02738693389220113
0.026217864046708672
0.024300860410117735
0.02157658852813927
0.018486480573030886
0.015787134106196723
0.013695224611883206
0.012099955674970108
0.010925048740470393
0.010051657113678846
0.009321793529114842
0.008757270009475297
0.00828254277257238
0.00774370115915223
0.0070403421945793325
0.006254871342900594
0.005516373756848336
0.004982938001064041
0.004776100704326771
0.004903651201121079
0.005247715681099322
0.005620482313224817
0.005819483145527945
0.0057393173339201145
0.005413245050281715
0.005041152788525069
0.004874105553247424
0.005251958241862384
0.006248746696122424
0.007554036897269122
0.008492631208596495
0.008880702524293006
0.009177441757390723
0.009873761848945005
0.01107514020989527
0.012465460456674874
0.013803278062569068
0.015129700990457226
0.016532571979637825
0.018173859669723215
0.019953445081552505
0.021417493023134105
0.02238947172708216
0.022801542290851608
0.02275883366279205
0.02229059621115641
0.021336500959216364
0.020154798277998567
0.01892399483204627
0.017877827920848566
0.01692007499242273
0.015719060601095153
0.014157695747287672
0.012497780938608236
0.011010516516316649
0.009828741991688478
0.008771726709344205
0.007770909072033855
0.00685318420188652
0.006271848683946382
0.0061665912954137
0.006315766985308562
0.006387700063324283
0.006193668029454077
0.0057538916228777335
0.0053508926637673235
0.005230552093045989
0.0054353324681384735
0.005850831927841832
0.00622927989989819
0.0064527615628593585
0.006530371809039549
0.0065323930138405355
0.0066307262642445524
0.007002379172751336
0.007846346617307199
0.009262724604003306
0.011169317158582853
0.013361105189881655
0.015689324047693753
0.018091021355355247
0.02048692564337652
0.02296554870094213
0.02539429931239797
0.027398093927763306
0.028608561646758766
0.02882196310668766
0.028248473446087358
0.026731649150399384
0.024196939230466185
0.020936043658574315
0.01759809622195044
0.014753615866526317
0.012478979044667198
0.01070659081200121
0.009105919964225658
0.007639260434172327
0.0063380641665959315
0.005424437976350169
0.005021815247603993
0.005190593329853192
0.005746199306217183
0.006331285790071156
0.006685744259463491
0.006742303708657244
0.00663445779881118
0.006472567848696013
0.006271759888579485
0.005883792094330539
0.005181304780065098
0.004312730941791761
0.00371442644291058
0.0037757636906553633
0.0045678337994127126
0.005807948904190452
0.007047105605410162
0.007896724212550377
0.008444388551407887
0.009057413082472562
0.010173528976587016
0.012096957668660781
0.014709902149126259
0.017382541860986644
0.019595082237860027
0.021281528854207348
0.02244978613784748
0.022820648121825427
0.022543740719692295
0.02187852393545465
0.02083450777073365
0.01956304477415903
0.018410510217435543
0.017788326656701877
0.017440146700000346
0.016830877457118233
0.015758632645683147
0.014331648164753292
0.012859322882929356
0.011429325431446194
0.010146130169039848
0.009089144098823148
0.008368955333097146
0.007911485519858224
0.007484686773646882
0.006966463831400071
0.006400490749474265
0.0057546008692045065
0.005076759182430798
0.004479971954734007
0.004025601838122035
0.003672782356774577
0.003397474021002475
0.003331371646305684
0.003589023898374854
0.004132286406808902
0.00480781738746438
0.005561430703743146
0.006356176340227156
0.007256236561408931
0.008429175687120514
0.009873903178171701
0.011453902007185976
0.013028391891436055
0.014710172694434547
0.016576807673550777
0.018554432833389565
0.020264919724229384
0.02130999827149087
0.021744646246231607
0.021788813018125384
0.021977940470197733
0.02247883640384509
0.023080887300896823
0.02352888344977139
0.023407326071697744
0.022382402632654567
0.02061877578050829
0.018588804873976805
0.0164393425466679
0.014257123027484504
0.012601986559708879
0.011852676363127607
0.011629572287978502
0.011184597462530808
0.01014370900014497
0.008776542554988982
0.007405581372232934
0.006267158801880434
0.005404230214645896
0.004853722406561455
0.004496949146131369
0.004301499193030907
0.004324197989747453
0.004594242234202416
0.005099393654617005
0.0057424524636179655
0.006415128168181129
0.006974700637003959
0.007370465604732579
0.007637338246035288
0.007986573412877566
0.008593373437634616
0.009420115314645748
0.010330555116354721
0.011279270794033172
0.012404077841758631
0.013710010113105625
0.015026505322612727
0.01616636611146084
0.01725662683173264
0.01815350675114464
0.01869641430301009
0.018814946943238292
0.018698889948848718
0.018712473421087384
0.01919462540283291
0.02019382101346325
0.021207874225934117
0.021311592948784458
0.01977424330500324
0.016839675839843332
0.013620933344448744
0.01111084799996758
0.009643883237156292
0.008948515577842526
0.00852439773886181
0.008165369653264937
0.0078025590782569935
0.007536498774105845
0.007354899389704402
0.007024946288505545
0.00651039071425065
0.005977895530560681
0.005505430878251787
0.0051086724733083845
0.00480780350335786
0.004528289391921505
0.004291567654206055
0.004154160018183265
0.004209017538573076
0.004418911408375158
0.004700310287095015
0.00505535255189441
0.00552822297264906
0.006210308094627559
0.007336096410095335
0.009099463208620364
0.011381300370699895
0.013875789245729415
0.016261629243631167
0.018338849157632932
0.019803263958308902
0.0204746119126435
0.020657540321455507
0.020571074155372467
0.02046572649896914
0.02059562602440076
0.02093831746797578
0.02111638675894023
0.02066819666894127
0.019662597663759718
0.018805210586735465
0.018629745711329474
0.01902921881696354
0.019408570349035478
0.019155039549361663
0.018120772611795226
0.016568862280058234
0.014700560467779995
0.012768817850009582
0.010938002442448297
0.009180494789675439
0.007562965351358625
0.006219354807152357
0.005287971468633974
0.00472191079411341
0.004395583933953492
0.004173009289555761
0.003986080580086619
0.0038125304372882496
0.0037627315570522195
0.00404493603377647
0.004780007226635382
0.005855502629867667
0.006981760260509929
0.007894778162962288
0.008527953043699686
0.00897446828873773
0.009444544617033826
0.010177525000209776
0.011373026064366154
0.01301789981002722
0.014829386398395851
0.01648948451401564
0.017740582427228136
0.018633971151782443
0.01901791433856797
0.01893437291445294
0.01903856137643229
0.019886352604810146
0.02096988321964264
0.021414442638194305
0.020825284646538652
0.0195024584314777
0.01824307156688794
0.017414014525764368
0.016774164262020608
0.015881930523784095
0.014512190453295331
0.012702376431918128
0.010922125540815597
0.00953560562822155
0.008487527462399166
0.007538261429604784
0.0066022600492809756
0.005761068715551631
0.005191265299363959
0.0049904167500811406
0.005107474714086319
0.0052908579120008814
0.005265230686647092
0.0049749356725864325
0.004682188646482447
0.004737978420190615
0.005215326452798232
0.005860498652824096
0.0064446010231625096
0.006858278352002479
0.007090213047691488
0.0071913627226136674
0.007420685071455236
0.007903010888836978
0.008518488646405005
0.009098174204527137
0.009661854490148121
0.010399732033002852
0.011375379750227198
0.012562675112970817
0.013897347900123508
0.015446042103903298
0.017435979698608464
0.019821312812607603
0.022127602040913318
0.023920976000531582
0.02476131113150889
0.02455698021015309
0.0234456577462463
0.02173051366462057
0.019709503577998968
0.017598031026492853
0.015490674401853784
0.013590997865088682
0.012172723366386713
0.011233677155963491
0.010537323738257455
0.009809186440866672
0.008793605124414513
0.007664589153454936
0.006714612648300111
0.006023886699796353
0.005498573598887606
0.005079220180074639
0.004781125117213219
0.004583102272823519
0.004517623448362523
0.004623577427071919
0.004918501890311913
0.005392601809772538
0.006008032099216108
0.006662246793467166
0.007164488077331211
0.007397783806727975
0.007506227665668263
0.007720632802072202
0.008312016784809426
0.009511408778653316
0.011172650095403027
0.012997930045470075
0.014988978695196773
0.01712736416534439
0.019106515727397976
0.02081362640970191
0.02254423684308577
0.024365117349263925
0.025799350109418445
0.02624665887691818
0.0257149131636477
0.024550510767215893
0.023264012914729473
0.021934888889742498
0.02015888995084183
0.01808481836731566
0.016007508407810025
0.014254043909364656
0.013054247724421679
0.012265547487397138
0.01136243254556527
0.01018916913591997
0.008968646174580408
0.007998021963126146
0.007243166378620368
0.006488868730445201
0.005646124857044375
0.004795645670185613
0.004194771037260608
0.004071163665932385
0.004348740429951286
0.004793164999293859
0.005164143742333174
0.005358906099202031
0.005443793339063487
0.0055315865208888666
0.005741611048908382
0.006152388686605055
0.0067961193540377164
0.007655931924429036
0.008467311319442606
0.008829642237225698
0.00867804773464528
0.008332432688011088
0.008412112245498756
0.009285892357587193
0.011006401454622563
0.013326536479594971
0.015817017730179475
0.01779551698893756
0.019048825098629558
0.01966264211250481
0.02009486993471113
0.020296914181566393
0.019975553830065485
0.019315017387657864
0.01872204635542256
0.018665840124493398
0.0188564765930017
0.01854943807782618
0.01717284640717142
0.014651252598830582
0.011667567406708065
0.008996445480437853
0.007063887026806137
0.005830777658840536
0.005245596286548352
0.0052331243940638116
0.005570895172562549
0.005996159350658423
0.006178225139199011
0.005962845746312303
0.005447269181625776
0.004883511993208297
0.00449415757064523
0.004413904742477212
0.004670794561488014
0.0051753939125230315
0.005771253512006675
0.006168314249525042
0.006241660780234507
0.006103944844605155
0.006039477930598203
0.006285614087886843
0.006899033692408218
0.007964199948161202
0.009634306336269194
0.011998323358214368
0.0149234664417538
0.018097946213562224
0.021148190622674486
0.023710123957160233
0.0254873671446289
0.026360390640731122
0.026425778639026322
0.02602240422246512
0.025537870275204374
0.02535437437610452
0.02551310757809767
0.025533621864921485
0.024711550515883172
0.0223247923032106
0.018382447059334135
0.014074512932666603
0.010529566618742383
0.008076662191960128
0.006647574775342015
0.006045189285160119
0.00588892887889806
0.00568862974456382
0.005244440390454645
0.004697029020385398
0.004368546354910138
0.004294613649291882
0.00434670613241886
0.004520107692792773
0.004818382845988639
0.0052174021457755074
0.00560784862197079
0.005922861201747873
0.006098951847623304
0.006128297170349986
0.0061487508093705555
0.006307059358238041
0.006648111212186448
0.007056547592223067
0.007425856854338719
0.007801017050637708
0.008544199603507495
0.009870676472617131
0.011621969810760045
0.013327283962225383
0.01472771625823109
0.01569805910797424
0.016317436042310222
0.017011808438827623
0.018334356027184303
0.020310337046869235
0.022228910554449564
0.023098092039763055
0.0224393716276833
0.020718096822044493
0.018531272311073724
0.01640759422113518
0.014386275620030056
0.012540677085188082
0.010901988109172254
0.009580260752077959
0.008690576731589114
0.008279258196859474
0.008129786655030927
0.007922959780492763
0.0074367275195388206
0.006827421180315158
0.0063941930084592934
0.006292894035096202
0.00636327658989878
0.006453861423281143
0.0064583935212211025
0.006385745489465674
0.006252711098502982
0.006157819911636773
0.006027666898871574
0.005715887358235391
0.005263418732596106
0.004982345474121012
0.005196507716573754
0.005914293772387277
0.007016528177523256
0.008367719465842001
0.009686597661068554
0.010664157514201593
0.011226181629179446
0.011585617167301814
0.012126684629217096
0.013066477815342533
0.014579974784347917
0.016696130610350326
0.019148521676111852
0.021800982189667358
0.024588973397844067
0.027209714670224247
0.029263999495474122
0.030182697736303006
0.029427787608020305
0.026957460235942192
0.023550911704724408
0.019994787419356303
0.016700484152056275
0.013822575942869347
0.01171340867413905
0.010380303841581411
0.009611653415602592
0.008969236990953134
0.008134228281538506
0.007147836031480044
0.0062613752608077855
0.005668770865346831
0.005385868484134419
0.005279211884331017
0.005215219418425287
0.005110641326698916
0.004994431935236174
0.004916480566270573
0.004892342116952425
0.004958832384696802
0.005084754643033722
0.005229840168183312
0.005326297906007014
0.005399776315863352
0.005562104837882689
0.006008946661876691
0.00681529509238087
0.008159360925183469
0.01006310036601859
0.0123109746744923
0.01464142403214545
0.01672230892377153
0.018427590260689273
0.01988863659854221
0.0211442829576087
0.022309530507936083
0.02344930091136589
0.02455232555693351
0.02514426552778321
0.024362940307727787
0.022313179339938084
0.019584031568081806
0.016885650602840266
0.014671440323660842
0.012849285759335782
0.011077805431406062
0.009345063676483967
0.007878750993601474
0.007099736348227347
0.007054126618727111
0.007334899435687503
0.00750144071093081
0.007314494495142119
0.006818180240477613
0.00619287564303659
0.005684264387946274
0.0053570480844832204
0.005162375154324007
0.004936742769115091
0.004701917656602641
0.004563309138309642
0.004586665805855047
0.004763038397901477
0.004955896228842846
0.005047990724720887
0.00501054652765735
0.00499707854049458
0.005253976807633162
0.005952681227741276
0.006983135195560972
0.008087328158218684
0.009370714992420572
0.01114342315761844
0.0135569026288868
0.016355716906624584
0.019009626829848542
0.02091000589002712
0.021995121357218237
0.022374219127472682
0.022294416458756433
0.02178298807821004
0.020840576590066467
0.01961810443564131
0.01844197825150755
0.01753899600978991
0.016766576213970638
0.01570811093117855
0.01424870101921455
0.012551663908240316
0.011011687639662248
0.009896514478858469
0.009215963911563164
0.008784046982663734
0.008442138115619342
0.00796679565868332
0.007373921545786453
0.006763257265028835
0.006248234817886341
0.005822204931456798
0.005500258681389323
0.005190333869799193
0.004803529614163752
0.0043944836210606415
0.004072513160973817
0.003917491302805128
0.003865808155415563
0.0039153045732196025
0.004207401770191412
0.004977705423000561
0.006288593044393578
0.007996209904954017
0.009768154974397864
0.011335262640031782
0.012456652941459681
0.0131264983769016
0.013779054977985823
0.014983301170548077
0.016810600312642855
0.018717075458550125
0.020202674339149376
0.02114580249741738
0.021617189483318856
0.021687908986977412
0.02118421064451061
0.019724274304654628
0.01746971044428256
0.01527281840908967
0.013805664217331823
0.012943636449092508
0.012270964767894082
0.011374704162583293
0.010326549171097378
0.00944239276973488
0.008922147983952966
0.008698609503510549
0.008457773320253608
0.007956754355942473
0.007200031259318161
0.006374362478252782
0.005725032308154132
0.005403035414418786
0.005423277187624434
0.005618212513126149
0.00576901938793742
0.005715280487568077
0.005488310098284849
0.005221511026160816
0.005010108931429359
0.004894493184126009
0.004880822179118278
0.00502018565899645
0.005365311807687052
0.005965285359772334
0.006881975128469364
0.008035552125555569
0.009287436882709924
0.01051729832289855
0.01159541524911585
0.012388623712504715
0.012742338566743984
0.012676946049494844
0.012690406550639572
0.013513762241351021
0.015311762708677708
0.017551487400206164
0.019340906459633198
0.020113132565033737
0.020087811729193935
0.01969456643312466
0.018989383213087112
0.017758364267837355
0.015929269566666533
0.01418568977162567
0.01309345707629904
0.01260469082681055
0.01221796423516781
0.0115049497906732
0.01050996178239538
0.009530706833702643
0.008701468177275391
0.007992587714412455
0.007275074725094584
0.00652885335960107
0.005842222294342991
0.005367902609945544
0.005067496943967668
0.004708171242024476
0.00420527087205196
0.003681592272682454
0.0033691745652353017
0.003396337261680208
0.0037638338270607023
0.004360588569050487
0.004995417539823793
0.005608503975861263
0.006311706559893257
0.007278615843033725
0.00857853762635259
0.010066583964816972
0.011591634979802558
0.013172208999158184
0.014880162265380088
0.01661914812319565
0.01818550661072767
0.019505656086512453
0.020735077235241924
0.021711883640979607
0.022242781213770123
0.022272617718974593
0.02168218205175867
0.020272644372023054
0.018019279471347304
0.015522510140259752
0.013459093164950578
0.012285179033730716
0.011744339031757634
0.011371756121617695
0.010572473923976082
0.009211103045495283
0.007729955847340821
0.006784755828809628
0.006613723646959579
0.006784372848696252
0.006747118641173674
0.006253015509846434
0.005522592882911919
0.004805206399088623
0.0042079605876351196
0.0037478619942779485
0.0034663914127813604
0.0034016665133942622
0.0036198657957551574
0.004113229289048768
0.004744729907407363
0.005325727576963362
0.005786991654316876
0.006191192847623279
0.006625410582193518
0.007089658200880725
0.007498790533992839
0.00794519278371609
0.008543300432190972
0.009481407066420875
0.010650499087405417
0.01162779377236619
0.012023489917217042
0.011969965493798326
0.011953015342779897
0.012279032127394843
0.012800119434362135
0.013099167702906518
0.01317842113867343
0.013179391776817796
0.013182190209074834
0.012998076564725071
0.012717314881185425
0.012442653022096012
0.012145398122487511
0.011818750379766867
0.01144988519440162
0.011010469246394698
0.010432070299518037
0.00981616061963358
0.009134478076573275
0.008285358960868312
0.007268442173961093
0.006196099746579106
0.005292751401765296
0.004651293918881186
0.0041813488874976506
0.0038551109022240708
0.0036791510366894925
0.003656111091678065
0.0037134904989681674
0.003771390495520969
0.0038043106637367843
0.0038956621205058434
0.004126455738590476
0.0045650849612327744
0.005346261939642417
0.006301275476433811
0.00709460247194528
0.007559021176580831
0.008016610091840197
0.008739539533633909
0.009899849224701374
0.011426664720930457
0.013039993292336053
0.014430872252781406
0.015569265856661811
0.0167608905506202
0.017999366397180003
0.01919450566580905
0.02031383256765681
0.02109030418520873
0.021172703924543086
0.020639825663799433
0.019780328354011147
0.018508124912418857
0.01699338308141446
0.015570722837033923
0.014358500019506039
0.01319440789282076
0.011903504441351118
0.010457751194280518
0.008905953500172573
0.007451824203479075
0.0062329171860225135
0.005275399488944399
0.004499727150770314
0.004000906471828252
0.0038865321704061595
0.004102710102994151
0.004457608111785084
0.004729736199709445
0.004777089902067767
0.004607802989614248
0.004405745982043856
0.00434876790708351
0.0045347530752627655
0.004968890537348982
0.005524435067619601
0.006086487705843784
0.0065799319090041036
0.007059699428181107
0.007692263626700932
0.008679895613008193
0.00997520377285434
0.011265442834394651
0.012064232002568807
0.012171327484375364
0.011825496913283568
0.01165115091040428
0.012333383337385654
0.013848306320332727
0.01549956198105076
0.016502428599910367
0.01647042472489196
0.01562852429092971
0.014628786171842075
0.013907179771186617
0.013769201106520561
0.013994622765973255
0.014113778454592434
0.013642472216867015
0.012247929655683646
0.010430027592436431
0.008911473568867909
0.00797593209737394
0.007307297555343543
0.00663269229770797
0.005906027423915491
0.005246857032483846
0.004782621718513768
0.004596733037471691
0.0046500693882231825
0.0047018898376979595
0.004624103020929918
0.004462145578272114
0.004320035805557054
0.004221688198046393
0.004199368562261119
0.0043270573634553965
0.004678313233946122
0.005180556163120611
0.0056622104467671545
0.006031612502764511
0.0064193036981934895
0.006937235901758447
0.0077148326769975305
0.008750319264587808
0.009914811608016504
0.011054741253112036
0.012280061813373048
0.013959014968328643
0.016355889709845382
0.019165273483303574
0.021404395007282702
0.022752807208141344
0.023469798585643645
0.024104558757662882
0.024626529962694585
0.02481318455479818
0.02437807308347593
0.02319933903050511
0.021183236981380773
0.01856302165188559
0.0158606886499723
0.01383086164745836
0.012706409284655705
0.01213866330798571
0.011551859808162982
0.010561288394756072
0.009042998627883577
0.007276635924103487
0.005695288545675712
0.004566444700467741
0.003941466416624098
0.0037149999043240164
0.0037453828887004503
0.00387367224130638
0.004026221487712104
0.004216271809076532
0.00448523814090123
0.004910370614263852
0.005439600193449815
0.006017797524518901
0.006643599256379791
0.007353505482121063
0.0081942854033525
0.009261378677269165
0.010610438280744266
0.01224328323658153
0.01384836414320356
0.014917756389807118
0.015154549604307288
0.014419238166914242
0.013392392321406967
0.013020991617077449
0.013946234208931225
0.015817700661404473
0.017798883979709374
0.019059888746589454
0.019163643307571365
0.01851815975727755
0.0175988925441151
0.01648533945398658
0.014990564923346267
0.01312250670750437
0.0113189809366958
0.009830357720715301
0.008817374447916944
0.008265527666093826
0.008017424733189418
0.007841042582259792
0.007518583752068369
0.006890140060004251
0.006058362918548363
0.005270123511231534
0.004832466690357783
0.004778751290335263
0.005003143040642784
0.005294212808490677
0.005459649571702557
0.005392569072654775
0.005216369544848444
0.005127277281985305
0.005255624646220839
0.005494771135229562
0.0056823179426212945
0.0057299430574817125
0.00570207915432324
0.0056906461629064676
0.005787699376785139
0.006097420148796351
0.006743266664771981
0.00762316703064842
0.008513809877054341
0.009238467628733872
0.010180102487521374
0.011868490299482478
0.01431975818987244
0.016996543390188735
0.019235059907454576
0.020457300747638206
0.02063005184546421
0.02043276278956731
0.02041981271006554
0.020952597423447277
0.02165399928202998
0.021686623691996795
0.0204699282873095
0.018038581833560382
0.015119127235120745
0.01271168501486864
0.011174758180927192
0.010345690332725399
0.00957799753136435
0.008478463613957985
0.007154535038700097
0.0058921122693300736
0.004932922583375091
0.0043869075947738844
0.004118657983754457
0.003964013880331593
0.003828758028453765
0.0038115251597692686
0.003988020906750813
0.004396469379768288
0.004950661281573128
0.005532399043849519
0.0059698660940214025
0.006254172000861939
0.006495856646737811
0.006756417643406716
0.007044188418122749
0.007464126711264391
0.008271648279414939
0.009563828286550918
0.011449474822961608
0.01382230146874512
0.016257657023972718
0.018418347630259187
0.02052512471563198
0.0228112218501036
0.02497788193895705
0.026252832549826247
0.026223148555599967
0.024816409895286936
0.022423540474406714
0.01988368756107251
0.01786582175177881
0.016655949711706003
0.015814263379898736
0.014856919545078883
0.01338538070777095
0.011185029388925724
0.008713607391219265
0.006704671818252735
0.0054782146686443295
0.004942723153067068
0.004853263118650532
0.004996322764879174
0.005178424734016371
0.0051726495617275825
0.004915551609195459
0.004541523440494584
0.00427174907866414
0.00422862542311934
0.004377189450755908
0.004571948680302887
0.00477929979626292
0.004990572113188239
0.005209125360410966
0.005437207493840364
0.005682087982158138
0.005984373613708672
0.0064138971568858325
0.0069010257085735955
0.00730608061853136
0.0074845116486639005
0.007637035779013079
0.008079753502662719
0.009060490879446262
0.01072840300215102
0.012868567700504473
0.014893862834623685
0.016357925762747964
0.017611220237692727
0.019065561326590718
0.02050418657260031
0.021518853895594228
0.021621232862766696
0.020874357071084867
0.019750319055674915
0.018662346845668257
0.017785193327953183
0.01702540618603471
0.016071107351883912
0.014626836044612597
0.012646490110255645
0.01030070460186132
0.008021648150059749
0.006288643905701834
0.00534437236989065
0.0051857658140335725
0.005413092977163824
0.005624099929313985
0.005627212003187414
0.005411140168302437
0.005116035623790446
0.004895832422344788
0.004837687564195913
0.004876319222064976
0.004912382627792792
0.00496892600243587
0.005243281339152129
0.005809537796599857
0.006587866611212871
0.00738243097277479
0.008028235187931615
0.008644069489799847
0.009604128717095277
0.011213860155221293
0.013380719971878535
0.01570022037825001
0.017912780765331815
0.019787643926302265
0.02092736326100151
0.021345599533684655
0.02150245082879474
0.021887840014754762
0.022550417835132525
0.023006790239778703
0.02303683844813981
0.022297490818140264
0.02064634659304637
0.018244806386488066
0.015623665896441154
0.013353593802202917
0.0116767628296379
0.010352258256210086
0.009169663482343108
0.00815146865109061
0.0071626211352714755
0.006156219731108323
0.005297891167400187
0.00476191151134398
0.004537525834957273
0.004463749597701455
0.004487487289581043
0.004523807298204149
0.0045035563628949525
0.004497750710447464
0.004629849704145612
0.004922448743403688
0.005307798989968147
0.0056602629160520815
0.0058547529764769735
0.005842687017241952
0.0057235184296846025
0.00563297015297573
0.005762742642684294
0.006133988388132321
0.006668134313228783
0.0071388802757551195
0.007563526464090643
0.008166046166463157
0.009397012362445096
0.011248473077196971
0.013271894486946505
0.014968448916554942
0.015700297937540932
0.015444040152647198
0.014929111573392264
0.015040902478301562
0.016152933229437963
0.017573786393040053
0.01800480760606023
0.016992102058757994
0.015149590347457807
0.013118446329192937
0.011625431951181346
0.011118805942458138
0.011323005489160315
0.011611021065003325
0.011404665612967052
0.010591972516979192
0.009472746350052878
0.00841481951278976
0.007604017939229522
0.007058038915354618
0.006632212320202541
0.006173661931168282
0.00563659545868947
0.005046564881907395
0.0045952299039865455
0.004420829161188288
0.004464279497029465
0.004584866373798338
0.004658818164847194
0.0047709245606845675
0.0049621381479951375
0.005370437961579724
0.006028351666072596
0.006837922497102739
0.007651482268136193
0.008390524681684077
0.009182950423670533
0.010287815802060596
0.01168851316004957
0.013123157558167326
0.014631722663594568
0.01636953587834463
0.018532705629590012
0.02080820821065333
0.02265524453996396
0.02399859626752299
0.024922041485996815
0.025543366631538528
0.025689311756773903
0.02517508073130882
0.024057536598966634
0.022376788721992686
0.020178214783282033
0.017687739544875767
0.015171633860161984
0.013023543813311297
0.011231133465020951
0.009649056591958654
0.008215958418965682
0.0068717271135271905
0.005625635396873063
0.004660921234077441
0.004165137594574936
0.004129765112081037
0.004282135748497775
0.004388126989999018
0.004461091541700073
0.004568702939988131
0.004714735840592273
0.004878267282463753
0.005024793264362751
0.005097923059601176
0.005077692352932714
0.005147233191260913
0.00542039770202772
0.005964939132052725
0.006741596937806685
0.007750992050056479
0.008904438423247996
0.009928843157392607
0.01050058166943967
0.010597484022272147
0.010650403258063216
0.011008298756847177
0.011895659082799609
0.01334651451005063
0.015193802449256938
0.017142190103865414
0.018601979698297404
0.019045297481393154
0.018520552475994774
0.017588575518679483
0.016770642005797084
0.01624148984357676
0.015672744031729424
0.014590620440935552
0.013109802576200338
0.011645162024763647
0.010576642220752164
0.009852681613878103
0.009140151730345538
0.008254235013015476
0.007215779081394818
0.006341473241004307
0.005895019797785172
0.005840290580236467
0.00597565065979051
0.006045024698760815
0.005901280129995905
0.005550998157587477
0.00507938783444336
0.0045915072073242375
0.004187063210748261
0.003902038165358257
0.0037852960125779526
0.003867759109068376
0.004088201832158552
0.004290266781403688
0.004411533948659376
0.004626909037794103
0.005197317459129012
0.006304856246619481
0.007904730074564912
0.009857495784809654
0.011933617872677653
0.013763872824676487
0.015343696450555718
0.01722133620122227
0.019611173697446027
0.022218092089283298
0.024420295230533937
0.025619389221272073
0.02578959091170807
0.025234440079808993
0.024508680532976362
0.023735621463822385
0.022638196060232364
0.021034300477641876
0.018954277915157934
0.016633344457036854
0.014260249827242173
0.012222538431082473
0.010692780089745805
0.009681325238138881
0.008904155756664983
0.007955744101141932
0.006738206834892778
0.005504348382659286
0.004611885217719518
0.004246355836742971
0.00432258643827725
0.004594629055671196
0.004746269525677475
0.004545004571384639
0.004034217394813754
0.0036276525849854523
0.0036563759436308127
0.004173711329646718
0.005003995542632498
0.005953578231500175
0.006798621052343129
0.007391067350804407
0.00781660626063813
0.008309877552237357
0.009123930749649555
0.010462309111920412
0.012341088602598213
0.014467123423213298
0.01649321356350899
0.018214334596724308
0.019544989653208385
0.020508712879597615
0.021271536446780846
0.021488174680062512
0.020250955547546863
0.017693926525962522
0.015585877424617985
0.015162616031273049
0.016012697391044994
0.016877833076372573
0.01689196144619343
0.0158455612428037
0.013882866077740367
0.011555907413668666
0.00940559913272309
0.007825222404631441
0.006913716998795555
0.006578415703441977
0.006587262599387344
0.006519157523270886
0.0062500389427774935
0.005900505130118707
0.005643498761550018
0.005518795786152148
0.0054130201137466225
0.0051370893954602705
0.004753501091273202
0.0044866758390263535
0.004523154178444274
0.004837819115628656
0.005220173585182934
0.005520418611522416
0.005718319141643988
0.00595183155980594
0.006261526712069359
0.0065652849825207
0.006866232446608323
0.007357271744462915
0.008241964584380883
0.009626048702851936
0.011192295139490417
0.012590292988033065
0.013962029827742091
0.015649817552429023
0.018017117777090228
0.020956557776923405
0.023741235349652428
0.0252389759962598
0.025109021901983605
0.024028391383359896
0.023007342425839083
0.022078797083244214
0.020915067879100187
0.01949433902475269
0.017972687255702457
0.01660045259410288
0.01538995592358644
0.014132928003468498
0.012689759821288473
0.011101135397980426
0.009482787103502277
0.008052886889553794
0.0069375840231046685
0.006181983844005984
0.005713926579776709
0.0054121236729831905
0.005107039964730215
0.004653651653944101
0.0040366250318777585
0.0034617231380322773
0.0032088720746767073
0.0034219939173586317
0.004010098617021629
0.00474578016481685
0.005453181632925723
0.006113985879955269
0.00679653303088345
0.007647442116514046
0.008782711164832018
0.010235987496410599
0.011898525626931625
0.01357503282577441
0.015087572217691586
0.016446659042206272
0.017897021177455945
0.019678315499436612
0.021635340925103757
0.023105061897885106
0.023618623642299462
0.023136938244119342
0.021924635971712486
0.020448292020745478
0.01916814627367202
0.01814271596758439
0.017136240282263637
0.0159769589822428
0.014760831159725601
0.013487739043434782
0.012084714174314976
0.01041692250719847
0.008597303896967863
0.006936859094534884
0.005718939019929692
0.005104070039327612
0.004935578803631163
0.004922967978207864
0.0048946438093547245
0.004741258238048446
0.004497309579057529
0.0043302942249797945
0.0044010426183073385
0.004729713218920944
0.0051979343127660695
0.005597213291893523
0.005886259349068146
0.006120788786989215
0.0063131930497565365
0.006395647987393338
0.0063131204475693125
0.006091168246215644
0.005879272731383792
0.005880388055295945
0.006263892057670695
0.007147149064542561
0.008385424114652932
0.009623557388991394
0.010677780254502172
0.011501224892451404
0.012049382865047874
0.01246068289480638
0.012976217380146962
0.01371589820468986
0.014581155813633133
0.015626496127657204
0.01683738099989644
0.0182508157847544
0.019373574534634848
0.019607543247644563
0.018947530594749695
0.017620376685316973
0.01600471552643102
0.014431712183763136
0.013349214894335926
0.012771667150671082
0.012219974833678265
0.011341262526870441
0.010177185453925815
0.00906835732178008
0.00817207652006945
0.007346173534517428
0.006385628243152522
0.00532219766639769
0.004358236794742943
0.0037045958439348133
0.003491896857386974
0.0036854395482303834
0.00416075605765121
0.004781532534871584
0.005413053423596955
0.005914090558866352
0.006245924762121477
0.00649960798123689
0.0068904912276991975
0.007493358020113525
0.008213214873934876
0.008953047664543523
0.009572140576128409
0.010247457068298698
0.011318719577905197
0.013041450103581388
0.015543709005936816
0.018587362118205757
0.02155631486577472
0.02400613477816195
0.026187403557161697
0.028566229211741324
0.031049233905852194
0.03260418797273568
0.03226190233863067
0.030047954528202275
0.026510038051929523
0.022364004394649667
0.01823459587369764
0.014918628886199142
0.012718180010331278
0.011367137823693297
0.010111842645954834
0.008580102645600303
0.006846205627198723
0.005397109942211073
0.004521618830591187
0.004212423185343579
0.004280015774405798
0.004466253626284018
0.004612952313992687
0.0046730027341721
0.004641793485394414
0.004531448675410116
0.0043334102692954716
0.00416337918694772
0.00418903958014249
0.0045661718648389955
0.005186421627461905
0.005884897177780069
0.006513723124561753
0.007168475555424574
0.00792417941722963
0.008775794151060372
0.009631752409615075
0.010379744945144747
0.011091181241808726
0.012059556164052274
0.013327139871897587
0.014429347082135129
0.014960660016039882
0.014971848017451902
0.015007846691059428
0.015292308438365935
0.01571799037637859
0.016073768433966965
0.016327597095296877
0.016511858719046153
0.016656282924825364
0.01644223838892835
0.01565324922215184
0.014418622727723403
0.013422271071102786
0.012851571747205127
0.01226469430046962
0.01114205329932282
0.009507041901333028
0.007738987964874864
0.006282378283057508
0.0054777535645794675
0.005404399767546605
0.005776270341622272
0.006236731882158939
0.006430620251016244
0.006152320783846203
0.00555214976349802
0.004856137828091754
0.004303839121873438
0.0039779565475416894
0.003930847902203055
0.004082245728533617
0.004346591642278565
0.004799725892014776
0.005581812823805176
0.006504290418916544
0.007253974462493287
0.007671101303308624
0.007987459566730203
0.008836293766688102
0.010854102540888514
0.014270949128408424
0.018413545710221628
0.02221964369109036
0.024889782486945282
0.026147007682006698
0.025981107739297345
0.024772933514471136
0.023250001222879582
0.02241853020520526
0.02262738221105754
0.023232998034578012
0.023551285411392647
0.023303011580765528
0.022176277213694157
0.020015781037863424
0.01716563508801726
0.014247364596091055
0.01184784750434042
0.01009604834239945
0.00893952959889435
0.008192450406776127
0.0076433502025554404
0.007046812791352676
0.006284812663460226
0.005498444520623901
0.004865713937613387
0.0043807286811185535
0.00402107700289223
0.0038384746507819823
0.003960873882379154
0.004468753517337666
0.005150527283220026
0.005769117300099017
0.006185453139060033
0.006525542614213309
0.006964987100042667
0.007615480043583855
0.008408117742276849
0.009143399693147727
0.009713517248288403
0.010213747933522265
0.01086174046269355
0.011777640170327274
0.012756613853118364
0.013551081433656027
0.014084410679371844
0.014537835133880435
0.015019094709945432
0.015545628813574835
0.016130419535475594
0.017052426272052387
0.018270136501593693
0.0191086022806747
0.018903921992184203
0.01756733001401282
0.01569719120493405
0.014257262104191065
0.013419662182853988
0.012639877539116155
0.011315085066460933
0.00964418268742708
0.008161688074457569
0.007265771676683964
0.006962215381685399
0.006913927712488949
0.0067860843220576795
0.006464623113682227
0.00602856646751247
0.0056116206003188895
0.005322461017234492
0.005158113636033917
0.0050786503536961215
0.0050375222266660965
0.00499961718330953
0.004900819316419125
0.00471336841499159
0.004560185555970775
0.004690553290198965
0.005080090093309655
0.005478757542804608
0.005792312208568817
0.005920561255801476
0.006093293395971037
0.0067901407335008105
0.008162404773964108
0.009852537890262539
0.011378990103850531
0.012665351140483574
0.013929360752062622
0.015322553962067668
0.01670968116621077
0.018214147631714268
0.020076215338995354
0.022223887395899592
0.024460611681839148
0.026452261806417382
0.027898739621705103
0.028425499659781358
0.02756060975826404
0.025436725723559633
0.022473375264602757
0.019342606263130394
0.016214399344915725
0.013367941889164079
0.011171319349675734
0.009706498923953383
0.008610963159247495
0.007555791686251272
0.006489323609505187
0.005538359917716821
0.004841290129138501
0.004432847880934344
0.0042993500012216065
0.004345143451228081
0.004434550623918452
0.00454171581630442
0.004709882280910293
0.0048989039363516885
0.005078789466766505
0.005300421258051267
0.0056876099764863455
0.0064370839904754115
0.007534486611369479
0.008751721845180919
0.009787692914980517
0.010638876723362624
0.01151432678608904
0.012694780458017342
0.01430659970846883
0.01634636484815422
0.01877914162823809
0.02147984308534494
0.02390563315282856
0.025519731030808766
0.02584626098053045
0.02510677048456261
0.02401871286479425
0.023076065761013627
0.02191484826259603
0.02026430831138841
0.01838616234029107
0.0165861541029083
0.014939615403052739
0.013483525720704144
0.012042114651227561
0.010678563866540876
0.009520653449444532
0.008776669809351392
0.008113360118198463
0.007321993561531179
0.006396872432948801
0.005503415307709655
0.004804162161363337
0.004333922287563652
0.004104018904122865
0.00404929043116611
0.004124801787828432
0.004369882493761663
0.004784362957541337
0.005264762994600205
0.005660251822593198
0.00592170025780047
0.006123472569171223
0.006304585999276659
0.006424091033882671
0.006484642603170253
0.0066022885406664625
0.006932980267849395
0.007651252309616527
0.008677454773381938
0.009742174400521816
0.010600274893255325
0.011109910781206794
0.011428097481929519
0.012144607851981442
0.013729916477405174
0.01617500917105859
0.019127299183073702
0.02170979073193464
0.023129787408592645
0.022967339339466007
0.021616826107346606
0.02016520766636894
0.019203833317244873
0.018288510410765266
0.01704972162690921
0.015524661149665603
0.014046789621016336
0.012607013575766815
0.011209918234594565
0.010020280759133455
0.009076847957900503
0.008286692617015295
0.007505417935724487
0.006694895508783029
0.00595254018362618
0.0053870954593707165
0.005046906306427913
0.004908702526313926
0.004835135738991947
0.004724530893102326
0.004578002416372389
0.004581196923272355
0.004800331583109532
0.005111751178398902
0.005300136089562581
0.005418610774969223
0.005665899017846867
0.006221781858630857
0.007169260369035996
0.008455257315212737
0.009959151496458452
0.011430625620293025
0.012718497109675885
0.01376093702476747
0.014737304027274523
0.015975067227804337
0.01771092869512172
0.019934266406519886
0.02257399232870777
0.025315978897293697
0.027662844193432165
0.028730439806294136
0.02820402541919169
0.026550508973354894
0.024339177784102856
0.021983868989667404
0.020002784981619885
0.018371575262947915
0.016681513838560577
0.014584736734855339
0.0121467640684493
0.009706263971929642
0.007669808992877564
0.0061484709716817946
0.005244466034131786
0.005026239896544454
0.005218624193118971
0.005439657388105339
0.005481019954029622
0.005315388807852077
0.005032570268798105
0.004820005081262456
0.00482037365586133
0.005001074910878381
0.005149475334731253
0.00514074265003843
0.00502187958259178
0.0049532283431548765
0.005123416046050665
0.005619053041923223
0.006382190610683206
0.007234885220044527
0.008033096919483501
0.00879929645006875
0.009669361033780828
0.010790123077595859
0.012385613170309962
0.014443849609920317
0.016662291515409496
0.018542672720814758
0.01958861920966949
0.019540503210458436
0.018745178324733346
0.017740923231746062
0.017353445879770127
0.017841059832956366
0.018700990431342476
0.019274295255204077
0.0191963659192836
0.01835309915586574
0.01678899112626597
0.014789939729575098
0.012662069088046122
0.010670835315635178
0.009063384978771806
0.008006617493307161
0.007473117127284502
0.0072280830338087194
0.006929597017412304
0.0063897068152930035
0.005779216541691994
0.0053806876533625154
0.005296224812706395
0.005372842941837446
0.005369234071391043
0.005214688280650001
0.005029884950743693
0.0049911711547928036
0.005142823059140099
0.005346004602535172
0.00548709512543819
0.005574956394228463
0.005794983942541741
0.006338204999767505
0.007217630840782596
0.008367264519104202
0.00973340284438442
0.011281502945540414
0.012948052711791667
0.014696161506554525
0.016695834459377914
0.01920170395595456
0.022196183679983272
0.025277195516822025
0.027683654279775354
0.02886874467619182
0.02876994942244516
0.027917956857957598
0.02664208130580102
0.024774877889536986
0.022370992858234896
0.019464824553419448
0.01642158071561321
0.013942114961731365
0.012484169357759166
0.011878251161353794
0.01154638994334599
0.011013356981019226
0.01007869225667646
0.008884998983707856
0.007790795869870684
0.007043171518255998
0.006518044825173112
0.005969802587339177
0.0053731532981034225
0.004879505182961931
0.004669792368014371
0.004776852609164972
0.005125482552832674
0.005531052786436821
0.0058589220737766705
0.006081698601866553
0.006283679298297383
0.0065960015491129745
0.007104249277464099
0.007867301542740457
0.008870302994864344
0.010100867743078987
0.011478205068239761
0.012714517570785898
0.01348430135747474
0.013770408392947972
0.013934523154887501
0.01428135846001723
0.014809770781128353
0.01551358531695542
0.01647114217158629
0.01762954867291808
0.01871557101884018
0.019061087506484106
0.018556007363509916
0.01751135551259602
0.016393162365336927
0.015431195747768548
0.01478084220444675
0.014474267724990737
0.014379921394245616
0.014160367731526879
0.013336364932612574
0.011789203642943885
0.009872418191834613
0.008157930944345691
0.007178767566152086
0.006920346013413535
0.00710804533410701
0.007308423085480894
0.007208320304861353
0.006624082059726487
0.005696590183013037
0.004819263382025387
0.004386042743680511
0.004486786395560814
0.004871264667381411
0.005177001937894642
0.005139708441123196
0.004856130286416637
0.0046827454177620275
0.004882853257057802
0.005543862034880434
0.00642791364393128
0.007264093731931869
0.00793629978015389
0.008780073519258557
0.010410828973923243
0.012993706654356344
0.015969961617445967
0.01861591034800689
0.020466523412392894
0.021296461244774124
0.02141228818663221
0.021314471732071606
0.021572465031795735
0.02248569542144782
0.02395425836779849
0.025110636395477094
0.025115607555873273
0.024024097656131952
0.02232513128520682
0.020168625005975754
0.017846336296745816
0.015515954176599985
0.013460183647684644
0.011750200907049983
0.010334696178427331
0.009115459902051681
0.008125544758451954
0.0072900705005828955
0.0064958155132165815
0.005696641784913854
0.004960563876117599
0.0043766808907120544
0.003997748004216836
0.0038478368813151032
0.003904065147566082
0.00413244899190883
0.0044638291320718134
0.004805104887313338
0.005134201520009303
0.0054244883740593485
0.005779238386346495
0.006371777614541309
0.007365987799380928
0.008697403910127395
0.01012325036940105
0.011349063749256087
0.012469589945016828
0.013736291755991316
0.015417957478733969
0.017420672927978675
0.0194744338439752
0.021003914178158514
0.021585753692839407
0.021151810799746994
0.020249351148525028
0.01928958907899982
0.018738336240818873
0.018571512639512434
0.018301472720402556
0.017481853655694362
0.015892545183112554
0.01367536666770717
0.011259389386640686
0.0092749460276642
0.008102585766557951
0.0077270749703030476
0.007786344358210903
0.007881974532164228
0.007690480511650376
0.007115284758322187
0.006197369369012564
0.005283291261883615
0.004753077079379127
0.004721836231655914
0.005088055844856867
0.00558727832201713
0.0059250405307141605
0.00595300377634272
0.005666653564171829
0.005178770288541305
0.004651164601811952
0.004260720546148604
0.004168013130006095
0.004517583917926171
0.005311365435954324
0.006469389953969132
0.007751023254484576
0.008822758267275431
0.00964998072936241
0.010265027265215653
0.010859238964554168
0.011638481120918745
0.012859624353030468
0.014381258139387634
0.01579429739472558
0.016874484493317098
0.017582245440101632
0.018043979491751166
0.018327472532513964
0.018356377191655757
0.01786927825241558
0.01667851353631078
0.015159885673589227
0.013959692980975984
0.013452302206273253
0.013453431817337696
0.013673527114174201
0.013758548197716746
0.01336519147332483
0.012217768478073971
0.010484409414028423
0.00874556801555647
0.007468486709906834
0.006710247030774714
0.00624913374719805
0.005878974842475088
0.005452537408169654
0.00505358736443546
0.004762789665883412
0.004620406068088621
0.004537021919286097
0.004411656585817201
0.004248959439550787
0.004154058647302209
0.004214915672321529
0.00457627179768038
0.005386192972243301
0.006656836528638814
0.008290646217497158
0.009829276457221758
0.010861568552150517
0.011360829359952572
0.01185615216266972
0.012936352167182256
0.014913657069356864
0.017630987504836465
0.020494536585548135
0.022655001523022106
0.023628219880269592
0.023531290147488965
0.022877823297254185
0.02194572077909555
0.02126765520821128
0.020793632633551863
0.020435052701175585
0.019973420599504774
0.01896467089018897
0.017315995454641585
0.015155285742185136
0.012990116556934888
0.0111374722945381
0.009740270800695148
0.008829373997002236
0.008244289637255816
0.007776737270224662
0.007174806459921712
0.0063248701925747355
0.0053262754867197636
0.004431148811495212
0.003873400924816187
0.003693671758161937
0.0037541752679494203
0.0038757524149936363
0.004014349729856222
0.004280904710862079
0.004827997260232156
0.005549188542302491
0.00627031365544193
0.006781568824567237
0.007014016151699503
0.007081684775406116
0.007178202346639485
0.007471813470643345
0.00794997678798505
0.008545093161556274
0.00927281804750382
0.010092307837595054
0.011118972537185938
0.012426547382572225
0.014117956353030894
0.016044564898654443
0.01763273185214938
0.01861567162570666
0.018993286882848334
0.01906303338236656
0.01907781811175877
0.0192372978699732
0.01919697971017611
0.018439208452234297
0.01697184791934711
0.014972070450806143
0.012655239845864353
0.010436327910297319
0.008729415441702101
0.007738523555866513
0.007302879459143232
0.007098823129128587
0.0068608736184721224
0.006550884232346273
0.006157546627679794
0.005600536368049329
0.004941897748573387
0.004430096587325163
0.004265968928451805
0.004381945589396874
0.004566557969419104
0.004713390114930352
0.004742728663035498
0.004641043275532366
0.004399593186650068
0.004127527695141142
0.0039459989945093135
0.004035351797495904
0.0045551384030075165
0.005583550971816002
0.006986490853024554
0.008771399759046629
0.010964149567043334
0.013298561726832261
0.015235474941060024
0.016486152314008216
0.01731116103017347
0.018163892807963735
0.01923831961684384
0.0205112283693674
0.021705828151433456
0.022590338061265838
0.02310824397081096
0.022933283927822005
0.021750938470941294
0.01946102217449235
0.016502675559596187
0.01390193053025473
0.012373416040180716
0.011871664250566943
0.011680173530897401
0.011047532995254723
0.009880628403240943
0.00844916802127506
0.007193590279273094
0.006311626975629213
0.005755867001041823
0.005297188655789137
0.00474380546679426
0.004240949628627072
0.003993496830088477
0.004069618372039901
0.004321403062841775
0.00450024960445269
0.0044869464424608305
0.004357733640176364
0.004358594734830795
0.0047391184697800496
0.0056727722638317815
0.007093115560409735
0.008705191183155225
0.010030277070565183
0.010669243396337687
0.01074935176538201
0.010820654951745357
0.011388491670864469
0.012476684955092375
0.013608355112176933
0.014458879040694364
0.015002941514974655
0.015364298204624437
0.015619087479749596
0.01582433190462585
0.016006844718060007
0.016363379520536098
0.01683035008917674
0.017129681502560674
0.01694046793242609
0.01612203794684604
0.014859437916986481
0.013631039659660721
0.01274503975037489
0.01223174252743403
0.011830324817482377
0.011046937494172142
0.009832674274222375
0.00849595808180555
0.007457943095044664
0.006904031182835504
0.006674902986639711
0.006366734483020491
0.0059134102861569
0.005518719100763693
0.005350315956452923
0.0052366917098357075
0.005024917990713271
0.004796856955287159
0.004808459368627876
0.005115309861140351
0.0055516948244075225
0.0058850268365496445
0.006077069303271142
0.006244706885769132
0.006638469464294779
0.0074135159327343905
0.008349720800324938
0.0090695991447977
0.00926630892952076
0.00908750251660522
0.009008983211593014
0.009448749861618247
0.01052448951896038
0.01238204814187897
0.01513692761578725
0.01859103898486886
0.022098813058628628
0.024511068155049054
0.025404834038603153
0.02512886790894546
0.02425304149964921
0.023276075571984328
0.022317300305739963
0.021351375465737385
0.020143626046141748
0.01850274759944811
0.0164586375627437
0.014271796218824488
0.012078548138288398
0.009975278584114892
0.008156044055431133
0.006877756947534686
0.006135473697667357
0.005791083095203937
0.005663498980996086
0.005517862621805799
0.005183631077846767
0.004654356397556925
0.004145664298144321
0.003920033267104838
0.004106824045818266
0.00460858093907422
0.0052294125496116384
0.005702668877268504
0.005868061768391433
0.005828520744891394
0.00582299174262737
0.006166105278080986
0.007069395801778857
0.008566844093501133
0.010431272510382564
0.01229489697885343
0.013804911244281485
0.01494514811548326
0.01589635218647109
0.01683070168910024
0.017686734024456544
0.01822358323426932
0.018435286107757503
0.018700644553024635
0.019411396959373085
0.020513399735339624
0.021670313392966274
0.022115983230161555
0.02113779197878534
0.01881581288384459
0.015796663960333128
0.013032435000486122
0.010997665641284531
0.009868516813350197
0.009174693892507866
0.008410532265441605
0.007387717319303852
0.006250292947364661
0.005330760031128573
0.00493449669032354
0.005039662809024183
0.005312293404600462
0.005350089841669444
0.005003079478334579
0.004439219563627359
0.004040210082111471
0.0040837143205798105
0.004570976862974566
0.00517647652680521
0.005562600041793224
0.005668472428418802
0.005712361514204989
0.005877126845602088
0.006257285753067838
0.0067155046340431675
0.007075963333402037
0.007390661648113038
0.00796682364487285
0.009128969023873008
0.01083294613700566
0.012787264669177349
0.014512626667531192
0.015555255977928593
0.01582693771577286
0.015520280996504501
0.015124242407227333
0.01523265962210974
0.0160298041819202
0.017483387191192936
0.019020611357171677
0.0198022575763513
0.019677424957079612
0.019094222880483066
0.018588128086918745
0.018219682752872553
0.017621558583987756
0.016198788975518828
0.013917122411765633
0.011249885831537819
0.008883559298340275
0.007279477654988459
0.006350285617080645
0.005830335441020025
0.005440077780481661
0.005081899150403304
0.004787843772660739
0.004641094323195842
0.004671775340571314
0.004903031661072253
0.005304052812255525
0.005821008871048206
0.0062699902146584365
0.006481452307475377
0.006422583079942984
0.006175152694944862
0.006069519467919169
0.006334630518943254
0.007068917029145033
0.008242929179032304
0.00976408330811768
0.01137255897003675
0.012871286408528122
0.014098186356485914
0.015248386296925083
0.016596154929548648
0.01833546397414548
0.020400010417870294
0.02256243810287889
0.02460681014313139
0.02632334189845064
0.02732711676794226
0.027020715358783896
0.025339584548717094
0.02261931258724214
0.019407125697805918
0.016295590936014556
0.013572359495263015
0.011462984420197057
0.010072147584111702
0.009236049286182312
0.008591651990565845
0.007938534054973261
0.0071441737795288444
0.00625689647637941
0.005499700146047947
0.005078884703403873
0.005068218095893735
0.005248514481485651
0.005397682747427961
0.00539163107983041
0.00533276293781834
0.005281116957759111
0.00521159570604397
0.005136154274039427
0.005046548648735596
0.004970945304149806
0.0049274156876457165
0.004948274673478785
