0.0
0.003518743088326404
0.012126333000054751
0.021907470570222506
0.03033480258196509
0.03765547966215171
0.04425158236852287
0.048858481672381125
0.052341789743182696
0.05926803469608638
0.07568357789918116
0.10157618628098855
0.12779190478723904
0.14473586623417106
0.14848965829064234
0.14067802846636993
0.12620121543110224
0.10944659774238846
0.09289659388440479
0.0781402423336536
0.0659040036509386
0.05576243429643051
0.046921580745219175
0.03977322698256708
0.03471283285218414
0.0313459411960131
0.029673017151520816
0.03035540921959934
0.034728823997817904
0.04475291675316635
0.062443216917943634
0.08720052474660411
0.11395776498789234
0.1379943083114009
0.15794796055997232
0.17520488544437998
0.19041794821933017
0.20259428152839706
0.209600931752406
0.20861395346889428
0.1996539611004191
0.18574382155691277
0.1695443875342307
0.15238434247922425
0.1352155428125365
0.11890347315985067
0.10507748020002572
0.0949341337864349
0.08791925960457259
0.08244101658491837
0.07824893437918314
0.07639100612967643
0.07718646427316565
0.0798127782590962
0.08439549890830551
0.092162177861598
0.10341186519905533
0.11566213515966477
0.1246825778713928
0.12756099852188826
0.12374527555500787
0.11524073534645385
0.10712367763088267
0.1040875374099785
0.10540711937631533
0.10792915516568244
0.10991335857892394
0.11079518430930044
0.1105426454166727
0.10975269274483614
0.11042793812255831
0.11267056448439537
0.11550293757670327
0.11758453162563923
0.11835130902786183
0.11791083674379818
0.11580884419168264
0.1115513950357439
0.10529214774758847
0.09776213004712675
0.08932462697738032
0.08047881987448505
0.0733373180934886
0.06995865208736188
0.06969676444198963
0.07052983420447535
0.07105190924487048
0.07119126519346809
0.07178111805954962
0.07246398938506111
0.07241114647695614
0.0721241880371218
0.07202552171240267
0.0720402780765086
0.0722652802136734
0.07245135185077267
0.07285393319759556
0.07455214278071846
0.07862255776878863
0.08495897679672271
0.09205176570699505
0.09872217919376003
0.1043077208167818
0.10832398610596905
0.11057434766122141
0.11156785538933923
0.11118849159674582
0.10785287229069072
0.10006622619364405
0.08886306808494092
0.0764712419345159
0.06406103491232236
0.05236536086124356
0.04306716777862657
0.03743251412017897
0.03490693818524378
0.0343381075732533
0.034598176383487736
0.03570098241325262
0.03843327921143645
0.04389992494574209
0.05292539934908468
0.06499403361258875
0.0779445991501471
0.0908048142415262
0.10304275316647382
0.11450953696508577
0.12393834902506229
0.13021127499969573
0.1338625350269107
0.1350980925699748
0.13273561886999577
0.12503227818811957
0.1119114526435384
0.0961969601695761
0.08034046954846086
0.06529286714333249
0.052213225891721136
0.04101670329828465
0.031869347789877385
0.025899282002309922
0.023546252767754867
0.023967635731648965
0.0258489062313624
0.028035176369103795
0.030335165707009667
0.03299229859241014
0.037888774801911475
0.04626212578619474
0.05700447991111491
0.06823861271693994
0.07805766939103405
0.0857802506382554
0.09156674701374817
0.09576792507731187
0.09898846880810376
0.1007750217194149
0.09979270486491627
0.09661021466838025
0.09230152331760719
0.08740132244301069
0.08170285094608207
0.07531545508718748
0.06898554726283325
0.0628753436689303
0.05672146556445628
0.05095164415968307
0.046142198994173066
0.042526164205510114
0.04039707363420147
0.039992879889119315
0.041644258148242255
0.04509903762050432
0.04917989092978464
0.05304380612906176
0.05664523381169918
0.06106007681602103
0.06732273828623758
0.07480584287845884
0.0818235683839597
0.08671214211264548
0.08894111505535252
0.08914349821437725
0.08838994973642898
0.08781384901423425
0.08829463424727023
0.08949999960120086
0.09110246683768103
0.09342649544081445
0.09537068032357317
0.09522755547656984
0.0917641290549192
0.08474837286658447
0.07654456019690083
0.07053591055796518
0.06856382853081491
0.0692333264440015
0.06900417542012166
0.06594377305001486
0.06095184415415628
0.056905433980951374
0.055250111363203736
0.05517738095221289
0.05468976812026761
0.052604798692784865
0.04950488677622387
0.04693827659961089
0.04560041234304374
0.045757190388998864
0.04767794362327019
0.05158322407088218
0.0569906130634431
0.06297233908322075
0.06794848470981693
0.07103917563680909
0.07256188617038885
0.07273470838536844
0.07295463094146246
0.07482797360837325
0.07797120523397127
0.07978636149831989
0.07881265192781514
0.07475131846961995
0.06857369101692831
0.062118531541728784
0.05604413717663902
0.0504761882427434
0.04622968542631384
0.04348519329949969
0.041409699888903605
0.03944263860399156
0.036751822401655566
0.03387171587017872
0.032192229833034644
0.03210367542949556
0.033393210829998105
0.03623291201368968
0.04085948561810721
0.04620684352817014
0.0513458025670997
0.05629594476623802
0.06103315689103404
0.06584596329596296
0.07031830128108084
0.07441343603826507
0.07781659665566226
0.07934399357231245
0.07912659007343799
0.07795104213789326
0.07582153245986037
0.07098935153350702
0.0631747352704669
0.05382626900050892
0.04431309181994453
0.03666905714911642
0.03288994613280133
0.03335520049199574
0.036549597647762666
0.040160947702948036
0.04224372556938155
0.04275554553495967
0.04369936796804126
0.04704389015139721
0.053268326839269325
0.06182577154325004
0.07109788289996294
0.07876812915656478
0.08217922530897503
0.08101192607724902
0.07822125752848288
0.07601506293085115
0.07543361977846766
0.0763082534348896
0.0763424199016087
0.07421785360029169
0.07085058726353692
0.06704190716770787
0.06272396569218046
0.05767784609017189
0.053054919116603316
0.04992620121950809
0.04797912475521711
0.04649743449032209
0.045046246484129214
0.04427681369300169
0.044536152494052836
0.044736119671470786
0.0438973395496009
0.04211040788514617
0.03979179629994131
0.03734545289386117
0.03631018287017367
0.0384314894389735
0.04289667318989546
0.046788968353537554
0.047915733162122345
0.04663946451385402
0.045082561161897516
0.04497992026997534
0.04746339165937966
0.05222354643172306
0.05666082280114725
0.05872286726664487
0.05819449665332362
0.05611306136555853
0.05453441693984537
0.055286814915854854
0.05848715804048591
0.06233519766772444
0.06393585568296611
0.061954914712044076
0.05719183146901549
0.05178505336827461
0.04784374885382979
0.04526838272249311
0.04232005530016532
0.037843902818446185
0.03287135255222365
0.029099407198223643
0.02756604316933483
0.028652927734672665
0.030971591488030546
0.03329208964793634
0.03630519179163401
0.04008065866051495
0.04318848592767978
0.04491713215124477
0.04590076852448813
0.04693288937927053
0.0489038262261812
0.05171613988351865
0.0550718805875917
0.059701113739388086
0.06609443562159344
0.07223120393993404
0.07410688394007633
0.07057394216586033
0.0637079039523503
0.05701449539755675
0.052195717373083914
0.04889826877210708
0.04637652244239131
0.04422517686287231
0.04220801589678019
0.040139256070709395
0.03816488402929493
0.03648282580402782
0.03489734223133545
0.03305678981161814
0.03203453415227966
0.03232535751843932
0.03319546573761203
0.03374376378555736
0.03433928153823247
0.03609966142311795
0.03858260923411495
0.040751391741604734
0.04224025499225925
0.04322001753146304
0.04482878711596962
0.04785775695327447
0.05138304362678445
0.053188974987660294
0.05222088485374308
0.049104199833737934
0.04510676313590724
0.04160968894441175
0.03904553452542417
0.03690768179289544
0.035277961904303407
0.03508412781637827
0.03728372503436681
0.041203390822151284
0.045687613959348145
0.04899456484646516
0.05050283758897373
0.050239436857924806
0.04817380831597832
0.045635008516237995
0.044262458620638094
0.045132758647518534
0.048138281767649976
0.052646633045731486
0.058457451280826016
0.06392583522592964
0.0666940438665751
0.06660655428246548
0.0649234526446887
0.06223562304461215
0.05838069243957512
0.05350180865792647
0.049224314025480144
0.046274428305840075
0.04518932795247399
0.0469273810764467
0.05035198305301404
0.053136494065028295
0.05365945205594694
0.05220051841133315
0.05051119041154573
0.049989896509382126
0.05158643907496302
0.05444517826665501
0.05594985657587103
0.05514466955903832
0.05201423688240404
0.048104109884725035
0.0455627154224795
0.04432017606694229
0.04365652850581783
0.04369541494119367
0.04441020976282224
0.0451936723173806
0.04599965795783215
0.0472614570465762
0.049851963183448075
0.05368334572042596
0.05736659581465537
0.05997159876561567
0.0616738771930752
0.06342546651588712
0.06509149583063846
0.0656923828646242
0.06406585158920382
0.060565869799396856
0.05581771477070571
0.050011135433164405
0.04489748207116409
0.041698228710121764
0.04006441053668274
0.03917546415919092
0.03840974821523887
0.03679626494865556
0.03434833462376604
0.032632928275777365
0.03319138456378545
0.03637228712053779
0.04088047072332387
0.045181003163786884
0.047960898954224986
0.04860255146510469
0.048320006275490476
0.04898289341133822
0.050460073111183994
0.05200149325797693
0.05377512581651748
0.05640493073747328
0.06056048300982096
0.06590598064842104
0.07015205605100656
0.07080794268956964
0.06735859895098446
0.061124357100900514
0.054962058678478275
0.05090957222649964
0.04923052023815408
0.04905508200880383
0.04938722088379994
0.05005377253324323
0.05132578987138642
0.052395397967622916
0.051971861365209406
0.05019423918034988
0.04764197452144329
0.04514194547674465
0.04431057119081221
0.046106597360792125
0.05021774775510402
0.05495695110869749
0.05766738105122006
0.05686324097347871
0.05409275162735789
0.052007893315060866
0.0515058253371681
0.0520066937493544
0.05321254426858633
0.05478034564918489
0.05622949414230921
0.05799579169573435
0.059696934544471975
0.06150816624263411
0.06318404813838263
0.06397055769648392
0.06389829284119015
0.06321312193018747
0.062491254403262836
0.061748934965071445
0.06013912057456435
0.05819253304586778
0.05695407682673688
0.05638290423697035
0.05612774596206658
0.0566302638506623
0.056954829630367375
0.055296187526228974
0.05200028367781903
0.04938245861906434
0.04873288156857458
0.05027269889976046
0.05324815557396851
0.05657229636879295
0.05897831806153093
0.05969426741329213
0.05946948862427564
0.05881572789072022
0.05787114728776063
0.05689717335309783
0.05639834085353505
0.0576719620338651
0.06034546354590479
0.06286535252007876
0.06441643726566175
0.06447514953899866
0.06216330805606615
0.05769751656419076
0.05233959139439074
0.04767158497158871
0.04536550159023061
0.04513919761538567
0.0457912089882362
0.04707474409503461
0.04840389647467974
0.048733846944438344
0.04783657165553925
0.046127148365570775
0.04445394179636611
0.04348136098967274
0.04349620114219682
0.045306181175511565
0.04884823076218826
0.05251786900560017
0.05526567139985368
0.05706988198938153
0.05829829172801737
0.05914389705200539
0.06070190095608612
0.06275064819552477
0.06333872208445536
0.06267510995783714
0.062223886949766896
0.06316576132042474
0.06538944542042245
0.06732033904637655
0.06728252296117596
0.06504332262543808
0.061989290387115495
0.05901460614336065
0.05591146145377373
0.05324792387403404
0.05183304189917495
0.050697278826348356
0.04985121269422166
0.04957725071507432
0.048997587556322386
0.046783949886719425
0.04389889876948416
0.04177678031580971
0.041319549209385104
0.04290237256025395
0.04509917517239817
0.04682384210159673
0.04779521174119791
0.048738972806991174
0.05004195445379927
0.05144320136086892
0.05227697135854425
0.051526384869266445
0.050234190079371785
0.05064846059736453
0.05216127954068697
0.052315276588326236
0.05037241792131472
0.04835682163763488
0.04884298757888593
0.051717280621074474
0.05425799670789145
0.05470317979400495
0.05284587156440421
0.04909826613448065
0.04415074136072425
0.039443629187654435
0.03707390966528141
0.037515495745204644
0.038673750147719364
0.03896663854143469
0.038470453146010296
0.037522185459805735
0.0362615725945505
0.035298031591825096
0.03549373992171004
0.03723253924997482
0.04010379471240736
0.043407158029501756
0.046466316573329426
0.04997718553821014
0.05466962718259788
0.059266893954756095
0.06270928311484658
0.06468863845266914
0.06504239319027637
0.06408722094033686
0.06188907578196647
0.05855812302872356
0.05468591696442887
0.05115489370930711
0.04881738011991361
0.04740245942070799
0.046435623664024914
0.04608184208046374
0.04611640163035032
0.04664897710928832
0.047574485834683565
0.04843522622974652
0.04946471795934022
0.050560287900109815
0.050756902829827706
0.04949828894649823
0.047859773977494
0.04614855505724212
0.0440373005804287
0.04180417497024691
0.04136161200321319
0.04395553941807415
0.04801599469251206
0.05250718299196169
0.057099488393124474
0.06044273983635317
0.0611889044633475
0.059055380964734075
0.05613178430513008
0.05391818349240981
0.05190165118457654
0.04935148394148088
0.045551771967265994
0.04108118567973035
0.03802148966885465
0.037585525044271866
0.039557645163065924
0.04303803928895623
0.04638898807435621
0.04829085469317126
0.04869022321820558
0.046879843866391234
0.04323877325914273
0.040287872429176017
0.040369331904310087
0.04396247372107122
0.04909515893232472
0.052865420128215906
0.05419353765607472
0.05369113313867645
0.05199346511392967
0.04904912340117126
0.04567768295163574
0.04370503655725473
0.04420310053809172
0.046998889859058056
0.05053457687617348
0.053465526698800316
0.054598627897632125
0.05326213402213595
0.050286655577659156
0.046206113723385886
0.04177666906414682
0.0384827009698924
0.03684185677964073
0.03718860508040088
0.03883889313564827
0.040145841737156525
0.04043026653119131
0.03994839024030865
0.039661960326923984
0.04129003998971883
0.04550549571906497
0.050559546458406934
0.05447826795479677
0.0560307222360512
0.05498594093705411
0.05211785993830931
0.04899160414023827
0.047447411202558507
0.04759030650265999
0.04890463273619706
0.051182598399626675
0.05402506745328447
0.056125539290131844
0.0561651040193611
0.05331600276591743
0.04911167169561974
0.046089986615173356
0.04544425380071994
0.04699584782313695
0.04841748075505449
0.04834559084299338
0.04726937104739149
0.04558337975039855
0.043440543821071695
0.041885667744124215
0.042263184646714747
0.04496271134805772
0.04890607209612601
0.05206775956354251
0.05284413169501129
0.05159409400057689
0.05057086695044195
0.05165825332400557
0.05454204672269766
0.05763117075911179
0.059591088359753755
0.059991095854006034
0.059517690550176236
0.05939537726533757
0.05941215423463267
0.05917723607018864
0.05903759312967327
0.05781469731709367
0.054195173037778
0.04895253573048098
0.04437500800885671
0.04188122455297295
0.04134816539807421
0.04203389034611827
0.04272395599096845
0.04217963778522282
0.040343969475820335
0.03767860431339111
0.034676218181885855
0.03215752261851545
0.03086772253552245
0.0313905637005243
0.03480489366943329
0.040916484397212884
0.04666983251659857
0.04950026079868349
0.04910687764442567
0.04760897306829284
0.04710304682339814
0.04816153489429379
0.0510305826143711
0.05499292594612672
0.057344512271713104
0.05655573566475766
0.054739492248954025
0.05375776538701733
0.053934197360287796
0.05460919150879894
0.05492067181857043
0.05458710253095814
0.053697106922573505
0.05183292824596124
0.04958864687696983
0.04871846215302553
0.049805751149672076
0.05217611956728047
0.05455144038992407
0.05474706771958967
0.051557611831453194
0.046215155513701665
0.040203908629110344
0.03525000712191987
0.03324614886161389
0.03519322409716477
0.040528432033556494
0.04758629988956639
0.05379319928406333
0.056750254635471876
0.05581379036693994
0.052319193015983145
0.04867161907599699
0.047315188564928924
0.048879034695601634
0.05177057240525804
0.054436213571702266
0.055724680499410185
0.055694021452894184
0.0549530930727601
0.05378185151855897
0.053013799993069835
0.05279147436917054
0.05138745644785328
0.04815176086830319
0.044987679189203454
0.04487100361173077
0.04882227739618995
0.05467015053466545
0.05897158975210383
0.05948958553138216
0.05645069558583478
0.05172259206329073
0.047252510460882295
0.044756998092895725
0.04421604199222725
0.04538619663760334
0.04750553860369997
0.04974932463665885
0.05155882232871827
0.05215393280043419
0.05165045402449929
0.05118670747979619
0.05082121346997216
0.049082977819652936
0.04631397327986948
0.04476811329228579
0.045756719788952904
0.04846443441057539
0.051013738227258666
0.051284213626860996
0.048364170495584065
0.043451000818141454
0.03989521152124273
0.039066039675240666
0.04013776540666497
0.041664147145694094
0.04316158438428476
0.044767855684123524
0.045937590927707224
0.046366489689627303
0.046244843976286504
0.0457470132755584
0.0457226833266225
0.04618500848951153
0.046408967844812805
0.04637732614320757
0.046228438352716616
0.04639066849959356
0.04764429763902927
0.049737617133982365
0.0508569763260095
0.049912014264931255
0.04824039690558186
0.04818039968944195
0.04962103154736729
0.05049256487333039
0.04894076448217974
0.0448021494657141
0.04102817486199883
0.041037510156822776
0.045118830108380956
0.05118166762838081
0.05609408817137544
0.058934860634564115
0.05954552947053724
0.05843759020807934
0.05711360321454741
0.056591808034494
0.05719083966469351
0.05814970029709768
0.05849548903648324
0.059356645972621164
0.06129959501422901
0.06188696342072534
0.05936187780896292
0.05416854132173287
0.04846090993468319
0.04417521927618002
0.042824532989037864
0.04467529392444741
0.04819885158945317
0.05036204191847698
0.04937429177394908
0.04703575373900662
0.04604386523706252
0.04780517532944503
0.05166768463501887
0.05574955594798539
0.05863409837729314
0.060520018702720724
0.06247781037273821
0.06531023096376813
0.06815754566866195
0.06915031239751741
0.0670277927872217
0.06251421029525284
0.059008039334618734
0.05882142911234174
0.06027526579828639
0.060589072773184795
0.059106480428783935
0.05699676239653116
0.056343748081016595
0.05683494542741853
0.05687393090115507
0.056104403710089706
0.05490368101559072
0.053870343641193925
0.05350774364697307
0.05378768637367164
0.05420523662187354
0.055093320425593284
0.05654343506170141
0.05698221573857926
0.05553155776877853
0.05196837444837163
0.04747099190087568
0.044003913309727576
0.043249848424700775
0.04440700266902734
0.04580842510663867
0.04616511296920245
0.044968928237177096
0.044173381283972996
0.04524798771015863
0.04838125731214818
0.052108265054903194
0.05501922960811658
0.057347682351009
0.059133505886833596
0.06030237222998219
0.06148977642321484
0.062706575168939
0.06388820552024813
0.06443440661206151
0.06392602680400641
0.06286482555467188
0.06302859127500196
0.06502291449155308
0.06863667650252481
0.0727894162630852
0.07571879637946155
0.07586112890229692
0.07316355469307238
0.06907092562217565
0.06456999542067789
0.060394052730159874
0.05714816159408539
0.055007042276941184
0.05346594172727558
0.05114970001170753
0.047494458673939
0.04258198528867229
0.038429914285652504
0.03681737397939814
0.03755089290277671
0.04022651059135282
0.042540200488669466
0.04328280097602535
0.04469889325223501
0.04752876012637878
0.050551308790127196
0.05293300528913212
0.053630806561671816
0.05233445890404007
0.04965316202536272
0.0471914547099741
0.04655235123988316
0.04770265468205349
0.0498196952222728
0.05201255283583685
0.05358681845828458
0.053777192820066495
0.052476295025885515
0.05095656047480994
0.05078813852853582
0.052758655403789566
0.05664435776281052
0.060839497386111135
0.06288469623673854
0.06165222771650482
0.058245972685251175
0.0555493639018893
0.055198860476964505
0.05767594770201278
0.061553936044798134
0.06387573779067363
0.06256524120529612
0.05803742900189055
0.051940715688685364
0.046028012978924636
0.042609144806012064
0.042433338368535245
0.04415501626924553
0.04698509980493413
0.0506801446865966
0.0539236359215125
0.055767438567429994
0.05709727585600641
0.05882912586065911
0.06140432351660814
0.06430268331856219
0.0662982697489426
0.06724401975871847
0.06744259790825466
0.06643347739620145
0.06361111391960851
0.05949799682200076
0.05516485751444389
0.05120305162319374
0.04705100325129585
0.043524799367035634
0.041785245528183634
0.0421313064404881
0.0441670326193814
0.04643658105414925
0.047675387438263064
0.04821464001904333
0.04868596050819197
0.04877356640271842
0.04839897300414474
0.04842056552010762
0.04952508721126462
0.05096631351001239
0.05114531368953755
0.049493970681399005
0.04764935749134316
0.045934362365675135
0.043881621435421646
0.04261792376791095
0.04282642064829011
0.044276006146093345
0.045986929882108035
0.047190579985469945
0.04804095409419106
0.0486259925745052
0.04938147241185537
0.050299628222223974
0.05039452273070637
0.04857388808868311
0.045275184944487616
0.042149158205798676
0.04032985742071617
0.0397625641682775
0.039788877943824956
0.0405673038639307
0.04166959091846155
0.042138917879291846
0.04142556100693579
0.03896227123527877
0.03550029142394983
0.033258244257084506
0.03380900759337197
0.03682239032130144
0.04033967903151586
0.04295712007958603
0.04396928699177287
0.04385241600131611
0.04333593485821117
0.04230620360735837
0.04121872255693837
0.04014325648374738
0.03898174946046697
0.03926012131980956
0.04219278189643381
0.04737746132903306
0.05263271716986217
0.055582734523486554
0.05566799070937491
0.05455481122131015
0.054142922256583834
0.05534496907117096
0.05765349284630815
0.05916598821325638
0.058461604905595224
0.05521411630018129
0.050894135196641904
0.04789577990722938
0.04742498735267648
0.048759799620610694
0.049973806862961316
0.04942275163337937
0.047336373855874525
0.045431653499353006
0.045179222772151244
0.04616465479438578
0.04593281945872332
0.043531323764568114
0.04111275553825765
0.04120642406512595
0.04334431961001287
0.046114236421640094
0.04832830379851097
0.04893988545750716
0.04804855998187946
0.046661251410367276
0.045878116306707406
0.04549134017146745
0.04443942292746983
0.04228059612727164
0.039897463397765835
0.03816254072477421
0.03740484776018453
0.0382728281113456
0.04017508554950392
0.04156411874609798
0.04137076687392386
0.03924234250291382
0.03668742380706829
0.03552001737116087
0.03647870300407149
0.038694795188128926
0.041208952307367167
0.04344755758319153
0.04514764796732512
0.04617635256099227
0.046548028036936404
0.04670233234130552
0.04738845300494804
0.04842661511000236
0.04857345520105282
0.04752892180995204
0.047113043606268806
0.04767140174015626
0.04792852307174371
0.04725476494378733
0.04650882006341095
0.04616065249645546
0.045316636250214745
0.04218333710350412
0.038045032150034956
0.03481966721321513
0.03345299487514646
0.0334337258415393
0.033028045534905154
0.03041053383769443
0.026061580364452788
0.02300525909370648
0.022749099031891387
0.024689677877379836
0.028678579831052767
0.03449744319334337
0.040248374516137955
0.04416017652082769
0.045621458198529426
0.04500461751095426
0.04311274874061
0.04161043341458109
0.04152105078090121
0.04221220559729331
0.042794734696010014
0.04331375058667072
0.04468163744568629
0.04643777787402686
0.04798529083933349
0.04876320436733429
0.04898326070152212
0.04984727724727355
0.05124209838710035
0.05193877055261888
0.05182623394447879
0.05179106958632264
0.052726026412496955
0.054513456345509484
0.05574521644936774
0.05555946619239932
0.05354933990067224
0.04998979997973156
0.046000591569191826
0.042570610175893184
0.039567754029997626
0.0364293964252113
0.03409646463054041
0.03299816501949794
0.03279990667204138
0.03372610097474787
0.03585189531768795
0.03928716216836074
0.0430148285094995
0.044949457532953756
0.04395041343015599
0.0404462327311041
0.03628137524414475
0.033751745518179735
0.034338836085560015
0.03720422250537694
0.04047907940241018
0.043407601901091754
0.04617101178356641
0.04884975479726057
0.05153080464179621
0.05419165302858826
0.057349665149134796
0.061728235383480275
0.06697472334006295
0.07136077497787402
0.07340449146245182
0.07337513097309922
0.07066285241986346
0.06528112819453286
0.05970349828088327
0.0564125765574828
0.056219623914828445
0.057909976874318196
0.06033335698429409
0.06220707431013956
0.061873113461100575
0.05908556840838829
0.054927358232797235
0.05086206079718583
0.04776941593398631
0.0459083864928145
0.04458894899975069
0.04274552678371205
0.04051553860906436
0.03814440806323172
0.035528988906478
0.03297243506600214
0.03045536783071771
0.0279654601210468
0.026014002050318674
0.02605523967645281
0.029013378635043087
0.034193183689877636
0.03921428740919037
0.04211882932740621
0.04222050947702394
0.04138686119368921
0.04262854248496437
0.04703301411530695
0.053100953835246524
0.05794752885376055
0.05977001056565004
0.06037139509398896
0.06280570891974437
0.06746121476564737
0.07127896388040673
0.07188497627710015
0.07004002870720911
0.06744697164464121
0.06472369758342764
0.0615939029880287
0.05850672010354183
0.056142048375706105
0.05462803301559838
0.05295864974349095
0.05018823262604603
0.04568759061169372
0.039588884738344224
0.03319277546552979
0.028281795681560466
0.02711662635613288
0.02920871933538555
0.03164762615440836
0.03307516813047678
0.03348601466618111
0.03319927202394399
0.03297554672565532
0.033291576076344004
0.03444115849557919
0.03628976471797436
0.03790187638050182
0.03898930445676357
0.040225641420087284
0.04226211416102309
0.04486947653010727
0.04647397749836742
0.04781158103444045
0.05074559686541329
0.054278306605703604
0.05700569872863086
0.05931387573186367
0.06201470414606833
0.0645570266491816
0.06617867495795055
0.06715752911542029
0.0678636918162959
0.06765458868486394
0.06538935207594845
0.06059835731385409
0.05374930989235253
0.04660336233120883
0.041155854414809935
0.038651866731928865
0.038698086541991535
0.04009834112080466
0.04179734375972549
0.04257733863428713
0.04171794994930221
0.040073943636756856
0.03921852469829228
0.03963723418630166
0.04049494187486009
0.0404176511134738
0.039234557692121017
0.03849215281415909
0.03934695899329503
0.04135007122320972
0.04316147774903458
0.04361048436932581
0.04273298655734343
0.04292044129274831
0.046611999824858
0.05257743204530785
0.05641656647768039
0.05650330258558202
0.054667296079282564
0.05319112718682666
0.05139824519715819
0.04858548211611597
0.04641330317446911
0.04514052052405224
0.04429718794514223
0.043630542140138874
0.04284838510431997
0.04245106857887116
0.04295086297530184
0.04431372621991127
0.0458244109944855
0.04755523566536107
0.04945396114761022
0.050678081683442934
0.05106751818517131
0.05028236484172522
0.0487305802214425
0.0467737061760566
0.045693253057523094
0.04741095962867437
0.05129450447383296
0.05481618854807056
0.056777777872980426
0.05768691448822149
0.057369173448468994
0.056376599054914246
0.055619245247756646
0.054205741511311294
0.05135183032573827
0.048298774172780126
0.046621070832109195
0.04638720195294526
0.04554802935605255
0.04262418618428199
0.037798483699745034
0.03257958995061025
0.028690274904090343
0.026335946327468406
0.02544867731866736
0.02648757877491674
0.029638165971879266
0.033633593939419275
0.03759114153415757
0.04120598264993098
0.043653530166607515
0.04505831751723743
0.04586264847492321
0.046303655274139696
0.04751083913385182
0.050601034620921435
0.05583787965740878
0.06175983523315838
0.06533347506666855
0.06543113893591351
0.06351783245494053
0.06169075215531096
0.06019960331268139
0.056797785497848786
0.05090222192592881
0.04429048866853974
0.038796149379438566
0.03561190273293811
0.03459556327487349
0.034667549779196415
0.03551827974352685
0.03659431271859449
0.03747942716267443
0.03782362777136766
0.03707779884405917
0.035576541347275316
0.03454351933278281
0.034454192475456016
0.03556776126735136
0.03774256472439369
0.040296791559907175
0.042091753718559693
0.04196512028213808
0.039431526599550265
0.03580126170465621
0.03350308055888334
0.03374180990665051
0.035854204441138356
0.038771189911364794
0.041477101318795256
0.0440251759177519
0.045940392579356365
0.04619884357441886
0.044437402387345094
0.041130078984957776
0.038070041610317275
0.037974198007917556
0.04166016285198293
0.04692654320631949
0.04997443153100101
0.049240640253297906
0.04648262441030309
0.04384524800543421
0.04277381627836332
0.04319568267631628
0.04262163778341142
0.03994596181190848
0.03653375488706689
0.033889690854868745
0.03284049363389807
0.03329174166887517
0.03463849940994891
0.036098021694631
0.03722713425772675
0.03791054536176902
0.03762362876913412
0.0362477352382275
0.0346088269216678
0.03279575396529286
0.03158257256010836
0.03255630699592437
0.03514437721180228
0.03784867571678424
0.03976883214497168
0.04021814486983238
0.038746945915785785
0.035746510150413635
0.03269938288842197
0.031170723501236116
0.03182638778046859
0.03422259747215311
0.03738351080728727
0.03959087833739153
0.03976711974888435
0.0382894392681528
0.03626074743112647
0.035012861674140534
0.03440516258820052
0.03417184714930562
0.034890701490711454
0.037457735863927005
0.040765840147243625
0.04287481215850653
0.0429866876442653
0.04156424906624423
0.03993939437025042
0.038733810476975016
0.037196301463324706
0.035159533257907924
0.03357291043761908
0.03351139456307967
0.03418941245825216
0.034903612279353166
0.03546850387001604
0.035679686674841726
0.035093640023120085
0.033292602461685715
0.03085992185985002
0.029143842268924688
0.0282511307505749
0.02797786967500341
0.028833456211107517
0.03081670765747496
0.03325529903896635
0.03552554264771919
0.03701234295826381
0.03685801247688693
0.035275671084768104
0.03363990751133502
0.03298238582867721
0.034084236456927174
0.03709943427211473
0.040981509513631914
0.0438057719614886
0.04386452017808788
0.040899743256563044
0.035669283514749774
0.03071496287528445
0.028801554502486726
0.030350960392457063
0.033647459739723065
0.03647842685024268
0.03826601254241378
0.03871466216320757
0.03786240778103361
0.03556852016803337
0.03188170532935002
0.02901566969447646
0.028243057958192534
0.029353441834907658
0.03142516083371901
0.033566893062656165
0.03562115827412662
0.0377719652387546
0.03956338398345467
0.040669254267579995
0.04168460010716033
0.042583129935995195
0.043901178695660584
0.04652056125270173
0.04917565069978267
0.049883766751261736
0.047432791026365224
0.043959159742640225
0.04316184465844129
0.04554916345269411
0.04767518779695148
0.04662813275619807
0.04290231621964769
0.03966941570539507
0.038813132877316185
0.039334686046060274
0.04085390550872839
0.04207980198064046
0.041771842429436476
0.039214644422666874
0.03486154679840244
0.031071096658175777
0.02960666144540294
0.0301940150405559
0.03190982792160499
0.03360218239594719
0.034852083479903886
0.03552201220734074
0.03578099910062187
0.0363336687773821
0.03722705423933872
0.03824300490942191
0.03869027134212688
0.03810353039833016
0.03782618844731166
0.038249366132103835
0.038364928309555096
0.03907903368697851
0.04137448197614397
0.043910761069241626
0.04521659583506525
0.04505462403366455
0.04427084880579676
0.04302395584753027
0.040948354679556334
0.03837006159295166
0.036031631611934394
0.03494372159205363
0.035667987145812964
0.03718486219281746
0.038723549065846526
0.040604243180133004
0.042924418207560815
0.04462084724521816
0.04452197132686222
0.042815570419671545
0.039951976257130886
0.03686933459048734
0.034977557724109085
0.036283203447498504
0.03974250267419459
0.0422976169843485
0.04218522480426937
0.040686080253097175
0.03924875789278786
0.03780546808126676
0.036333299940583465
0.035378345256441165
0.03550271746846672
0.037930880101653866
0.04207290952753706
0.04501638605925242
0.04525900422940258
0.04306253084214513
0.03946972686251917
0.03699022274050893
0.03732871674918673
0.040229390601953956
0.04511235001693757
0.05035605644495459
0.05258928110410184
0.0503077698679691
0.04548290934380809
0.040615765653453074
0.03728448118204072
0.035498708464127955
0.034404952821036436
0.03388059821690553
0.03348714417053797
0.03304919138298555
0.03348778843795723
0.03551316262348297
0.038777026732239595
0.04140607157215468
0.04168410042924829
0.04065151165771034
0.041017748950702135
0.04386283542794402
0.04760559605834638
0.05027756884557209
0.05115770524912967
0.0501847373336872
0.047946712156164556
0.045673249353557654
0.04432063135194611
0.0434631184559907
0.04225018771896174
0.04053624010315529
0.03919598202383369
0.038887011607764
0.03843517908685556
0.036912602756153594
0.035259404178505344
0.03527257336953435
0.037835115572966725
0.04221155971995487
0.04558466272749263
0.04633235417943404
0.045185316361835044
0.04340034749395922
0.042374904760638446
0.04239851246234676
0.04277803029452336
0.04248971869721059
0.04109367580073458
0.039835840278922584
0.040162130787336894
0.04199092072412832
0.04431309920283332
0.045677240449663106
0.04485059402934866
0.04219221489956441
0.0388905851395356
0.03577732932221457
0.033544235391359846
0.032665209880904454
0.03350644415461356
0.035412293993238156
0.0367553416273366
0.0366715305788773
0.03609393144563965
0.035804581717847665
0.03652635908816773
0.03892682882836441
0.040996981215911714
0.04184225311862055
0.042462837496652875
0.04336758093276081
0.044809633234674115
0.04810554219260764
0.05298377761288994
0.05692687963911616
0.0587436569546253
0.05864942000446607
0.05853872755280463
0.05988291757959598
0.06191210634059636
0.06233916017324765
0.05999991654834197
0.055508230076076956
0.05116199136107368
0.04879142332179626
0.04849288664413713
0.04890965310032953
0.048413066215948417
0.046698519754726484
0.043886616610271025
0.04058881509055198
0.03808814675874503
0.03686378673030687
0.03661869486931422
0.03687383112845844
0.03703412226676773
0.03743794324599429
0.038292996370527785
0.03901277183059862
0.039452336190680046
0.039626952365062126
0.03990820210508606
0.041424813536894325
0.04520786321429175
0.05026093090244138
0.05381814646313496
0.05445880052989795
0.053154837645918954
0.051233600757842175
0.04970274922255162
0.0488485961493217
0.04975900862628285
0.0531135497507568
0.05746164536544086
0.06060329381323491
0.060513595675090924
0.05685996350912442
0.051550322957138336
0.046766752335282616
0.04363458664579469
0.042014705439612776
0.041304678357741376
0.041030477946974786
0.04075029517907719
0.04074163443597844
0.041540609558461214
0.04331073812727201
0.04538071932789114
0.04687651017209191
0.04740446198622548
0.047352879871930806
0.0475634960366681
0.04804110921324371
0.04730554944785462
0.045340595575969034
0.043713533596893825
0.04311534234635857
0.043324804134454296
0.044529595512397595
0.04574248895746737
0.04586761209668601
0.04592575633170393
0.047067754924585134
0.04820001654666067
0.04788829337767637
0.046449768921219284
0.04480353186288228
0.04394719872920989
0.04368348754560271
0.04316713914778444
0.04177560265428359
0.0400312725611243
0.03893687402427815
0.03864217541390553
0.038219634664640345
0.03731139275296988
0.036569244750008105
0.03561167826365212
0.03382628482811136
0.032802400663814124
0.034039815895161196
0.03679020763311769
0.03930903771889288
0.04017806721004069
0.03893418646342236
0.03727589650200186
0.0376617461982494
0.0413773722244174
0.04699718745042518
0.051825524425496414
0.053683233895620214
0.052350533510947025
0.04915762078510776
0.04588832511741153
0.043878942111702075
0.043361329783155524
0.043115947392936414
0.0422898876935252
0.04058904249535975
0.03871346622257216
0.03688723960765893
0.034271255973257427
0.030915120997252
0.027558757731203313
0.02510788931263664
0.024718862589693615
0.026169514134546254
0.02831966293341759
0.030165908674830322
0.031396754945911785
0.032210924675105036
0.03277419887106206
0.03335016821072786
0.03425622132265465
0.035586629057638985
0.03746865213936611
0.03894458864656437
0.038465168957796725
0.03577979811103685
0.0330768383979209
0.03320496507814578
0.03651150994924434
0.041061333808216485
0.044347785515067545
0.044651781694809524
0.042034812380425134
0.039348541446416
0.03973320310355272
0.04346161652101543
0.04781499087895609
0.050855851147257505
0.05279258495536456
0.05364868050866712
0.05313152078150785
0.0513419122554908
0.04895201961130066
0.046450534145609346
0.044225063088436906
0.04222154080324227
0.04148901767911374
0.04259427443617665
0.04436042282334278
0.045961668667273456
0.04623694729685965
0.044707715727605624
0.04103629310253804
0.036280852051387494
0.032186178225834014
0.030082224171167307
0.029985091414779275
0.031046609316144926
0.03257931811455206
0.033642917903567555
0.03402861105669806
0.03361386332984784
0.03255409642147313
0.031742323851716804
0.031341326262553225
0.031604615741469576
0.03394074842249301
0.03857529818348027
0.04477463799207884
0.051434001356749234
0.05627892702962802
0.05651527514542079
0.05258567879459423
0.048498987452442355
0.04710272914558349
0.04913392523844419
0.05434212548541954
0.060728454093546505
0.06624336499992992
0.07035764003991347
0.07230199798800868
0.07149365917934153
0.06911843808660147
0.06670744543231796
0.06463808876681947
0.06193456986686305
0.05948159744119986
0.05912552442624648
0.061389709936209375
0.06412454045412344
0.06446864069099402
0.06108618137057109
0.05452172428283954
0.04723799467607517
0.04155433502897468
0.03793830615328831
0.03545333101960783
0.03383939486067023
0.03219736146128742
0.03051301565221828
0.029749430277523328
0.029549562909312363
0.030301465055284568
0.03300624634667217
0.03618033152517104
0.03754347677545034
0.037317008980836876
0.03751357972912313
0.038971057803879126
0.04078159069941274
0.042337518872706925
0.044014913825284906
0.04509762396258993
0.044994102897510026
0.04409492924019046
0.04311984363435146
0.04231798189369296
0.04235227792605139
0.043074014998314945
0.043219006908652435
0.041958248519133726
0.03898419214717906
0.03516221715351564
0.032932485474600266
0.03377622898541326
0.03739789347835899
0.041765610679089765
0.04500103381340488
0.045258770638910734
0.04236823829458403
0.03777953005636614
0.034343288220822984
0.03475813218132334
0.03949329262279201
0.04625747615281575
0.05150343551931599
0.05291128919828667
0.051046605201616226
0.04857948180433841
0.04797142363914168
0.04924416022833182
0.05056935216687072
0.05106837427674603
0.05076333281695823
0.049011153187691885
0.045925558909075084
0.042808944183062775
0.041115957899765514
0.04118465388284832
0.04171304523308087
0.04107890017366907
0.039584989789753784
0.038041785401524225
0.037184604712063335
0.03649406832938564
0.03482516482661273
0.03328009373429614
0.033123941761372476
0.034060102418791774
0.035544608327563426
0.0362520553526835
0.03568853116070919
0.035336560544033835
0.03680851141400649
0.03979773520232088
0.04279967439014793
0.04479093468440277
0.04568052455473343
0.04647873396484292
0.04740921376697189
0.04802074316700114
0.04807299359315574
0.04826235684518493
0.04963529410644963
0.0517776147291276
0.05387695266082447
0.0547107316865074
0.05371336372651971
0.05099937581388091
0.047953975582518224
0.04515259439989061
0.04313818067350262
0.04249801148859066
0.0429344497593635
0.043747789062215145
0.04421792309566678
0.0435255300886057
0.0420170862608405
0.03969134666347455
0.03660211596835512
0.03405846019491716
0.0329506908744408
0.03339398981224767
0.035622752821813305
0.03788479122854515
0.03861112307076531
0.03794893784336156
0.03695680041228094
0.037131069406068494
0.03975202001181129
0.044372281622670706
0.049050813444993464
0.05158967072932638
0.05086067825274551
0.04823102898316898
0.045022530949153844
0.04206663190876213
0.039969590778215505
0.038737739999338015
0.037563539428202015
0.03604368770565701
0.03533075061814067
0.03604398371357058
0.037053108705187965
0.037407268008909096
0.03743739854915102
0.037854728926669926
0.038908109726103264
0.03980280329968558
0.03977273009395109
0.03859706008113234
0.03788835868257519
0.03887187804598373
0.040693963272406986
0.0423321970155976
0.044031075773808825
0.04565711467866936
0.04694006845848024
0.04745250756330403
0.047000615048950686
0.046009473892341515
0.04462642414275195
0.042381607853275896
0.04071996828052313
0.04146047659246936
0.0442388316116241
0.04687800180863183
0.048316641398446054
0.048248869858980026
0.04564556941737183
0.04123720591381048
0.03730785891882483
0.035050331093484266
0.03430418658811371
0.03460335700152813
0.03500928623071522
0.03558615260896945
0.03600707994300347
0.03541026400602609
0.035230304737458217
0.03681344493844341
0.03969089322323741
0.04277595608269835
0.04563192815357285
0.04810190988305908
0.04930438661819396
0.048708008509229704
0.04848283215600085
0.05068888108868483
0.054361229631532657
0.05696224987329311
0.05634928823204691
0.05276246899158931
0.04800579826253936
0.04440783938635538
0.0433993129348026
0.043371082594560885
0.04302714921410809
0.04225675205912811
0.04115600022721856
0.0400944583609903
0.03917433541078875
0.03873571431352346
0.03917074751263627
0.040480760665240985
0.04210703901133046
0.042713865501948
0.041661724443471326
0.039979416245132016
0.039136380695279
0.03981292347300901
0.0422862127543807
0.04553589996786468
0.047943117061243025
0.049346522205868604
0.049910704972270827
0.05000848287568424
0.049943585765196793
0.04960961976474926
0.04906179740656123
0.04830136248902637
0.0469360530294151
0.04475755623530658
0.042388442291917856
0.03987184372271124
0.03738451680587686
0.036214813518963
0.03647608135539731
0.036946132659326884
0.03660023291484907
0.03561110829277559
0.03566618355997496
0.038262783900798764
0.042769836547562765
0.04752525670901466
0.05068046315302323
0.05148790139766229
0.05110560697275742
0.05138982680513919
0.0528297483516013
0.055270364709741227
0.05864154759768288
0.06255722904043595
0.06647861695290284
0.06929313727801725
0.07057089795543885
0.0709096104384331
0.07081010886474146
0.07098889566440861
0.07089766294736603
0.06981941228655676
0.0673346339978508
0.06329040962371797
0.05819991017101282
0.05312250990049962
0.04918129762159809
0.04631973644591656
0.043900646415443126
0.0419033757366118
0.04074481884659904
0.040848433568133065
0.04240521238306791
0.04313159431537194
0.04081121889796447
0.0360269106157645
0.032440763663631904
0.033464193962544124
0.039140513884880074
0.04587357491827953
0.04864441613915515
0.04667313371472258
0.042857808678814294
0.04124801825312919
0.04343122987379973
0.04880107699239472
0.05518492555780562
0.060745248900179453
0.06379895064731743
0.06409881933496708
0.06312828597928445
0.061753613608552825
0.06014856535862348
0.0582606975045867
0.05637594284791366
0.05556584466932912
0.056508635071114324
0.058306162885049195
0.0593703282591423
0.05893387515411294
0.05620827203478115
0.05160536081950434
0.04658878830031937
0.043273432005686445
0.04285417624725915
0.04410333941683444
0.04603873348400708
0.048411799874316576
0.050725030483984135
0.05116274196283114
0.049242925105004214
0.046148283002298236
0.04297751398673315
0.040554760076137654
0.03994061772989204
0.041995437777245646
0.04646051489914694
0.05212560110926035
0.05741706233770999
0.06118717485933816
0.06278172837592584
0.0616129500308575
0.05768721481034312
0.052917023230776544
0.04915622302033714
0.04620536144261837
0.04361179417460211
0.041316131522090835
0.03929784707407688
0.03749629950060005
0.03561323843324252
0.033554685856972744
0.031602099238164615
0.02997208846506989
0.02942489717344588
0.030692707120398198
0.033132120519200885
0.03547769676919985
0.037007057178227734
0.03808964519654406
0.03899892210214882
0.03946677496196211
0.03906821006989843
0.037910483479720966
0.03654629475362168
0.03571398805430854
0.03589622799012054
0.037349905326109094
0.04005181961022461
0.04271600340376927
0.04390423625160541
0.04348444063029503
0.04302836947969388
0.04355308294150234
0.04496598902346036
0.04627484242538337
0.046822916212636984
0.046311951885059544
0.044514702987577946
0.04137275231858685
0.03791284711556153
0.035246633643418415
0.03410902323536141
0.034825562744959106
0.035487807765776924
0.03429958604754212
0.03253753207670487
0.03217000605117101
0.03354793832763416
0.035695225332879346
0.037335122245604556
0.038432417674775156
0.039088579464309256
0.039408693741901916
0.03950761110029897
0.03996646472846767
0.0416685307788907
0.04369217539805404
0.044553144890193026
0.044469811932936795
0.04513243575927272
0.0474578600758592
0.05027013255382001
0.05239478552030018
0.052872793063550506
0.05112361155054861
0.048239817588310294
0.04599945245158262
0.04516189393811821
0.0460114176436389
0.048033070564452864
0.049961632061026794
0.050569463890908085
0.0494994641959517
0.04769633247061527
0.046928871243240605
0.04875073924289068
0.05249538505639662
0.05656525496762449
0.05949401606045796
0.06054698464833818
0.06033226340876957
0.059741609700353346
0.05913994265944196
0.0579511168838022
0.05586641408406595
0.05349832920024579
0.051523440947552124
0.04982298422938732
0.04809012708518053
0.046106522431083895
0.04359014038857977
0.040982575203755284
0.03947554413756975
0.039528277526764674
0.040533730315026724
0.04110985111813634
0.04075312476116068
0.03999049901209213
0.03899156192692936
0.03695016313952141
0.03397807913910546
0.03121240631577188
0.030359529224024132
0.032447138350630254
0.0364010546212028
0.04099880286542786
0.04494084685431342
0.046679667759585326
0.04626694716705282
0.04589208685437811
0.047629202105085165
0.05197473155075759
0.05736228153516133
0.06151542138667102
0.06313891599094251
0.06231044128285672
0.05947827852035309
0.055026523031281416
0.05025629813676129
0.04644245970067221
0.04480957504869881
0.04625758439037812
0.049980799199384536
0.05454652642318425
0.05730703453890987
0.056809136395897374
0.054281224724793506
0.05152791989973598
0.05024711055015307
0.04983818339644859
0.04909119639551983
0.047924543965640116
0.047401832236780295
0.04723034775461317
0.04602701882639365
0.044798253663898044
0.045104479584097135
0.0466675250793071
0.04820871791857053
0.05010899394820559
0.05246621255615014
0.05431383561045261
0.0546827128331202
0.053325890835302085
0.0514965493976923
0.050144885614845154
0.048654328227710056
0.04627913015606973
0.04285126841168914
0.03854232214314958
0.034500565911099006
0.03187541495926008
0.031140323411407836
0.03271091313839485
0.03604920078840943
0.03857345646170433
0.038426815743912275
0.03656755385020418
0.03535448411914162
0.035908451087332205
0.03662714751219671
0.03678422680598336
0.03764784577521551
0.03992904001985643
0.043391092996744415
0.047056924954836835
0.04988478133951612
0.05169581819678779
0.05299296255644168
0.05457051123900357
0.05616433162687084
0.05626834977228683
0.054021449093466734
0.05109754717614539
0.049611440024817405
0.05039835814125996
0.05267626256022037
0.05452877551642222
0.05530460164261183
0.055151943712563406
0.0536476212232629
0.049626421010011836
0.04349586593916517
0.03733151068274963
0.03355628912406536
0.03338006778620874
0.0359067946789053
0.039092162337723065
0.04081815489440406
0.039718565284415294
0.03770636836188021
0.03740177347730545
0.039846588656478006
0.04484856972592275
0.050693767713289706
0.055726666279700965
0.05902820552319306
0.060517537627981365
0.06164957105933948
0.06310411011215183
0.06442741775237024
0.06508524361037173
0.06433229726858547
0.06364534586860651
0.06572739183496064
0.07036613801405339
0.07441731184093274
0.07481621038167312
0.07190298662147494
0.06746163707534938
0.06258584195188245
0.05815237984953845
0.05498556042344665
0.05372029012675903
0.05307481100650065
0.05162377595996798
0.04909753530074503
0.04635748350591214
0.04476701154222588
0.04490484069158767
0.0454201201827575
0.04454458439128398
0.042189871900014816
0.03896234118699923
0.03581567079581747
0.034189249726555314
0.035182549688954075
0.03825654407730202
0.04147369345112394
0.04342720997954674
0.04426285503824852
0.04472122512094337
0.04471053598989207
0.04374105168860771
0.041900941527434316
0.04031666864295291
0.04062169227760828
0.04383609112924578
0.0491702926148962
0.053875467304704966
0.05587727668832869
0.05525489903651344
0.05301842178243686
0.05098027086998694
0.049429089958619415
0.04854246340167982
0.048803893679978456
0.050716347897508895
0.05318288826526814
0.05388420440073673
0.05220247515105729
0.0492638047635581
0.046798427945672336
0.04525160592829141
0.044498498759978564
0.04481835318758975
0.046528839707204436
0.04906905531821378
0.05121696073808461
0.05205776960451207
0.05120076393506554
0.04889219559705172
0.04647429341841522
0.045732769833279896
0.04771618988021209
0.05102638621625133
0.053593860233271284
0.05465472740006613
0.05524941837602672
0.05733550181004802
0.06073253405234822
0.06335803205450788
0.06325467291110805
0.0600504056170084
0.05582042904390115
0.0533173463912496
0.05267450361611827
0.05293756648361529
0.05300333642344759
0.052126118928656456
0.05048638502345885
0.04786177919512079
0.04471247355952846
0.041927815660671025
0.04009736542057915
0.039142788572249655
0.037765802687383866
0.03547602322747611
0.033577198491522936
0.033293383057503144
0.03509916348226333
0.038951821745046064
0.04274290811020229
0.043624771780687834
0.04104280070043224
0.03802971751577974
0.03760597607528712
0.040276942267854124
0.04566447050181243
0.052115881401041717
0.056920131132737924
0.05901767339906712
0.059576469913398246
0.058866782183206776
0.05634607437888698
0.05324503676023056
0.04979179646250442
0.046482448266750964
0.04469217436399672
0.04521542611359809
0.046935542418529826
0.04778577631750983
0.0470333836154983
0.04527384632618766
0.043567899803256975
0.0427703963628911
0.04331261421712054
0.0449473709551419
0.047059138778328055
0.04897221712075677
0.05044407561011678
0.05165180341965479
0.05247566933609105
0.052158023168319974
0.050112198440409324
0.04818920174997444
0.04873633755371483
0.05105653748679857
0.052909893815723204
0.05303531362711396
0.05215019818738989
0.05014541351292466
0.04649421577553199
0.04264112950714943
0.03941971350134608
0.03711702895342476
0.03627180923875702
0.03726636992440552
0.03917888035430472
0.04046596666326848
0.039752759135755183
0.0378702729875234
0.036483887504477175
0.0361064673502888
0.03681764285942054
0.03837782093131007
0.04037798260249014
0.04241688229546332
0.04443375699235286
0.04710625762102118
0.05022434999609115
0.05272514437392862
0.054197620583587534
0.05474172689523515
0.05356455284136125
0.05044641202128562
0.04664029637608217
0.04436876354007691
0.04511169053407236
0.047810253355114914
0.050976404697738883
0.053408978070814225
0.053339250553214174
0.05005960866985395
0.04457706450707875
0.03841598422562256
0.0335000097414592
0.03179465294494045
0.03358817209380952
0.03656577286950303
0.038407097691999854
0.03910131164405202
0.03936437904248092
0.039541450240947525
0.039772008855161564
0.039310123287708824
0.03820937419360768
0.037478335854623186
0.03741991790179907
0.03790980794646425
0.0385376163479395
0.03893123653946123
0.03900119526542941
0.03863545240693962
0.03864856431795537
0.041061461955098
0.04608312548283679
0.050658737393559077
0.05141443072917463
0.04821724172884047
0.04350020247508079
0.03988885577761747
0.038944650450994586
0.041324625453187304
0.04533128832431714
0.047343923653913836
0.04500300839781143
0.04011372412002972
0.03649269816872585
0.03598552653109481
0.037322299023868764
0.03901880513481545
0.04075845562676968
0.04227531635901602
0.04327969111831196
0.043234835933324556
0.04221601596194102
0.041021063721921484
0.04021426718664018
0.04005186254575967
0.04088443348726147
0.043477671655551574
0.04731663701536313
0.05053163268741215
0.05185893824735561
0.05136314287359429
0.04907717886382166
0.045950793005024915
0.04329135697077774
0.042130224572895905
0.04295161561248011
0.04562837437433984
0.04848858015550117
0.049596446730407265
0.04811363574112634
0.04461526689355785
0.040704261868648374
0.03817293374401285
0.037717676948267685
0.03960010040868278
0.04220519553633766
0.044378263559104396
0.04575395507322742
0.04629901177865204
0.046873407948923196
0.048260004787962725
0.05049936172437583
0.05227039016113694
0.053361968830008384
0.054376865165254716
0.05571114939806835
0.056649502913643124
0.055700382298847925
0.05294360593802393
0.05009589756899013
0.04797842026612993
0.04571450690781998
0.04282992677698216
0.03945501557646008
0.03639895294287953
0.03426059483170477
0.03278858566019376
0.03162460526473308
0.03053880042957875
0.03017148316227973
0.03129199437965978
0.03373074268406084
0.037091327269734166
0.04072282142040007
0.04387811525249278
0.04591527077399604
0.0462328978331808
0.04514058323665781
0.04309554443864651
0.04113194669161193
0.0404691823871119
0.0420753405981324
0.04545442190309308
0.048892419335021246
0.050888376468193774
0.05057994297574522
0.049247528282680225
0.04924910291754978
0.05114286642834834
0.054421880926968716
0.05799578491280638
0.060501618536344136
0.060672558657873625
0.05856707879726927
0.05476558433831999
0.050224035621946286
0.04748412048204422
0.0479592806164587
0.05073757607822213
0.05268338777430565
0.05191399246198207
0.04866692294873152
0.044831967445177937
0.04281884818352022
0.04282404503639993
0.04362201849193834
0.045522307663067745
0.04825713751211339
0.05089597125957467
0.05355486834538071
0.05607040900796985
0.057492587428862575
0.05790546110496673
0.058478532886564544
0.06017222162252556
0.06215642366771415
0.06258690064684243
0.06082826495615837
0.0578493005430809
0.05478180128839015
0.052731735314726934
0.05137297180893136
0.04958241365832265
0.04693890363877313
0.0438205258380266
0.04123150262285492
0.0393887235173649
0.0377090675325954
0.03621615389734354
0.03602500040540549
0.03706797205389212
0.038318316447735874
0.03913597663024262
0.039306484142450936
0.038713870212011815
0.038252323560267934
0.039570762042273784
0.04262418193892364
0.04580335543731407
0.04788444722531447
0.04965126413277544
0.05281749745214174
0.05851967213561884
0.06565632688550406
0.07249253060353247
0.07675188555636545
0.07699919292634255
0.07440288899160245
0.07062643516643768
0.06766546589528545
0.06629973141202725
0.06556986612569606
0.06384196119720212
0.06019941550454224
0.05440269954573528
0.04705677353477657
0.04001190093441426
0.035274629421515574
0.03382872321524554
0.03425275034847668
0.03487327344321934
0.03582674570340183
0.0374213533581163
0.03981498556786922
0.04303159355799209
0.04640649711051655
0.04858619667493799
0.048391719616617
0.046059381593571834
0.04376385858810962
0.04289269868571444
0.043065772589299105
0.04392105055939479
0.04526537866888311
0.04641922549139957
0.046680542400162936
0.04662149674240098
0.047220209072907325
0.04918666328900433
0.0515693538733599
0.052784457444593216
0.052112173077795705
0.04949095583139775
0.046141813282823144
0.0438169538689733
0.04339977770614205
0.044844237959039655
0.04723814656236689
0.049366563543833786
0.0504319345233946
0.04995702926431938
0.048502968910361315
0.047525385172386754
0.04758859325897756
0.04790048226174971
0.04747368503919046
0.04693273828857645
0.04682085984040051
0.04674083837895272
0.04663993941309673
0.04636564945354848
0.0453422627827747
0.0440888867619544
0.04343734235491767
0.043537322182212596
0.04397465774232127
0.04495375534661096
0.04702637451304122
0.049007417353073214
0.04972833575205984
0.04892890208185141
0.046743510185466866
0.04476874560086016
0.04459491705552166
0.04547511377817293
0.04500986260362983
0.042494163322826184
0.04028133950225581
0.04064130083142821
0.043037985025668274
0.045384902395148294
0.04619879460854356
0.04639126570798121
0.046650638403279605
0.04619586449348588
0.0442075172805358
0.042067502238259974
0.04164304190233738
0.04299222168724709
0.04555576210027075
0.04761966197358619
0.04894490505134423
0.05074241058658696
0.05339086179119923
0.05459428584469514
0.05312824709613005
0.04977942541564969
0.046488530771677625
0.04421078966572181
0.04335555631686176
0.04353967819009356
0.04398614854346542
0.04401194410838348
0.04341360044293538
0.04206955078084084
0.03925903583711213
0.03638157333400463
0.03483824185881516
0.034452581076961586
0.03487885737956264
0.035943644703375806
0.03847172688129572
0.04229346367085763
0.046457151329049616
0.04967915061875749
0.05152284506013744
0.05271734233790445
0.05352606113319126
0.053737225599899886
0.05360200775347089
0.0545831453276774
0.05677957635191459
0.061029257210918515
0.0669387434187882
0.07181905796376202
0.07372142846431153
0.07153818745009945
0.06497231501736572
0.05579733782601367
0.047976053451866695
0.04428863564527748
0.04403012793635692
0.04483676129013156
0.04408980654597899
0.04172075336778588
0.03902662362089242
0.037002805923207
0.03599028820357192
0.035793208053403705
0.036857786981562356
0.03980643813169675
0.0435509862574113
0.04614847198253539
0.04647581094954288
0.04478748725513784
0.04194363855613102
0.03939394575016415
0.03735097025263375
0.0349303014988212
0.033270527117968685
0.03305253240575452
0.033762524117330175
0.03363506763469092
0.03178980388890052
0.029467106250369027
0.029323974910170404
0.032060494363012434
0.03584611054545612
0.03839927876073521
0.03939717772385728
0.03940966384448881
0.03886905673692423
0.0384908223123675
0.03971984977006771
0.04283703301927781
0.04527788192406438
0.04599212918686202
0.04483621323474818
0.04168997032538376
0.037953328227825114
0.034937791106027904
0.03354549011761442
0.034073477087695904
0.03522857838582297
0.03585250846864406
0.03580590348901389
0.035210284885291834
0.0346133186055595
0.03407184452545437
0.03282398353381436
0.031387417268528534
0.030809588327458934
0.031372956388389064
0.03307217225384453
0.03515558639565239
0.03684282015697736
0.037063305228524815
0.036011642937849406
0.03563544143442955
0.037176958754750446
0.03935452906340935
0.04025266080222649
0.039388026274068885
0.0373145939746859
0.03512808612096816
0.03366325716430929
0.03316823024522058
0.0339953966441265
0.03608791499861147
0.03904119093796791
0.04190344165511205
0.043901612654356555
0.044362760946211305
0.042885635164458605
0.040119057296393326
0.037817651398692025
0.03738793907175084
0.03912135373120969
0.042079369872931136
0.04458836488076503
0.04503787830759147
0.04221748434341437
0.036879004554093854
0.031876021439711605
0.029307851526485296
0.028905770066647532
0.029389769849153233
0.03013592536375874
0.03026368310992292
0.029474486521560803
0.02901499704917695
0.029625725760877138
0.03057394435495469
0.030876878418797285
0.02987864576908972
0.027969599006802466
0.026489221253799804
0.02678154756817992
0.028395940892086226
0.03080037131388655
0.03380447379751403
0.03650538233424656
0.03814386913261663
0.038147327975383526
0.03610371214089026
0.03373526428664502
0.033135909278273916
0.033481510531368414
0.03354522183464099
0.03362498853847097
0.034255912083911134
0.035436472778143976
0.03648316699459748
0.03727474490136765
0.03742687138030549
0.03749463811808373
0.03816639691765951
0.03931388993583319
0.040604596675326884
0.041798972785674654
0.043044931714713554
0.04449549115496505
0.045719146330392674
0.04605055682794633
0.04516742450602894
0.04332575905481135
0.04148384275654575
0.0402909489621845
0.03966814138390511
0.038795456826207546
0.03669113402846675
0.03357613720975817
0.03204170280938924
0.03279898838071818
0.03346265227360527
0.03271321648712538
0.031064052715323764
0.03044827455763646
0.03214875544734431
0.03567150021666325
0.039152947248325534
0.04083133990762731
0.04123729064956228
0.041684669257848556
0.04219774613460401
0.04237936000971534
0.04197612641484915
0.04138582580349183
0.04233765987047215
0.04451583177187806
0.04530921092445071
0.0427546516488055
0.03896614944436066
0.03671982567058471
0.03658528128407358
0.03841021652199189
0.041249203424427706
0.04406105891439014
0.04648920699656082
0.047685551060511866
0.046784181777631634
0.04432119434425037
0.042719413964969234
0.04397004094990758
0.047724453784853176
0.05162752985695917
0.05348745817037333
0.05290536799591292
0.05088439281958254
0.04760851078612001
0.04302873189718422
0.038587885449136376
0.03621911237845601
0.03653767572739048
0.03883457149402271
0.04036566831677545
0.0396086009401405
0.036911820037758954
0.03365861590412942
0.03117400918057741
0.02979336738916893
0.02945912525966207
0.03024249337402242
0.031787033882752135
0.03331333483759692
0.03451480837755439
0.03503740999941218
0.034839014622424856
0.03597047032199146
0.03978005718496411
0.046379204244324665
0.05452319323421805
0.06088160868343223
0.06270183373903929
0.060219513040825345
0.05563825413693605
0.051763848857904506
0.050232281980841724
0.05133764070816938
0.05444351932114805
0.057312818357479506
0.058302972417557344
0.05762748685777424
0.055423147779335914
0.05149871295182111
0.04623054672738587
0.041409538306800206
0.038441697150104454
0.03726668109567622
0.03772492089271193
0.03997458472866417
0.04268205992363203
0.044999124394142984
0.046568904856078376
0.04765686399744058
0.04813057934418644
0.04720604259764758
0.04542246531552009
0.04342869389624861
0.04165870118289945
0.04085278482770866
0.041369428980829286
0.042902512838331505
0.044280400633723446
0.04489104677063411
0.04441117649814249
0.04299201931611249
0.042744851619265306
0.04556601277865577
0.05092028960092578
0.05717720486950917
0.0630637143809134
0.06715454817501877
0.06961312979090022
0.07008828896888675
0.06893843677161547
0.06744342218567037
0.06622826170692148
0.06490925828952594
0.06323753290154825
