0.0
0.04273332278774853
0.0377858806387408
0.03610445210558241
0.06394813343597752
0.06280236438903682
0.11286504905717092
0.11612215669052922
0.12973746375670994
0.17341679004358768
0.20205591830980907
0.20938653403770174
0.20720527342885994
0.21687261316674947
0.1998571617670603
0.17221598624758902
0.15042320919729965
0.12023067079404604
0.1188839974652509
0.12680017953055608
0.13171704014485028
0.12069344618120383
0.11824487043526592
0.12637000467212559
0.1272689478122902
0.12966850799217025
0.1346051082772001
0.13061900763771625
0.1285948240115381
0.13499375947096579
0.16220855489295483
0.16227274121458646
0.15728725881418534
0.1925730418768129
0.21671479059119833
0.23385180294025545
0.2454266296513255
0.22396782710301258
0.2293423067236711
0.23878460008566516
0.22790337099879926
0.2290177385663195
0.21044512610435764
0.18540891081478053
0.1696737910252691
0.1768070741660569
0.1728181947535122
0.1595494740735897
0.13338184229812125
0.1381946716423737
0.1460823181895179
0.16248576069871726
0.17429761008401665
0.19827256709715738
0.2175377419333253
0.19992521714763967
0.19235432511284264
0.19348149262306477
0.2102333605011386
0.23018697331591262
0.1905644403643624
0.1811531426676273
0.20563061407500208
0.19622602307929282
0.18013147117643094
0.17603710658764565
0.1910396251844337
0.18669237609246017
0.17789870967778867
0.1721754787882911
0.16402531499616016
0.1700182570070361
0.15985688191861458
0.14635582145079104
0.16193106785885683
0.16147172578300478
0.15806485916188354
0.16602373865209327
0.16215178526371257
0.16011937225721642
0.1502418601499275
0.15177227318188907
0.14557482787884787
0.14731140154079783
0.12192683536026647
0.12807477671756906
0.14978716746529977
0.1399484291536273
0.12440461889459563
0.10016194385576506
0.09163635537550527
0.10272275686060683
0.10091406507991232
0.09193623841660394
0.11063581520871488
0.13652298711675576
0.1407816404196429
0.13584321492649307
0.1529463353817276
0.16276477555824184
0.1591340774523603
0.1647455689486964
0.174585654007791
0.2103134406701615
0.1894914900721156
0.1807022223637828
0.18914424882448175
0.19903645366679773
0.21689523739982508
0.194007559769882
0.17503020259203755
0.15082873243020326
0.14607670797490513
0.15267615293495113
0.14914339079599015
0.12781337036405838
0.10833899712108098
0.11778333417430271
0.12502517474172525
0.12672870829298977
0.12711602244435077
0.14258496059509726
0.17534305177968224
0.17824077735943206
0.16232422023264148
0.16575933851587077
0.19006306156919792
0.2150439607554909
0.239748774315489
0.250126454061123
0.26503232269379295
0.24565396147511168
0.2471746677956375
0.2438193320819092
0.20611305135653152
0.1793081774961843
0.17822876576070165
0.16562215077042666
0.1379975833604471
0.12797123076158207
0.11679015236262355
0.11319760707038205
0.11363201226419725
0.10736527158404997
0.11833635594378022
0.12134596952982588
0.129127333213778
0.1326445163693544
0.14451278639048767
0.14683818778869057
0.15198017175897002
0.15698333733545436
0.1723482138937644
0.17070662967143801
0.1825627782348982
0.19208328133743335
0.20673044009266894
0.20610833455422323
0.1969151516312406
0.20088460348706713
0.1773278129111298
0.15956521948889793
0.13716696080694768
0.14556118810415258
0.14292261103148235
0.14168208136249438
0.15769780892135263
0.16080514233028828
0.15695782595518326
0.15690553577483576
0.1917094213003707
0.18658574790579313
0.1874732265511091
0.1950009740818773
0.19732599609749532
0.2146121703026266
0.24246089163535509
0.2550093251994922
0.2495322354213636
0.26581823432871515
0.2504867525927527
0.2332805773853258
0.24908620789414707
0.25483545288661397
0.2373946461122757
0.2055869377978661
0.19629266649837362
0.20499873559120677
0.21825473813231333
0.2125831812496742
0.20382369793962551
0.2296911883620408
0.25703362957881726
0.22239667679901412
0.19705416446692722
0.2220402914685267
0.2438764377362678
0.23619294855983192
0.21688047888042375
0.19883809376413505
0.19893155521382908
0.17732340977360894
0.17223377275107118
0.18759007511113387
0.16728047652559347
0.1550505032722029
0.14613187027003255
0.16272860863173302
0.18289029976819737
0.18738973790889257
0.18512291284149776
0.16921563707662812
0.16233727072083415
0.15136879210860466
0.14938932744615704
0.17131319860653135
0.18521850194829734
0.1804942980150867
0.16378871260426267
0.13958748813489666
0.15098921469553048
0.18302573349532086
0.17723597487571907
0.1580779334383146
0.15101099913442897
0.1497439876705702
0.16620232747459296
0.1825415047610213
0.16943162759449432
0.14340488708624233
0.1308817791054202
0.13161550484802048
0.12718866873326243
0.12867756257879773
0.12580237956789542
0.13605366419061862
0.13386422880492235
0.13213219002318866
0.14229083084383168
0.1346552277520144
0.13364172367063776
0.1505346770897021
0.1544908973994442
0.16905998099351527
0.1737319106061681
0.1596189373869043
0.18698458273714735
0.2096335563251775
0.202798725884466
0.18880488841717144
0.1652945126541025
0.1640987410875696
0.1716751654540651
0.16035794053654628
0.16170640283826157
0.14891029483738907
0.1271674293222465
0.12262738360577449
0.12713860823411632
0.1296410806584483
0.13444452850234426
0.13040784459556212
0.14131846044489624
0.15606678271549262
0.14110952166882723
0.14260194480758337
0.17299812415035912
0.17924558057068618
0.16534763169006586
0.14859621707123324
0.15408900530265318
0.15451144093684707
0.15574151640463216
0.15596162439424904
0.16094234259362614
0.17207329593601464
0.16117406928145334
0.13701708127792214
0.11737987362696842
0.12528717434308437
0.11911971126988821
0.1270134884644767
0.1320194027288168
0.12067744649386992
0.10856549408071144
0.1109925447498134
0.12591083100120926
0.14452268741463814
0.15249110026421175
0.17010383793701633
0.16312945014503225
0.1538398075953912
0.1294613691047256
0.13366962867040277
0.1357946233542531
0.11527918013168845
0.13540556884299693
0.13517925966847127
0.12643042738557622
0.12141912711503675
0.11321315917075496
0.1241997584028838
0.1345652868326966
0.12384262333406065
0.1176936673288112
0.1237953229302386
0.14557346810141336
0.14423245940435792
0.13899049571514466
0.11923569247958118
0.09908579769304442
0.11988901404152574
0.12451968547794016
0.13439500449799943
0.13607883585519323
0.13414564125416353
0.1280351670805685
0.13171616829162164
0.1219690395930679
0.12648205457494477
0.13504765033739285
0.13996524016593626
0.14024614212270292
0.1353386937780135
0.12615823517696725
0.13118287041209972
0.13745562830964606
0.13920060374893925
0.12853804745545208
0.12569960149307582
0.14435859603561463
0.14251792418416512
0.13363804539151594
0.13203897685625215
0.14118809836171256
0.18151718952346105
0.19725147201516816
0.1942636646111555
0.1614156284114297
0.14043853042274598
0.14839731980845233
0.16142068661282846
0.14838279579593924
0.1443274231816927
0.14949529952829155
0.1456299295697001
0.1423954230785065
0.13671667583145944
0.13211529128377977
0.14783846370361495
0.141832026968564
0.1349617061731661
0.14101732917788398
0.14276048193972304
0.15465503371389525
0.13792533570503226
0.1320584642372786
0.1512622930756427
0.14776873979543603
0.14084570084181952
0.13519189931761097
0.14360558050077613
0.1619358441511089
0.1553404242128879
0.15868402922429692
0.1576524583528151
0.1486415954259394
0.15259791922498883
0.13981516676867575
0.13360031563083047
0.14396593075745504
0.13529373285828
0.13426058088533002
0.12223771047137351
0.12006860772334006
0.12317213539756838
0.12110465967721935
0.10891619770530306
0.10326084721968339
0.10135237070972171
0.1124821923281138
0.1295433295027272
0.13907326638273346
0.1220520896166632
0.11768491447015669
0.11807363546090542
0.12284857954564608
0.1479825361353089
0.1468820968266228
0.11532832860211022
0.1249772897612849
0.13817057750577752
0.14958449299163942
0.13868161105886817
0.13928139353554425
0.15366329554747615
0.15554601128765164
0.16889372860219604
0.18818125524708817
0.17025647502828486
0.15152819521832409
0.1283937531576656
0.11865858978178076
0.1257273298421605
0.13160041716821017
0.13178940231158953
0.1344599152930719
0.14642143520122713
0.1517836545097221
0.14986053531082758
0.17327053391979422
0.17532326031063492
0.1774065261033038
0.1909636068469926
0.17499004176003244
0.17618419607221006
0.17281044582638067
0.15597264991062249
0.17355195629532674
0.20309151046160456
0.1938200490535731
0.1775726025485338
0.14458442398264565
0.13677805359075923
0.1719158024553209
0.17836074425409054
0.16996692184148984
0.1649931872844754
0.17131891124318285
0.17000380777433263
0.15238371846381316
0.15239787488671835
0.15129500824633474
0.14824267732190566
0.15380996286920093
0.15231444489942703
0.15002122534887066
0.1362623729917017
0.1378412133950482
0.12688362742344753
0.12162368421332409
0.13834667905119397
0.1600347276101544
0.1517935378209659
0.13785426757071795
0.14423689676326057
0.18086227849424003
0.2029813598381406
0.181442404087995
0.16312299606849606
0.15553764160044348
0.15807324848749998
0.1721824222678307
0.17996199900547416
0.15801045185133722
0.15560643878761804
0.1473690546773699
0.1392291733793121
0.14357692301961708
0.12455734419554747
0.11640835018406617
0.11039333041243618
0.10579433055356581
0.11702966334648834
0.13085862639192591
0.1353425653772091
0.11659148177104485
0.11971602283512581
0.11594470810547865
0.11440350491108729
0.11824105455923385
0.11449340736008354
0.12266391484442579
0.121760272230049
0.10760970170514925
0.10579853776913131
0.1260554360987335
0.11949149719973194
0.1136013004780578
0.11282924054155044
0.112474847392743
0.12543105119393738
0.12715075328017858
0.11325506531309183
0.12354581389950758
0.13229546121627533
0.1259785873050501
0.13014085491755925
0.13484753471325053
0.15032447143202401
0.13378900480067582
0.1256700087984594
0.1268307689962037
0.13291467813709873
0.1267209696461688
0.1127237790420824
0.12434847384573139
0.12577935445917532
0.1257945525093526
0.11589171208844404
0.13261325554618278
0.1457160184086126
0.15052490955398656
0.16912623287592735
0.17971635130718366
0.18463339353384944
0.16782969857857338
0.1290012778315026
0.15937605990247286
0.17316198422049142
0.17843582312687944
0.1841930857767339
0.1768604644609295
0.18966428923095854
0.20039385713621857
0.19453556624860704
0.18897640607790142
0.18332816081835557
0.16739597178687016
0.15253942131962617
0.14865047212337054
0.13711231916948785
0.1288533261195867
0.14867772264564597
0.17569715674677383
0.16454310281524778
0.1353460664641142
0.16089018745348968
0.19742949313366104
0.1848986636015175
0.15538412675865532
0.18275553118341228
0.21153879040533044
0.19182650934164985
0.20725804187494365
0.21900168074848678
0.20016296408128798
0.18903410011750454
0.18568074376883048
0.2078367534821401
0.21731055266147348
0.20597902640623364
0.20852663657817705
0.20775520573177483
0.18505753698169444
0.17211147374954225
0.1733361752423734
0.152006141192581
0.148824999296649
0.15549792046828068
0.1532081333064205
0.15524944392996015
0.1627526271516255
0.1583252904161321
0.1643905803427404
0.1715112363388154
0.16656735361547195
0.17498543673565548
0.1637143858670129
0.13507496607319885
0.1379904534681974
0.15313394783054532
0.15077124107245446
0.13112789646144374
0.14167996460168675
0.13910704674979313
0.1332315004801826
0.1522186759855719
0.15134764900264938
0.13662642243875955
0.13716617463809497
0.1350954256626747
0.14563279459094666
0.15534616436055587
0.1479313752596988
0.14524387929310126
0.12579422083987157
0.12656296427787894
0.11695306536356215
0.14396489086528688
0.13972251197077248
0.13032523787048195
0.12792255912254338
0.1114623005552347
0.12033327701098097
0.12398065227877406
0.11852488557505861
0.13294106439681924
0.16554321578870515
0.16377168118802188
0.1698237638822443
0.15884431903138005
0.14030982218314259
0.13837112330918294
0.16383928901843434
0.18701685200285237
0.1863775158380498
0.18309543774643772
0.19218552285069693
0.1805728237561533
0.18313029655158414
0.16042379810914048
0.14936019230997397
0.17271512805965866
0.19189271285115553
0.1674888579310407
0.15584934960708355
0.174901333224276
0.1827419264240504
0.190405406805397
0.1916048216528701
0.1904706873623439
0.17735715706723001
0.1696824723229398
0.16416148861889124
0.17345806478245854
0.18227737061143928
0.1715266429895556
0.1744221140500774
0.1517458159664617
0.14333982460228928
0.15998020462256976
0.15584008388350468
0.16027807706711353
0.18391508571643714
0.1965226151427835
0.20069475961461797
0.20789286650768887
0.23122963010690942
0.2495492701576169
0.24869006991678846
0.22139904044291625
0.207880797661761
0.22890285966486595
0.20016641593974543
0.19818464461956647
0.21067236371761222
0.19163937811696763
0.1787292818000435
0.18424488075857504
0.17211331754099207
0.1664255672184322
0.1439236175729057
0.13521676291031712
0.1557166499792366
0.16240194828224633
0.14437215003557663
0.14872190900310878
0.17107278569654216
0.18556555180156833
0.15466814211967989
0.14525372676253304
0.17059434307246138
0.15580676647921884
0.1464141911800649
0.17191073866467482
0.1834647674661612
0.166025017183181
0.173922401331223
0.1767812721188611
0.1787872324699632
0.18078715170558313
0.1745234821448093
0.14260480879926044
0.15640916278840847
0.16776954039914388
0.15031277523412773
0.13742231221876905
0.1291467407388223
0.14046590291809516
0.14046352231826795
0.1359043251534369
0.14245412539611266
0.14780818964824907
0.15951959881502714
0.17443659169472517
0.18584774445149543
0.19496403039357282
0.19504521669104574
0.19211931399199933
0.1939966181519275
0.18357861690775706
0.16119627887694238
0.17380717012770228
0.1962695589497329
0.17622297660012146
0.15701349417584987
0.17542284646987055
0.22010078176729655
0.21042523771823848
0.23410867354999498
0.22839455899916472
0.21195254481228087
0.22260079097318783
0.22643454225130874
0.20607229407932193
0.19644664369348747
0.21386536901688716
0.21665318766871014
0.18990553208061361
0.18074752199126523
0.18956755639715017
0.19054725574194536
0.16908063059822967
0.15739937205120197
0.16277455675528293
0.1481753651942047
0.15399087446039492
0.16879477820620714
0.15884386384514726
0.17250546014464882
0.18636382712649344
0.19361251589636375
0.20177107979816383
0.1814771761427783
0.18824083078945997
0.19763599353976655
0.18070580682969867
0.17343885786531912
0.18337503074462438
0.17979239386910473
0.16457601332698504
0.14708880621870035
0.18671478890193874
0.21421226720209854
0.19656950701258025
0.1657286091914746
0.1475603944033271
0.144682599184759
0.13539858157631782
0.12458285008922816
0.13620024706542116
0.14209817538101072
0.14280001507608206
0.1490007744601703
0.137127370552751
0.1349439665457394
0.15824899658922661
0.1819210812056322
0.1683218208255431
0.16413277562849696
0.1758856696943348
0.17099348015055307
0.1809262079078979
0.19338130240992468
0.1982507899665824
0.2001872430660396
0.17769764487270556
0.1627132114086286
0.18278160671908397
0.20198502769235865
0.20341655448240317
0.20681810805762119
0.20491317150666966
0.1974276743098533
0.18230291477759844
0.18602304912579173
0.19825224355265003
0.20491644253496136
0.18121593494358765
0.1438515229438348
0.15875214568585325
0.1528148609035217
0.1572711640376844
0.17818948177172805
0.18464312102674288
0.16612629447367103
0.15984273296828483
0.18377661299656656
0.20162948590300842
0.17794675000321733
0.1801311166816885
0.194633112660262
0.20074199654201272
0.2007903349301945
0.2143961841249885
0.2091984346069148
0.18874940792660216
0.1809161786439499
0.19330063486076815
0.1740433208233923
0.1720558336099874
0.18190566030006242
0.18712163476779362
0.19426553626262477
0.19049335701561174
0.18746568162636956
0.2031293079018628
0.22387955379633726
0.20919408296828312
0.20255401937570913
0.21450529267718121
0.198303440082858
0.17804261865924556
0.17965699022091966
0.18045123788601017
0.19200896996337818
0.20316128650776127
0.20538749929983446
0.17638684152928696
0.18511081652855677
0.19973356604948272
0.18162460898781135
0.17524472893635104
0.1948467164260002
0.1976410662264401
0.19002936266740642
0.16617152199372817
0.15309375520768712
0.13655295608536028
0.13048509669591757
0.1253931089207472
0.1570845348247363
0.16502335061322598
0.1571212757273031
0.18779706110889746
0.19061903758730203
0.1827768002176188
0.17057845535745594
0.16732473309424165
0.17052793429214452
0.17032855069538042
0.16945196726213335
0.18084859090991126
0.16519748599859033
0.13991387000826697
0.1462371831026063
0.14811767148117766
0.12822423018958506
0.13724564273755005
0.16111437414921662
0.15922360514191025
0.15305613922449762
0.16071896475798525
0.17594617922785277
0.1928437100517423
0.1959519043860401
0.19129465147376049
0.20265139257006362
0.19326614201448888
0.18289037076570389
0.18197279432200825
0.19646793301558926
0.20607049995243373
0.20761325094036323
0.20948639462297555
0.22838852243717314
0.2194774693172502
0.20555363055325415
0.2117329731229374
0.20645880410470996
0.193776587788553
0.17804400536707227
0.15252494856967308
0.16110890370155426
0.17040428004608674
0.16532428718241324
0.16535024465603357
0.15854506327158518
0.17154981395016056
0.18303684900367573
0.18203200523262686
0.17887041037440493
0.18547302810171418
0.2214801158120152
0.22313068780169712
0.2096931713485448
0.2085193605865956
0.20715168932010536
0.20026764411392847
0.18016101108864907
0.181846841076137
0.1841258372752636
0.1828776604226624
0.16081595594726225
0.16094397469858288
0.16076337870604765
0.1422677455860968
0.14067679525146545
0.1561040718995901
0.1553242961254555
0.16970397928504893
0.17191140735362653
0.1751063174462608
0.18610654516222572
0.19567964443149313
0.1883105228882051
0.18134053760300253
0.1923277306230979
0.19083189059653302
0.18363806229268165
0.18127734319095462
0.2005550242979559
0.22977803775619515
0.20101929863761064
0.1925458299863776
0.20620002499599177
0.19260789930238603
0.16992860339593463
0.16240700930871174
0.1922465964437487
0.16845645841184106
0.16200611636829723
0.1823779921159407
0.17614994159381261
0.17654788286112277
0.16310936335168505
0.17531365510085725
0.19213208514862315
0.20875115755366966
0.24172891121368956
0.24164575747189024
0.21951996662286516
0.21073757771514792
0.2065982743618988
0.18565337033841062
0.17355309422364804
0.16579857246818416
0.14493000133287517
0.1385769493266253
0.1486824320845787
0.14905182638191963
0.14556354124044968
0.1667837951153312
0.18119370543479252
0.163672516428678
0.16450558891810071
0.18199532386449116
0.19021712240079267
0.17645608824249598
0.17151932065042094
0.16443808701251797
0.17577035374155378
0.164701875993347
0.1900690141823594
0.16581492624602803
0.128800839216013
0.13086010776148843
0.13075473666052506
0.13738277891832643
0.12024742557100261
0.12682862098775247
0.11951634438049616
0.10895065988407746
0.12030322049726368
0.1425978480144264
0.1276634213137428
0.12159738493617996
0.12643910666280966
0.1373067589249418
0.11917045187570371
0.12380924405874646
0.13399963775383578
0.1308250035859323
0.14524932379025338
0.15156708531574964
0.1498016272138884
0.1588384318205789
0.18863062456819826
0.21556080507674272
0.19916564987469398
0.20035806924307703
0.20608163270859514
0.18562931871142205
0.19682212183215708
0.19527819736713334
0.16959442176039244
0.16316060844725844
0.16857434213011052
0.1720666928198225
0.18743402727701197
0.19510823329752136
0.1576225808469521
0.13931275484154848
0.16574350346225059
0.17955706832209184
0.18965740038725729
0.2026416780012253
0.18800020301005715
0.19230739091339957
0.24220853411798968
0.2450475243064714
0.2144185409387549
0.20524806928690179
0.2099217905745419
0.2210871995473986
0.18904587236970166
0.1836986732222773
0.19722253262577227
0.1667184333057235
0.17654183292386103
0.18850999094229842
0.18012009717763278
0.1815946207648447
0.18160210846164873
0.1588929507864887
0.15708743010126344
0.1604469193436413
0.1706181302388339
0.1695613094801108
0.14778566659185094
0.15732387164009787
0.19171892916568584
0.20099874623826042
0.19837542650407608
0.1893762226162273
0.18030695895307305
0.1743212561241103
0.18543204739076735
0.19412691710682872
0.17831900239821977
0.12184619323972284
0.11347312827195277
0.10794276725773613
0.12308225118438781
0.1366798926849502
0.14607678735246482
0.13245225316883388
0.1220524451703752
0.12745415704455818
0.13856536215148055
0.13169091333300004
0.13444615613063296
0.13226494342443645
0.12000528332134827
0.12748784727341037
0.13475773951987205
0.14879585339406065
0.15826144302934703
0.12705787097503093
0.11930700466491306
0.125391054613281
0.11254849508071205
0.10218218385503947
0.10269267008785721
0.10292166151276022
0.11143845704767646
0.11590681917488523
0.1160061946580043
0.13725591625758213
0.14363693763160534
0.1410283909764953
0.15552469855050563
0.13741795139811283
0.13917479574441466
0.1605705768705021
0.16421793247910949
0.16512556277300877
0.1783563251473889
0.17703330269226847
0.1649613157904195
0.14383200942161078
0.15285687004436269
0.20038933062863376
0.19330758391617753
0.17642089805281855
0.1986296687976462
0.1808967942742603
0.160590652016222
0.15557818623026423
0.17102346132178567
0.17100082520799592
0.15956004637696888
0.166227011632846
0.18621956381521454
0.18643356877542003
0.16213815350776783
0.15873234037616338
0.17228334636712678
0.17263554533975073
0.17198444840194346
0.17094243393675704
0.1957366435531773
0.19504133153298703
0.1598160323119649
0.18214227235758354
0.2013301540623698
0.20584388960838268
0.18893186501301612
0.18338358529130716
0.16936640909506634
0.17615409148741965
0.17543393953435127
0.15655942144591758
0.14592008326163494
0.173485313309714
0.21192470235020366
0.21092626501818382
0.19212157380444025
0.20223340252150512
0.19491192440260918
0.1852563522094096
0.1997833712972611
0.200416476573925
0.18354410121639492
0.16552058889638174
0.17385745736271288
0.22330719000233312
0.21671955021079867
0.19981359898747508
0.20628985239364803
0.19597364524233632
0.19400918389269572
0.21824669923538764
0.19834784218064175
0.14700073474745012
0.15281826525014708
0.18433387696453102
0.16669144077769604
0.13565742808582104
0.13873170182326566
0.13528831823495888
0.11161598762584068
0.12229956239865548
0.12710172362153807
0.11142177724096429
0.12793355283808716
0.11073449200880463
0.12032530637096642
0.12036683518553755
0.11194758067965502
0.15076843375998214
0.14451574436684927
0.1642918467556816
0.20805644598330517
0.22438673146245922
0.23689333676089425
0.2087597893162686
0.18203867932709408
0.17188907880963886
0.18198188421243017
0.1954072498524894
0.18161379598612215
0.17686389453915982
0.16927042510292117
0.1555646413733386
0.1570383869389869
0.15599083885559256
0.1520912326939227
0.14811740696062528
0.1474991428213404
0.15282358431122653
0.17859211174530867
0.1855479793547647
0.18478625756798292
0.18632676997079475
0.16839521214939016
0.166289646075937
0.17356030906684514
0.17693116969365671
0.19348775608804566
0.19354162678759698
0.18733237561617955
0.1649750677341711
0.17930639996911424
0.19129111517441172
0.1696822374280155
0.16089213147990977
0.17409379800893376
0.1717553691081209
0.17158599189633722
0.17199189656754751
0.17144696870431858
0.15716030271470843
0.16023610809924793
0.18544150515295302
0.1830390931005067
0.17996315637950483
0.16831552783409037
0.14869188607521294
0.1748265472548134
0.1748619025872586
0.17852540360405333
0.20077495050783617
0.20677721308443947
0.18262410398390738
0.1712428440643573
0.20210914193212023
0.20474729753422777
0.1941068206157554
0.1860269224045731
0.18843445051422786
0.16591900431330797
0.16389093875845068
0.1578939712421212
0.1510265713113103
0.16491533459954455
0.15845764132417897
0.14173392949898536
0.1519321154187946
0.17002214066664906
0.1814172424275076
0.18647607142293238
0.1870016303604644
0.17961185046236275
0.15325920124186038
0.1634248568144273
0.20091838796942235
0.18409408350877227
0.16082670515168032
0.16596250624990783
0.18419540866793827
0.1740833889412791
0.16554398924287358
0.15689119008326236
0.16344386602279687
0.1729615451618452
0.15903205193430042
0.15239905355024164
0.15640748098763968
0.15249330462510152
0.15407107490321337
0.16784890156642573
0.1817824206373531
0.17608834964115075
0.19457939584600495
0.20217183971508448
0.20289681226769182
0.21520669606159007
0.20294769699236007
0.20676604605893587
0.21520546808244984
0.18820224273725267
0.1828795028670499
0.17026411621542004
0.17033853581963918
0.15473387889868914
0.15463943230621408
0.15819667423971198
0.13639710348858458
0.14425184377699402
0.14323945481795716
0.14293253603080752
0.12945789299834512
0.117526969257609
0.12720487914833467
0.11973443112150663
0.12794473254272024
0.1393158117033015
0.13319361745903222
0.14981127993355936
0.16236197826517162
0.15875129988068667
0.15330146906546183
0.17150839686213246
0.1831413744850665
0.17689328110754093
0.1843298046639296
0.19914780310346517
0.20762846833760829
0.20377466749570505
0.19434120130498558
0.1729460713157055
0.16479939263898435
0.16799775905421058
0.15422599662776737
0.1641265833600084
0.15503798725821208
0.15183150898030456
0.1870599025378569
0.20428670750186764
0.1954151241846209
0.17460631144526362
0.14800645717083075
0.15238213848434973
0.14677179920024533
0.14317726456074917
0.15728978267629085
0.15377187450986074
0.17335995065618434
0.17856504895871467
0.1690361621381641
0.14258648171726676
0.14319546554651882
0.14314606958459894
0.13010120298919894
0.13621950297189112
0.14820770108513706
0.14643169070150433
0.13836786295378453
0.12607952430869307
0.11102886814741453
0.12468205739842256
0.1472063080912853
0.12979562346836637
0.13103167582910819
0.11747212177443188
0.114095304566151
0.12903711184564615
0.1455954990681414
0.13439574230709458
0.1338110568574271
0.16316500319695407
0.15993066368211944
0.14880422930777698
0.15445174894584168
0.14953649325168486
0.14082764347824409
0.1316973009390881
0.12812387642091475
0.114826188380429
0.12096125666488133
0.13574848814491686
0.1255894302169438
0.11747880162094335
0.11723915556777638
0.12401208292306573
0.13045711472438135
0.1277860421953596
0.12257322640816898
0.1429451543762671
0.1453541129874881
0.1409767835810725
0.13729992981448402
0.1336379791347486
0.1550187603750187
0.1663550548416589
0.1577319978617713
0.14578280045452602
0.1478751002979654
0.16953545131337036
0.1422417576468387
0.12640480686591835
0.12914896412041657
0.12652235475497053
0.11832090025952835
0.12078646342976655
0.1311706313667927
0.11649376985132598
0.1269014938448271
0.15679373020710557
0.17428351227301817
0.16730432578256768
0.15495643008773025
0.17863114652220918
0.19337506111568734
0.18051070021725354
0.14969062093507066
0.1567115161883596
0.18144756105720797
0.17805380106141291
0.17178935700920528
0.16270978786604584
0.166939512068449
0.164648842537217
0.13557957273521887
0.1346254335128188
0.13183105270663384
0.13980370642090384
0.12820727239665564
0.1049793635768686
0.11281693877136478
0.13806277266027736
0.14233536502021804
0.12583965587328214
0.13170662760920357
0.1466274196121371
0.1589569408567885
0.17968260603955183
0.1840939697282704
0.18073366711276814
0.15002109757047172
0.15041665714426503
0.15913950858909365
0.15781475722895952
0.13960533590232485
0.1371304190782328
0.1441646723540569
0.1344320208209626
0.13153133674270284
0.14260813729939076
0.1538754372507633
0.14074569406036289
0.1405802768835448
0.14120572748464003
0.1369224300352541
0.1401184287898616
0.14151405834831401
0.13209555519897567
0.12808198534880255
0.13324757880178414
0.14360748867078485
0.15092290125698288
0.16771414601796222
0.14531549189170007
0.15348171835102706
0.16240139446857388
0.1574429641711595
0.1577877980222432
0.15791556356382516
0.14723398950418906
0.14368673171466784
0.14726576248620607
0.14382784251108752
0.11760427904209766
0.113328736979757
0.12016680283602663
0.10975979551561153
0.11109569950363438
0.10806272531551075
0.11805037817569033
0.1255847533369505
0.11908517015374068
0.13218109405196732
0.1274651682219223
0.1167969064929425
0.12182820739284049
0.1356729038621704
0.1468011344206669
0.1604793742266798
0.16629380609836839
0.14374952067344773
0.15931791254009353
0.1529016964423139
0.15643290091086032
0.14278502552025835
0.1313387259235153
0.14643840060510735
0.12415580565859606
0.12269412099059505
0.11951207663388204
0.12650848889956484
0.13314787325222982
0.1299299540234013
0.134820083288379
0.14038937815004984
0.1228187948573356
0.12185629578110138
0.12999734671993166
0.13056641903375574
0.13639640869455566
0.1360337920492394
0.14676032824997068
0.1431952350788247
0.15102434445881924
0.1712355744178764
0.14783859829849236
0.12809270484192373
0.12078299599360526
0.1299171873564932
0.14399352015339062
0.1348638059407944
0.1355755121886075
0.13545773269312097
0.13595253071112584
0.13188825661664302
0.11375515829110035
0.11202218614295512
0.11490220219124021
0.12715694949664472
0.13236011595984581
0.10769294183453541
0.10458025707068527
0.10816147916873606
0.10895522827910763
0.11864931719389771
0.12477286546577072
0.12736418259005597
0.13640965655833498
0.12973803766869893
0.11275426150682302
0.11860749274546738
0.11331899024402525
0.10741185055013137
0.11057818630637185
0.11257020783859249
0.11044492472183552
0.13207939142595052
0.13185287608746646
0.11969264587101042
0.10657789406016739
0.10349169185293988
0.09546264398268467
0.10076984677079046
0.09899957442708726
0.10332289809076248
0.11361629925043402
0.13348065793031438
0.14447183238239916
0.16192068733719797
0.16657052048308552
0.15231839182946175
0.15433333841646255
0.15600189724909835
0.15366034649037327
0.13912048364613422
0.1362621288701408
0.1351029899658966
0.1277664871426673
0.123776083648072
0.12071673334486054
0.12752360094664494
0.1226207235815045
0.12131528695049344
0.13140913030485646
0.12063910972385197
0.12753570126136202
0.1398157084056119
0.13483201747937273
0.12166553964216109
0.11931875604863298
0.14169600912419408
0.13760371454346595
0.12423840139645399
0.1431770199279224
0.15753754285810667
0.14134398858722536
0.13867137632855628
0.15995955322779812
0.1527117237954718
0.14953629010446304
0.14753495738253947
0.16163252859391458
0.1550531875115716
0.12749367252000365
0.11600344492934386
0.1392292968296651
0.14352072978282965
0.16292130143048086
0.1533731101570271
0.14427743236171048
0.15611788222283957
0.15494751253519282
0.14396742497070075
0.13872635294835936
0.14994147382655032
0.14777852875873057
0.1466739382186996
0.1465059774861247
0.1610838848598477
0.15822699721797573
0.15870150776717204
0.1658245053558612
0.1608730938691214
0.16805987905837466
0.17034239671361295
0.15926135428709234
0.16743100027138197
0.16521212531919272
0.1454192842095699
0.14787613928682714
0.13758429252583543
0.13405069418076052
0.1313371761758766
0.14554164081415938
0.14344545188032934
0.14748538443643916
0.1521520484794744
0.15762814114522886
0.14595220503100925
0.14851225644977517
0.14362321593805097
0.1464024995524992
0.15100168958294277
0.1365970440078216
0.14615986396059258
0.1389470826270293
0.13845047735202556
0.12848119339649453
0.14218633133285316
0.14950568174826603
0.13153980990215153
0.11515875609630916
0.12867782342839112
0.1358421500290049
0.14647229540545276
0.14174683397516877
0.14107737762172226
0.15842507612546278
0.14253588480910004
0.14314255020428623
0.1488338237990665
0.15228780800965133
0.14252196466834335
0.1385578070207783
0.13410426251712676
0.12972719987132622
0.13433273683191357
0.13177603393728707
0.1407649562255964
0.15738533297058477
0.1381768443957241
0.1276983492423179
0.12405505969512011
0.12005653469219185
0.12648979383224013
0.12243675284975097
0.11963616398599422
0.1332633264575699
0.12592145707326924
0.10324730409654354
0.10508877181895929
0.12092756876800925
0.1431087790453135
0.133837906808661
0.12726331501049293
0.14692201655563988
0.1512093773981918
0.14437289820108737
0.13397354522550728
0.12878668835804088
0.15113483474174674
0.14225602665096465
0.1224933993272084
0.12219524529999796
0.12874289588957102
0.12405652553632027
0.1178266868389699
0.11750842836363874
0.11895899442750078
0.12372812456711918
0.13447620349845693
0.13594961617402063
0.13007560737883683
0.12792102564318367
0.12230003435344165
0.12162857632968133
0.1343116805781636
0.13889496566257659
0.13513809178798106
0.1288201553089058
0.12718066697287678
0.15259446479530533
0.17657199974096946
0.17899512077816995
0.1935988920984962
0.17998823394735106
0.17402026966727113
0.16853972466699024
0.1462443571220675
0.1511138639391292
0.15524736516854334
0.15447865748059186
0.15582515506407657
0.16417029661163515
0.16869195310392457
0.16372899501489058
0.16084869325667892
0.1481898562666125
0.1394518760894103
0.15603529024615068
0.17247422328580048
0.15755920502468385
0.159225241857129
0.19422838467622938
0.19363358502266664
0.1697415867601726
0.17396268205899507
0.17075949770500262
0.16695217820177458
0.15791091067915045
0.1576732971070785
0.1603614786060697
0.1559992652327043
0.14296875251231222
0.1456806939994997
0.13450989643879507
0.13758916907136035
0.13484238257436776
0.12686340514539746
0.14511934672338367
0.16572838905388002
0.18335872568254213
0.16905640244953626
0.15342060338739477
0.15544553714683157
0.18026261556309287
0.179847760641577
0.1634997727627151
0.16521518255728984
0.17874338023390635
0.17643226240431026
0.16327536429103148
0.16973788793211747
0.17601404236484808
0.1764490500946436
0.16880367067118474
0.15189747611368873
0.15376718588947053
0.1712369534956783
0.15616820962064598
0.13619779843806648
0.14752881926912892
0.1634868720593417
0.14411830079256754
0.1489604225430874
0.1559508791626418
0.15994005225601793
0.16392899483479034
0.15014074595521307
0.1426879805671359
0.15163019790814122
0.15444721247996454
0.15256612146932447
0.14191783601737146
0.11727207974134693
0.10595610738455488
0.09990934062491448
0.10910278901067158
0.12449619354111513
0.13235112224783688
0.14537080596685448
0.1478580313575012
0.15076049740396338
0.16651418968916684
0.15509347397898202
0.152750039639918
0.14810045783120912
0.146714141000667
0.13794280484971116
0.12138669399400684
0.13616438400277672
0.14160949415244348
0.1590847578561682
0.15466337329634844
0.13826633676752087
0.13585667981505092
0.13876063224929727
0.1423940142483613
0.11568674568391542
0.1171752865453448
0.12394693765360078
0.13317186745615606
0.1376215212548773
0.1407814437929106
0.1412752856703015
0.14026256890160102
0.1450014707488991
0.13250599664133478
0.13034680354486217
0.13835510800011053
0.13498415235424632
0.13787192878715465
0.13792272087439825
0.11909457736042617
0.11858596508300265
0.12608711065610093
0.12603183723179387
0.15068075759363225
0.1377976412782922
0.11997273022010552
0.1188996585034134
0.11995107682349364
0.1294839083254699
0.12753196792955365
0.13299444814736705
0.1353366567982141
0.13476455317375438
0.14924169820991465
0.15902966894587722
0.13868633997702304
0.13759105265404428
0.15733449455821344
0.1505064030709724
0.1401668130944677
0.13834507262916262
0.15380941325123912
0.1701302237732801
0.16242439885085463
0.16044837318154123
0.16224030180244273
0.1734442770172542
0.19059766288395416
0.186416212764538
0.16102397169312427
0.15057561943877407
0.15794080294035137
0.15646549445824326
0.15692090357894273
0.14607008975649458
0.1445396306649604
0.15458201155602466
0.16964631637624172
0.18216123998920772
0.19033695676180823
0.16851161643667995
0.1693765796701457
0.1680976104117741
0.1753741061431574
0.14576697696895174
0.1362879983228245
0.134304114772076
0.10583936710347212
0.12361686221645057
0.12689096189682883
0.12497703085644746
0.12373690125979765
0.15227905703201144
0.15746860245876618
0.1389239699530922
0.15760592280946056
0.1393491910492462
0.13945189791308937
0.15631533093220326
0.17478841294675163
0.17156119269532163
0.16509013354666097
0.17630973572188252
0.18895080168157838
0.20277283238265703
0.1958410868586366
0.18506735573414881
0.19560923911897302
0.20002304254561942
0.17243375632851637
0.1713588411337021
0.18875365526136562
0.2123856148757269
0.20346647091180836
0.1986501448906337
0.21217311118355098
0.21096077610291006
0.22190552945016068
0.23360619392807586
0.21375443589882145
0.18795749018596528
0.19796912270706699
0.18081220903687695
0.16521667934536888
0.15540286209104312
0.15428646514085015
0.14661858044412251
0.142095207478727
0.15365307010572932
0.1329610201085966
0.12123400928575641
0.11160848863826103
0.12133855288696371
0.11592558600883372
0.1291703285645801
0.12821694670218312
0.13360864341960313
0.14360133994608826
0.15427432246230932
0.14682006496483277
0.1634045920828103
0.1359154935113373
0.135573626067968
0.12612958392002596
0.1232701795057637
0.13995238349126646
0.1277398161923013
0.14362596170323552
0.1513781491454534
0.130800727390158
0.1444513721789643
0.1632196088221432
0.14957709678900685
0.14032248269121664
0.14976229190515108
0.1506336500146197
0.15494444294222806
0.15637259004653803
0.15891100344605144
0.15862242091474743
0.168879929996664
0.19627731367731735
0.2014739288992996
0.2038798526238799
0.20622871614413724
0.18585641803071945
0.1812577814092591
0.19595306542510343
0.1985131579576688
0.18193100213501576
0.16743744403082603
0.15945146216658548
0.1704952507656041
0.18171319665219407
0.20443827452659294
0.18963498827285102
0.18435091022406327
0.19688012627627582
0.21066119045130674
0.22102268000073083
0.21434533187936183
0.19353804826526522
0.20835191452254628
0.18305668863726918
0.1684682405526893
0.19123457904576835
0.17668579813636173
0.15418524807638
0.165850127911122
0.1631099152173805
0.16802518123282167
0.17119923318185587
0.16219766313973735
0.17291349220223579
0.16936413823744892
0.16863007047300316
0.1579654837933379
0.17500629572968465
0.18289888156348982
0.1639705898955312
0.17172445767585226
0.18321279598884796
0.19288265075735964
0.21928748596700953
0.21152452523677928
0.21104834472732634
0.21992087944262206
0.22060296416599443
0.199234296962653
0.18385412156513845
0.16030059740540528
0.15904122656177747
0.15179095266688963
0.1425470817437171
0.16609063644724653
0.1518812916665184
0.1424033888691515
0.15565667596304017
0.15964409324957818
0.14168227027513708
0.14550197412326707
0.16942193010870416
0.1795628382542934
0.16497566573405525
0.1467667254960985
0.14841503493038927
0.13504542290849653
0.1254956954982576
0.1412110572356514
0.1279948114822441
0.13511413150227586
0.12624522654695472
0.12109031369677649
0.12647965873447178
0.12122552498010482
0.11521938455822058
0.11608931092986101
0.1255988530578471
0.11364977868543005
0.10723263055749674
0.11231306156261885
0.10899699960863317
0.09708390268494334
0.0854846420495835
0.10924552066945144
0.1166567082586254
0.11901095883975513
0.11551022330420892
0.11073577207395992
0.11783521929922028
0.13007373072353756
0.15309130682236363
0.14424913174662787
0.15216089574183717
0.15565975697601112
0.12441195261575062
0.12036488604277559
0.1336767814375687
0.13093027502936516
0.12941532545345122
0.1303113684174493
0.1497381864484493
0.15036630503105594
0.14869469642581692
0.15910877383356262
0.15016393464151245
0.12228984732020605
0.10528195155628609
0.08996147866947278
0.09137772839269577
0.07986009581584975
0.08969142213855184
0.10890836673450381
0.12687373726472714
0.1492407308632571
0.13631950430961096
0.12744967170375357
0.1244635215203132
0.154545113400054
0.1862956696314279
0.16406386436483736
0.1745578968830896
0.16770128221331848
0.15308198546358898
0.16017113529576918
0.17407897204978984
0.15747026839999795
0.13802404363001064
0.1374791833658764
0.1607043852001683
0.1658896453739036
0.1554242002956221
0.16736021784006308
0.16301791218333375
0.17194822049537528
0.17456882022318512
0.15302946044842664
0.1594421420466563
0.17066309045519712
0.17557982560319957
0.1747579232159199
0.18127472729220662
0.19421946488208994
0.169523014832276
0.17197665926370015
0.19515997228399165
0.17067740733178532
0.15124476744602297
0.14598250833468815
0.16381485198922174
0.16292519044211992
0.15234634103788347
0.16703526523639484
0.14837140448892336
0.16360142030025213
0.15731170206435122
0.16082423342464788
0.1422841017691749
0.11331816179298353
0.14184296444918942
0.1412200005134155
0.14037439703013319
0.14277031817613892
0.13279428954262953
0.1543174337381999
0.1598830515295716
0.15829571150436658
0.16872990404320037
0.1602125565540362
0.1704651003805885
0.16665700971473174
0.145347338272551
0.14582863926955236
0.1483009302473859
0.14474260698494582
0.15764669140346238
0.1854012743925448
0.17669900890047452
0.15807893325742128
0.16613526207670642
0.17510847779880423
0.1874517569273173
0.17176142700366523
0.180079793261344
0.18249062910976238
0.19919794863165993
0.20020540308641968
0.21515386901275513
0.22724229032148244
0.21943060439089
0.2307071486858542
0.2499695129046346
0.233722574370601
0.20757251225473447
0.19882146724310654
0.19423789748559106
0.1856918287237542
0.18191918107805233
0.17784319780987076
0.17888211569335496
0.18169634705914045
0.15700052451970778
0.15443937079405567
0.17564196996364217
0.18541189157375937
0.17965863191890938
0.1642027979863185
0.1756045630003363
0.18571216130761514
0.1966123788900128
0.1976349143354626
0.18466123750331412
0.18472415815688217
0.17774265436771955
0.17530611193215645
0.19251916209250022
0.20104390478420667
0.195296916555035
0.2073740398196669
0.21143270428110325
0.18790654239514468
0.18921800056536206
0.19448303734308686
0.1898306872342949
0.1898791879572866
0.191783589835911
0.20574724656629234
0.203855659888657
0.20007366527941267
0.19691660517745269
0.19595839808071586
0.19851814265348466
0.2022641898840313
0.21222173047219972
0.20684543958335536
0.19214345492780394
0.19489356266529767
0.1985751636303986
0.18590800820896497
0.17339426746068398
0.1746129717122474
0.19315506948976136
0.1931853649173487
0.19267384333730272
0.17706043935970858
0.1778669168964353
0.17605350387049862
0.17239142897773718
0.1591130589574488
0.16194376244708739
0.17689446580253804
0.18243651300710464
0.1907557422797479
0.15411280131880645
0.13867467176269707
0.1523064006742658
0.16252104221845973
0.15059519484452952
0.14194035166240504
0.16081300931575704
0.15196928280068228
0.1409564135315568
0.1519290094400488
0.15418477774145345
0.13179897056986903
0.12528414974431912
0.13528948914189454
0.11678076163171766
0.12832060133844925
0.15289234484482678
0.14534932334208323
0.14661111894327147
0.14390113337556226
0.16021737058014437
0.18431990728782713
0.15936716125286654
0.15960053235446314
0.15163397075276297
0.14317240220964958
0.17114949722707207
0.18287535900092214
0.16254097334312975
0.16336472924608847
0.17805613762053957
0.18486216110701917
0.15788101516350722
0.15688432370118854
0.14954245800605884
0.12447599877757108
0.12440739192074778
0.12298874480140105
0.11954617275513103
0.10410929311083386
0.12198264358331741
0.14847313918232216
0.14142614468865802
0.15650289483471722
0.16611183984694752
0.14793267649337236
0.15835230892280555
0.17136530782371007
0.16033846707393246
0.160099198021843
0.17032478808994628
0.1596446221020965
0.15680717617672796
0.13121769849959986
0.1385432835327583
0.1512517802626841
0.16718336841992545
0.17845613144328426
0.18569194493033495
0.19231391862845743
0.19662956989409755
0.19901509204643655
0.19803642102038713
0.18716340595135145
0.18089716582971074
0.1810944925567151
0.1626442086975887
0.1577113412244008
0.16188959588022533
0.1587921499606455
0.16982293249573935
0.18428000420925802
0.1961614736802548
0.2097537874895865
0.2102276190268145
0.21943142778195948
0.19754498560983683
0.20184999602337764
0.22049396858331896
0.19614179368065734
0.20507571223617624
0.20096451238261046
0.2186056732991436
0.2002366415913804
0.16613115468617712
0.17783081398458367
0.17308842955880127
0.17783718114704977
0.1695333680891306
0.14235449916791662
0.14231725220830144
0.1497183277928952
0.13727522730147274
0.13552336580477975
0.15378045931032872
0.1375770020036661
0.13278004491022405
0.1355755173171326
0.13299016641017222
0.12276639720361107
0.13140075124451378
0.13239931309796654
0.15288520712788614
0.16511176752425336
0.17019499758501413
0.1924577212029747
0.18589806966086544
0.1737176662878427
0.17659543284644122
0.1744338362769025
0.16374935055333095
0.14977200089026202
0.14636742377695094
0.14987287776078115
0.1663791458667159
0.1752048601242939
0.19032169667362148
0.17095106831718632
0.1517116114143769
0.1651327994674882
0.1655803357364686
0.15199924151392072
0.15200780113425633
0.14991079901992124
0.1566344339523474
0.1472282418657108
0.14201067884202315
0.16137902084728353
0.17121824041406727
0.1668908604961256
0.14898943951614532
0.15088431337897176
0.14933408621727223
0.15189713285849324
0.1419439608922379
0.15034790594537514
0.15820883992389004
0.14107117254515625
0.12733378745877796
0.12376007566530278
0.15886757767079673
0.16972434367791864
0.15556548061513617
0.16765468013216403
0.17372582459188668
0.16595578691139834
0.1393522749933794
0.12754397650620655
0.13189916815086578
0.12855288253134992
0.13331155321408747
0.13796646448820954
0.12441249402814043
0.1381903515864438
0.13253923823975777
0.1338027101841427
0.1148066259185192
0.10102816252440582
0.1156397642170278
0.12308665009979358
0.11504961010397774
0.11994286293508902
0.14710304561933948
0.1540377155293046
0.1465477756507818
0.166498118696103
0.1874936606279144
0.16851969946863463
0.17492786904486804
0.1840920680186999
0.17093164156258955
0.17034894371811424
0.15736101810139516
0.15420130422955297
0.18645321111179158
0.17072376759306085
0.14635776613058066
0.1666220292506103
0.16384532154152148
0.13633249369510192
0.13656335141641857
0.1568531691648025
0.14535298012230208
0.14246870506909748
0.14535464741646092
0.14333121410925106
0.15733573914133922
0.15738712397393187
0.1573987069517069
0.17298819571881438
0.19578365210220114
0.21134246835534098
0.21935933841622324
0.2114843686222289
0.2142950459639774
0.20189269610103155
0.21627643058543797
0.24895382389785795
0.2364872498715791
0.20771069408993917
0.18862630778627776
0.17105863435713461
0.2062528565527416
0.22457674935726785
0.19482638741662228
0.17357407407265557
0.16504997822754175
0.16379293267080644
0.16659548672591604
0.1984310642445998
0.21709324945253383
0.20875755311978192
0.20257974596564762
0.20222511110081048
0.22156754915575885
0.22588310084520755
0.2095502986036791
0.17330316857203584
0.1819058091967131
0.18760965911771235
0.1622908039520873
0.16489265031282016
0.16878314255094415
0.15121314306398426
0.1705168445261699
0.20000537819464187
0.19646538862640073
0.17872787554435024
0.16440165499917866
0.1878001552694528
0.18544452500840636
0.15932643712197983
0.15160135615270073
0.17128206598744514
0.17736599402730616
0.18155805895228708
0.1653733341127609
0.1707695392178794
0.18152125515639922
0.17335629027751798
0.1655033434946088
0.16136740650595918
0.16199177437086756
0.15600996113265753
0.16103114873915114
0.16310163012957254
0.17382005904337347
0.18389583514751875
0.17211233291317937
0.16236085402850747
0.16875665974617185
0.17202182078409756
0.17683801648003747
0.143873058729113
0.1277813644563432
0.14689049381640648
0.17393399442060298
0.1782167716955054
0.15177227511698163
0.17143692338159894
0.19913304245192123
0.21886345827751566
0.21814193916674726
0.21754538200242504
0.22432830088391628
0.2317753561674572
0.24179753527344222
0.24301945005356826
0.21244216076887323
0.1626049991591018
0.15753768728835196
0.16661949030034376
0.17537625683045766
0.16721564808281794
0.16492617911631718
0.1981160404845705
0.20112222787313855
0.17958075861712766
0.17245773377533014
0.17595595396761687
0.18304690674308913
0.18731007973717403
0.16373380502406842
0.1674479094493016
0.18146832127292528
0.17081033516725178
0.17939989147877372
0.17631046832216424
0.19230306747217113
0.2269649854036856
0.19710883670965088
0.17531770179622733
0.20080330450987777
0.1987867572767112
0.19195453700136883
0.18105547155289028
0.16302977346870204
0.14556732606517878
0.15567060599133975
0.16318568216100812
0.1603910841496683
0.18582239222229974
0.17718258348226373
0.17843390724080518
0.21235837456628626
0.2084368257177933
0.20004813366767643
0.1896094746559611
0.20492967970510345
0.21713290913290162
0.20699179552891628
0.19440964787258547
0.18003873902448778
0.16785411858588095
0.17662860074715062
0.1839954307085103
0.18331374520596605
0.17161313148745183
0.1835861044453579
0.1916180241659843
0.16712178963089158
0.14830002272091022
0.15595517910535495
0.1668145951597834
0.162680240037182
0.16340426041198078
0.16864350648189802
0.16891585491589475
0.16219240722295197
0.1564048800493329
0.1689530303835285
0.15071158969859275
0.1409309619719422
0.165090769361329
0.18060541884900885
0.16624695683357976
0.1503722212485963
0.1567169828007868
0.1467205279847016
0.15040830168861766
0.173728137683168
0.15479313172006035
0.14870770762158056
0.15886327061941502
0.15392381516133896
0.17385100996696165
0.17158459215260796
0.17143711283290416
0.18223673874607968
0.16780054029802816
0.1844997326215163
0.18687575852816163
0.15004577997476434
0.1340192552515538
0.13924981218105187
0.15955121446849857
0.15392739169524966
0.14057280596280916
0.17720271495566944
0.1658038746038456
0.13861511546169905
0.15101071215880973
0.1661137841963419
0.1794018456271226
0.17854227241850695
0.16243328430464024
0.15006329399174403
0.14175338623927355
0.1395279117900441
0.13235422071592112
0.13476876130731888
0.14590800635615533
0.14591988152394286
0.13136202353495943
0.1308789635770097
0.15445852246443262
0.15175633581941908
0.14056962884129082
0.16331051621464893
0.17964646485318417
0.178296947235128
0.20343556260550652
0.23010845440201372
0.2071807305715594
0.1630582461919902
0.15972180948197615
0.1416294510340146
0.13711664293750161
0.13515590604413727
0.13379374367256092
0.14964065158215106
0.12484200357635551
0.12271564976837512
0.12338212170622492
0.1569540796247217
0.1886590496072032
0.15354352722561784
0.14626810405423532
0.16927045713221678
0.15684958369199956
0.15042317197386218
0.15647855972192842
0.16920769465855054
0.17097583244085912
0.16719381175965126
0.16545163571876595
0.15432823116590555
0.14791162798357932
0.1374425444090231
0.151280085598435
0.18260367532106586
0.17814162424043897
0.18008285570190025
0.20548804436775844
0.19136136606545553
0.1769537049768513
0.1735575655709784
0.17861179937227561
0.16848801812125325
0.16680337851418597
0.16897114200277089
0.17474320886974187
0.18620290743938583
0.1822944619403774
0.16515716474412362
0.1664076483286656
0.1649287499552269
0.1490724591653216
0.14322600687119885
0.15683210697583574
0.1837335815492462
0.17186341469584743
0.16736696175483212
0.1635529329468817
0.17421990737082543
0.1858035388960764
0.18625459219613957
0.1743997083731674
0.17144000881360413
0.16460049091089657
0.1722938206102145
0.18280178016600573
0.16476085124389053
0.13344665071597298
0.1400749139630002
0.14291541752284287
0.14083903045448307
0.14850109631466168
0.16168600834014338
0.17431507326994347
0.1720889366573007
0.15965958006323033
0.13229455356614234
0.1361790872113688
0.12123306532220147
0.13626503342295362
0.14788021309453814
0.13489996155256043
0.1464101256230941
0.1513548357239183
0.1537281205784173
0.166808203356529
0.1684049168709775
0.18375397655484232
0.175631540017532
0.1665177091705618
0.1789823208883392
0.1735002982336387
0.1697240343854443
0.18024466688054766
0.17492310156115706
0.1806846843207059
0.16573092064864653
0.16370407118132482
0.17218200232182368
0.17944877509212112
0.1930519701160572
0.193261538370876
0.17860852535812308
0.1899993073210711
0.18833585469778288
0.22382588378207952
0.2040438732390003
0.1848958829282645
0.18305390917625664
0.19110368147133772
0.17672529386717659
0.19303053070269283
0.19017895707114646
0.18180044264899645
0.19529616577260817
0.20586241733442345
0.19560050306739166
0.17682392952229128
0.16667925814621695
0.1667753478177415
0.1577101466036946
0.15181399350099423
0.13007625078111798
0.1263896804819974
0.13934073053903984
0.14132200885807217
0.14420685813485926
0.16380779945706359
0.1774257602763075
0.15547049558397813
0.1568152280455135
0.15504634632981312
0.1634297574234867
0.16808708977231515
0.15811596509060707
0.17367839721831765
0.17796185787875887
0.18691847173629178
0.17574746576620096
0.18869275593186602
0.20000197635418385
0.20554614382014805
0.18078914529702314
0.1580097478076655
0.17451660571454083
0.17976401423749888
0.18998850327346148
0.19603329828304478
0.1866547239829836
0.1910418170784776
0.20206689590524116
0.1896556214349081
0.1867413727980881
0.18472455536540933
0.20150014377261094
0.2179609476910713
0.20116722504665316
0.1915697099995249
0.16973620276764842
0.1596283043316156
0.1633893642233457
0.16320316978350047
0.1555322917774797
0.1415947509307017
0.1331229811515816
0.12425137670412562
0.11934185775571948
0.13488727580790388
0.12677809300103396
0.1434580055276106
0.1650127045502184
0.15455504178462287
0.17308862899469155
0.18170474420696314
0.19558247257562827
0.16888272255174194
0.15438658384936865
0.1644168736189726
0.16312344689208427
0.1460396173938674
0.1456290741271201
0.15387087008908779
0.1418784205965857
0.14470673257777533
0.13697859928437298
0.15039075087608675
0.16246417184316428
0.15974242878852016
0.17617899807427376
0.18294242328208501
0.17326430183538968
0.17758416090641005
0.1656198568433347
0.15804049018873692
0.16289259095963785
0.16480578871079046
0.15155918007293853
0.15127065324124359
0.15946853568240876
0.15305679428465077
0.14341483782172218
0.15769666416180006
0.1601098346448709
0.1748354198339132
0.16295164734184375
0.14067340536521655
0.1446591802939065
0.12326164837473293
0.1362160639518387
0.1537158919150141
0.16962463644496634
0.18365608781010268
0.19942911404341868
0.19328971769614553
0.18778048853747048
0.17360390409936283
0.1668212137765006
0.17085467447470387
0.19409111238965368
0.1750489362014467
0.16899197065032073
0.1572497107426981
0.14635390272965285
0.1470040687089433
0.15934564084222647
0.14491516237875518
0.13537841739606554
0.1450914354637865
0.158685208480033
0.1678508075619833
0.15406401304497186
0.18245822728725078
0.20391386388620725
0.17056410261203678
0.17438992018942373
0.19558685869919515
0.20585709737707458
0.1953096595426879
0.19503314428672208
0.21988609783479385
0.22776403707546808
0.18842401588084018
0.19487278576443784
0.1934972053440002
0.18197997012393732
0.1904139546566738
0.1805638182033874
0.17718931536314347
0.17277739218813937
0.16717767899877778
0.15454235343203476
0.1619034368094683
0.16599508090798512
0.18291882061045733
0.17950687113590466
0.18970592166886724
0.18995017468026448
0.18795105088419534
0.19378604614787795
0.18608988562835244
0.17961500370472447
0.18881434723688584
0.18896953942523795
0.19616252726575042
0.19559997848560706
0.1849435737660295
0.1658676701774465
0.1722035096102772
0.18889153675227913
0.1807344926530591
0.15526937569384788
0.14835768388305184
0.14236206840252136
0.15996463742567318
0.1627963692563803
0.14775047783352935
0.1407787207574873
0.15102613943347057
0.1362013341941747
0.12141688983980818
0.1295837719356613
0.13314727409555704
0.12321010749487968
0.11376207202150816
0.13487598577093884
0.1444474084130999
0.14332457993370057
0.14985957558335575
0.154394613030104
0.148111571526278
0.1495866331308404
0.14185243140034343
0.13155271751527534
0.15324414377626047
0.15481391877805203
0.13337776995088
0.14627808536329623
0.14789361858805897
0.1308143842199841
0.11870370327850778
0.12007421709277417
0.11403185434439544
0.11244707343288884
0.1111089126247616
0.11594161121466146
0.11149328851159195
0.10469678561961394
0.1070272559432138
0.13049037425929497
0.1416049814077512
0.13139576606363254
0.1372081043318082
0.135524886112772
0.13391716984616217
0.1250175873095003
0.1289159148876664
0.13061696404818743
0.13433217359784683
0.13804655627960705
0.12995418827201088
0.10850423142128476
0.10503355993487282
0.11915657530663923
0.10693821964166739
0.09502266874639163
0.09553285228620059
0.10355504959479549
0.09962272657678568
0.09799872089480285
0.1048475650296867
0.11355380956770664
0.1263657792850624
0.11863923407292942
0.12265864802299159
0.1298687340695441
0.12987911871248783
0.11953793821101426
0.13557604964541542
0.14598647324150602
0.13669542823815864
0.11506283393831893
0.10085267215225278
0.13795800503133063
0.13663569740213238
0.10488988630167137
0.10657293229882978
0.12996275618605604
0.1399687691376238
0.12109575678287064
0.12061241393856724
0.13026374901111726
0.1175333504760577
0.15055015770843547
0.15550163027153158
0.15866175835372903
0.1595951247038945
0.13459447912496797
0.11793922988411804
0.12810700469443237
0.14577725236940736
0.11724977504479481
0.10261489638807492
0.10476442533315118
0.10198903697157369
0.09727282959026383
0.08918274536479524
0.08951081056530318
0.08861160960527933
0.09483839730008034
0.09747160251708006
0.0995862215455297
0.10508294991014087
0.11016262363622153
0.11877260477733255
0.12714449489526816
0.11955702834722143
0.1272633987482391
0.1208110255077929
0.12566179215194628
0.1538633152745588
0.15008484847660228
0.11666871932059254
0.1379809584797836
0.1519098727131823
0.15400189990216698
0.13327909044083747
0.11312265432376775
0.12219296950208114
0.11656640238164981
0.12471499136320244
0.12493482591926744
0.10426123896507551
0.11552698242775748
0.12135328102193656
0.12523290775617144
0.12136129085864802
0.1479946430545218
0.15435873368259403
0.13580078778475665
0.14003929815904545
0.1208420301844281
0.13077840795123943
0.15624956198980333
0.15269666333639278
0.13075656631194593
0.11332710248113896
0.12166002519027126
0.1280170858816814
0.13204969322426668
0.12417617461369276
0.12753376604576427
0.13796690980257542
0.1302535240141892
0.11221203096617703
0.12966816005199552
0.16467014990820386
0.1635408008561876
0.15544014761503283
0.1390881205908364
0.15078365757530388
0.1652135624107262
0.16095694572331182
0.14696533272281304
0.1503099642464468
0.16637551676193116
0.18506116552091842
0.15676377278126433
0.1491127745858387
0.15317929971093358
0.14597844126502474
0.1500793366210156
0.1492849881461459
0.1548305826171157
0.15063983244044832
0.13625152644930333
0.1567579453566512
0.15382350440934578
0.13197304015735983
0.1239310039424491
0.13231579930020737
0.1416110779620691
0.1296274255725895
0.11772115584222925
0.13126712965072498
0.14397550384935373
0.15522116412073486
0.14930493204827905
0.16580635794892273
0.1755083911097135
0.18213176494071098
0.19401518717199864
0.18487222805896197
0.17097480222311584
0.16345674256589562
0.14739154789451048
0.13383646184941098
0.12450004683931526
0.11691158332887633
0.1161609605359328
0.09571622995326526
0.10387228193343978
0.12094099683261432
0.12104239972680922
0.14804291480062962
0.15589940182098005
0.17327056029682594
0.16934605283060966
0.175200449303743
0.20622015299698082
0.1910202824587551
0.1694023561001084
0.1802443116930153
0.1616019168077694
0.15289573430635492
0.17001812325759919
0.1635067907145338
0.1517852811901607
0.16983224984160666
0.1520848855767191
0.15098012168741082
0.15518350794450253
0.14400273696966687
0.14510151863125198
0.13144052452165333
0.14170712088060386
0.1426310667895455
0.14197848030042834
0.15703505939430767
0.16464184634187354
0.16406184270289317
0.1606182692710731
0.1674870963824092
0.16719531104533952
0.14763175596102135
0.1569049647231783
0.16623785139793845
0.18156906796404154
0.1880142347426321
0.17305067316071351
0.17607035283869613
0.18645057310061713
0.17796220678575267
0.16911072471606006
0.18664574238328654
0.1871372790075837
0.17116023005102657
0.1863614724990862
0.18918531307911546
0.21316751316459917
0.21666380433856042
0.19485042340197806
0.1880131549315038
0.19835061102013696
0.19420711215452735
0.1992499428257995
0.19985851520340076
