1.4336280845263655e-31
0.027285192071027163
0.07220904379583465
0.09822424257144279
0.13054324765587497
0.16922668885381775
0.19766166094604323
0.19392131073775898
0.19077350891531406
0.18533522132646804
0.18615833280994834
0.19075817814857643
0.21697583262660863
0.24176999520045392
0.2570064024385005
0.2754784725274179
0.3095535656127425
0.34363792204237864
0.3840883984751271
0.41808838565498685
0.41082842886330984
0.40481675384759486
0.3661760925357951
0.33721563956974965
0.3039192002917439
0.2852909952240489
0.26086872923226506
0.23307257021178787
0.20145189516170392
0.17566774129243293
0.15171273112107214
0.13373189171296426
0.12287829047350272
0.11064299386092036
0.10549595180873586
0.09763407750042416
0.09115163558219824
0.08358690134911327
0.08593333670289344
0.0918582090833915
0.10268672194745594
0.11867583887195758
0.1431687081966748
0.17885473675645788
0.19953813362078482
0.21584059035831446
0.21473885051587688
0.2344742486391246
0.2531114835444752
0.2722572650549473
0.281695857583244
0.2964193062793626
0.3072627234160036
0.3266940262514299
0.3390117512866796
0.3474919488829532
0.33367048400220695
0.3103853656649716
0.3025332313381758
0.307813053959193
0.31242423794703694
0.3034332668086984
0.27411111632385715
0.2501306140283615
0.2249992635630582
0.20976890335822712
0.19984005026307727
0.1915728208079252
0.18216377555900412
0.16577219394803308
0.1515595708639184
0.1471684346831416
0.15197326157319735
0.15158381380770233
0.14566959491126485
0.14492082421560978
0.14535083700122803
0.14448113628170373
0.13948558555990478
0.1326247640904135
0.1319653853883408
0.1454878341603368
0.17011581521741798
0.18620113187989581
0.1944237705426526
0.20528013355911517
0.21922028860792386
0.24502930157021377
0.2641213662756819
0.27892848719859226
0.2746654064550476
0.27766089975701264
0.28097720150542266
0.30288943021455483
0.3201685360248615
0.3266027323779139
0.30963664425252607
0.2834516165035092
0.24181275069862407
0.21939057651901278
0.21891141932115793
0.2142445159401998
0.20780259111920296
0.18904049872812886
0.18296279472434435
0.17435950458441116
0.1709206306482684
0.16280649538836128
0.16068639096047993
0.15988815847386334
0.15419623010050093
0.14374267608622654
0.13020274359335549
0.12758566920985898
0.1427933246123318
0.15373817543245313
0.1712208245086637
0.17860029140601197
0.17961670999190082
0.17639070542819565
0.17195146071661374
0.1779804619850835
0.18885509905966172
0.21608552929955352
0.2355223111475853
0.24525367669922332
0.2403810279782187
0.2324460738124426
0.21117487607355465
0.20328442724927095
0.2031812653385425
0.21336079224639654
0.22394543797753091
0.22586553574950155
0.2248987012620478
0.21819078639974626
0.21427651383434368
0.2006757219084141
0.1791866192532008
0.16448089901652413
0.16427598085423048
0.16966193999237658
0.17431990156357882
0.18108305652409012
0.1801510046951327
0.16879151508920368
0.16287959934486373
0.16892489639883673
0.18082697527756014
0.2008917035033108
0.2186569977566415
0.23808626367663668
0.2428360213672387
0.24589163266677527
0.22763318080854836
0.2173884448851858
0.2039059099172056
0.20925886719435238
0.20163954833933256
0.19895927936552843
0.18363694494009244
0.19175749850189525
0.1905313416155945
0.20589932376230896
0.20253747809783415
0.1881797334836015
0.16929902169922373
0.16258208297336912
0.15842763875092036
0.15913656788648634
0.1650735325098233
0.1705137628859573
0.17455251664966256
0.16621082652518973
0.16780101341368175
0.1799228017349246
0.192888746302407
0.20483287414483053
0.19726312820979386
0.18764707995032848
0.17856180482894604
0.17801339931113452
0.1825829147590199
0.19066012030910978
0.20545748975601985
0.20892450510941443
0.19996996173630818
0.20082787695496382
0.22238286674197463
0.231006249766358
0.22828522840037882
0.21442638387193977
0.21879385999484166
0.20384349267444918
0.20035274894565536
0.17895982102675484
0.1712108877761785
0.16135283897219682
0.16811344996521171
0.17143186906792204
0.17642719310838903
0.1763573803402752
0.17016455939152222
0.16487655085856848
0.1643596715891592
0.1681232112629594
0.1642762121783798
0.1629907993462823
0.17012165845477747
0.1763530358992362
0.1895755016476828
0.20215716217103452
0.20525078355822934
0.21909025698364498
0.2300226849761241
0.24606879367704607
0.2558662126842387
0.2658914624080807
0.25897598387391246
0.241984303225088
0.23009810293689445
0.21961409997936263
0.2138528611856356
0.19892582897155683
0.18809765415205493
0.18908755937440616
0.2138861151303259
0.23305999438887
0.23811200305952923
0.2234059749462928
0.20823113969594673
0.19497069507594944
0.18040010654027652
0.17883805988304527
0.1804657522352716
0.18550032675708325
0.18339769328560998
0.17813377501981334
0.16013523804121932
0.14849797249799496
0.1417919463062517
0.1357833452758702
0.13999414449435052
0.13715259289849843
0.1465179272157343
0.1673376772796307
0.19419600405141518
0.2119402460675064
0.22409245914065237
0.23064716767133125
0.2313911130448349
0.21974402448837563
0.21113655245471796
0.2063332163976049
0.21752511697908866
0.22728601497022677
0.23763299358716652
0.22881574075334477
0.21640445574871184
0.20187468410957662
0.1947790735504629
0.19490404469970782
0.19458097086094603
0.19689717819139793
0.19712709508117002
0.1901032992260154
0.17806454658184118
0.16086000058435937
0.14099435004540342
0.12487924265129635
0.1264045710350244
0.14390164784408443
0.16502452713115182
0.17873870421700389
0.18106634792316328
0.1765272962015829
0.16469452813785207
0.16063952730708458
0.1550041815064845
0.15755382561833203
0.1592251978451329
0.16117061460097867
0.17553184062901286
0.18987545996024133
0.1941720401649702
0.1980786080686496
0.2010485384372335
0.21742694978105212
0.21545747337939514
0.2205939242663015
0.2194732190577329
0.23638037366832007
0.22950014204863536
0.23252315689757794
0.22014563345372584
0.20885730965851482
0.18784100582067448
0.17530026555230407
0.16174839341421043
0.16257992094523352
0.15583211658334148
0.15709036368012583
0.15980358072050618
0.1662485423448289
0.1571104598720352
0.14544493182209636
0.14243740070298633
0.1395700274528838
0.13418889511502882
0.13253402122727148
0.14316975546159402
0.15416204403991238
0.16074797325808415
0.15565455721563357
0.15352213640683568
0.153263851660588
0.15989913095277433
0.17299606343460747
0.18386254763389273
0.18665123001385878
0.1846258366735689
0.18532857443598091
0.19215106435894796
0.21624377664136069
0.23330564656336594
0.2513721778441438
0.2450469535859929
0.2357639705717799
0.21161993994848743
0.20636243675576435
0.21304479081794497
0.22785064454444945
0.22291914192319165
0.21003193064447384
0.19077084440156164
0.1729971989094427
0.15247964100614997
0.13893671964564513
0.13138768196472678
0.12312316115655395
0.11379917182877437
0.10804691722775278
0.11651753360084692
0.1254494778090067
0.13747399454996903
0.14389112969041126
0.14680927622633427
0.15308520823210098
0.15301242256650385
0.14704809321136417
0.13387953376416897
0.14773167304590473
0.1565943866712844
0.1636415903161725
0.17351798061315155
0.1864857241411098
0.19538683494037157
0.20389795022802942
0.20972085800461762
0.20712008917026548
0.18918251673789466
0.17715695978342247
0.1690783442114105
0.18005838417719636
0.19996196503404523
0.20570203193029818
0.20369764036195387
0.2001163692506128
0.19842473848306094
0.18175595655573656
0.16304853115870246
0.1507438708154727
0.14011430960735843
0.14071518081378218
0.16303391531234093
0.1795850977929335
0.17923297360818266
0.1637596690716181
0.16143926122380983
0.16188772001520615
0.16417065191497865
0.16751911503201988
0.1753720604644349
0.18962557352347476
0.19891220210348848
0.21176836205193858
0.2242370685232491
0.23026644481983857
0.22080674551997476
0.20760085231778072
0.19491121811418613
0.19719382592460646
0.19494183202596055
0.19537180241613014
0.20044071098560595
0.21556084259275837
0.22243185307894023
0.24102651095099267
0.2489395994703417
0.24714055127026238
0.2229794278672802
0.21987289839837776
0.20852868337946603
0.18293953863113926
0.15932795208879877
0.14805971962865513
0.14603628953251546
0.15637323881469245
0.17559872136990706
0.20400244622359567
0.21731153405154952
0.230465653230849
0.2258709082417472
0.2102074270150648
0.18803616961625685
0.18129880108305338
0.18897676200581584
0.19286664660093777
0.19235191115677164
0.18381958070362522
0.16980194175225513
0.1641830961804055
0.1652363408013149
0.17945175742889322
0.18962923087857222
0.1986389622397709
0.20371821862249648
0.2085380590569051
0.20861659359030504
0.19813048463685337
0.18399701275177377
0.17254947152166544
0.16049803153860728
0.1504502540358093
0.14645401045714032
0.14764892903076132
0.14361644125957254
0.14857469062356676
0.1605641650831517
0.1703447752759546
0.16792911775673122
0.16830451958081336
0.16448655914754076
0.15681870913277574
0.1597757505774966
0.1715680688275604
0.17844516788785794
0.17993480192244965
0.17742959447381482
0.16611030571364802
0.15174051133321667
0.14375060082831112
0.1459686152206527
0.1591891520628291
0.17575400429489713
0.18519792213789485
0.19368139347437885
0.20363880224750935
0.196609064136212
0.1758691935664739
0.16423277248019374
0.1582597074190218
0.1564235976486026
0.1566724430162856
0.1682656719472676
0.17699233369218884
0.18159250204581698
0.16905550129541203
0.1654170983305177
0.1542704745322849
0.15058801452970483
0.15386754585127768
0.16659803252655356
0.16855120070170648
0.17583213593896324
0.1781638237446436
0.1855852896560137
0.18651735353709314
0.17677728708280874
0.16774705388322633
0.16744801091230685
0.17365444722123577
0.16851935512439925
0.1603174584634024
0.15100561509202678
0.15524785888420226
0.1596250749906755
0.17172865553814068
0.17483164595884207
0.18521043974042503
0.19122249089454535
0.20987702559137064
0.22255899000649212
0.23059671774208396
0.23222494885992495
0.21892475141003584
0.2102936153724433
0.18901375751814495
0.17527379227452877
0.16362003616214343
0.17053617453747877
0.1692484559127682
0.1674815042876524
0.15084433457053667
0.1386014108598364
0.1359699737911548
0.1435703964091366
0.1551270937481956
0.15990235083991455
0.16503825623660068
0.15971839413934572
0.16286544460118763
0.16503425932886914
0.17810250238590322
0.1757368957334278
0.1770850650201123
0.1840508943676129
0.19453198585078796
0.20704447405313112
0.22380448532255987
0.23062708032365392
0.2309090927607155
0.2135526750561704
0.19581503126936936
0.18229132322673058
0.17475984274203674
0.1823631734175214
0.19509624080983798
0.21201633676767886
0.21381484629698638
0.1988389492384301
0.18364247290138078
0.17147379490391026
0.16880151827263642
0.17491069647231275
0.18873555160389707
0.19751729766310275
0.20424503642532363
0.20488578725943435
0.2035722041992843
0.19609748047024098
0.18634920237937105
0.1776085639561368
0.172731857594729
0.16515179072426853
0.15735167336891254
0.16233702611499407
0.17252070598584454
0.18055962205782472
0.16760958292929293
0.150812854255859
0.14030252458495754
0.1370212815162557
0.13649751081170383
0.14049079207849935
0.17268607168870576
0.19419854228966793
0.20770227414556708
0.19011577527495732
0.18620875042981638
0.17446886495918604
0.18247564845770683
0.1847530528170373
0.20380490546389038
0.20262446306205426
0.2071346478383643
0.19997292929240437
0.20485572159400914
0.2062543662529885
0.21300571871617868
0.2114676716287609
0.20063745945070197
0.18548425870664537
0.16144666027405838
0.14740320957314967
0.13889559944761906
0.15153559735420313
0.167990970535081
0.1888203509595366
0.19905562941219754
0.2123374119814927
0.19550088287435194
0.17824393676995554
0.15053929545328903
0.12990612505315083
0.11907255767467492
0.12099802301669293
0.14136833004757102
0.1585637970246574
0.1852379213790425
0.20190814832588697
0.20785065153181106
0.20622098707686126
0.20119715928223106
0.18534423157223792
0.16495125298053662
0.15958332229615121
0.18170262374640248
0.19085199332437264
0.19203914818650136
0.18281532674914502
0.17547500026832086
0.1680253192587092
0.16843920327364253
0.18449007146197355
0.19005905256729938
0.1921678252217694
0.1807435471353565
0.1709127797933815
0.16162246545986567
0.17263381947699277
0.17399025558781178
0.1833738930611256
0.18252154024006895
0.17562544422803125
0.15534269427169498
0.1568453793416514
0.15598186248518014
0.15594596717792125
0.1580114309511532
0.16842771752381278
0.18694391449211423
0.18786455026745383
0.19115607695852185
0.1918397542848043
0.19517146133435503
0.18114471551052197
0.1779183838381011
0.17184604537274584
0.17490276221782236
0.16884291274984228
0.17047049836707134
0.1657429491017103
0.15960633776769376
0.14567991868649632
0.14802945641535115
0.1600334837187588
0.18112139319938442
0.19248921753899034
0.1957544465426175
0.19387605086673018
0.16793494594001623
0.15078988285626987
0.13757684073821372
0.14489499145872684
0.14552462552273565
0.15311892143921801
0.15742687983995207
0.1726363873721467
0.19263039062586318
0.2077315487128428
0.20021519261250673
0.19349776661974688
0.18916580243153425
0.19969791724917513
0.1898215067047335
0.18022675772099533
0.17162829004518573
0.1801271341976716
0.18175590529627808
0.18557016482169736
0.19898096633455875
0.1995993743836907
0.20966477693442062
0.22072750003988018
0.23859231832678632
0.24222638267856372
0.2441929221562049
0.24928732506764417
0.24536120030026823
0.2256272997770668
0.20958976824998138
0.19250328785415335
0.1788237463764695
0.16317096854492177
0.15585540478932383
0.16860510940863915
0.18574880166246652
0.19923578847003498
0.19678788023909036
0.19161094317055183
0.18173000728280508
0.1671110178315576
0.1527415621653424
0.15107615846827716
0.15153832426666278
0.15005818539562654
0.14762321666149614
0.15292481432754548
0.14938444945252477
0.14171419045529762
0.12837300789259837
0.1278650413130255
0.13850807009862412
0.15300181834771778
0.1638771728853963
0.17522356652166035
0.1871659702868039
0.18947400406587178
0.18762942623050174
0.18428580873634698
0.17744397691838992
0.17054087843575716
0.16829745695586168
0.17186318272322662
0.18185613636286016
0.20568968263544324
0.22619127982396664
0.22981253419265435
0.21294820549673107
0.2028182654539887
0.18404942032243177
0.16936833054341605
0.15059239703344404
0.14686899292239525
0.15470193536754578
0.15936194668384385
0.1604791096943194
0.15916028221167638
0.15307558646323113
0.1469179266013604
0.14876809548015266
0.1551860125058891
0.16851374982287465
0.16930355104433453
0.17574566595494873
0.16459916756479576
0.15290223075285816
0.13613311203791578
0.1433516144357991
0.141147796747409
0.1530329143511593
0.16511207905342254
0.17670878889964048
0.1760574890244614
0.18354256010622894
0.19077859170766778
0.19904034665486256
0.19922491166944603
0.21266165791788552
0.21465169953869703
0.20319684835609497
0.19710014595550832
0.19031734025807365
0.17957212463396777
0.16401060908150336
0.16235742702046624
0.16428147581482147
0.16596518193584192
0.16913303891205184
0.1830077228700392
0.20123779178543882
0.2079348585522057
0.21251888518599601
0.21352649962011025
0.20769732961693946
0.1947194737854078
0.17588922470001797
0.15777061382747273
0.15447083978091258
0.1534735893317521
0.15480309031745712
0.1572080866469998
0.1540146242503372
0.1568437313322303
0.16290691163112378
0.1769664336311959
0.19061560562718174
0.2051432920714909
0.21023767938930416
0.21060438792857403
0.20930573130617935
0.20441239138970282
0.188861905069144
0.17928623330049648
0.1723772639705192
0.17331854297341476
0.16554750754794154
0.153044703745341
0.15163853656057394
0.1618289011618394
0.1788605155299271
0.18762842736191604
0.19836242066836818
0.2089820552742437
0.22037854286362124
0.2251459902610499
0.22455154628587973
0.2154199604156941
0.20222329435911923
0.18003771361084406
0.16482903779304758
0.15196665203732845
0.1567556523894719
0.15170521500209275
0.15559185445345064
0.15630579413616835
0.16657249015661013
0.17438009265818463
0.18235685716224603
0.18486858247080695
0.18337061544523456
0.18298350702916313
0.17777424532481445
0.17281090237199184
0.16322971891692076
0.1599851941851557
0.1548125446981795
0.16962788333324252
0.17722370568803206
0.1917058526530072
0.1955596060422496
0.22072571949960432
0.22016423480416403
0.21126836624547995
0.18347359412383688
0.16483316658683764
0.14245387303567003
0.1329772754649288
0.14133418865563896
0.15510259059439177
0.15120566411528738
0.14940077838498297
0.162867187016923
0.1838427450807307
0.19933907818559465
0.20029217554748763
0.19741615388069145
0.1901994008192418
0.18103531309394705
0.18643969896518797
0.20022366733222693
0.21467071944841437
0.21037726449137759
0.20296612007852238
0.19402366020207953
0.1862619698494867
0.17422546764477495
0.15949140440192758
0.14875947969329298
0.14546873320441145
0.15568051617624173
0.17594386348501262
0.2008304752777906
0.2043502557195574
0.18739524474674754
0.1628032533460935
0.14806721490767608
0.14097614555759053
0.13898566862929634
0.1394275322374145
0.1449876598935353
0.15335580025681447
0.14959705314342978
0.14233425448523243
0.14573871448934086
0.16121038456479442
0.1748008288377233
0.17606530211901258
0.16966377540185934
0.17017885328026872
0.17471683969174456
0.17922366157230724
0.183187324949362
0.1898211719572573
0.20753820114038074
0.2201412569565616
0.2213547861130048
0.20704123432084562
0.19060356219747338
0.1727531509274473
0.16181289217123979
0.1627054495396745
0.16914320876224248
0.17788450679083198
0.1840111543816247
0.17883543970394483
0.1617978192088962
0.14595417633476473
0.13910068800588224
0.1425484676083544
0.1516438444728186
0.1728270441024269
0.18881068244670102
0.19542488707927544
0.19364774857854658
0.19233531007037863
0.16966368615000627
0.14226511914776097
0.12763896998613738
0.1291807898845866
0.12821548838377023
0.13447340439547467
0.1429853418681798
0.1546476821237276
0.168897708212856
0.19771194063790107
0.21484527663922143
0.2319963811132213
0.231735155902542
0.2314362265903681
0.22304622468971705
0.2118485749270257
0.19330230753332014
0.18319694631382186
0.16886311543377538
0.16621995307164694
0.15689775555254906
0.16064479589472289
0.16933372333975832
0.19097800048972696
0.19246424172624277
0.19590915705833312
0.18988744353600864
0.19008089500854947
0.17390456530147694
0.16216768886089145
0.14536704564448272
0.13121021346998488
0.124851381235764
0.12492046168849547
0.13155214567557033
0.1367360892958591
0.1394289496969445
0.1483041074236951
0.16213373164625838
0.1887869359851892
0.21207323426795194
0.2279345932822575
0.23026139170875665
0.23210503312526382
0.23117087662967853
0.23730364168895146
0.23992071311606314
0.23593022904299102
0.21914936188185338
0.2043533251653179
0.19544659789158847
0.1931182158958178
0.19723551672109293
0.20923172842296092
0.212597487885274
0.21197489942026276
0.19733671531474611
0.18831610835646806
0.17035510320051572
0.15136799620248556
0.14653057426654845
0.14292958997457456
0.13806757284821636
0.13953018378489124
0.1530979955129868
0.16850615566201388
0.17323869993910548
0.16869578773060903
0.14837678139008625
0.13032935326010134
0.13052322824313425
0.1528223386648109
0.17119873309392933
0.1983572675027474
0.2206964674397084
0.22679430934694406
0.20806366769386392
0.18649108219918079
0.1769162491843695
0.17105659762046413
0.16664532137302027
0.16093506404820013
0.16891720939774713
0.18441924728815967
0.2003756690835746
0.19918755011158096
0.18668054394088687
0.17683364401423704
0.1752340390937582
0.1768409747398243
0.16749911170611606
0.16925366753757987
0.1713216033781735
0.17861804059291353
0.1730324763345927
0.17774628110661014
0.17535583977607494
0.1673238546797163
0.1446729607866489
0.14118780069651535
0.1369646609735171
0.13726138651612418
0.13552464657328236
0.1499854479717874
0.1583390138571668
0.1658838436527643
0.17055556914441575
0.17650436903320255
0.18122614801850173
0.1785671271140181
0.1756852610070795
0.1758558979713067
0.18331058478364318
0.18835499801929806
0.20227914825757481
0.19589735459962357
0.19302448787095217
0.17321629654382134
0.1799899161077082
0.19184565197438969
0.20084171231298786
0.20409424606433113
0.20070908445314894
0.19885561137347282
0.18498132471555545
0.17535646349591263
0.18101674508990703
0.19807776748457054
0.2071400083970139
0.2083124594034597
0.20509331596469543
0.20859956958233564
0.21162006861050084
0.2134688819643438
0.2016317985341961
0.19058671605285804
0.1893957136830683
0.18929072534583588
0.18420058374709516
0.18089857289622094
0.17660273880768515
0.17555721152583514
0.17680195797242032
0.1836674766452379
0.19318524080056343
0.20225342754946177
0.20152230903522578
0.20351060463966045
0.19854291712031988
0.2077720509769047
0.2022235176904964
0.2017522509021954
0.17899099572308808
0.175471501106787
0.17121988883939246
0.1722040341670814
0.17165024747450833
0.1863336800048002
0.19728113159090693
0.20637131524100039
0.20607332520072344
0.19544872937689017
0.17107258185589605
0.14758608113140992
0.1443911462049728
0.15243676771267592
0.15770167494692885
0.16087821045883943
0.16416688864427917
0.16711870095471096
0.1644972539678417
0.16231533241624405
0.1587924573097386
0.15895540491892585
0.15259845811669445
0.14725035804922582
0.15400712869174774
0.17247232917970584
0.19272199055158928
0.20149403371011393
0.18961909999678633
0.16928466980560622
0.16771091561289247
0.17328583436260764
0.19791369404238576
0.20190115475741285
0.19946961434865382
0.17636210782816883
0.15973830592531865
0.1597949687711179
0.17700612797717938
0.1939550083058495
0.20855186215433694
0.2018909331447653
0.19361549383173288
0.1858722761767646
0.18734537648099853
0.19204863595083163
0.18713365706873727
0.19619647995062006
0.2001995325992699
0.20677270408718096
0.19744662704800897
0.20083163691168576
0.20345143402159865
0.1946682615764076
0.17547616463111265
0.17090795656313168
0.1727580513918784
0.16257061384178892
0.1503826050598194
0.13722947948406106
0.1356387006031727
0.14806510131986947
0.17153099749801357
0.17779151164108503
0.16798636404587822
0.15906256569010643
0.15166009281826887
0.14073660715495914
0.13729749770688257
0.139264839546601
0.1384347284773145
0.13741013647061207
0.14046414540521926
0.14376310131378178
0.14781446298412182
0.16107897460093995
0.1801261711161633
0.19800995348541328
0.20389346030623617
0.2092416207244007
0.21546056233212016
0.21053834030635907
0.19261951603045327
0.1802478420995106
0.1831573047978273
0.18357176022674795
0.18473904970201052
0.18178070790424866
0.175763010193191
0.1629169546949392
0.16364399813627833
0.16613813524620408
0.17648243621650653
0.17035167559258751
0.17284986191658389
0.17340445634039725
0.18143589869544618
0.18689010087512486
0.1877682296050232
0.19631423022566255
0.18831193204998556
0.18751313236595826
0.18333809226591433
0.1817857783785224
0.18397531247360221
0.20053668287882292
0.21515499825945048
0.21888870741833188
0.19751794307683398
0.1764090970218102
0.16278009063814344
0.1536397044778149
0.153243716779035
0.16029523816351557
0.18516457464554104
0.19528300245439326
0.1977034402654413
0.19172296017354093
0.19039936037453975
0.17475314388927643
0.1601418667992412
0.15351563477862543
0.1480651271181612
0.15703278867821302
0.1612055748332975
0.15531912115479066
0.13895306789026407
0.13661916657939563
0.1388886031117374
0.1394098564529813
0.1343665620096982
0.1461170760167124
0.15119930486899164
0.1653549437298723
0.18209556371792476
0.20084690889353446
0.19514769630070355
0.17439238259069328
0.1692160922337775
0.16505928971101458
0.1744010768926285
0.17723031301808426
0.17701910530079873
0.17435753324880837
0.18008397077120727
0.18041855445100483
0.17708272409964423
0.16365737168270367
0.1614713793885258
0.14472331088763
0.13105941427882128
0.12695482978894035
0.13321141735179012
0.13221887652270894
0.1421729001458461
0.15783424166482396
0.16583675100584064
0.16537079074139344
0.1666451424126406
0.1677590637731217
0.15987070137800688
0.15070646782274807
0.14886837246902238
0.1491024113936916
0.1517297153516649
0.16317961860160513
0.17378500179960416
0.1711107707278272
0.16065200997933649
0.15656929438730904
0.16034024338124506
0.1679520448562782
0.1701040636344144
0.16494180760130775
0.16590330107232223
0.1671067045192522
0.16831816570803385
0.16514514411282344
0.17611266865956715
0.18884914563457658
0.19534501842500415
0.19000568965946257
0.1786773592351987
0.17283446629577948
0.16306745062549638
0.16724686794163637
0.17982406461862968
0.20370954928150709
0.21128407841753322
0.20620861820135483
0.1880841012958074
0.17343628920028326
0.1584992577114052
0.16156897740376933
0.17051224081269353
0.1837469555055912
0.17766177271639153
0.16377705054568376
0.15181896445541906
0.14688238016872146
0.14805594237419614
0.13737897193674733
0.14752686532996126
0.16763284633718345
0.19230367269527535
0.19860291899495203
0.20444026233509857
0.20515920718149475
0.21315382917629416
0.20311842411686643
0.1837732159940232
0.1625180411559553
0.16003004660379916
0.1586856733315197
0.15398625495578863
0.13469783352178677
0.1273446643512466
0.12685129256282265
0.13038835870579174
0.14277910415445683
0.1553422246236899
0.16988975855691896
0.1764550285886156
0.18696727427525955
0.18564264758100915
0.1788419689945746
0.17928743361365929
0.18683425591242145
0.1910117702214951
0.19128968995674475
0.18800423985810216
0.18159830480710748
0.16927589384852557
0.15586485962289356
0.15621244515423674
0.16682740425106923
0.1827495853007479
0.192326946668595
0.1861633327410394
0.16840135204213283
0.16187558876217506
0.16527138128369867
0.174214796622052
0.17948409367558207
0.1776142251585358
0.17483029035267833
0.16899616418412214
0.16898595986586518
0.16607743714010717
0.1628379277946412
0.16812723282097347
0.18317938699176164
0.18605723391692128
0.17710831648615105
0.166372398087153
0.16242389077576058
0.16352519880041017
0.1695545790812325
0.1727041272590847
0.1727886054372631
0.16712971794711223
0.18097725633406042
0.186317176200432
0.18338130405974243
0.17024796824420654
0.1707181418869267
0.16701565516301164
0.1623898248442775
0.1489111508851953
0.15661980339269702
0.15510309553112542
0.15891211458465354
0.15573297189396296
0.15646963804120811
0.1492210087033687
0.15292695363772615
0.1529120941171828
0.15809855633167427
0.15899302305087393
0.1613725463763205
0.17529191852022202
0.18838097438737356
0.1974916389675554
0.1917068060143192
0.1696966179954812
0.16188565190233814
0.1649875454432435
0.17496019877562893
0.1800314504510047
0.18426369520812746
0.19996918276658915
0.2037223681498705
0.19447273598485504
0.17593421249118532
0.16671384756600505
0.16574356895670242
0.16187716502921504
0.162085516469243
0.16807758167238127
0.16675158191649855
0.16663077246534388
0.17524102958846605
0.18992879436822824
0.1959848676574911
0.2024231815421842
0.21096689440162877
0.20817882013923608
0.20305149309735865
0.19423667566225708
0.18536065204328506
0.16495495650500103
0.1473966870243498
0.14414971662281514
0.14282570096942487
0.1426635833198045
0.14702079928285625
0.15443174191489994
0.16393858142950576
0.18377055524477487
0.1990010690055983
0.19851906773323513
0.18523827483390357
0.18321473478209496
0.17958372446217702
0.1845738141222795
0.17851447910180204
0.17736110562217894
0.1815789977765361
0.1881925428151786
0.18341426774494315
0.17816439645670448
0.17131276569490037
0.1653843919683982
0.15986424091378362
0.1660581096740959
0.17377785680493368
0.17889952055208963
0.1840886844477291
0.1816911497588044
0.1843372047987418
0.18303184595042243
0.1869212732894022
0.18069045154046018
0.17508032863307543
0.17842804709145993
0.18574402613036492
0.18456223042566663
0.1766670298524309
0.16561762243160255
0.15230058735702204
0.14452313670404085
0.14847102087733638
0.15999983037153687
0.16653654427300552
0.1829206984137382
0.1997483828681374
0.2150295095544375
0.20656852922372945
0.19947317086735844
0.180826337360707
0.16847309533319177
0.16012686041098687
0.17862475869334485
0.18584159134875816
0.19883638511519305
0.20909036292744623
0.22400242685282826
0.2210277179157548
0.21961842152512792
0.20594247191086504
0.2048518529653934
0.1946443541082748
0.18682544662915096
0.1776768491910841
0.1875682980355879
0.21783630158934608
0.24013278561597462
0.24532328952696547
0.2381932305100704
0.23236532274057523
0.21500232734521066
0.2062932718461277
0.18821343500043516
0.18397106201321756
0.17270666330396706
0.18874924171557653
0.20126842608968926
0.2141171397524549
0.2137316323703345
0.22777035797707745
0.22963587405038974
0.2266781078152389
0.20539976551403505
0.19790764764304583
0.18228648398099162
0.16469908019802226
0.15256214713423386
0.15103220172797574
0.15442028465021854
0.16148474239758823
0.17064139228083802
0.1743984886027701
0.17375487507297654
0.15945920648600456
0.1387404990278062
0.13031858531040416
0.14959538776112016
0.1604130940929808
0.1823253067529624
0.19234228410323434
0.2037184298016277
0.19393250865688197
0.2009451901193622
0.20688057417308164
0.21580410556895255
0.22178304737464533
0.22747557483959818
0.2304943023186934
0.21633202194075135
0.21084608250165993
0.19304881024293877
0.18458727742826203
0.17441361404990963
0.18276823771821202
0.1838522958683845
0.1806130294925847
0.17475316876004945
0.16915281520566147
0.16174904323453387
0.1529369210188692
0.14947614598806866
0.16031822471395288
0.1823146326072503
0.18894688728699754
0.18618789546737777
0.17295491357231063
0.16573965307242322
0.15131591502834285
0.15076583281720832
0.16920522837867302
0.19598125671459427
0.20345659508830694
0.20661381525720854
0.1968085368616086
0.1849075044312954
0.15978596835742054
0.14861273246337786
0.13977958309564814
0.14082387280256659
0.13932159550483822
0.13915499893870048
0.1554908610498816
0.18307523349931615
0.20498626202681192
0.20541661702746422
0.19091703723432418
0.1727966771818747
0.1549111385203967
0.14202157830538933
0.14005699601086513
0.14024306385205562
0.144112964859709
0.15630505836239206
0.19002490930856522
0.22424071651358424
0.23026443135742136
0.22902940294590493
0.21994429510137217
0.2098402488612171
0.18866632438567324
0.18191889497440217
0.1819991141371884
0.18490020656968084
0.19596072637054784
0.19588399884141544
0.19031015818949282
0.19308836068230556
0.2017194938658526
0.21802130036252268
0.21710697720783903
0.2095312675882035
0.19649327864629945
0.17621720838744712
0.16735782569084304
0.1547778120812992
0.15073591142076273
0.14721447563053267
0.1659522960563994
0.18651615200315513
0.19407169358904577
0.1859732920292203
0.1726854697615664
0.1640562677631158
0.15443290183532596
0.14983399109851436
0.15079050280141243
0.160748833638616
0.17535759069339116
0.18405342449751375
0.17934138745238856
0.1765554665885987
0.18490484125591441
0.19305516231393532
0.19140124856169846
0.18700692751158912
0.18244100765737076
0.18226601314821844
0.18200874261172006
0.1855513249626918
0.1879180260764588
0.18414429876044996
0.17178113635562522
0.1541229108905149
0.1372194468829707
0.12762171256816893
0.12622005560259145
0.1351767818665422
0.15286647665278735
0.17654583129356563
0.18276909534948005
0.1797298066372285
0.175495106710337
0.1807917285345417
0.18140415232706814
0.18573874821496913
0.1840558531192726
0.17781491661038482
0.17053538636417276
0.1715966404063082
0.18006166069045795
0.18605081081579744
0.18504440488976748
0.1822128242245106
0.18285240299423405
0.17933940073114082
0.17577253271609763
0.17832575580272927
0.17556676349270592
0.17724451458862886
0.17742073436968728
0.18384385963458338
0.18666966740328883
0.19395049794214658
0.19946349055226012
0.20544700183203404
0.20961737556214868
0.20322205497577397
0.18348836486253178
0.17202493477577532
0.16149765610980701
0.1661652113806847
0.17700827836042504
0.19216390793471844
0.1930054360531809
0.1941556075058702
0.189894036006588
0.18264783767309528
0.1894275091172338
0.1934964991392292
0.20422068973978777
0.2022811643511857
0.19585218458727513
0.18495772794892193
0.1858863060129418
0.18068242768679899
0.1783249336744259
0.1792998132282298
0.18322178048829796
0.1796971250602496
0.18846278511217426
0.19112277510789627
0.1928802058581477
0.18277620969580163
0.18175122193541657
0.18644816640308365
0.1975475063645807
0.21571307534142609
0.22352438391313698
0.22017033579921574
0.21656854668429357
0.21738122313660269
0.20773793693969672
0.19582143746391334
0.18012944829374744
0.17427576191455418
0.17276226340615297
0.1782906472123611
0.18546003177700984
0.18601489646073144
0.19093644926927608
0.18855030046475282
0.18611938866959657
0.17251681847627126
0.179600296472994
0.181720185424457
0.19013080690933834
0.19885619718567119
0.2084077551509079
0.21288608354882765
0.21253261032924775
0.19911767148572623
0.1823453962300857
0.17258096381716365
0.1760275900652844
0.1693635871462054
0.16362266964493538
0.15496374073424665
0.1463022867713125
0.14819802633030163
0.15481286588920104
0.17345008464955045
0.18492493263740842
0.18725089491317548
0.17890894470471136
0.1742337821059399
0.1647493608108622
0.15708518763287518
0.15161754828816149
0.15062421305397247
0.14998021147547425
0.14992673734838044
0.15101461932603616
0.15385022547043342
0.16058305670430773
0.16897455723111396
0.1813590551467327
0.1918418763031767
0.18827470599934829
0.18008203716484097
0.1727593471401759
0.17644132970930224
0.17201255548132943
0.17926344983119127
0.19108870870802827
0.21345611314786458
0.2130659009907633
0.20532748755812014
0.18708102228122225
0.18277419736679987
0.16760706364341801
0.1712455872226019
0.18311439381573513
0.19608534538770928
0.18778885331838005
0.17336177660131452
0.1690052075411463
0.16957856624605455
0.17227030498523682
0.1652901339972239
0.17191170563851244
0.17787689471450244
0.18600918044814313
0.17976681598783406
0.17217258415349182
0.16148653234542962
0.15030167984144036
0.1440605799922463
0.13439349794171493
0.14662253585545515
0.17322818942285476
0.20229274860480573
0.19884098819330326
0.18843721920059928
0.16144008299027748
0.14989813121673945
0.13314415685939524
0.13879807093691962
0.14867564095070698
0.1739476100770192
0.18750544692404206
0.1995421083749931
0.20467104603556435
0.1981690619519178
0.17876345614288044
0.1592827185809544
0.14979041759855188
0.14844033465504822
0.1627653994751793
0.17123800311566953
0.19197386444397088
0.1932155859142645
0.19953388235346978
0.19281543664493414
0.2008623976553289
0.2095831833587076
0.23070882165875883
0.2320480785841993
0.22750559845675342
0.21397589275216228
0.19882142676534928
0.19029057313886724
0.18685167830922328
0.1857659280926902
0.18012034874933286
0.17750013043214735
0.18513146434078137
0.20660591506433065
0.22479513150462568
0.23168504056737899
0.224384919872101
0.20821682570509864
0.19456064721976818
0.1753112134609366
0.1584329477299512
0.14295374960971735
0.14409150171207386
0.1460174942973491
0.14723185058775104
0.1522066898519393
0.14917314284482577
0.15036165871574594
0.15765330482299975
0.1670691710818432
0.17342671213845468
0.1722379002067617
0.18578025168518608
0.18932012837390405
0.19482165384573996
0.1805582230070631
0.16212466608069923
0.15284337594239183
0.14909585035380263
0.15345850123642613
0.15299120775585848
0.16703131362817014
0.1887381438011618
0.20778624745690746
0.22020346147196637
0.22746271166725576
0.2186511456473939
0.21936990939512963
0.21012479926794364
0.20363570417732804
0.197084240434067
0.20000374156193707
0.20752481456168065
0.19798711547522216
0.18697997798489213
0.1665309225343569
0.16555853249898922
0.15529466465928038
0.160660691849128
0.16051691413184382
0.18161170979450644
0.19277112102351246
0.2086860690301081
0.1965035160173505
0.17894563365662597
0.15242241922172384
0.1503714856967278
0.15750410745082546
0.18073079470279507
0.1962029263772738
0.1936485093279709
0.1879474945249582
0.16902719885701123
0.1657238966780316
0.1666934470224924
0.18508474775631117
0.1789487730172466
0.18103756760542428
0.18178926846325555
0.18550166910352642
0.17437146173538678
0.1683484523778548
0.17774001790161825
0.1918815629201787
0.19786499336027946
0.1900331454031488
0.1823812454032236
0.17478511489195536
0.17269150488996737
0.15270524602904728
0.15932316127434043
0.17946360810200715
0.19820322053893671
0.20095006840708898
0.1926372455109443
0.1765234852497789
0.15847403752576536
0.14589709727687541
0.14547443468470828
0.14225931625693705
0.15029614989480308
0.15308561238289994
0.16503053688234512
0.1880963011395899
0.21143661479869844
0.22236558841944185
0.21848015997192224
0.20918196979696516
0.19001072615431452
0.17694310674600766
0.17956847058910078
0.1950377786604335
0.2055803008537062
0.20038776047142093
0.19885367119613595
0.19312786393414472
0.1932546276957264
0.1979678465406011
0.21052109592968715
0.21642870970734365
0.2208976382110927
0.22416835211837138
0.21639104913193535
0.18789629452881082
0.17106104669314567
0.16997271226690344
0.16752232620120214
0.1701550326766775
0.17727455936514697
0.17906016017699602
0.16944679872244797
0.15694350802061316
0.14983647560775687
0.1451231716779872
0.15064178341154813
0.15670626611611405
0.15863056707647763
0.17671475321803776
0.1959970159664436
0.22204542771887148
0.21656228510423625
0.20219879083762674
0.17789380508117755
0.1581221316515967
0.14409256951522348
0.13556253894959402
0.1347416334467364
0.13708683823709686
0.15342319674537921
0.1690190265318245
0.17127526181834213
0.16944899749664977
0.17173694957102514
0.17471045880022734
0.16318377584733582
0.16569361732252458
0.19412469647010164
0.208358477467224
0.21976750522769947
0.21785008732951563
0.22621624921406114
0.2203229494919648
0.22120005160219294
0.21477219078795862
0.2125198936069867
0.19753373018987153
0.18647104650057855
0.16978775868997595
0.15539677764400667
0.15432836406948974
0.16003492115445372
0.1755849764112988
0.1884402790542439
0.21935519830984768
0.22309726087360035
0.22402508356992085
0.20070735714994367
0.18284078962387937
0.14695513766448706
0.1164066723035601
0.0935796605429058
0.09142475146758434
0.11041138104748556
0.15151878384641365
0.19357657449730506
0.21262499225530318
0.214088956133295
0.19999753072088267
0.1821412099884029
0.15917904873585778
0.15772115583804053
0.16251152042676706
0.16827793742545752
0.16765201528094947
0.17682073261809406
0.17420794906247578
0.181929238777736
0.17987801878351045
0.16410608297500479
0.1482400405565097
0.13028862042819062
0.12397743999092413
0.118996869434312
0.12990959426642174
0.14068574609257337
0.15350911485479474
0.16513003500223547
0.17995131748046028
0.18588302567102066
0.19598007682188986
0.1957366872849872
0.1833253860897378
0.16055363799851824
0.15266373363912059
0.15443966145300206
0.15663301134179639
0.1571448001799802
0.16575233660342456
0.18445304430814322
0.2074755080822952
0.20996475126412292
0.20630533063482934
0.18251441348794833
0.1668037744210342
0.15529402619003838
0.16469596858777566
0.18518468469925278
0.19046627196223123
0.18746576771779286
0.17790279686835525
0.16822215456942305
0.16965961934892376
0.17224638967926714
0.17520901233993671
0.17360718171873485
0.17542033089791415
0.1709076742255286
0.16555051574408336
0.15886218172892125
0.1549598852870654
0.14203746647992846
0.13068977735793783
0.13170493875603648
0.14250401887963374
0.15537107830997182
0.16115612845417368
0.15381682059932547
0.14934268143797783
0.15472523009320707
0.16393137869128188
0.15756816449303562
0.16761618106215687
0.17864769411814274
0.19855293271645094
0.20753922306578745
0.21908040494157
0.21852692467826718
0.21813873468704556
0.2157558653758825
0.21877153047342834
0.2116296009352609
0.21200790732980004
0.20766507570997958
0.19573732706544664
0.1829251847860858
0.17794861995726013
0.1779709470853283
0.19059932904110444
0.2068990581929363
0.20827998242612955
0.19602455088423487
0.18349991796957535
0.17459626141815077
0.15205252113597717
0.1308690096841427
0.12277458998926397
0.12525651601481788
0.12357280486354455
0.12940792331911855
0.13908725063142982
0.14688511469662238
0.15617260046219641
0.1713761066952831
0.1860345112005094
0.19422753473397333
0.19904627342414108
0.19465518390957265
0.1900260395305671
0.17918154074265122
0.1821095527737316
0.186521361341615
0.19156216453921227
0.19562690670763183
0.2134599607058376
0.22125244459640547
0.2175774357824189
0.20810382214219442
0.19167129019469378
0.17279873321755396
0.15936380031680128
0.15029123082267368
0.14280384107020863
0.14871158429232673
0.16094094653911445
0.17960050429470753
0.17615961525517065
0.1594526749812047
0.14051230377976745
0.13523879138991202
0.1406384420752899
0.15204208178306455
0.16548567453903423
0.18411739713018246
0.18836875732375127
0.1953137402535413
0.2000912776859229
0.2094400102310711
0.21345645184052733
0.21022705694814348
0.2011837511724692
0.18638231610769518
0.1815156057515742
0.18116679384976078
0.17198247747934764
0.16431864394670334
0.16404343197824314
0.17018092150479056
0.17329406977653153
0.1771942670936645
0.18629634951243695
0.20279195564650435
0.20440930467812884
0.20324585434085468
0.18441680376532157
0.1594551920856017
0.14163026339164683
0.14844223256342856
0.17380326814710548
0.19422909066689822
0.2118333974363093
0.2140572124252837
0.203497666443286
0.19146430759171587
0.1917869641995003
0.18799730240976736
0.17982412057910807
0.17595729658571632
0.18644437336058242
0.1854527635413954
0.17261655411422333
0.15590402207408055
0.14099191007432813
0.13101936709428955
0.1457685974173449
0.15211342686060025
0.16794957911711023
0.17023095332949884
0.18521646045352447
0.17826087026170917
0.16499020320550556
0.15458240943137028
0.14925438564314353
0.14673353015441815
0.1583946518289867
0.17604866883930811
0.1834594334493201
0.18444762142326113
0.17715167181715238
0.17612025385488017
0.16993566031065346
0.16206466825542795
0.14832169364712486
0.14178747006754056
0.1465652600554379
0.15436413178139272
0.16072835897795293
0.1679660373628011
0.17965165765963992
0.19461599789112405
0.19967678759735905
0.19347879324714282
0.1671209206439127
0.14269826724852427
0.12637385427543255
0.13646458635457312
0.14886231895699922
0.15687613856162175
0.17127124894477538
0.17493554618055668
0.1801068460190917
0.1719497696236287
0.15328131421264699
0.13641922144278115
0.11714598260067469
0.11542134986546776
0.13138931427480172
0.15540507504135448
0.18691963690934396
0.19516220233332965
0.20577325839435062
0.19556015258617251
0.1761222937468816
0.14526617437580217
0.12744410499400835
0.12837738046057445
0.1397711088594636
0.14711267758979163
0.1638946741527333
0.16662788256132732
0.16822064075559884
0.15748634165708963
0.15347437730826424
0.14757736690050038
0.14946937763203907
0.14793389748144006
0.15284494977790528
0.17020873795260902
0.1829971590871441
0.18388233354860978
0.17461862361799874
0.17314818407957364
0.18427755441466848
0.19045147738797422
0.19137403390006624
0.18525970205769804
0.18472299702278208
0.18402348721900294
0.18498239241715428
0.18848008943392494
0.1873713385705238
0.17952217508481202
0.18262470603563832
0.18619784560286304
0.19878927238038296
0.19970203494839858
0.19678395731074286
0.17935317540106693
0.16788519386357673
0.1562615334254992
0.15599883674258594
0.1516299942451125
0.1631590581589912
0.16982328359190244
0.1768601340147439
0.1647368313764615
0.16083201570750982
0.15501828254001246
0.16478969214198813
0.16646606212491025
0.16674641973708404
0.16287929903158468
0.1562784792391467
0.165375189140949
0.16057534214127397
0.15573381173737086
0.15456065444920042
0.16046066473409798
0.17223544846174038
0.18585978344364348
0.19416960716562048
0.1823389011740878
0.1654978125177818
0.160029930102961
0.15815716470142044
0.14596745576685613
0.1477575188443864
0.1524362878295457
0.1602185568737651
0.15874374566110142
0.1533160715710012
0.15223679626148234
0.15989111528620012
0.18403155445973896
0.19531864113175657
0.19542872440305356
0.16863597683273107
0.1573549957881627
0.15509354635071912
0.1617007569598085
0.16186382193357518
0.17975939329845914
0.17941775029941576
0.1714208763439532
0.14283117659920683
0.12067007839364172
0.1127649308629499
0.10887856849488109
0.11765641011409869
0.12534310062237652
0.13550876500231399
0.14278033510649163
0.15821385409621336
0.1674281011922634
0.17711987943125487
0.18236292071569427
0.18597079125174631
0.17459922880597406
0.15941070297214122
0.1554485638945194
0.1671455286732774
0.18186536697231473
0.19868344664054166
0.21991576334479113
0.21549748415445802
0.19630140301355856
0.16960636655798167
0.15991019770848175
0.14897835437791138
0.15826490735237692
0.1692956519970352
0.18226478194037704
0.17684534877165473
0.16007439147579838
0.15133328605635804
0.15765364049200256
0.16798628668831994
0.17276271971705262
0.16210031073255388
0.15228959134492906
0.14689519710966603
0.14452561933234878
0.13946367302854062
0.13439382774663255
0.14143476931362944
0.13991872578457518
0.14654747961655262
0.16165724095783598
0.18820602321153962
0.21039101128275817
0.21745130681025338
0.21923625728319074
0.20342474471392408
0.199091504213881
0.19006452263867332
0.1972483924602368
0.19726643182895937
0.19670026889242992
0.1958298319993224
0.19621438517081136
0.17898464621663557
0.16380381239263836
0.1594010732170878
0.16107842155384514
0.16829565471204383
0.1881209837667025
0.20710581146510376
0.2253159881029607
0.2354866041854222
0.23677242131848297
0.2287549657688496
0.20034321291700316
0.18047209878286793
0.17702252542204788
0.17763272991932758
0.1764516848422044
0.17202792564235714
0.16240472348062635
0.15209846815565006
0.15024367707782837
0.15751560697832198
0.1682294462160011
0.1733267713549969
0.17498351262424613
0.16362452410590447
0.15664755355770643
0.15542091724747256
0.1626125283328445
0.16651896951217546
0.15653780771773582
0.15163887174149782
0.13719367094754184
0.12941279345628295
0.11739221746505152
0.12031419303433784
0.13427416501610512
0.15244958506440462
0.16911175905561193
0.17941387950721935
0.17804158864140515
0.17655589511664166
0.17601155769099475
0.17700581372523858
0.17909392532556354
0.1769081798665611
0.1696009686153352
0.16794274930224523
0.17395820758762248
0.17717780946438424
0.19033206710597264
0.19141478873851575
0.19837525721969118
0.18028030155493402
0.17717150653526928
0.17118916872637702
0.1789319130294185
0.17179791129730762
0.16068844120939413
0.1478861919613476
0.14381915054485317
0.14744864693290105
0.15984173889672684
0.16698440979987283
0.16794322200227632
0.18156758996887018
0.18563621541281117
0.18263954851268313
0.16752205343174373
0.1515123991552272
0.14081897107727503
0.13792559846403898
0.1538040299323238
0.17229073655874175
0.19001160039864062
0.19108219362199905
0.18066470517879293
0.16975220053335424
0.1627835290607476
0.15823873859955717
0.15841849586907958
0.15986605135481582
0.16026887544293295
0.15630846788963015
0.1597001826829883
0.1609185133795128
0.16360726176979268
0.15985584832454686
0.15961501159529062
0.16209634028614983
0.1572380884744128
0.15549763929973576
0.15181578916103644
0.15387472772077
0.16112403077040208
0.17615789886031666
0.19043609523905375
0.1923541720656479
0.19060221057993004
0.17516219322742582
0.17228203284586516
0.1667761087942878
0.17095894114709442
0.17962502544688205
0.1972880549807428
0.2145315618998052
0.21534165143399406
0.2088236911076038
0.20576911776044113
0.20863680972856977
0.20384672513429397
0.2057005935514621
0.21113761648086513
0.22256628441192175
0.2125784882088531
0.200311146029223
0.17939128699175155
0.17399992167904335
0.17577053141691779
0.19150847964081405
0.19784423255652503
0.20657049086257637
0.20863096651937893
0.2073054706753154
0.20210848952387855
0.20561162985292813
0.20759277695984754
0.21167043667121987
0.22562693421610866
0.23543842787631564
0.24253085666919472
0.22809182890657256
0.21209047655178595
0.1923160908827233
0.1862550969710641
0.18804044539527373
0.19020219869982483
0.18975837374225357
0.18701830196098082
0.17961439802758902
0.18105023030137404
0.17685546889891385
0.18459910660734558
0.18540781837272755
0.18532922861099446
0.1808744416661802
0.1844101133974895
0.19273625988607745
0.20579146423443223
0.21235529986654417
0.20597522632400556
0.19723051605090716
0.19060613873543936
0.19236131083435948
0.19586747150447742
0.2053735303815094
0.21641975747285958
0.22266484603980483
0.21322324261256745
0.1911562279117946
0.16943080502163585
0.15365817632347126
0.14437916414532032
0.1461887953163089
0.1537300127917537
0.15949901022016993
0.17195444707362056
0.17373763436643694
0.17283106967687184
0.16821953542894563
0.16737454427523496
0.1699743961774029
0.16360987995208112
0.14923591549694404
0.13488167855169558
0.1354870062570329
0.14293829893388643
0.15856980657682704
0.18684173184216984
0.21211112459069956
0.2318431686298977
0.23034561805687598
0.22084709311477266
0.20361804039099404
0.19752761897275992
0.19219365164657595
0.19358863956087097
0.19074020013660511
0.1854353392338554
0.173252244227958
0.16634034736218253
0.15838130572269615
0.1632071506922229
0.1823942893779569
0.20743935545923858
0.22015167837406235
0.22003676388805013
0.21815070576915058
0.21130431001768
0.20341630062305877
0.19848138843786775
0.20065071402528542
0.20177249816864062
0.20345926140846393
0.19364070645567125
0.19085541915164117
0.17511504510340195
0.17875672945778487
0.19491570066661984
0.21969224422917644
0.2202035719150075
0.21371442791495487
0.20164914797623895
0.18506892920424445
0.17955741939557351
0.18239357278023752
0.20143425715150537
0.20757719636936128
0.2140254936235554
0.20529895501293072
0.20799249818209958
0.21242748332049038
0.22432897161482318
0.213364035807787
0.19712968364066102
0.1794691109771678
0.17492639652752442
0.15763033193652276
0.14763784285977866
0.13700144798710504
0.13473778524232902
0.13601347925727678
0.1476192328867609
0.15258286779343677
0.15302099119455032
0.15139430211038346
0.14831666700529195
0.13242408698741978
0.12226446043727912
0.11858999433711476
0.11509816933910907
0.11600634556432056
0.12322866693795896
0.13811886565178674
0.15090642304476015
0.1729205339767638
0.19178843084112587
0.20169684187013212
0.20641257374705624
0.20126371384874803
0.2074168732723966
0.20372669194397647
0.2000080776752324
0.19679720982054363
0.18816014122355362
0.17165756284415212
0.16267260269847764
0.15790717951428726
0.1583224216051349
0.15188573797331656
0.16474906969440622
0.17258271446964202
0.17306363295017246
0.16425819566887787
0.1678970230436887
0.16850153504932167
0.17131526078924428
0.17157844102201203
0.18347329559858763
0.1959133825936071
0.1919103262556523
0.18087383799967188
0.1781564953074059
0.2020072722556076
0.21661342140086587
0.21791373862123103
0.19145927540512772
0.17207813333401475
0.1445478953806644
0.14218826751076774
0.13575777804409236
0.1419116038279395
0.1505206719144072
0.16866831199550045
0.18394736498986758
0.19311416270101547
0.19052057310773257
0.18774055328670156
0.18599263059915086
0.19200765166411043
0.1861268267238412
0.1931989078961702
0.19061904136040153
0.18741253782011869
0.1791602339821711
0.17235628430156835
0.16881875905859897
0.17458632110033973
0.19179439481032096
0.195707680831259
0.19680394759643022
0.19930360072279896
0.20140952212780813
0.19744478860284945
0.18277564250325526
0.16753872313431323
0.16703233265850548
0.17068996210594464
0.17242944549268183
0.16165794124107502
0.16073904804027778
0.1654606915544795
0.17623680262004057
0.17199050310544686
0.18494137213132245
0.19077226893180527
0.20220196086165884
0.18617958545140223
0.17422555932056555
0.160550362494642
0.15449657196057615
0.14965436433856388
0.15335141353050985
0.16109208618171636
0.19048405371923888
0.21945520521012737
0.24407822036897528
0.24966846605425264
0.2437831064820683
0.23272622880266103
0.22309699282593465
0.20605045707961028
0.19163913873535665
0.17583310023930063
0.17294554990562694
0.16593488581107663
0.15875754624561972
0.1489050584091422
0.14399153629271344
0.14699126111758035
0.15853705734847456
0.16803361626216212
0.1677177513671259
0.1624136791658858
0.14633209914900666
0.13473776466806092
0.1297782721356999
0.13442464127439918
0.1483168638146181
0.15972300568698022
0.16860044156324627
0.1836265626274795
0.20286466587943486
0.21642960763121447
0.1997038513560845
0.17610189425455375
0.14975025419110602
0.15285504956082607
0.1567570500593807
0.16744488414692
0.1733732020978314
0.17556121420672155
0.18085175658999342
0.19185887241380792
0.19887039675481558
0.1934349102897553
0.17668987123486954
0.1754246446676122
0.1705749769384796
0.16523759229118035
0.14465020372601617
0.13181771031149572
0.12838165343477817
0.12861681376788414
0.134649780760078
0.1419250916890945
0.16003019914547334
0.16826375542940283
0.17933561841221574
0.16708849333115708
0.15622546058326423
0.1545743234104173
0.16847783526154766
0.1773058088249151
0.18711996108661524
0.19106502787558433
0.19454205258014812
0.20601676300794317
0.21953827542439133
0.22291816687473076
0.21883866664662371
0.22340546651176435
0.22802052844652687
0.24437832543433927
0.25491193642056903
0.24977473694004707
0.23300195944547125
0.22793033140436558
0.21594567901738715
0.19901689075371698
0.17912214154878836
0.17089291101948229
0.15691326424334778
0.15447916832303274
0.14189960999180298
0.13570195028816676
0.13223858692967605
0.135050316015356
0.13732827514695856
0.13257530229800132
0.13302154186505433
0.1360498157234064
0.12843441915319895
0.13642864132295632
0.14406535079763774
0.1597200738251783
0.16765440426120426
0.17935260577500228
0.1950451728657241
0.19514268084589254
0.19084030396742624
0.18187729382059026
0.1814994392178826
0.1780178746754344
0.18305808080467273
0.19172879303669463
0.20295765445994807
0.20727335364779936
0.1824146038768989
0.16141785447884238
0.14643649017198448
0.13410538836831154
0.12262145268465877
0.1262238144620054
0.13887912898794819
0.1582121979055667
0.19092518201204037
0.21505709631583514
0.21596534879469537
0.20122911844492689
0.1757710564070879
0.15225508046829034
0.14005203888033757
0.1419542457456225
0.13535599366888537
0.14347805567575186
0.1567464788217928
0.17392105187255233
0.1791814976302861
0.18166305484349363
0.16531049497178832
0.16249476220430292
0.1579755226233988
0.17155655315292176
0.17606095965037538
0.19069863660335587
0.1924125475236881
0.19164494498510345
0.18490736035573765
0.17726975955325028
0.15921802465101467
0.14646387883465378
0.15310020207303338
0.17608180420817993
0.2013400326607158
0.21768771148360147
0.2287718116922576
0.23010039717885458
0.22907856105235772
0.2239486986234365
0.21211495608090983
0.19827760731909286
0.17620042784426282
0.15488118874827242
0.14857362642856156
0.14577082629478758
0.15346966617558408
0.17582947356445555
0.19157683975220466
0.1935291652664162
0.18573277785058412
0.17187474523480195
0.16103815205060515
0.16038017777848015
0.15578212271683473
0.15352189367812533
0.15475726264986356
0.16448689858248902
0.1614788528940137
0.1602153830972902
0.1617925537233101
0.1723172920894989
0.175158101307476
0.18013272618051274
0.1898061190310374
0.18752220568867425
0.18989873089375892
0.19113049215778977
0.20093704453345276
0.1978952423461334
0.2017728822897221
0.2015064137020371
0.1947770986159942
0.1852049483174915
0.18297856782452215
0.1778489641434021
0.1817763907030626
0.18152958007777603
0.18757652456866553
0.19317403849770018
0.20774887019303562
0.20318678473454024
0.18965450293753625
0.18032827426803447
0.1722117557065834
0.181006468767912
0.18338276758867356
0.18351263685004415
0.16188447551983365
0.15508040473471799
0.15704194357140058
0.1778528512303225
0.1952995368897966
0.2089085011373234
0.20805852580215667
0.2018889868287804
0.18990623417453545
0.18668580848819674
0.18430605082666895
0.1841865427760725
0.18568862221624274
0.18845799892358645
0.20106123487198072
0.20829759177371615
0.2175284753761772
0.21141448927696668
0.21009042125065672
0.20033924356830676
0.21390822464154993
0.2323509243175139
0.24894830205596258
0.23937431567036271
0.22106499835354068
0.19049705404666153
0.16984008007671814
0.1609860070545551
0.1682923014267052
0.16959272337228623
0.16705343030137842
0.14856342870305975
0.1350812012962608
0.12827821071337453
0.1427968301549295
0.151991317194783
0.162641243489674
0.15714047495413777
0.15889458552724406
0.14517019107546725
0.13691554081751792
0.13809155622373986
0.15266176914055743
0.16540321669158106
0.1751533174557846
0.19244093641206012
0.194004093142444
0.20102528301241468
0.19476010311884404
0.18870099332538565
0.1897542898427726
0.19820727837677643
0.20709447802794317
0.20366131869254725
0.19720836546113146
0.1952514491980779
0.18823441900083931
0.17910342644368454
0.16963097314475042
0.17383905438733604
0.18525800871566764
0.1908064103568422
0.18475914820132677
0.16885604873388413
0.14655315084011633
0.1503904196899586
0.16244384956121322
0.17839385887764797
0.18224364976325944
0.19000800843671012
0.18186500423005872
0.1653332540829989
0.14693817332842993
0.14298972003012625
0.15432661661645317
0.1758769126767772
0.19647662143773093
0.20540103672441504
0.20033438077812252
0.18732184903698237
0.18204652574241265
0.17680631153433146
0.18211460007101404
0.20053312245286223
0.22738797718956988
0.2314778636451172
0.2231098335616859
0.21065555322202997
0.2065968741029476
0.19077622610898853
0.17760927201728022
0.16731127182257038
0.17204527796300895
0.18941480610612116
0.20365960080854958
0.19358902740653014
0.17986949799563107
0.17176395040092834
0.16610883157546508
0.16837360132841264
0.17310873166134913
0.17529546123041845
0.173573605407066
0.17389328149916852
0.16433726294443837
0.15841219117180086
0.1503844944256511
0.15214785469207673
0.14928947492037253
0.15505104550008872
0.16594793430372337
0.17840443333360892
0.19803798793278546
0.2099692621959
0.2139920788302763
0.2070975022036809
0.196845121009257
0.19015061080611897
0.1825647229884489
0.17371034336391747
0.166418750057044
0.16915495384383772
0.1710992719068985
0.17840970569848907
0.18466236795882646
0.19751739224671655
0.18964500885797048
0.1786287109020018
0.15965964355905993
0.15074373737007116
0.14350602546470778
0.1477595399450316
0.16055194385255908
0.16852872820981202
0.1780507054190589
0.18193240514791947
0.17899021558813297
0.17010923474489428
0.16225803957006046
0.1605284793251411
0.16265985629255866
0.16717340138269107
0.17663260759781843
0.18854961946823565
0.19481601076394603
0.19875664332919457
0.19727535773443539
0.1826238024397678
0.1793948738705814
0.18304044914822098
0.19197091299686178
0.19518429451673688
0.1836265015133867
0.1814304441184896
0.17905835517507485
0.17893637399206988
0.16911682558335586
0.1590908983037021
0.14931275957739407
0.14928302833880863
0.15458912621913204
0.15788236269211553
0.16762949588661422
0.1653548165736646
0.1627625974442464
0.15152789586935916
0.15125700888215282
0.14639509140531173
0.15152053905091187
0.14678900151478913
0.15160445345992507
0.14438913161209002
0.14545663230912148
0.15044908241126567
0.15173648551465968
0.13978193899704067
0.1256430190175754
0.12616933967651295
0.12015945067870579
0.11462879045581091
0.11741071267010786
0.13548622431541757
0.15534294928996895
0.1729326477961218
0.17866222312767405
0.18091635900054934
0.17500212767820086
0.17283133754454164
0.16847785500022272
0.17157431605598686
0.17347554150225633
0.16603977444039877
0.15929395552350425
0.16035351297235528
0.17006381113737332
0.17358895740407235
0.17405837584928302
0.1687686542124897
0.17853730454519343
0.1788225646867074
0.17822027840764407
0.17373367106074555
0.17280827265599735
0.17350053552113184
0.1790525271385675
0.1982710156394913
0.21650893835552704
0.22651938617430326
0.21691013594114913
0.19864201644178078
0.17716148585378894
0.1571166165457102
0.1361613388425733
0.12255246070372841
0.11987409524043152
0.14071401419853455
0.15530694429243014
0.1685301581771637
0.15813397236022783
0.14665449461322752
0.14182009570277568
0.14869094107053243
