1.4336280845263655e-31
0.07373140338134877
0.1908839997331448
0.2835903506777269
0.31506811419755365
0.36416824667977177
0.39795103939878856
0.4597790968788056
0.5818590428875888
0.7934957545091514
0.930386627770232
0.9300092953869112
0.8766495286717039
0.9031400709058308
0.9511477804533579
0.9386781057680652
0.9304657120816135
0.9707963175306609
0.9693754663162837
0.9407343526573891
0.8561733955664687
0.7862648234717493
0.6902704648182167
0.596345973587904
0.5820198983182079
0.6165340993422933
0.6393179970313125
0.5846744341621134
0.5408507314365341
0.44532890137070336
0.4210235249020599
0.4259926377012065
0.4970939155004681
0.534207731107555
0.5398098847866862
0.49172681146210834
0.45605402131263734
0.44741000413090615
0.4830174446643211
0.49047887064279094
0.4985824841729741
0.505997953322554
0.5007587309537677
0.5001624822825756
0.5195261234988645
0.5570950271747224
0.6125985079981439
0.684280662424537
0.7265647060942991
0.6642208245441362
0.6152936108117809
0.5693448892767236
0.5572444655867148
0.545724102437927
0.5522337069921545
0.5498014133912785
0.527774188669763
0.5108508264000664
0.4753236094422842
0.46892163592804
0.4563779958583137
0.4448332886331634
0.4693255683375844
0.48376045984391053
0.5455199842087022
0.5664863401109314
0.5885661194974643
0.5907963939663607
0.5816628572272022
0.5433340714813618
0.5155431500351063
0.5096259020520606
0.557898762221008
0.5666965668150564
0.5481656259397301
0.4851503137809072
0.4613418996341179
0.4852429751637775
0.521734230874163
0.5627776958622595
0.5622136932477931
0.5860567471755881
0.5851429804737597
0.5944201901273835
0.5886037302821193
0.596847936526123
0.5930368477089539
0.5722848128570136
0.5371686547502804
0.5216433134026299
0.4565535444804533
0.4489322566121592
0.441025341942014
0.41789247398593327
0.424999672720159
0.42322262744912165
0.4782551851531601
0.48126286149808767
0.4983018581400976
0.5115635359372093
0.47594633521289126
0.4446722301694151
0.43980559432104355
0.4444725863310214
0.4719467129559332
0.4785895565705129
0.49536723732798416
0.4934523293037978
0.4965077553000998
0.5228002801439603
0.5459403048159598
0.5553480236233476
0.5684021171240673
0.5968232362400421
0.6718579200889506
0.6794724914744896
0.6638570604355498
0.6590323286750429
0.6767967194319426
0.6902814303016134
0.6402424535326815
0.5716530967424083
0.5561508568496405
0.5745190200117355
0.6161801268161924
0.5918995037109703
0.5443810854935806
0.49242909219165687
0.4958560279250171
0.5115607237529555
0.524435656493145
0.4981261526447333
0.4920595212655202
0.45602976775420645
0.4856421310330586
0.52090073945565
0.5442094661014563
0.548405650306911
0.5069208826764803
0.47643324590232605
0.4758123915194364
0.5088048630921875
0.5692100027147067
0.6339177257456764
0.6833095053796194
0.6572096452526328
0.6247328767829213
0.5434902495351991
0.48001373063116626
0.4809434166926543
0.4828723880120791
0.5425090623109287
0.5646657039323598
0.5959430799690136
0.5735776402101463
0.48752654365266185
0.41529687848342606
0.38380867834807536
0.40493307087098607
0.44373456448218174
0.4484227487529183
0.4574909555594514
0.45115749999893934
0.4419106945941258
0.44444666846407055
0.42617734956115894
0.46022711015146256
0.5123470116755364
0.6018480965641604
0.647591911739194
0.634411293675619
0.5730472749528854
0.5360132489692608
0.5109391724072421
0.5197804001691302
0.5229222812816343
0.5450043597029856
0.5495042809928798
0.5315960805532383
0.5334273327911406
0.5237226611023303
0.5422531013214
0.5038526644508204
0.4858851083110234
0.4524975646501554
0.4934308677360058
0.4755764320312536
0.47476478182533216
0.4179579618198121
0.44784780749164504
0.4438864387539781
0.4458273080388173
0.41254892557211187
0.4570908841893313
0.46531041050574495
0.5106493899724696
0.5375668103269675
0.5209486555778248
0.5069375631173887
0.4936836916491726
0.5057247562614073
0.5052193347369206
0.5269678437604437
0.5668578948749604
0.5823862331673008
0.5881967839192662
0.6042175201446829
0.5888242825438018
0.5865685391594065
0.5840167626205779
0.5344052912741657
0.5030405953792297
0.497193353410595
0.5224195541814725
0.479864069735628
0.43192224524731115
0.4029722006318259
0.4189360324827682
0.4256383233659343
0.4419844327819962
0.4554046424602126
0.4722694170999189
0.49115412162490346
0.5076548633398114
0.4829111525867207
0.5023396930775648
0.5112353130732926
0.5678698814878873
0.586600162632034
0.5939273094162286
0.5827135484139169
0.5419468121193305
0.5138352455327503
0.4899963977094538
0.5031919717716794
0.4868446002806406
0.48417970847817565
0.4498655597201158
0.431640459366955
0.38791010398572656
0.36702555909154017
0.3899029888421743
0.4295628230919371
0.4370245726408939
0.42885769857200806
0.44434060976183615
0.4838390967818695
0.5235336907586631
0.5346529013361296
0.5167665716178728
0.5359635110400441
0.5617512337828647
0.6118882562550385
0.62439650984194
0.5988473257639537
0.5512958557907964
0.4701146507508269
0.48971979086478046
0.508684863043369
0.5886489609663479
0.631400981305622
0.6255619840530935
0.6014886047069485
0.5461866640951291
0.5334812636268538
0.5365995683369023
0.547748487752808
0.5283814410826279
0.46494268443902714
0.4373053434483219
0.44393349757497097
0.4323715500366363
0.40116799463285974
0.43363708429562386
0.4296899996675284
0.4003941801292753
0.36532516367657686
0.3721699751206528
0.40882302939064946
0.4699352749488716
0.5370980659941993
0.5516398423195953
0.524383373588954
0.48046863760741376
0.46285157377100833
0.45120842146782586
0.47017022296805766
0.5326519463851829
0.5991033620545453
0.6349437505671527
0.6040331162382926
0.5510958393182114
0.5370018783690137
0.5570550263273469
0.5269322640981082
0.5103045220451703
0.462559737068048
0.4192892928127275
0.37964056159197196
0.36135068147191685
0.356912347420301
0.3484094145598131
0.3855338513684734
0.4122270779934145
0.4523082588533729
0.41386978330566704
0.38545361492112706
0.38805974757974243
0.4407360293301586
0.46954973440919323
0.522563178783752
0.5063086555242335
0.5060799287792349
0.49793878647921846
0.46304399555373515
0.4573228438371992
0.4377195449019194
0.4857472293039964
0.46683184305352715
0.452894982169426
0.43101966459927354
0.4106852984754953
0.43222755497684
0.43559087058232165
0.4468041008124027
0.44512055663065947
0.4381922062435538
0.44632681893932735
0.45869160513118445
0.4505667429730439
0.43717979843982946
0.418125972901749
0.4303548795238075
0.46971954727868626
0.48413076967117874
0.4825976198860519
0.4664150740667754
0.471897226663038
0.46831897898549235
0.4948151661209136
0.5515725536697739
0.5920471231253016
0.614974185848044
0.5693698004697588
0.5425452920266748
0.5044261727659107
0.5481141805544547
0.5326650722148997
0.5294655444321604
0.5004590961163493
0.4955805643059456
0.44861237793947356
0.4226526584521124
0.4384344281767897
0.4575094069849897
0.454567148589524
0.44599384448224433
0.4803704442022806
0.48810631700404794
0.5373193306412548
0.5589698339010308
0.6336948522707125
0.6320203050848312
0.6275813497268962
0.5733921290644882
0.6145449813629384
0.6199629154978223
0.5955379533282347
0.5874876146559712
0.5925240632366435
0.6248581415601522
0.5930567834705504
0.5312694534344621
0.514264514770163
0.526732263946663
0.534398520927636
0.5119016275438694
0.49841548943479164
0.4630078559578297
0.402901453870835
0.38652038901762953
0.4096265226553226
0.37820403719545725
0.36912471386152634
0.36477442431159895
0.41576193568993
0.4686543436676585
0.5190091078963807
0.5460559709214184
0.5579646500478386
0.4944958833026841
0.456862334644982
0.3983167050501023
0.42160888506522853
0.44587334257887795
0.45676381617060574
0.48135035801309045
0.5050016476814506
0.5402342249471501
0.5005997716576318
0.4966477285131482
0.5082729544790057
0.5293570006983258
0.5193821151873298
0.5159965860735719
0.507379997649194
0.4616507964859025
0.44831733145273334
0.42725658796337385
0.4821724904233186
0.5049024110413187
0.5123376513707333
0.46868896936566296
0.4955119509120674
0.524091473287532
0.5402050040322868
0.5797070482294537
0.5598114576440393
0.5297370664595025
0.49257368686182684
0.506134108637406
0.5180734037391941
0.5810660229081147
0.6134310171330432
0.6258066989549854
0.6337435743997869
0.6081200196714339
0.618146469650547
0.5727169972531079
0.5284880929200425
0.5490855507776671
0.5275419086083125
0.5154485135333898
0.5063354396306068
0.5189724156724825
0.5327735163329648
0.5347174955407242
0.5376080933700933
0.4999842998907537
0.4542638962365579
0.4300764914492732
0.42697504647385653
0.44972154768456457
0.4940482517479039
0.5119543280623192
0.534385718985809
0.5583965059766187
0.5591327940918847
0.5751606498506665
0.5878585792279807
0.6227245005465848
0.6121461781128987
0.6279148112350655
0.638200754636225
0.7260971753174863
0.7118317944139316
0.6848505606540378
0.6118265300094129
0.5710548622254539
0.5261196951374832
0.5381726933279647
0.5463521210728679
0.5445205010418158
0.5187748559221647
0.47902101525793955
0.4610308617616178
0.45405981992200556
0.486535486964854
0.4709054913917893
0.5523075391718488
0.5897171289989307
0.6337702202701614
0.6305283842524033
0.6301439492210916
0.6345338113673921
0.6227361497163
0.5880112655126924
0.5707937397161651
0.5080509335063461
0.4988085521879831
0.5012247915213597
0.5653005812758085
0.6408244577987373
0.6669543710216955
0.6437486311619932
0.6003403288971872
0.5652432014126771
0.5094701064886058
0.5237559239256401
0.5634985692878958
0.6238175664664558
0.6328220287637715
0.6376281636794617
0.5776609146013257
0.565606319614577
0.5295670986297034
0.5523284369667862
0.5673263382754308
0.5813654101578949
0.5864780008938641
0.5610497304926069
0.5642601364700595
0.5980590843203122
0.6606400836771363
0.725100765215824
0.748348280717379
0.8061007689496013
0.8437467581383558
0.8734689503661024
0.8637793790493431
0.8645583325105862
0.8151532673165319
0.7612953199188429
0.7313164988177692
0.7401630828285528
0.7655301020441277
0.7955872854531155
0.7601312758948284
0.7572368229316678
0.7290863852909385
0.7126355337247675
0.6901480780211451
0.6894045281566339
0.7308116212368252
0.7880830170260401
0.8994449432091054
0.9182053197557158
0.9779597210037556
0.9159880868362723
0.8885855253171618
0.8863440963345366
0.9370287737010585
0.8945072486232213
0.965734135703546
0.9547604013890311
0.9799238062824186
0.953627296174772
0.8818441997019504
0.8005100695970744
0.7608025094915507
0.7358862786189844
0.7345777650007415
0.7500612877266264
0.7987447592139681
0.8272326500553517
0.8473414774294564
0.8902604527779479
0.8257992230396727
0.7979849964648962
0.811690648177048
0.877287012389267
0.8864691111235306
0.9321235273133803
0.9205003197270883
0.937328773659295
0.9652808347014564
1.001576617971862
0.9875033064222078
0.9523898723251623
0.9332362880170302
0.9301527858629655
0.8726368059711549
0.7981506015456807
0.7433174391453106
0.7303717495004209
0.7657456856718281
0.836483956198081
0.9056219820356407
0.947870045055533
0.9873303634898563
0.9867995149934468
0.9269656033836761
0.8826183067236733
0.9042601132569819
0.9374820167889697
1.0289254192064166
0.9683616247919258
0.9608680471018034
0.8937128861644388
0.9156719703292022
0.9004344498479839
0.8902891031471534
0.8764659692851854
0.8328900219355867
0.7949260089815793
0.7870310705229839
0.8221468515201493
0.9061809964265185
0.9126024858644507
0.9752482082722571
0.9513788582015106
0.9554056047232635
0.9346036329779216
0.9491886366944594
0.9380948210091009
0.9605587042407356
0.90438052582771
0.9177458989159984
0.9089891975839419
0.9338072419336878
0.9181603968746539
0.9262297028862206
0.9345902282995401
0.9694063022767219
0.993199900162662
1.0253932803002705
1.0637578919222934
1.065936535118423
1.0470073177602215
1.019406497027783
0.9964969490018663
1.021391127821626
1.024321554723141
1.0094993166707684
0.9537348589133948
0.8979753817297689
0.8618419277310395
0.8549901676496329
0.834040665923813
0.865053637095558
0.8638842677446777
0.9302212258418375
0.9317076464037812
0.9231652530128422
0.8771929629098822
0.8481579670800573
0.7824763414710961
0.772526889907052
0.7390334909749808
0.7863274553357615
0.8678832669516938
0.9451462621397367
0.9448741494258475
0.9053795466510484
0.8569815851020123
0.8313867044098334
0.8104498529008481
0.8674595844557443
0.9012066546776724
0.9805136521169692
1.0183675961625933
1.0059718683269172
0.9897410686382102
0.914260316979022
0.8841937578561287
0.8674902219284175
0.878010805193942
0.9135398380361957
0.9559252773648037
0.9695277632003189
0.8946809922475217
0.799022199720685
0.7660901562421681
0.7893715825231481
0.890574020638794
0.974101754763171
1.0296783419396374
1.026798905777466
0.9692511391979411
0.8913886313383231
0.8800375938554064
0.8907489646119253
0.9057628727257457
0.9070989471902895
0.9426002252669833
0.9571007998435052
1.0167856347767248
1.0412180853314685
1.061416949277391
1.0590915062112902
1.0353315992620973
0.9906623375083241
0.9311345314586436
0.918282752091637
0.9416964042620543
0.9715173433842661
0.9685565651135101
1.0355428218762024
1.1098841413503853
1.195947666268727
1.1834582186928084
1.149385251300011
1.0685940560199552
1.0270318691048619
1.0047794632074074
1.0297943942793948
1.0012131589518662
0.9613967063342359
0.9082546024725722
0.8723608151720214
0.8701434783693681
0.8594969864459284
0.8636839847684243
0.8473343628261314
0.8641063033652595
0.8671087102246392
0.8965916001246107
0.8811162293743565
0.8839770964251076
0.8931767518060105
0.9591072409391264
0.992914403101309
1.0397240790187123
1.065948351762733
1.0719202659192137
1.0690969355160178
1.0789850289503722
1.0982702830207942
1.1112958791499647
1.096899777960654
1.1274869040100688
1.1430855877672779
1.1898642368766656
1.1332504876127782
1.1180007642564838
1.0485789726009862
0.9745312918224501
0.9519019339411405
0.969018661834954
0.9913721212300142
1.0418297321107424
1.0651722087040605
1.0923404362321558
1.0813899974693209
1.0210947989311228
0.9311935478350427
0.906592500683309
0.9145483603600374
0.9793394814583192
1.0047046359533849
0.9906653493998273
0.9386724165194539
0.8671100057338881
0.8932900547367304
0.9249112691180977
1.0647115586498825
1.1163392421098237
1.140351601333819
1.083343447540884
1.0445258190786273
0.9860757847211141
0.9973938887402376
0.9998695761341129
1.057798187315163
1.094753925835915
1.1178532619028028
1.1473720803726843
1.112392062060464
1.0681336985025427
1.0129872067766306
0.9463919032331634
0.9209535198638413
0.9553963148544654
1.056696544055469
1.0999381862910231
1.1047173868092866
1.0513763773119742
0.9998444685074758
0.9453420515920963
0.875255823593464
0.830760477464751
0.8757458708874187
0.944785463773723
0.9741759104193257
0.9924460180093139
0.9843306219348767
0.9478525455807432
0.9237633752586061
0.9047761596282639
0.9100553824777873
0.925444120888191
0.9180816750876822
0.9485681416868389
0.9489607615034998
1.0135966655397846
1.0370420313385746
1.079442754394939
1.097090235665573
1.077170162938611
1.0649196183279008
1.0973046488533549
1.1311756628880858
1.1380425741755082
1.1476695765182323
1.0677530996736497
0.9756084874029061
0.905960698075883
0.8463645284748692
0.8640636247833358
0.8460891286781046
0.8582541926394207
0.8519701397601023
0.8742549756147165
0.8468960463204027
0.8153310620947083
0.8107723517089281
0.8533346878964656
0.893548215133404
0.9141368430470163
0.9473811307340677
1.0100854930854888
1.0047016084092144
0.9946960358363693
0.9787390216027763
0.973873693938663
0.9778034814017496
0.9880281743307332
1.0133416168310079
1.0659961943667315
1.1116629942891265
1.1798568375898555
1.132716323589995
1.1232678700691845
1.0601683051670625
0.9834075849040559
0.9397667531063798
0.9315482118474059
0.9436521887066291
0.9236226851246728
0.9081772236875654
0.8937708480967456
0.9161872914039448
0.9879620276697048
1.0350339561928896
1.0440808229794187
1.059335092198485
1.070147459671699
1.0746507944169341
1.0872450101200528
1.1228058689081872
1.1405883065813243
1.2012163912222757
1.2036610689592613
1.1680867665555028
1.1926691158083618
1.164390030741472
1.1465485439520489
1.131967033772645
1.1248311438572682
1.1083698880822892
1.0716352328810064
1.0061030030511817
0.9947317292947618
1.0082590348103566
1.0253181436200802
1.0900276548697796
1.1231511868639186
1.1244752031002705
1.1029030829315813
1.0617653068915365
1.016771715034905
0.9573534578351054
0.9593444405333009
0.9758771353810164
1.0674209631621534
1.088275260428061
1.1055557324125789
1.101862853087754
1.1040472735291684
1.1017558358536086
1.0704286044449
1.064999871473082
1.0854494789794082
1.0906843297225564
1.102120289838101
1.0871203339744555
1.085573166051432
1.073139030935955
1.047451018349624
1.0558337272080816
1.0765095302358787
1.08104317349185
1.067711390651584
1.0457543832679752
1.040943638358074
1.04635643512138
1.0527671712766093
1.0461781981788527
1.0299860004668027
0.9822381652383274
0.984434912857196
0.9995192711429688
1.0294697903097931
1.0762959973761692
1.0833146227781365
1.1370544905073205
1.1943567283847583
1.335894449928488
1.4152553994966592
1.4098436441404987
1.2903478978271603
1.153341412013141
1.1033673603780503
1.0493328817617935
1.0022703332354574
0.939653029667301
0.9159730168653889
0.9578503214499767
1.0426475250614213
1.1473390959365444
1.2522611865255502
1.3012862679932864
1.2772490239421375
1.24165289875351
1.2075911684041771
1.212779798178399
1.1342843059667338
1.0712986286186563
1.0106497913143937
0.9931938723401996
1.024380729458111
1.0624371849526513
1.1493925411828116
1.217475423460024
1.2872740243637746
1.3258578104859318
1.2831284591266872
1.195276338036148
1.1517337304976834
1.079640053463472
1.067625713942971
1.065195944384868
1.070670104111553
1.093421061648255
1.0621931133244131
0.9927962371072953
1.0267545393753397
1.0361816812680555
1.0642098541317766
1.0871975838150498
1.1052643212826978
1.1571584250658855
1.1997188339988931
1.2330761760977558
1.264229340615294
1.2698120580363017
1.2737548049485414
1.2861961552258605
1.3492467077522547
1.3804845997888795
1.354699409154922
1.3124456100702793
1.2533966460308088
1.2189103734435605
1.187025987516879
1.1570543821361825
1.0809006198305942
1.0228277437857722
1.0484589514465492
1.1180106614136662
1.1697846491654402
1.2043566280059335
1.2099096033875858
1.1995591584494072
1.1853352058673556
1.2001074035079555
1.1904044798094493
1.1474352604764668
1.0974385043655515
1.094314002545902
1.094114002947911
1.098540250821136
1.0817021668679303
1.0708088756878895
1.0918829046971816
1.1030678167016936
1.173107383870198
1.2048474353559444
1.2159546250126134
1.1903351220998137
1.1136431656434487
1.0707730182272843
1.0146714860747632
1.0323386268464276
1.0397399140037515
1.1220069884910264
1.1533886175842152
1.2071028111932742
1.1988349776643359
1.1787450265561827
1.1703048628629242
1.1132460880748711
1.0508296240965738
1.0368651121760715
1.0411541467099408
1.112113900373516
1.1819802374903323
1.2405706900216025
1.2608069443396668
1.1946762260709922
1.1532678281626114
1.1245549856303216
1.1543961647721372
1.1830959310806728
1.1659068462420121
1.1737322795718335
1.1389472474223123
1.1128517815535097
1.0874937728810874
1.0848372363819412
1.085804349698905
1.0538790589125364
1.0959619361757602
1.1299340915117881
1.163685503886227
1.1570877636157029
1.1197714024535168
1.1161422396689404
1.1733048508998896
1.2101412593004084
1.275960928592082
1.3134715131875847
1.2841343834059356
1.19869475920349
1.146158461178556
1.0887385350663115
1.096451929787186
1.0863137423701317
1.1315566677840765
1.1532879526829922
1.2359052496770038
1.235058761488355
1.2214472887122432
1.1597227828727399
1.1329879042981446
1.121482983921587
1.1216658180684385
1.0848481986795955
1.0685881566151645
1.0596725356113423
1.0768300901133712
1.0865920551482362
1.098156300094213
1.1133348384796207
1.1410695631725858
1.1429059576033018
1.1671618762498726
1.1377771982666527
1.1646508766263493
1.1915383308382346
1.1958733708825406
1.166099552736146
1.1329539526010115
1.1132790469775264
1.1766730482975325
1.2252221815008904
1.182970036315768
1.1551249142026478
1.171923818107109
1.1538717119690802
1.2083247933310877
1.1783991092723705
1.1397923147193094
1.0948127869690991
1.0487623718986692
1.0199011800314572
0.9974303093504856
0.928610647411985
0.9191969383104446
0.9267966600326938
1.0007754335709178
1.0803296485488096
1.0719872797116337
1.095883100956983
1.0139413648768534
1.0611180321994171
1.0593650575620892
1.1788109468884547
1.1960193195661142
1.239484736801057
1.1929430661323694
1.1687994918739253
1.09414767584121
1.0371660508781833
1.013681498515946
1.0541929659623812
1.1398053423613521
1.1664442735288756
1.1933114335188015
1.2516036620254207
1.2677583777702708
1.3063995894880271
1.3147493805840285
1.2703007975207157
1.1696021198003703
1.109785861567591
1.0722856263902818
1.1249005687670135
1.1396490945738365
1.1845417900342137
1.1684665173405422
1.168389775351481
1.156893845895951
1.1377565296746397
1.145174300208549
1.121768062014328
1.164199481590583
1.1522991894342804
1.1103791054872962
1.0628480142471277
1.0281814569514558
0.9917534464360007
0.9544055572640113
0.9135756155856182
0.9213470212723784
0.9589285297743629
0.9875908298463646
1.0310149388577494
1.0146855304095097
1.0213595673327154
0.9830338020089433
1.0012233569525257
0.9980259749552541
1.0170352606784083
0.9727202977957025
0.9957134772299223
0.9872444474706119
1.0334667368584392
1.0508309170702417
1.0654686634990758
1.0725564591309593
1.0635555986995275
1.059606925898073
1.0242736440610076
1.0557044846135584
1.082705261974409
1.1639227402999563
1.1690931910407216
1.1892486924888035
1.1731077516784771
1.1966096004628575
1.215722765927805
1.2911477540246004
1.2935661494730326
1.284801571062592
1.243635035537165
1.1946479143502065
1.191725020230507
1.2180977253033132
1.2799150485380055
1.2752143241080283
1.2999588927985846
1.2575119829262298
1.2607133471354557
1.1937854532787509
1.206576854357983
1.158183308650643
1.1118195668521855
1.0452577976405975
1.0109916805898858
0.9986194454464694
1.0343461180733284
1.0840792214859754
1.1752621981569793
1.1581355828290265
1.163619170356926
1.1726901592803176
1.2063950957385174
1.2720207977107418
1.3496708892871294
1.3330719440872982
1.31539729998994
1.2785474327001394
1.273916359337735
1.3145665172905898
1.3840432159244096
1.4232616508058253
1.4075253668710939
1.3766918582801644
1.436658547405775
1.5013363644754631
1.5191671313370083
1.504345765756916
1.4790551876580402
1.4152791152402917
1.405854829645328
1.3953043229390953
1.3680544775390524
1.3400138951549438
1.3219528697112537
1.3163501306818322
1.374965719779663
1.441778762700577
1.5299862839610372
1.4700560274629473
1.38146598301599
1.2577520215927127
1.2504290377276503
1.3022379027608664
1.391002359594041
1.408138447277959
1.416899091455623
1.353475896923044
1.2745232951741334
1.2456525430817775
1.2377696614418165
1.2688307271489079
1.3457595698271387
1.3259170515275103
1.3393983968764054
1.3389507716182367
1.4360039929603412
1.4881143170139413
1.5280865581446308
1.4717033426758266
1.4228563550818236
1.3540662776884165
1.3254180186759643
1.29501818486577
1.319055690430332
1.3448859836648777
1.3511976445206653
1.3473939754718498
1.324630765070894
1.369074071735075
1.4203215369613396
1.4944725402599788
1.4565460034335274
1.4460362246498704
1.402164371552216
1.4310432563633881
1.4103483331592177
1.4159294424517577
1.3709383555511154
1.3920439205954924
1.3556732727072989
1.338880098433543
1.28412663788167
1.2750154288973732
1.252137797397062
1.2149301696418773
1.2073709082279196
1.2062205251400206
1.2166514801352675
1.25379654918639
1.2789768643545913
1.3089953214444165
1.3347812896205486
1.3442877160055875
1.3250406233020455
1.3310057133700808
1.358000940272929
1.395951418077193
1.4081510552928682
1.3982539998268917
1.4027176909912973
1.4473771703288805
1.479811702707489
1.5049491674795146
1.5029591931038966
1.460150134405875
1.4465740310444177
1.4270003656491619
1.4555224440919803
1.439121594837037
1.420018574276487
1.4813771715556643
1.5063345605649543
1.5129044358313113
1.492364389102615
1.5098396028937355
1.5449821801040082
1.5902965027429208
1.523832461879356
1.4525961822727333
1.3441739982505594
1.4052191333389834
1.447179429813493
1.5032500586776587
1.476627496370808
1.4610453222244257
1.4034399591797562
1.377937230175065
1.3407246139088689
1.3629160679966474
1.3970298069375495
1.4836554319331439
1.5032423770190957
1.5449407164419122
1.5584358223872175
1.611185330801909
1.5828234293000372
1.6402602628188216
1.628394236367239
1.590850652216994
1.605564114695734
1.6344838460324873
1.649388604259373
1.587382373484448
1.4935841055606802
1.3414718124150768
1.3113936616281097
1.3325884396036183
1.3815028313525903
1.4044600646741476
1.3858003525510116
1.3244205673218066
1.3305178006537157
1.3394103602494183
1.3708607233359231
1.4143484331735319
1.4283121690872513
1.3688336374738053
1.3325064214666942
1.2828406931926637
1.3044465538758505
1.3463337435889684
1.4266477849320904
1.462774324887483
1.477339802429751
1.4784786988083953
1.4285391868882142
1.428513707659722
1.4364956647871765
1.4886982465449896
1.4797422117771264
1.5192813255985693
1.5474373966284303
1.6036532391727447
1.5546660501016454
1.4692394532332727
1.3917962204276726
1.4047489019516506
1.4845913276113218
1.581585223696445
1.5457603588620918
1.52923642056013
1.4678206182549258
1.430210821759146
1.3927734098206266
1.3438377492245064
1.3643105136748577
1.4110380222536054
1.5305831392873064
1.5610748407099375
1.5581024031906832
1.4295478681914435
1.316514961656568
1.2198679906787382
1.2337316852810098
1.3006145186970042
1.3729260663531861
1.401859448876915
1.4336748163534234
1.4429541913353894
1.4297018297776902
1.3891618987297327
1.3219231611303395
1.2712649968816936
1.2681950422440318
1.3113066426173918
1.3803861452937978
1.3912714605296967
1.381262579147075
1.3642894522570843
1.3966724807883146
1.4211219430446203
1.3872124539242863
1.2940072734601435
1.2573053237626979
1.2759248425342358
1.3266706742848675
1.3565508755237259
1.3648172213465588
1.334362455545529
1.3257439018087245
1.2733984862989454
1.3058278870672697
1.3651972774862813
1.4587980472177082
1.4414829560597988
1.4271406659720989
1.3632111671459004
1.3972151536088329
1.4410196395786932
1.4718109810249442
1.4891914511189943
1.4779808386299862
1.421993142963805
1.369377900241043
1.3342440030664402
1.3777522241946307
1.4744280187312124
1.579901934465332
1.6792068667734947
1.7112960793043843
1.6495102414708374
1.5145085482110126
1.4179891425407634
1.3881887697047968
1.351751563677573
1.3237850576789865
1.2856044219678489
1.2446014415426967
1.2310303131094646
1.2087493284165904
1.2285831944988737
1.2530362113419449
1.2096986547758877
1.1539726883080514
1.1187980792391459
1.1165758615212744
1.2033810407833643
1.2864665857952302
1.2796551816909636
1.2342948339673356
1.2674201282933875
1.2889849084592866
1.345686004378203
1.3209128381994957
1.3450214871695265
1.3924982277781752
1.4915579679475934
1.5543034464070775
1.590765604884153
1.5575879800239116
1.6263669607034121
1.5962722867803083
1.5489881947368973
1.486429276542714
1.4676170781040991
1.4164620563845132
1.418809740528643
1.3471752516358606
1.3655115515520677
1.3374847518614144
1.3773847807527864
1.3578486693843506
1.3243818271074783
1.2284584634880311
1.1906084115216071
1.1083682574964024
1.1538746852595902
1.2128675693433533
1.3365148186747586
1.372009104912733
1.3878135396037228
1.3394649359039543
1.2887667836494312
1.1914455365724788
1.2086133986659793
1.2604262208620063
1.3996723967812346
1.4902285906592152
1.453285248613008
1.4260038649548046
1.4126512304580636
1.463105561911156
1.4892070831258228
1.4662096593049458
1.3743768286332647
1.345298456797268
1.2783086894606592
1.294056090463979
1.286477564302939
1.2763813590712139
1.267110450810213
1.305402567668462
1.3675972729127712
1.4250677957475208
1.384474028736597
1.3838774594678078
1.4169468586235066
1.483814541298554
1.5266741756979822
1.5133370527959906
1.489863572321241
1.4802623349453379
1.4913032762860126
1.4404424003892105
1.3189135983951707
1.2165297816267995
1.1895228382909226
1.252143006454117
1.3275722016423797
1.3551814501304225
1.4527092108524664
1.4673815520626086
1.4125014433657286
1.340939893745282
1.3095970000191037
1.2857444404675076
1.3160797270183207
1.3209354764150498
1.3654175902468169
1.3642333597361156
1.3944323120531728
1.4559692587961133
1.432093683528956
1.497562952223325
1.456247590100873
1.473054700896678
1.3196613441228953
1.226502603273396
1.199890579336745
1.2999994780690074
1.4257019744799342
1.521907729047319
1.560260924674787
1.5797281813888515
1.6616378094480457
1.6964445987518486
1.6292809792804304
1.5212409986919706
1.4318033963613972
1.407637218821499
1.4196826853318683
1.4145000161070498
1.3314378880079476
1.3612742821735213
1.3481019033606174
1.3248712813351413
1.2595667554272072
1.2152492532336845
1.1849633612843002
1.2272573251280408
1.2443123731679753
1.2794888530786224
1.2946011762252176
1.3104590797609417
1.2824318840294249
1.278021329227966
1.2721239699766274
1.296405647420925
1.2767355318875409
1.304293344610976
1.3133246248875383
1.2524316384698413
1.2038971419423574
1.20467998886043
1.3167018331769942
1.3972386956696332
1.4229868927208302
1.4033706772997516
1.39465754810064
1.4764091374346093
1.543713222104747
1.5384947884891678
1.5394964323015161
1.480825736968117
1.4612552302580069
1.4478996276135498
1.474051990359172
1.4616992430762163
1.4266507334086573
1.409060463477022
1.402762283857557
1.3957069405658271
1.3892136008850249
1.361385847087993
1.3679380785750148
1.3467364372197976
1.350319609065122
1.3544680824466784
1.3232271747892548
1.2551064623689967
1.197904433997831
1.2184014144441562
1.2856034220222983
1.3604548963245189
1.4099311720932184
1.3662724920930014
1.2848204376329175
1.272834390941505
1.2762267237813083
1.2726578996106708
1.292571163326869
1.3243042707812873
1.3409375024081063
1.4289273423802398
1.4580961859450494
1.5603177893640787
1.5834220662888467
1.5816601106605832
1.5899048397970803
1.5945398450273391
1.5872009564572136
1.5195890251187347
1.4732583621106508
1.4678175323710767
1.4834413176635712
1.5767777633282067
1.6203349643723075
1.6029558818642606
1.5661956484613946
1.4832956613827901
1.471828485812336
1.470943954061623
1.5095479758120858
1.5016941376725605
1.4587817964050842
1.42791168020987
1.4348647109830726
1.4662097198248623
1.5047943193187818
1.5310711254421396
1.4872681259264573
1.436772438257135
1.3179208280147783
1.2813743407436942
1.2478811825652176
1.3020749691567917
1.382885232208348
1.5150766903595383
1.5673879797180932
1.518658721289747
1.4223974910313884
1.3856256128485058
1.3512917670355642
1.4030245929604044
1.4533080047865852
1.542191407378709
1.5366591720286507
1.5727032253197033
1.5658380932811233
1.5634104579685872
1.4944820305791175
1.5024666775216666
1.4427254574174506
1.4960134029325103
1.5750683182663157
1.6850787112118129
1.663425590215339
1.6416526946161947
1.5774707746551226
1.6056767646136354
1.5246614335379431
1.4786093902119233
1.4038531490946586
1.3834076105935365
1.3478726419526461
1.3477262743864162
1.3365548422945632
1.3080157677733968
1.309176339006266
1.315792307646423
1.3519930749122628
1.3462040444731282
1.3645773446353284
1.3432102322293746
1.36532261844535
1.3466750093289803
1.3118700888352752
1.2003499268719875
1.1333693466894452
1.1298737279612916
1.2010712100502192
1.306932372976111
1.369971031279488
1.4522441999851783
1.4129186896349568
1.4051174486129094
1.370740651199689
1.3539328874322667
1.3257384467163806
1.3446193273786398
1.4059940391867087
1.4788682111753002
1.5224552194684235
1.5013728115228728
1.4205238665025492
1.369990496659275
1.2931987316971927
1.2898524923157366
1.3400509867404147
1.4318923100918806
1.483697309472676
1.498220970935497
1.4180805407362211
1.3989706296002644
1.4058114365566907
1.4633363224619758
1.4875319888369352
1.4362170530870793
1.3865498704115051
1.3615225210712039
1.3434271373698476
1.3831903772785763
1.4298675587453353
1.4601108272537662
1.4595292035712588
1.440642114097171
1.4216508748233652
1.3545785870269935
1.3106670814640542
1.2688702430092922
1.275320596869129
1.3220874709916484
1.3485946158777438
1.3347289229464119
1.3614793407566668
1.3396459613413505
1.36411909814233
1.3511581492364355
1.3544836151854927
1.344110193947381
1.3352627660945648
1.3585909033572303
1.3927079195883902
1.419728913548206
1.4347773409144882
1.3311630428863257
1.248842195021404
1.184242449891577
1.2038199553097029
1.2576666598813429
1.3505515399346226
1.403343150002408
1.4842735434197885
1.5149038336581877
1.6115941489314833
1.5828362224994703
1.6007300711672663
1.608290049651922
1.608524025338485
1.5678510736544617
1.5551456200736622
1.553910013271312
1.5472897429921777
1.4971170458688077
1.4632364825125501
1.4700445576828953
1.4885061165618212
1.5364937958726947
1.5616964819891237
1.5583557597027562
1.5154606968418185
1.4832845569642303
1.506964124367225
1.5913996151354695
1.6577658727729645
1.7121826554793886
1.6577714331780606
1.6083527071065655
1.529088236853289
1.5160918889382307
1.4885184324460548
1.5298448235668867
1.6067288975460792
1.6396471540538151
1.623213057791349
1.55684805636987
1.5127028073855724
1.5178115540882158
1.5331272216064826
1.5384669912546611
1.4901236184303386
1.4148689977512334
1.3485478427545767
1.3555269717765368
1.416993884638791
1.5241049833376612
1.5452197063349218
1.544147167786878
1.5023161754290708
1.483738417381944
1.4723909282710648
1.4911847398092204
1.5531142231513146
1.5985823348024346
1.6247164418773365
1.5674333196573995
1.4782298782766428
1.465631402145965
1.5216529225721522
1.5471079620976684
1.5881804119005671
1.5422711741962878
1.4709851221018888
1.472673191764316
1.5458725601322065
1.6355473364245117
1.7397438242059389
1.7419557852014866
1.6466401788433673
1.4917813005453207
1.4453358040845683
1.424994568154108
1.3989934168927067
1.3862472254917673
1.3523569324584732
1.4403488943423923
1.4872795262533176
1.6003026410163208
1.5569196716151383
1.5786691925787848
1.5213292276973678
1.5469286257211312
1.5458152961992007
1.649612687814104
1.7519866956849002
1.740136685943216
1.7851240717354528
1.706047561202777
1.673419071469799
1.6544708032681288
1.631302846033726
1.6227745064389831
1.6358421654079902
1.7167895638258852
1.8455480647261056
1.873641930464574
1.8856551802276222
1.8409760551554684
1.7997228698758136
1.7174572989045422
1.6716886550364543
1.69765581166818
1.6740060483765662
1.5872006133580103
1.4909351383816676
1.3917208453791228
1.3720676060404622
1.3680372234978793
1.4755473845614608
1.5462179136273517
1.6778280426082581
1.7105050802040014
1.7651319028815577
1.6058309331995528
1.5217135358781313
1.497076893944693
1.5338435579283338
1.5000515859227057
1.52222333793416
1.525298722728821
1.614305122841435
1.6235407005846947
1.6246175103742497
1.5587971155709825
1.5560517983687085
1.599603352496207
1.677645851232915
1.7280391710102765
1.8159815377568733
1.816756070592915
1.8200775035857202
1.8149598765610098
1.735895886719129
1.6698155984223322
1.6569539609521948
1.627932402214486
1.5921205554263202
1.461899579285665
1.407562412558622
1.3306664730866622
1.3394137680300842
1.3127830508825244
1.3865582119897646
1.4194072810845388
1.3836128264833485
1.4388332611185246
1.4701953227562818
1.5327504250270836
1.5299250423048787
1.5698985640675327
1.5975379002203411
1.6291368231535144
1.63373618942586
1.5840452849976596
1.5382417551255205
1.5446355729597017
1.534464507438154
1.5713889126950304
1.5856350682197085
1.598512458358377
1.6027815148179918
1.6401357143353068
1.6668335750442256
1.6908781167180769
1.6818179994519986
1.656629208529361
1.5533114704426823
1.4661467025880905
1.457904820944761
1.4973954432846568
1.5598863558409903
1.5726870265222344
1.5319543976258563
1.4889496875125678
1.4767902853530905
1.4780453172919061
1.4494491079443887
1.4257977243827573
1.4049261760956535
1.400228919458011
1.4509233503021342
1.5391924860333825
1.6219349964285295
1.6822694782272056
1.66389416169733
1.524713202067522
1.3999778165760257
1.3253884217719645
1.3679596766249402
1.4078093717504259
1.464006734387113
1.4774739727248627
1.5060849437609227
1.5145794690392165
1.4558292389786422
1.4220946834220274
1.3585274872023376
1.3321476391008047
1.3761295438295904
1.3858040947811572
1.4600622517600264
1.4310135812181752
1.393159600307339
1.3202098084209044
1.2971951101104053
1.3411381728122476
1.4259531346676209
1.477108180083238
1.5359159893502827
1.5091829291577925
1.4784816240647294
1.4002461402843198
1.4180821023855794
1.4329536666764358
1.4881042357608378
1.4471667938573336
1.3856299786786954
1.3529028016556761
1.3583870386889085
1.3912604982635879
1.2869074226833168
1.2392615732878909
1.2086585060111035
1.2783653850800378
1.349121725881401
1.406012430592273
1.395581759717769
1.3568145472708806
1.3503928432823282
1.3838289165455848
1.4545116648995047
1.5038732674872834
1.4986062080532296
1.477762418989969
1.4342498058145132
1.4062259984898409
1.4522566769340741
1.533927722435663
1.6275148391186285
1.6640690010834007
1.6522629896953778
1.5929762704362362
1.574100289047593
1.5682228992591534
1.6594185310205705
1.6375217270027616
1.58875881991082
1.4071856433446364
1.315309009478863
1.2013628033258612
1.2126772421181968
1.2329037263015379
1.283844903008706
1.288535852391506
1.266736880111491
1.2169039834376323
1.2502818302027123
1.2953750377709006
1.3760594100031593
1.4010157562339114
1.4701637603356066
1.5089126055529127
1.5517072228691118
1.5527722420779912
1.5061866656896261
1.5060772512373313
1.4820832953394085
1.516228076697013
1.4674665517689753
1.4140313142796472
1.3277546493445924
1.2919450788989444
1.3014683694454148
1.3374505696704986
1.3983860319828048
1.5217540760872996
1.631305600123031
1.6400421826011593
1.6108036636128769
1.4887091874692966
1.3726489633225385
1.2884677036429801
1.2537237339375535
1.2643455528093412
1.2971856819538563
1.3801738907512542
1.4096096829479858
1.3788225952206383
1.3623535782865512
1.372920163487173
1.4064930810482912
1.4304315082844736
1.4980059668520804
1.5564896870209026
1.5706477471063507
1.543916436409339
1.441400714042917
1.3349904270253474
1.2726126238067772
1.3306937831398082
1.4224938095700341
1.4911388887572985
1.4865040893265533
1.4971977106769263
1.419145915155246
1.36048612052853
1.2977674060116446
1.3109605879945843
1.295679745838084
1.3221302966689965
1.3491406031509616
1.4396377808764458
1.4204130519915026
1.4394483859846412
1.3812023723203375
1.3842501992888254
1.3926355118268834
1.4853723827897412
1.5766754473177822
1.6338347459015448
1.6084154538235234
1.5004495508248186
1.4024198527625749
1.3759048784765697
1.3900097874457553
1.4598643102128381
1.5050498858089252
1.4913883161514814
1.4758908673022177
1.4356229769838662
1.4060225928683645
1.3601386946038216
1.3460435945878375
1.361015815318581
1.4315075731959352
1.4851542119924404
1.5115463064282262
1.4853946275689216
1.397023374428411
1.3614136118556597
1.2809666976907275
1.2564230315430525
1.2097510678508792
1.264703219693371
1.383038268435526
1.4776912994042437
1.5428169902284317
1.5580638669911189
1.5595893242469
1.4894274748309888
1.3883644928653445
1.3063176161509715
1.2830181271491838
1.3110950476614096
1.3146451675917965
1.3610969508714148
1.3119625920402844
1.2060102146826723
1.1660041708952784
1.1712170519470666
1.2513571012469318
1.296074846196253
1.3302812695994228
1.3179795619618664
1.344377297342662
1.3437582481886012
1.3550558113915305
1.3795495515796796
1.3907743896566833
1.3999891552840011
1.4040854737439976
1.4045573475371815
1.4413814485395797
1.500801628206723
1.5170314446360667
1.4203622718760702
1.368722137799587
1.420371095693133
1.4832478327240086
1.520071221675772
1.556945818550177
1.5155765719807244
1.4398952302962342
1.3913579749307294
1.4240679188758194
1.4732403552407285
1.5603582185591711
1.629155278061889
1.6659802243831052
1.5686628327408976
1.498267658078406
1.4844576096421445
1.4545337457992003
1.5091542308364525
1.5200383306530134
1.605251751519058
1.5845427283021265
1.6285441177793818
1.6604386349806175
1.6740076737297256
1.6814980471534655
1.6876119273883
1.7326149553340464
1.7513550216265428
1.7943116672501436
1.70142884522624
1.6394072025993496
1.5233548230056486
1.53345505940735
1.544724213200812
1.5736152010488986
1.5029885605862068
1.4788046176204406
1.440114534136994
1.438333857545365
1.4282514231178447
1.4988705461917056
1.5438849879705958
1.5648190823539396
1.534486823421141
1.5249487606719851
1.5720540848031546
1.7018229356869763
1.7335233887513453
1.7221723966344162
1.655975105706269
1.5471497060149964
1.4920348437772812
1.4095976289447798
1.3851709560308194
1.3443621097184295
1.3972810692404891
1.4189895676516655
1.5142493005158806
1.5834562092897737
1.6754696420229784
1.6941090005589934
1.699197237922063
1.6266316189177574
1.5021679978070874
1.4836388289401266
1.4827654082586994
1.5892198724656375
1.707147306469482
1.7775933295413353
1.822636989826072
1.7680116554488945
1.7240988781546909
1.6874179734509467
1.6375483803921143
1.595825399480412
1.5817555043023221
1.564384591557392
1.602645758684726
1.630858968417564
1.6650320033470918
1.6797733174757616
1.6843113412727588
1.7235202911285215
1.6811432573124436
1.6550440956380312
1.6286267467486055
1.715816763374439
1.6553666145741226
1.619395977514479
1.4548394458096394
1.3596874224822404
1.3112725058180152
1.3244087192448453
1.3386838822046208
1.3726884608358925
1.3390841906019038
1.301365940816234
1.2624161968468253
1.2688226267362641
1.275623185763119
1.3075752928807007
1.2762077761097375
1.262719715126083
1.2340766817015933
1.2103306174455764
1.2487359559822553
1.3370289517722729
1.4705568517140633
1.579578104546992
1.5354949239327316
1.4257327857093076
1.3418155778669687
1.3703921672636397
1.4526477611485697
1.600202761886327
1.7187728740796198
1.7525724308459825
1.6813950597591145
1.5978994495792902
1.640738895415154
1.7291128080318845
1.810750092853107
1.8763429630858572
1.8778249200367958
1.8526786325804168
1.7869790625662674
1.7016088514479235
1.731095787222578
1.7444517718848265
1.794092505637549
1.7927211383222275
1.7593040987501507
1.7181906306459078
1.6747207657029168
1.576236993137082
1.5150432061427692
1.439313148837204
1.4406978122997054
1.392873492089093
1.3892041507048176
1.3812734953607324
1.3645597983986044
1.4260139940040528
1.4236661926618788
1.4479559580865522
1.448578221788128
1.434257260454152
1.4738097450749865
1.495286880629081
1.5973669073336412
1.6397646345058827
1.653993236425029
1.6073702372927243
1.5457328499952008
1.5252371012019141
1.547981508307268
1.6450095806939165
1.7527983100881404
1.8072308427133013
1.8234461471595407
1.7826613938951128
1.7106520626609236
1.5538891269137047
1.4747579888560842
1.4846894944000466
1.5815256530040955
1.648449524938128
1.739862753446423
1.7039044224264353
1.6997512966010129
1.6490844559152302
1.6907211762640997
1.6998147376189368
1.685761690524176
1.576494000278812
1.4780883307855046
1.4013019991190125
1.4017316437040872
1.4067092879580008
1.4733884952289882
1.4839774685584488
1.5736583532055775
1.6705022564994703
1.7323409491167263
1.717164615112619
1.6572567489718761
1.5258865907915986
1.4827116047147757
1.429575353660521
1.3753713118148168
1.421215251114114
1.4498061033791532
1.4954796470036051
1.4607433928347093
1.455198586088458
1.4179216509318384
1.4592652532942036
1.4474351841318267
1.4978226056545376
1.51813120891796
1.4818443091500657
1.4452842707406932
1.3958484762228556
1.4295205416238095
1.5057932924377995
1.6064393970840842
1.6260268012676273
1.683812668704393
1.6233613010880372
1.5492633963692934
1.514654913533801
1.515958711003651
1.5629335210634567
1.5852403051163018
1.6353822394808228
1.6418867490036195
1.6540990197439915
1.5748101940981805
1.494486847368426
1.4953747325139288
1.5391241345143956
1.6246481394452306
1.738717869570591
1.842053444870744
1.8970261895378
1.852012155132616
1.761315082380576
1.6892645641734103
1.6749673087359298
1.7546373117923617
1.820552177374297
1.8797624365658028
1.8955984927439369
1.8937868990998423
1.8520567933654568
1.7955626503498447
1.8086659189318475
1.8443174893375196
1.9429638136503073
1.986411068977126
1.9828589998191875
1.9915414236390412
1.9973758539787285
1.9937224569212304
2.0409646981517757
2.0664322605778858
2.1303816539800513
2.1541862115139954
2.175431852799712
2.1398111180434563
2.1248962066138937
2.0837410296993175
2.029140436426821
2.068275371622651
2.071357859160376
2.1723117974896518
2.2060479865472247
2.1738795235526687
2.130369026809585
2.0357265077028766
2.016672517594352
2.0074452727101657
2.005077717197681
2.0255814898465365
2.122280043249418
2.1305124882759077
2.1237769839552483
2.033748640909385
1.9633110087136132
1.8589929489510992
1.8747575560647785
1.9197194535869995
2.0288403817148217
2.17884870473972
2.1537874113481346
2.1115924097298713
1.9850259033482227
1.9497070106512882
1.9248519259455241
1.9728472938796122
1.941172326886164
1.9904193922966285
1.9416269373471722
1.8912969843729872
1.8632382323163323
1.9257317308946387
2.089485819166636
2.173007982777109
2.292442973434593
2.2715099890327544
2.233722176506889
2.2280176474098945
2.2451469779269773
2.2733530909043225
2.3197062055384268
2.3370477864630064
2.3740683705275267
2.3354890382119917
2.297179193035716
2.2878122785846884
2.2350941408553626
2.1447770320803596
2.0152449518470754
1.9763511260450746
1.9713569640528292
1.9927392764187746
2.051293863011369
2.17515702132218
2.2092621211178676
2.238711068918438
2.2693000133237065
2.1131731237618006
1.9451433065132273
1.8824004285182472
1.8849539202031158
1.9211897702740073
1.9131924967618636
1.9998090146525136
2.1152472868763197
2.1230746680101134
2.137220225472082
1.9755570167872192
1.9470912466438886
1.8995637023071483
1.9676266887885046
1.992958115464131
2.0552518974615577
2.0552264474456967
2.106806438513748
2.158260420138094
2.221347234665946
2.2082041021383736
2.2527310653382697
2.2610687991762197
2.2891214061532
2.2592496582434465
2.2768085587549933
2.322256418535565
2.364041533480512
2.3868892030826765
2.35470644400155
2.2796345325971576
2.2164322424531253
2.1502758839366196
2.035535184155344
2.022207565085161
1.9811246077978497
2.050154676690713
2.1051310503897227
2.1674299250993125
2.165996299853482
2.1731036269320163
2.149616424564466
2.161907868434793
2.1598560913550524
2.1250814349691796
2.1169479472831427
2.0186610066803867
2.0069411969069884
1.901253899541213
1.9196922719155727
1.9163146465455
2.020940932046726
1.9839071850045071
1.9310484167280975
1.814588684830757
1.8124694566571191
1.8245761001446923
1.9529307751416902
2.1152569038146334
2.3107038947146257
2.370179743970709
2.3730561145176052
2.370592529678454
2.3360345735645693
2.264289871366852
2.2287923205539886
2.1902618556464857
2.2019782191594475
2.1666532778620198
2.2327270341646375
2.201938131436641
2.2160978417208224
2.164820135525635
2.1255149059255984
2.0683241042891853
2.0280296657058567
2.079188925731145
2.1571916270783067
2.132126401001834
2.0723525109727077
1.969658413719069
1.9037736108050727
1.9185999776182596
2.0125060942987156
2.100619933196651
2.194452064103549
2.171109252467818
2.112007644960265
2.086622243543145
2.1111143934622185
2.09647493565659
2.082609405795127
2.0586984391375767
2.063306948018938
2.123018789268245
2.1129207633283693
2.148845647920479
2.145035400237801
2.1774762495669933
2.157814400447602
2.1170267341624975
2.0659751043790835
2.0523825057788314
2.209186230003169
2.3298378799294697
2.2606478312624647
2.098109356289389
1.9718696158613302
1.924476059304068
1.9379426256389036
2.038132175035258
2.091660703378805
2.069096319911084
2.0813206943865965
2.0822098115791436
2.054245462559788
2.0550889237738548
2.0355163825027622
2.04286238286375
2.075128832120332
2.0544439999720043
1.9909842737564976
1.9198646518324327
1.9610055104714028
2.053888310682778
2.0661146115701903
2.2399697407032133
2.381662800911128
2.588754330432427
2.6787720579324423
2.6660156787484364
2.617516660350185
2.5149518786555554
2.466668023643263
2.3690976404858635
2.2832791850204326
2.241744508974605
2.1694807462563572
2.1245778208385477
2.0508797990342478
2.0054424009954825
1.8846344932355028
1.8385405716083516
1.801685239703134
1.8856957719637857
1.9683853622164136
2.1269648293577
2.1456027422783635
2.212619201646525
2.192703679645505
2.2283425760508777
2.2119163516368916
2.2077243995652505
2.179287904332382
2.07712960241782
1.9488847330464367
1.917259023822195
1.9921126883951117
2.153634511273431
2.2241245258455664
2.3132008880367203
2.323488555065165
2.40310965086593
2.491365817858799
2.4852091310826365
2.5100445854795574
2.469091090581589
2.4603567502342627
2.3911570514729403
2.386002676410636
2.345494669977707
2.3638023921678433
2.3429899353908423
2.3031461214518103
2.2507968631957826
2.138552781096949
2.0551420547935852
2.0325666872898527
1.9739993853671671
1.964726214884343
1.9570788735259086
2.0877653551802515
2.1401870293367424
2.1998825183089097
2.1493724143544375
2.1097049564323043
2.0383243911207094
2.0178201057475627
2.0441878445357853
2.047429604431517
2.0142889877604775
1.995776301373286
2.0360818646920027
2.0384550501751244
2.0622498718791067
2.0901306882085477
2.212226187072524
2.302313396407632
2.2911377599710168
2.1710896696403723
2.0301057030782323
1.82816383688673
1.7771606798250608
1.7470964608760358
1.8347512233778134
1.9327413907047912
2.051738793772448
2.2101506171569696
2.275136840479972
2.3007624711283365
2.3173956428289664
2.3390478554682432
2.317156425934425
2.341768121750272
2.310033970437299
2.299424959338374
2.2710689389063443
2.2520234445840432
2.1626850637457946
2.0965618813650853
2.148247699347826
2.2504335566493845
2.337274779195981
2.3386771094781587
2.2692014173097195
2.153313530809025
2.076397660009711
2.100488982636887
2.075772272378219
2.10383979480943
2.0745036507718884
2.1215543599499918
2.169376917986436
2.138527836366917
2.150246008739817
2.0872056844438993
2.0709960564517758
2.1774062849474536
2.2884640820319246
2.4111246534908437
2.4440373817169627
2.4840466268975145
2.3929019484970064
2.347285832749969
2.276912447141352
2.250185334651902
2.2368186649329105
2.221710500024237
2.1798660441197755
2.1918650084764093
2.1693981622815355
2.1100337050056326
2.005666249064599
1.9824395654951754
1.9630203557020758
2.0236876648034317
2.098620102354682
2.186981654866533
2.138194346402529
2.1198220622648773
2.067574119612209
2.128246581643796
2.1757211651866686
2.2844427544317596
2.2767472436610716
2.3198902200799116
2.2547350198816924
2.248438168193572
2.1848076405575534
2.0747945662168967
1.9726992463329536
1.9785974536377124
2.03021683286932
2.0757982468837812
2.1224291394389403
2.160606668803985
2.2152335503358773
2.215490745352334
2.212454914443907
2.1751878848918715
2.1181041826659492
2.016431398088287
1.9319650552698469
1.9446675602553314
2.0568498636598394
2.153882262075511
2.207608905566652
2.174040537852874
2.1399989215464816
2.1089081370085143
2.092332173574583
2.1329994434872344
2.16678229262605
2.1958243615370567
2.2258644022848095
2.2590993983864296
2.3374656358505566
2.392016603164029
2.3948145210631666
2.3641995960916553
2.2334284574157732
2.1990452933514892
2.1464103773434577
2.205464187092506
2.2250602774633017
2.2615172733796327
2.2508228923842677
2.297255058740687
2.3499543892514163
2.426460349445819
2.405619926572301
2.324414449721105
2.183715974757395
2.0939362247905517
2.099218482061517
2.1418708123313377
2.1761123201215846
2.121625606969607
2.1352651851406614
2.1439228458740067
2.2149570923951805
2.2705405726884904
2.308332653559079
2.3599923944138173
2.3759152978189446
2.3484350005268793
2.311561797521147
2.3274548699943716
2.289228345240855
2.1706766514784523
2.094356934676207
2.0023989939004667
1.9495283849675196
1.9117462401983327
1.896378378096605
1.9537683450428098
2.0123563742303636
2.0663530812903073
2.0794301699950952
1.982468310991798
1.9113211690121799
1.8427357738172894
1.8640107327629465
1.9494244562167706
2.068897237250184
2.107645343236279
2.1259305278339204
2.0695152957096266
2.0688953071506995
1.9375804273624062
1.9257119291790659
1.9137936440869037
1.9620732051522136
2.0037705255425804
1.9780908303971196
1.9127179162282035
1.9247839650002685
1.9857821416738581
1.9855233881897254
2.013103130768711
2.0110326678807806
1.998584913888688
1.967799885856162
1.956144740977332
1.904783652928642
1.9690816083294342
2.005383654188013
2.0503031815099484
2.046582481452376
2.0546954473568206
2.0676317824373296
2.04917705888429
2.0346323877487302
2.0767318120913836
2.208403946747261
2.332788664872076
2.438628720275928
2.456647176656775
2.401686324677089
2.348965375452645
2.3176759410421837
2.3807426669308716
2.4502675545251784
2.499236918029202
2.491365223748226
2.48050944107251
2.4481275444277757
2.382773095666919
2.3658035505907553
2.37537773557685
2.358975837030091
2.3378786454726166
2.22556553142465
2.213588331548367
2.1750976545687326
2.149327098976704
2.0534315516269044
2.039136361885388
2.0854753486771265
2.133969449173219
2.185175117445699
2.1833196228758465
2.1443988863909316
2.1042808789122596
2.077060765634172
2.0853448372711663
2.142876985114907
2.1309205837048184
2.100525955606169
2.0331554838665165
2.0713360057562977
2.127631437579179
2.1624277953169444
2.2567702193648937
2.2729140283169373
2.34956772398377
2.320664496957024
2.278438478705097
2.2103534502460063
2.1540515407400105
2.1640939734529474
2.1062209368643
2.061500476060667
2.06258986640382
1.982756886104324
1.9847104283475747
1.9577677745694597
2.0091978233851746
2.0733894251126284
2.2458467511040983
2.263292346809553
2.2801029738107985
2.1786287457955416
2.1330808187442223
2.0313818788159366
1.9969424475847692
1.9441436959682015
1.990444140612764
2.057321650769025
2.116294995752805
2.098548620434529
2.0450776656338316
1.9940434997983874
1.985961579975618
1.956557776808388
1.9738234189240027
2.0048204104877736
2.0513659670632514
2.0766424314686245
2.1114445636353616
2.1173990262701623
2.1754139290637045
2.1729372413665344
2.160300151864824
2.058569725438041
1.9464310410767258
1.8378802026963752
1.821963588225153
1.8526427769084515
1.9391070921960216
1.9714438062937982
1.9843221902578068
1.9871277888825019
1.9547720658404224
1.9597858917538178
1.9949898280877456
2.115108235251352
2.1452693768033853
2.139531349285986
2.0862682666151726
1.997587870076036
1.9732626390966777
2.0175814771093896
2.1441075635874065
2.1495044001939507
2.1845424115668695
2.172795213024564
2.19077517970979
2.1958794739428242
2.1592643581708844
2.158974796967091
2.1091844403902344
2.0770348981233395
2.0372793927356536
2.0505133217312586
2.0455428879982707
2.0872903404469545
2.1230700277678296
2.15642940972945
2.2009339917887996
2.1891135309805425
2.1556302462649395
2.1163094614962934
2.0807834774732705
2.0372934472429005
1.9938082759114275
1.9547081868444236
1.974975472261658
2.070201538481857
2.186912305339291
2.266668571432018
2.289778991071915
2.2996692523886426
2.351873720832863
2.293921311178235
2.305863551157314
2.1829630702643597
2.2229079826581457
2.174197771298586
2.2430606931436206
2.2372317729148827
2.2872785708439283
2.2153536018086166
2.102241865383232
1.9686076385613087
1.9238996143407177
1.9943569939595367
1.9999513604707724
2.0066928816247724
1.9705450662573065
1.9049497550501777
1.856015910704378
1.8800239666152467
1.870266271110569
1.9761140991012516
2.087090737183518
2.159155555771317
2.1351812516997337
2.091780709813374
2.0919320811345665
2.137502511263636
2.1166617065483218
2.088337059776301
2.0332844672693615
1.9561676778952655
1.9864943546672027
2.0481686979664806
2.11483973950951
2.1755530968436894
2.2073707515429994
2.2479143032018927
2.3291158813588986
2.436710136721164
2.401179585313977
2.407692769701937
2.2914812349327174
2.2298326710759486
2.127911336084623
2.0890597166442073
2.082222500914308
2.156024268454103
2.2374929460096618
2.325311653968743
2.4291539203379715
2.4741339604709043
2.5166807595518312
2.544991218588674
2.50651268860214
2.454406771367344
2.42285717201783
2.3806656158311585
2.3881973603133377
2.375806002730798
2.3826872051766053
2.322380584126706
2.3394927098091256
2.2788232576091594
2.3110259204935066
2.2817991947457577
2.328095890848021
2.323946533344853
2.4539992858783313
2.475596505341741
2.5377365808662447
2.4609402976636923
2.470943083704428
2.4244122274192996
2.374857578184266
2.293742789852406
2.181693150760038
2.0995297545095446
2.046989621245965
2.070655157981046
2.1643157815238374
2.223800725439773
2.1974912579370938
2.1541286913914908
2.163664654612046
2.1489813970084275
2.1698991428834864
2.18575238369284
2.201472551377099
2.172129949907889
2.132116103961759
2.1318086045554017
2.1483728143102874
2.156204889506724
2.20248779779951
2.2502410261125942
2.2576255020455753
2.297445292961789
2.353344543482571
2.361877123825339
2.241154475233519
2.1163428511709035
2.0117681314604665
1.9818199469518891
