2.7522075358470097e-32
0.004266650465261648
0.01540412527124399
0.029823149429580025
0.04483716585669588
0.06035064922121621
0.07911685369447574
0.10539898791948585
0.14410283200047008
0.1966288795998835
0.2567518435290068
0.31263743508547115
0.3555201274736555
0.385569291741017
0.40680748424240604
0.42198003221210023
0.43042351186988237
0.4317904486522443
0.4267324022968162
0.4163033789746641
0.40125948634595254
0.3821877402600449
0.3600756124563735
0.33742467228065476
0.31661718645391257
0.29869060855618257
0.28564958182308264
0.2794281292934507
0.280912165466115
0.2878394219125113
0.2959166584690007
0.3012940249456065
0.30217731091763883
0.29895337864188876
0.2924378570223774
0.283092556195642
0.2714364833005985
0.25809683468057026
0.24376578348141523
0.22986672172144876
0.21829472775532305
0.20873121081252408
0.2003157868644788
0.19267944956448219
0.18662994802420207
0.1827178413792575
0.1803384181905017
0.17875606168561828
0.1773642332346363
0.17569653080283168
0.17244752871217428
0.1673677464255794
0.161293273348379
0.15430445691390193
0.1467335753629231
0.14060656574930114
0.1367226396961997
0.13459346197901983
0.1328233981889548
0.13044527669615694
0.12667454568239883
0.12170917900370051
0.11689017588653793
0.11378436407921981
0.1135194686259505
0.11514125244484906
0.11532535327266154
0.11302400152476062
0.11084659372913483
0.10968978640908189
0.10849277748756579
0.10567694835668455
0.10220615176673405
0.100939733933054
0.10349690510514417
0.10852626074993554
0.1132152811487474
0.11593826371797913
0.1170938063405166
0.11800359685367347
0.11884332268980209
0.11928721371083507
0.11869360962088614
0.11626494246042036
0.11210726778372773
0.10754727061856066
0.10404436665327414
0.10205901710799015
0.100874205170902
0.09890430403173558
0.09593480374186994
0.09288025911868379
0.09028048199289945
0.08776729857233607
0.08483462222370927
0.08161487430882015
0.07874406198874905
0.07758784777099438
0.07904254962304146
0.08340043315316219
0.08962622625814565
0.09616502992048798
0.10033635456165622
0.100506722225541
0.09803812121841311
0.09587262365343498
0.09618863885105627
0.09953637949327027
0.10407821639945898
0.10635647164877435
0.10496950547914649
0.1009997824448309
0.09751378122120635
0.09562595121501186
0.09422343917281041
0.09160988755076255
0.08785967149779167
0.08428747418065262
0.08184457495578598
0.07987579912225698
0.07773816642289141
0.07637714617428201
0.07621255576746948
0.07787475708335723
0.08297106566056713
0.09148960635514855
0.10074001382984467
0.10714942666609506
0.10896799970972791
0.10735210978441033
0.10577256671043657
0.1064125950404601
0.10873341736887732
0.11056517557931822
0.10992632306617998
0.10651325163869564
0.10215608476799024
0.09923057328645135
0.09787567679456274
0.09752582316046458
0.09802556769290793
0.09905849775639777
0.09950992633348411
0.09814216634092308
0.09523910797025248
0.09177226707564308
0.08817559068758773
0.08564567727589922
0.08455269526036874
0.08418261223339828
0.08381577196530124
0.08400908456326217
0.08571475964866646
0.08902276404704094
0.09253612379004394
0.0945381938332324
0.09414335006174157
0.09314924700226386
0.09391171901567139
0.09644885988248203
0.09906637242947723
0.10045297307282572
0.10113051725156455
0.10282972362121265
0.10569673626992614
0.10884316285169827
0.11172448186018638
0.1143522803827389
0.11604335310444663
0.11561815038377304
0.1125668905537376
0.10692089616627695
0.09987260543119231
0.09429814046679444
0.09262426980192097
0.09487076561940748
0.09891882386314156
0.1026432286447565
0.10437453531923785
0.10273007409327943
0.09795693993662524
0.09315862721719202
0.09082810859177094
0.0913779097918418
0.09379631817717428
0.09597817685799297
0.09697218832109783
0.09660119668691165
0.0956538442999875
0.09430833575582832
0.09275741999381454
0.0915633011210528
0.09091069247744789
0.09047067759192244
0.09099967776918812
0.09341412006247836
0.09737714041757439
0.10115950556673643
0.10273225930531718
0.1017956070396068
0.09935558360569285
0.0961324256705016
0.09261057453138044
0.08996281870473419
0.08851380441268547
0.08786947534723005
0.08806771771356353
0.0893296632826226
0.09114175367655614
0.09289242831193313
0.0939455920272784
0.09411200454680524
0.09323361647250683
0.09131663119689942
0.08935859585712237
0.08885071040254268
0.0900296728423567
0.0924049567132203
0.09496382411015872
0.09778700086546123
0.101490851770751
0.10555391212885408
0.10714280488523159
0.10462731902116254
0.09953373236363248
0.09473419424146924
0.09099816849598907
0.08828036129238252
0.08676253967408838
0.08598424826681925
0.08520860922473346
0.08462574808388641
0.08487476192555812
0.08617629906964715
0.08834879659067363
0.09129065828478543
0.09552603110002308
0.10140619004531494
0.10799074082060414
0.11342669801162782
0.11639287374141424
0.11750066243480847
0.11794477908876906
0.11747077938905377
0.11587695400774645
0.11432794896458331
0.11434546212188186
0.1158413145514863
0.11787035932832668
0.1198077315176054
0.12115070723820637
0.12067130457483248
0.11680503739174451
0.10974542216121173
0.10149690909325852
0.09399363304055164
0.0882843140390605
0.08426952581568178
0.08145539879115872
0.08049575761692382
0.08150895868681451
0.08393181667053469
0.0872615452428084
0.09113495308501884
0.09472312725157883
0.0972684483110616
0.09862974044287046
0.09939826948822736
0.10006589927643321
0.10078786150412761
0.10233010266556658
0.10521010688358387
0.10820002008507386
0.10954741776159803
0.10889431765967506
0.10701117686029074
0.1045528403654446
0.10160573114254542
0.0984403761947125
0.0965917229244397
0.09744099907645468
0.10118158639823303
0.10595024600420783
0.10964663352187907
0.11173290351203977
0.11214977359733845
0.11047464463785188
0.10624881794396289
0.1005404082794629
0.09505317955256096
0.09058149065939158
0.0872889933384542
0.08589561861367664
0.08656765214423735
0.08870788661105058
0.09115025976647737
0.09261252391173419
0.0914033650373651
0.0873645709894488
0.08277123386203064
0.08028031806061801
0.0816930008859148
0.0870743228396341
0.0928074332425643
0.09418793695596346
0.0904793245208606
0.08475559507086744
0.08114887363791635
0.08108935686964987
0.08365062772141606
0.08716501961844168
0.09180328916569651
0.09796230588790814
0.10506161764957489
0.11173871747964498
0.11595914334293513
0.11567474609233147
0.11113406311579617
0.1045928770183406
0.09868393378694841
0.09373832732088294
0.09069178737707152
0.09011033851415493
0.09095340207860096
0.09153047356478232
0.09187808501056346
0.09290800071837516
0.09464136654347473
0.09639860137178627
0.099020372053313
0.10269540723940489
0.10563898089777646
0.1066443482142068
0.10669726577534998
0.10706632484379663
0.10740143573897185
0.10686506788281908
0.10441570161249937
0.10000578913052291
0.09522655368683772
0.09157090334545318
0.0897600948605403
0.09042989832728537
0.09457610881099453
0.10121596212896283
0.10743478377851501
0.10976855356283009
0.1065677750902987
0.09946492577726171
0.09100708953153551
0.08303704839572598
0.07744468094826548
0.07434757361900768
0.0721507038184543
0.0701103188700094
0.06864236630222917
0.06841229265596072
0.0703635348340823
0.07432558002229603
0.07955152313565134
0.08559959599627558
0.09292988645987908
0.1015372356222393
0.1100736100691171
0.11691043211814596
0.1217836728585525
0.12444849619881435
0.12369328650178964
0.1193924693605979
0.11312583113691173
0.10859700194154845
0.10814980495019405
0.11021872051464868
0.111374908494541
0.11008692513764605
0.10639425381960288
0.10051719822641506
0.09328043017405575
0.08638831367947376
0.08146368214392885
0.0787780453989783
0.07746559175829316
0.07625387010446324
0.07430770391757385
0.07187088776942308
0.07052842164994538
0.0722187990667748
0.07672292471986279
0.0823648449657997
0.08715358777454468
0.09042378424675437
0.09283111352856178
0.0956844417712808
0.10026448567656401
0.10694822576881013
0.11379724037225687
0.11831280657219004
0.11973230151798764
0.11939274702300039
0.1184935522228871
0.11695441302798897
0.11493458278153618
0.11364538678099043
0.11261848758334697
0.11014904367013019
0.10621727809412841
0.10288396646231446
0.10217826123787833
0.10431954992915743
0.10742860408388766
0.10903027199660038
0.10957290527244988
0.11017629645987938
0.11002598194697781
0.10858611186028898
0.10762601079099822
0.10939734596718739
0.11319924229585847
0.11700913584796088
0.11951027096745913
0.11970377682835634
0.11697391383019483
0.11122942679183316
0.10499059354518187
0.10240343224871983
0.10497095683383166
0.11123913726567007
0.11879586209165038
0.12535474677719025
0.12979621671550515
0.1322695750019974
0.13290596141365035
0.13242509247779438
0.1321288853880385
0.13248912489047526
0.1330963999169295
0.13492326939115515
0.1388286281167299
0.14484907191632387
0.15269551723200978
0.1614919168018921
0.16875643859024655
0.1721438682072784
0.1706616231725828
0.16539516866459703
0.15816931567178885
0.15085786592277933
0.14444715404445166
0.13874282308094826
0.13136844159537067
0.11995927294578139
0.1058218823957184
0.0924797459217687
0.08225268983557185
0.07644162749238302
0.07452460599432002
0.07444414059340271
0.07498559603586417
0.07650341947348457
0.08001133350363772
0.08477934381765398
0.0889353460975162
0.09193749246364083
0.09460668836973243
0.0970377519804513
0.09950304566600428
0.1034753410373104
0.11007115533995548
0.1185685440380439
0.1275900909415822
0.13506838675725352
0.13777272355633569
0.13397860836404754
0.12682395871911095
0.12047134714744986
0.11710801450719495
0.11564037301973965
0.11398513942901248
0.11147726191345317
0.10821869339093816
0.10453187411368833
0.10149529303102056
0.10027030260628844
0.10023825337457386
0.10134287466498457
0.10409800528322916
0.10811022479443277
0.11121947942984284
0.11253156641733002
0.11239757847397755
0.11147919285493608
0.1107682011946347
0.1100775163131609
0.1085735069204831
0.10715351758863834
0.10769700864108271
0.11080321415296732
0.11588688436878704
0.12188580632115018
0.1271464501400015
0.1300405721992342
0.13019271441499738
0.1289888987890111
0.1292080401733139
0.13183442964898479
0.13464014772272373
0.13604086106394406
0.1354650830589455
0.13280690508708923
0.12820709163950023
0.12162280714219226
0.11322518042769651
0.10463049410877301
0.09749567968673302
0.09265891467805623
0.09010317724758612
0.08928478875788727
0.08949954232116068
0.0905299668077233
0.09278935460235174
0.09569823959435568
0.09810264755650287
0.09926144724626679
0.09940102488229727
0.0995661945494412
0.10000058614915379
0.1006191197672492
0.1017019729565653
0.10299657822069833
0.103802704466016
0.10463065265527542
0.10558369148600082
0.10644937910243278
0.10704300866745965
0.10805678646443921
0.11087995352709039
0.11516015189441166
0.1183716775832436
0.11790524540262903
0.1136232122517438
0.10753959752911717
0.10241185031619258
0.09983772110691229
0.09974753603709713
0.10104870032453717
0.1020560150412264
0.10231139058667724
0.10288950734808477
0.104637647173769
0.10707531899838658
0.10960025670269058
0.11272665420426192
0.11614087821668245
0.1175039609918295
0.1154933837424858
0.11146466724585115
0.10769659379548885
0.1062278461941412
0.1076991274096711
0.11058175368863793
0.1125722029040394
0.1120391106384965
0.1091238180754949
0.10560561326010705
0.10202528649888895
0.09785030514421818
0.09380721426708682
0.09051147978243688
0.08775113813540222
0.0851922089190417
0.08372397595766808
0.0841467357695719
0.08702729283364745
0.09215411511804389
0.09792585556059354
0.10188484746618874
0.10365606539533899
0.10444067547516632
0.10504335486162343
0.10566792616269786
0.10683510291247948
0.10854544567669512
0.11074093183752085
0.11310133894803363
0.11520011865029918
0.11620967029265455
0.1159789358938716
0.11495607707047832
0.11321502886043024
0.11070961089137898
0.10846889586602795
0.1083134192098556
0.11058453314901734
0.11329031311221925
0.1135448375101742
0.11002484291567713
0.10423341035966792
0.0983385863855545
0.09290813982264509
0.08818297836116654
0.08455406496869565
0.08254869932987768
0.08265014032897965
0.0844524152083395
0.08722861040287626
0.0898857751875009
0.09121069431499015
0.09096642821328571
0.09040600933078255
0.09123940302672569
0.09417141956361619
0.09768756808435007
0.09961606601998861
0.09922207712095574
0.097238555080595
0.09458370903657987
0.09191408238839324
0.09076947906705457
0.09297725662943966
0.09776979286127126
0.10330243435456261
0.10779128045591937
0.10882301641651203
0.10536932052302983
0.09894636193894833
0.09217422394901838
0.08724498513453552
0.08530477051732635
0.08732061897664188
0.0934074148473871
0.10170642888119825
0.10843061011171244
0.11115369734430204
0.11181388183736961
0.11321566812873192
0.11493761554508233
0.11442724231185387
0.11059696805130777
0.10449199796076789
0.09803195925524337
0.0928122102583202
0.09040908805096107
0.09094956079308177
0.09328202206968043
0.0957118810937308
0.0971811227741483
0.09637042084102537
0.09268222930252001
0.0875482041868766
0.08371839202114312
0.08362878057625524
0.08721312645830033
0.09225919146440623
0.09719454787267573
0.10160571294513661
0.10605098762562945
0.11052993765918817
0.11396717980196526
0.11579191193702808
0.11641096235983006
0.11578847043041268
0.11333948711808368
0.1112372281209398
0.11255857350887574
0.11757920945199124
0.1233590960974187
0.12675550067098354
0.1271779771025936
0.12588382298762046
0.12526367350419074
0.12743705885097947
0.13236247758148648
0.1379092796716878
0.14248716467654907
0.1448636175885903
0.14412619194317675
0.14113180678865084
0.13718433870242241
0.13088573305571055
0.12035699712986987
0.10803468255599696
0.09621241543875705
0.08504548218719338
0.07393281121236253
0.06363767098042616
0.05591129165574095
0.05148082479672856
0.05070985291646804
0.053969549264013886
0.06049911090178522
0.06723679555628864
0.0715441950515754
0.07372797752204706
0.07498161983100125
0.0764236840858265
0.0796353611148808
0.08675634329543737
0.09883269260050935
0.11327312440472366
0.1262197817086067
0.1349408167602642
0.14003343290956183
0.14165240950729968
0.13888856619649093
0.13155503091560122
0.12121334703195473
0.11055049663109552
0.10097669354337262
0.09293164597614798
0.08636217891000411
0.08123541284191957
0.07674139036840341
0.0721111330070044
0.0681221918724788
0.0661322468918177
0.06625736618851857
0.06680298721767002
0.06640761844695743
0.06492877034847151
0.0637410218077658
0.06472393042885435
0.06916834538464885
0.07715952078448117
0.08716040319214162
0.09749537574324135
0.10600179066243189
0.11037443287383637
0.1097131160833573
0.10554103807292439
0.09999381025043483
0.09507372917859644
0.09223582491939253
0.09153161141881323
0.09280354937217185
0.09500234935804551
0.09629576420314373
0.09549753807143187
0.09161144390973214
0.08523395152108731
0.0788653780260288
0.07551004525022618
0.07586495490036399
0.07854957541882904
0.08216877936235545
0.08611558329001678
0.08990290551509082
0.09308363252150324
0.0952699279373817
0.0970134079697444
0.09936416212072784
0.10199531214235447
0.10288171938052192
0.10074146632317853
0.09682184138421562
0.09461328474841148
0.09610848339049337
0.1005570857215988
0.10656865070753892
0.11198870168881404
0.11358007548932328
0.1096921202632719
0.10157267834329226
0.09266300316845938
0.08688855656878194
0.08613307029035855
0.08897594289254411
0.09229436972400754
0.09453422851675924
0.09642635509681796
0.10011080714899355
0.106264335887509
0.11453060743495215
0.12358172938338495
0.1330587802610702
0.14255163010561808
0.15157899271685193
0.15892818899971273
0.16314780897184117
0.1632929759726473
0.15896556628025388
0.15080614152866437
0.14108017871488104
0.1324443783122403
0.12554860163635914
0.12002397633298177
0.11513586839618963
0.11015246782836333
0.1038445307103654
0.09650049280620292
0.08989305336475847
0.08608890536994605
0.08568007237072718
0.08802457850915311
0.0917981472352223
0.09560589913889493
0.09924441446884374
0.10388188108339834
0.10997697614625772
0.11712821902214149
0.1246810163708712
0.13071814632022258
0.13343430306718698
0.13301349833859696
0.13165604255119923
0.13156505429476614
0.1338819147680548
0.13770523073408283
0.14046739889959775
0.14044076703005648
0.13842915047270532
0.13720305626874915
0.1373924523017278
0.13768077458154768
0.1375009641235965
0.13674311711928946
0.13444337519874616
0.13020821797281837
0.12415930760202762
0.11600846718760346
0.10631184194172064
0.09712785863993176
0.09105974276253963
0.08939910489273949
0.09129279829009562
0.09529158623095807
0.09971218241513721
0.10324529357299371
0.10564275989405869
0.10732686669776516
0.10936060245115439
0.11327553029162724
0.11794659088284072
0.1210169969714914
0.12117005207146156
0.11900092140332441
0.11566708981055168
0.11203039179141425
0.10915267509961628
0.10806311770886516
0.1089280442833095
0.11157646241701771
0.11638283860508124
0.12367579474346173
0.13158774849881805
0.13802678583207215
0.14259217537251245
0.14486373373686698
0.14420036299734987
0.14096464544359713
0.1373686495998887
0.13473519215879806
0.1331014720860565
0.13204394731352312
0.13015734852043
0.12572724975817579
0.11928801078178336
0.11314923942602248
0.1081694427813232
0.10409911509475687
0.10060856381055451
0.09847535574140837
0.09780357207285345
0.09745376231913712
0.09634270048274018
0.09472887761986157
0.09288483585883316
0.09081504496692713
0.08906531997122076
0.08872343525645167
0.09057442543063517
0.09407615346121757
0.09808100767821328
0.10199804701803472
0.10554040747306102
0.10950695226666853
0.11532769038008212
0.12321167686707465
0.1321733301824215
0.13998560478838645
0.14335860435659345
0.14066402995832175
0.13330194824898445
0.12487478050547592
0.11836108410007593
0.11408231116722689
0.11012151165419305
0.10513339590834604
0.10014898033450978
0.09638933725462104
0.09357411574657806
0.09069021894612952
0.08824773888557048
0.0875566887277058
0.08935159645158122
0.0921542784074599
0.09394877677591625
0.0941392015061679
0.0937976221743982
0.09421128941574358
0.09550854120090535
0.09767369139445907
0.10112519252598968
0.10709405851008953
0.11540828502150617
0.12422995880579098
0.1315733213608763
0.13621953654380345
0.13755311055232833
0.13589216696581533
0.13315448434225713
0.13021703433239273
0.1274438759444054
0.12528286275158748
0.1232680192186711
0.12065811420718119
0.11682421266556793
0.11174047774407235
0.10575293296247483
0.09943774366649545
0.09381522552213636
0.09028041811697286
0.08882043755033685
0.08890206281675209
0.09002934557526199
0.09115225190396338
0.09063131382936192
0.08922843873962222
0.09006702924075449
0.09462570907156755
0.10074775210396211
0.10489028520464601
0.1046971901853513
0.10083338600025356
0.09653128387608063
0.09380122107020215
0.09187435868159465
0.09029715605301832
0.08917512020415631
0.08899141091243397
0.09058060739950134
0.0948579921996777
0.10144725720555013
0.1087293840721604
0.11516414596299464
0.11962055916103063
0.12170872787260752
0.12190784862618986
0.12081513908710081
0.11909224219141419
0.11762634593588919
0.11648285129501898
0.11551591346866358
0.11528902472511121
0.1157267520963937
0.11508471409501596
0.11252419536362512
0.1083660382439526
0.10242039477259608
0.09432574733720432
0.08486147180535444
0.07585483622705287
0.06987350069000257
0.0683070461458671
0.07040654079516383
0.07532321940352968
0.08296887358125166
0.09147315286461993
0.09788802373221744
0.1020151072270954
0.10627018218922986
0.1116759026499182
0.11724253193008727
0.12087459312771864
0.12083804086018805
0.11664844801641953
0.10965314934015702
0.10164491245904698
0.09475159688669242
0.09080859980035765
0.09005108920633466
0.09006383292124442
0.0884271317948617
0.08579691714701036
0.08232087231885803
0.07907557536588723
0.07912786475294542
0.0836532574325056
0.09082972105789852
0.09718722373943511
0.09977468521108011
0.09825510609991032
0.09547257523182542
0.0948364194962222
0.09720083704008688
0.10094193391551677
0.10341927507650994
0.1038529099525509
0.10246428520027479
0.09963002592648906
0.09632120082493949
0.09407087547650411
0.09468063264574207
0.09857918285709555
0.10455217360921136
0.10951681778197543
0.11065918758296492
0.10875232483318438
0.10651087750485101
0.1049952412786316
0.10368688258258858
0.10153105052343014
0.09840859741070536
0.09606341840552426
0.09641046316135087
0.1005325694450281
0.10853402036909279
0.11931855043915301
0.1302936838834728
0.1384174261483496
0.14341824231898703
0.14616828714621202
0.14645187738265666
0.14359718983062353
0.137384150098363
0.12837400002745086
0.11775550057700467
0.10827432432752615
0.10218584118339222
0.10045847699692803
0.10297489714601969
0.10794866017696339
0.11338293819501347
0.11772684198747634
0.11972118183902541
0.11830148015953926
0.11321727321870308
0.10603940232006866
0.09884185869264889
0.09226703817631123
0.08708161646185966
0.08438783117955106
0.0842564301489478
0.08579939791003376
0.08769988451047568
0.08877078288396187
0.08838691216395266
0.0867113799485434
0.08504486193838195
0.08498702931001147
0.08753836920915418
0.09215119032066892
0.09696268118267741
0.10068616052567195
0.10286092689619035
0.10373510802341702
0.10394122853756119
0.10305978305867314
0.10087792920819119
0.09818750610686418
0.09714402125067
0.09955071821593643
0.10446814243084111
0.10838658721953282
0.10833516659849896
0.10378647472470379
0.09652912884339143
0.08997939140453773
0.08662714321771527
0.08666592257277389
0.0893047486331858
0.0934942831619736
0.09739472749543569
0.09928035544221331
0.09915697096254739
0.09824155833344897
0.09891792289626142
0.10320714765207654
0.10978535810726403
0.1155303963148758
0.1191518428068664
0.12201696500118482
0.12593017484075675
0.13106470298675502
0.13527924388662357
0.13611540375036388
0.13251032362256293
0.12618797079158095
0.11930458181024235
0.1133956200065397
0.10971721363354577
0.1088211978652555
0.11114126085788377
0.11509173825819588
0.11811427477084714
0.11887712147300677
0.11809601230792112
0.11627139842143783
0.11247476124824875
0.10579719571663608
0.09777840878814419
0.09104070863115186
0.08781531603658896
0.08831272950558379
0.09090944552272648
0.09353700114385845
0.09447970389656003
0.09306469185422911
0.08981042451134323
0.08622127526839508
0.08379431399883272
0.08413324316471897
0.08740294886688216
0.09128945838445965
0.09322520556805922
0.09236391234298486
0.09019919232421317
0.08787433171279412
0.08623519749116629
0.08606186550832481
0.08815965015785433
0.09270136558115882
0.09878379096948217
0.10443282878635061
0.10807157601752976
0.10981875811858766
0.11057822176747631
0.11074238482409392
0.11028835296038061
0.10939443635593124
0.10863632533808507
0.10830497555023458
0.10809474501470986
0.10788214843415461
0.10762216024530674
0.10823382498844346
0.10988657929241241
0.11155754701773062
0.11253025385373364
0.11164019553029703
0.10815474438971001
0.1030146832693141
0.09758484936721581
0.09312192905353363
0.08958276870395293
0.08572213697707555
0.08137912345032472
0.07724858605649913
0.07506170557267346
0.0768551362479491
0.082926637912974
0.08966488152996657
0.09319010637310243
0.09263928522030937
0.09021037741981514
0.08882962472981257
0.09064033595655145
0.09613791405184009
0.10378938002255632
0.1116687892280365
0.11766131329721942
0.12160102819300767
0.12554621476759648
0.13009190332992127
0.13294500942892942
0.13221916173799567
0.12824046961477126
0.12297670266311544
0.1185277295312815
0.11518921600443723
0.1139787644038849
0.11616952276629196
0.12117172122441595
0.12630114141801732
0.12860750245197494
0.12634509612465883
0.12065646886170645
0.11449765652308812
0.1094479111740247
0.10522288801086943
0.10144884318823844
0.09879410486161287
0.09777799685391278
0.09853669998941063
0.10074235149120737
0.10359239954411623
0.10668208774756419
0.11067288976148357
0.11725505321786249
0.12669045387887137
0.13630354690284024
0.14304915024615308
0.14614507725556602
0.14643644968262884
0.14563770580615484
0.14478401602578267
0.14472132527738546
0.14634558620127783
0.1487867192983866
0.15090766726773636
0.1526572785964989
0.15490952703082123
0.15874003034430026
0.16407596922251663
0.16986686366345954
0.17510627572259296
0.177063160120278
0.17403853950033718
0.16563049067690264
0.1550678962563641
0.1471439870418101
0.14320489205071602
0.14212697218103196
0.14357237506641898
0.14701120638611173
0.14982955383958035
0.1496672761803312
0.14693290894918318
0.14360632989651007
0.14070500303610467
0.13918086498306628
0.1392806454027162
0.14018792397835295
0.13926115067780653
0.134346991331061
0.12741116375896192
0.12209114779073219
0.12096128157065632
0.12266024661240439
0.12404501622273173
0.12234512217821993
0.1175574742166022
0.11116755252847725
0.10476746091026456
0.09882464637504558
0.09344428543428042
0.08886573428871454
0.08583426982225496
0.08504746591371158
0.08594316988430103
0.08790693609082567
0.09057319816598901
0.09333269484952313
0.09626395853713643
0.09930182686840866
0.10140045290154241
0.10252233850694278
0.10387288807720786
0.10642939805081499
0.10887950935748911
0.10963389488125312
0.10859201715967974
0.10555446612335706
0.100659761867697
0.0951519180374417
0.09029182559354262
0.08630147943297528
0.08265961547492971
0.07924210839604316
0.07654525091767524
0.07586132384122383
0.07818068666059094
0.08257645344024778
0.08739525663010364
0.09071488232028577
0.09096682600917337
0.08753742304585614
0.08102546036331862
0.07341242685845475
0.06852118355965507
0.06916299852006108
0.07438249774703828
0.08094123443348941
0.08651754043222043
0.08961523360329823
0.0902279083494371
0.0901708509483384
0.09044882656294939
0.0911251297369722
0.09241168527132251
0.09384481661276199
0.09417031713626507
0.09300465157937088
0.0910429947042379
0.08929986899355428
0.08942182659898786
0.09204814368979317
0.0961225342628647
0.10030857709618513
0.10355642225519639
0.10567502441951568
0.10603989879618915
0.10388263272427285
0.09938956841873042
0.09377850926038184
0.0895887109358043
0.08821958065907413
0.08948122032473067
0.09202405901285421
0.0938667232638233
0.09417204963083171
0.09361788346404948
0.09314349940265239
0.09383054776679169
0.09665841533291274
0.10113097064724946
0.10478252927780203
0.10597545378957984
0.1052292379897343
0.10413518021323707
0.10334128019170018
0.10238395954299949
0.10058967537420689
0.09876773555822534
0.09889338825957593
0.10147481277412951
0.10511873340950655
0.10784357783840061
0.10792699317377775
0.10503345183936467
0.09975523291251563
0.09325869065204254
0.0872910809003488
0.08395379277691577
0.08402464271271615
0.08693299351353087
0.0903742250774676
0.09209313493219275
0.09112696028762665
0.08776392894787065
0.08363525080168754
0.08141582958057815
0.08260924542937884
0.0859786230038218
0.08898337539738078
0.09079814581767001
0.0916116428262497
0.09203447050826373
0.09254395179471576
0.09355312251002355
0.09486313886182052
0.0952912459503717
0.09453940977082113
0.09377465846358303
0.09466143341863265
0.09726525810633532
0.10089847348153969
0.1051745024162869
0.10961563229737584
0.11318058832516299
0.11499105866226275
0.11466216710033277
0.11302358257849665
0.11137936623737331
0.10934672094323951
0.10463330280750029
0.09682694848045942
0.08803511286729407
0.08167396242470132
0.07948524046906658
0.08123886211624526
0.08518430668853566
0.08909647703996193
0.09142788135706903
0.09087897981900371
0.08672152041325097
0.08010997512393218
0.0739583154498097
0.07046547545674182
0.07026778898921313
0.07291802315558041
0.07710186711629198
0.08176707957913028
0.0866902619798774
0.09167945259646826
0.09668134612483048
0.1014226190928812
0.10580003607585094
0.10992254711701441
0.11326275926817787
0.11461317841604622
0.11378498111690814
0.11203185703759762
0.11023316207480938
0.10938823037414237
0.11109951605424187
0.116386456361632
0.12370416534387972
0.1301618269433668
0.13315434370076867
0.13119258364477052
0.12482389556122042
0.1160156954556404
0.10770119333384534
0.10189971898180156
0.09967056216161825
0.0996295480160239
0.09891442630467044
0.0956691152500548
0.09082506983047635
0.08674429186526737
0.08470387368986666
0.08483696417273633
0.08639833255591559
0.08798506845103704
0.0898580861449123
0.09311871908556722
0.09822101652066366
0.10487064158062408
0.11117823494642798
0.11480924623491531
0.11546901153360861
0.11324098781780534
0.10780256349867968
0.10014021717221994
0.09269859865815744
0.08705993916780452
0.08342244763525312
0.08224173224797644
0.0840113059696295
0.08857401598772911
0.09537620762261347
0.10298827640275031
0.1100400847938672
0.11499784735189952
0.11634292902715816
0.11377441083920742
0.10712663620270332
0.0973186196208725
0.08593464769328131
0.07602992751735685
0.07063166484318242
0.06936499182827303
0.06974547886493067
0.06973988906424851
0.06996395291223245
0.0717821138038379
0.07503004083777591
0.07772491500465599
0.07867924405721094
0.07823147430270698
0.07778221173081697
0.0777257984198393
0.07808819495443026
0.07942621341635883
0.08193675516122385
0.08644827106024194
0.09467777984592066
0.10671521569455479
0.12030292347490316
0.13252403329871465
0.14238910347128342
0.15112639401876513
0.15965505162111626
0.1667762559997012
0.17093146248019922
0.1706961585835269
0.16729678444347454
0.16340507724672362
0.16129348165421709
0.1611632103887424
0.1608659888944765
0.15826108465804606
0.1534939433213148
0.14852185746311194
0.14525179160402255
0.14511235314574222
0.1459884825126149
0.1450976961753873
0.1419935282189792
0.13761853104302407
0.13245063204473895
0.1274611706495795
0.12389503010985851
0.12290754489809959
0.12578054439410996
0.1314561261767415
0.138119712260873
0.14400881468943
0.14649749850122784
0.14374983234349725
0.13772303601807986
0.13068896517538084
0.12332536525825391
0.1157021382034992
0.10789165432450376
0.10053396434958137
0.09468815725764264
0.09102617089699472
0.08879482503306646
0.0863727596220976
0.08248486724756346
0.07782824604707875
0.07440145396323411
0.07345638419485152
0.07340289793258986
0.07264308583132412
0.0727625097370176
0.07607452658403963
0.08234666201339705
0.0900733870915086
0.09776500801393326
0.1044951896631151
0.10999604579236152
0.11422097090294069
0.11656773504991962
0.1171434609769164
0.11753603900856159
0.11985046900411636
0.1237338090771024
0.12675968714031222
0.1267244389651246
0.12268261609615963
0.1165497902294022
0.11226050693776271
0.1129408577265535
0.11870119351882781
0.12708069328710375
0.13300108532302615
0.1319421235085359
0.12390723025452327
0.11323235792465348
0.10389986263785987
0.09813369034533691
0.0962082821779994
0.09710751023397604
0.09819168308835877
0.09735962557510323
0.09518192774341357
0.0939091710913977
0.09479425809735646
0.09655856196557228
0.09710312664721035
0.09577905111530116
0.09316152535152315
0.09055766570960355
0.08902913253579332
0.0884472763990127
0.08801488796309319
0.08730181136301375
0.08628434120336725
0.08513805096509663
0.08404402893614332
0.0834357563759303
0.08426234501334064
0.08696419436168568
0.09096586182802355
0.09549221676823802
0.0984429757794219
0.09823119773557396
0.09603140841350989
0.09416945502153531
0.09444061304061903
0.0966857499466272
0.09854529738539256
0.09824210682866345
0.0961710925164166
0.09377747804974684
0.09252470959642026
0.09238555525147303
0.09180443016615523
0.08955882102014778
0.08743924494824261
0.08738108173340015
0.08964716352219265
0.09229155863849094
0.09366812633574013
0.09415080673276678
0.09474081639526533
0.095166951536221
0.09299623976508509
0.08628478690422318
0.07657581360809425
0.06885099912529427
0.06657866377188706
0.06968147310523387
0.07682624495534926
0.08679050385581016
0.09867623952671514
0.11072020254600803
0.11952970591476067
0.12217716860067035
0.11917876906484548
0.11383089952526784
0.1093086635136675
0.10788822669928841
0.11073548997421305
0.11705717940301621
0.12448178013636269
0.13180744404306327
0.1386884887564877
0.1445431540693976
0.14876441157748904
0.15027614314691745
0.14886630577896953
0.14515590576851176
0.13969214069795918
0.13321613861526366
0.12666414623080893
0.12081057688346128
0.11710252798884344
0.11647148261279965
0.11869583024715155
0.1226288028511494
0.1264924362371401
0.12816859991688034
0.12659206663512176
0.12221422550515756
0.11685389299162731
0.11143571016676261
0.1051070909060748
0.09738317047799024
0.0888097581992551
0.08148810278550973
0.07806746590248288
0.0799619973691632
0.08602407840856913
0.09370151881389258
0.10189822811746836
0.11067406225014408
0.11939133359025732
0.12650202679456785
0.13151606330828886
0.13492974457231632
0.13684460429669323
0.1376230737926861
0.13781953292607596
0.13918083832537323
0.14220267200482511
0.1448437858997297
0.14431518652064726
0.14077973741494265
0.13673580387947312
0.1334900791550524
0.1294841897975359
0.12300845009464247
0.11425014061417658
0.10483430953858508
0.09526217185188912
0.08505758232345338
0.07586434096706328
0.07151638180303482
0.07205123814937403
0.07363007846496693
0.07324205762212267
0.07077157205475762
0.06841492897661344
0.06785575043965518
0.06972711948350138
0.07440376301825612
0.08240608944683286
0.09320721008680619
0.10496091776357672
0.11554032672601318
0.12362406365381447
0.1286391540058742
0.13088582201735702
0.1317147323473789
0.13217552962424406
0.132096313835228
0.13090993746324553
0.12798819768724318
0.12293969751518061
0.11624278309976327
0.10917003279974734
0.1029020318873499
0.0971298797778088
0.09072192668945961
0.08384706852890281
0.07902527219362976
0.07867370173933191
0.08357696669201753
0.0923310517418271
0.10270688306052003
0.11199808442985515
0.11765585813373221
0.11974487080561155
0.11999382340704998
0.120493997878096
0.12246887323673303
0.1263015255809488
0.1312810893113452
0.13791518480268522
0.14701619979760272
0.158179564794243
0.1695392015062761
0.17764737113490453
0.17918182027044352
0.17319022495265501
0.16218231695733484
0.14937414182921885
0.13663175210559228
0.12544187293239453
0.11664090671183297
0.11072385130180397
0.10703854320139103
0.10497439723841734
0.10439948088587558
0.10503339191117399
0.10589561447120169
0.1063148261296511
0.10655768115615777
0.1073595250496101
0.10920231784712847
0.11309831253999678
0.12053760068976571
0.1314127530283821
0.14294166777207237
0.15139921606369872
0.15503422667744093
0.1546376285648697
0.1527607593401153
0.15102676617736835
0.15028307652063877
0.1506219725076896
0.152159742455358
0.15552670814250216
0.16038591046751488
0.1654134872149286
0.1687260744703826
0.16914610572970393
0.1654208266925937
0.15784584008374292
0.14881478933885106
0.14075712115162975
0.13561679098252802
0.13352554611480674
0.1320457614364959
0.12916010413171664
0.12520026779992122
0.12129979520980376
0.11913978143253907
0.11973255297769905
0.12171693363140787
0.1217728657437309
0.11900212817492871
0.11500187210768807
0.11247880210825123
0.1123279259317515
0.11291611089716504
0.11210601862153859
0.10917578283350937
0.10513834433992686
0.10148719903981551
0.09922143280232484
0.09791674948368222
0.0970385856154341
0.0975556293224197
0.10006346081826384
0.103840399485641
0.10791485169059341
0.1112355114897143
0.11343649924507646
0.11469429102222997
0.11468086610280788
0.11341326793955571
0.11233147220533106
0.11319127932836208
0.1162553140939552
0.11970398588060553
0.12144260114986596
0.12040708824408622
0.11685863866337122
0.11107954602607
0.10310772785010203
0.0938185035424826
0.08615666203393371
0.08209627530310165
0.08089944750487574
0.08042503090363283
0.07981005533090342
0.07874055096499248
0.07794983107231665
0.07751501055768496
0.07694668861586441
0.0769094740444274
0.07970014663055972
0.08603360763778581
0.09411581878342397
0.10080992477810152
0.1042325793859609
0.10455753130300505
0.10209662177465177
0.09860683063584814
0.09721064454722958
0.09940245177138626
0.10434873698798088
0.11023786296314209
0.11589012292550246
0.12011145862306825
0.12171550664436849
0.12031197781137726
0.11623045215931786
0.11096502671056499
0.10602545020130202
0.10206301372566912
0.09904360822013711
0.09663518121416091
0.09458397188124466
0.09238712640063235
0.08994773127252019
0.08760939121501667
0.08701935037036326
0.09003145018798513
0.09699205326208783
0.10638409699251031
0.11531225299250614
0.1205896877619685
0.12181486616033824
0.12126267869260078
0.12042762383009628
0.11857961921588081
0.11579026866146025
0.1146176318777524
0.11639165817795281
0.12042810356447593
0.12407981970085334
0.12509167171724767
0.12408513930618262
0.12334988540744639
0.12412804960048154
0.12461180046959994
0.12284538006246179
0.11842172699010384
0.11300130569042231
0.10881982568570639
0.1065190717685096
0.1046099243157729
0.10157151697604638
0.0992944268002779
0.0997679204260751
0.10317922756480641
0.10817521843742309
0.1137396677339577
0.11809414939160748
0.11903723222366637
0.11608337580028731
0.11107244794072424
0.10550755554482648
0.10081889531113211
0.09805601655835196
0.09778218441902542
0.09930166769189687
0.10160648998792245
0.10480080361680065
0.10906170184520327
0.11329359590374609
0.11571497402180002
0.11543518907327256
0.11198155419867813
0.1056070738952279
0.09919783049459577
0.09597759288511097
0.09741565129731052
0.10239998680610907
0.10845544389920685
0.11330001182466687
0.11656886749795398
0.11946603634543684
0.12338128114175931
0.12769576597910273
0.13143228529345918
0.13325806178280408
0.1320484133474753
0.12875310812697696
0.12549560403790622
0.12271896970558001
0.11944629188079177
0.11607405176686661
0.11422218750948168
0.11402288372286169
0.11334258555652216
0.10997847902552312
0.10419093726735759
0.09788792982725575
0.09307494172420133
0.09098210387222273
0.0918209910402133
0.09404345406553542
0.09570675762366532
0.09558030086022842
0.09409221386904376
0.09247353697195829
0.09200330081545766
0.09238800466469746
0.09213792538914602
0.0904338219159183
0.08694355824537255
0.08258137109269878
0.07942348574132496
0.07981575452682002
0.08498500385893683
0.09393224392640603
0.10461617492356391
0.11399224613753477
0.12090782715360085
0.12484761639890003
0.12481661690313738
0.12077055238750094
0.1147922381123759
0.11016257661927117
0.10818038672087466
0.10768162381175916
0.10708419136212573
0.10490084537193088
0.10009461312766489
0.09268347263433442
0.08449912934529845
0.077681274512
0.07338623934074066
0.07108163697629091
0.06974233826342059
0.0694437287933734
0.07094877161696764
0.07367937094206381
0.07584131974309198
0.07584255041198108
0.07336005101693549
0.0691416932084603
0.0652422886086118
0.06414893014969285
0.06731121299153209
0.074454375754049
0.08428675552573536
0.09462304351984883
0.10365733497056533
0.1107652615887672
0.11549671074271707
0.11797921651991156
0.11884270534274581
0.11822122167914921
0.1160530057242161
0.1125651321082277
0.10932024440431659
0.108273402863035
0.11016174304175068
0.11283064799114942
0.11345250501898384
0.11101828699826029
0.10674175233585004
0.10229978196191195
0.09958914593766159
0.099294502860104
0.10069377838118189
0.102136557951269
0.10154019128718154
0.09786875206861775
0.09166690897907222
0.08580465417148235
0.08511289381526506
0.09245969994678735
0.10469009504698613
0.11544785277852418
0.12043755702785496
0.11931431239395408
0.11486663632141178
0.11090928647067226
0.1098240208488543
0.11254418581800399
0.11842068755757582
0.12563161006805532
0.13267507610874488
0.13785415775771395
0.14011958773419544
0.1403543470987482
0.14051385461737292
0.14195802261338422
0.14468539458009266
0.14805732034200333
0.1509255766708087
0.15257520681417516
0.15188783232581438
0.14890631776504193
0.14450488754049373
0.139883055344811
0.13628913912302537
0.13497447242685576
0.1361648042932968
0.1396801293852696
0.14402156460483137
0.14689319051374936
0.14698492843488792
0.14447188734298627
0.1395940555761727
0.13349730159537668
0.1273848773722055
0.12047404043351469
0.11245137923668544
0.10432292971861683
0.0974325526984955
0.09227564256051948
0.08871850557449013
0.08595156275486011
0.08388870458216616
0.0824182934020537
0.0809388590917559
0.07949859791558006
0.07876533410810932
0.07900124788273719
0.08021367103119424
0.08184906005032688
0.08468423418542513
0.09050647382710836
0.09978227408130448
0.1111697904781103
0.1216536736787309
0.12823972446894885
0.13071936014023264
0.13058993331225807
0.1294869519542092
0.12926541927746635
0.1319734589165042
0.13710131479687676
0.14095760463016674
0.14059666276950558
0.136775914458146
0.13189467181758371
0.12782804271183837
0.1246554193542678
0.12198145512392666
0.11977525065591102
0.11874857026602734
0.11801197271176525
0.11667785052023381
0.11448914657986203
0.11205838194807521
0.11029369325735537
0.10993051319773271
0.11082057442552279
0.11310006382684223
0.11871889113079867
0.12966038553591075
0.14487479373665
0.1611753981379871
0.17523110911033563
0.18533187605431026
0.1914526926129701
0.1936577772125664
0.19243379146760223
0.18827402726443848
0.18097675500039495
0.17175489588639542
0.16340907708892244
0.15905511182698423
0.1594045877245391
0.1619037623497921
0.16289711775828603
0.16057672644485277
0.15632622726278728
0.1510663295952083
0.14459420821650046
0.1365385828224032
0.12823580776854884
0.12142128838915058
0.11676783979572637
0.11436522995759653
0.11293400443370352
0.10974323677738265
0.10298116389379654
0.09370328729381674
0.08498192278236356
0.07985503361318325
0.07877145360744309
0.08026862262496136
0.08338329792299308
0.08833479672088071
0.09504539870202396
0.10304032388118113
0.11113496513474348
0.11789977053483677
0.1239342977965685
0.13083778870905347
0.13867795233580066
0.14613629387706145
0.15255529214481364
0.1577259844355282
0.16137391953577396
0.16247685228864886
0.15980030260804287
0.15389425092490305
0.1461741960778264
0.1370100850215634
0.1266873674521508
0.11636481032376136
0.10804592479589561
0.10285549991036692
0.10088979219418982
0.10150256416400505
0.10369731724278577
0.10644788864740595
0.10961780866406876
0.11394253693316655
0.11894998421722922
0.12309014149955926
0.12479207607005091
0.1225347498926838
0.11628105954769578
0.10848698702049532
0.10284409038710923
0.10145852138433292
0.1031792226893584
0.10449959707105513
0.10394269080059655
0.10329494507938859
0.10455443568129041
0.10635116672930958
0.10588028057743262
0.1015442261570451
0.09400584551250177
0.0853358039641159
0.07817283098511575
0.0741314785424908
0.07287408753896203
0.07317722791267285
0.0738070987627554
0.07415308051275839
0.07465353098530911
0.07634471213115998
0.07889203553115728
0.0814402986075202
0.08423437727342488
0.08767405832361086
0.09113703530184668
0.09297670666581831
0.091418516261337
0.0866613637323409
0.0803546491483121
0.07489043392331447
0.07264034540348177
0.0739087485996556
0.0786412814220116
0.08523548539609725
0.09110655674451536
0.09422290064710666
0.09349955278380058
0.08986574067568354
0.08409387615402263
0.0769253262782051
0.07059230204145621
0.06757696923182366
0.06856434882916965
0.07224025560653789
0.07795470739755363
0.08652529393010412
0.0969228073774957
0.10684213885651063
0.11482711591663487
0.12163574964344
0.12716205084256074
0.13087469340850805
0.1322574711158513
0.13106958218757023
0.1267661936793848
0.118958291049535
0.10983699894718474
0.10298955122632866
0.0997208671639891
0.09786976266158111
0.0951096304532291
0.09210622075503547
0.09109713420745037
0.09327568468038994
0.0972799492278818
0.10036857392676829
0.10028580800990036
0.09663532454920373
0.09163457834991892
0.08832563460803647
0.08843846531565637
0.09209634273004538
0.09779341444527213
0.10305649309111882
0.10540772185306047
0.1048271952111829
0.10429542169941994
0.10714863938078979
0.11347757777902225
0.12017635976924534
0.12433934550394421
0.12665631158316745
0.12912639405065207
0.13315764625691728
0.137775881251964
0.13996113312325686
0.13756060491103939
0.13208477074765196
0.1270600441557331
0.12456630118071792
0.12466653082250063
0.12650812938852793
0.12866641755278896
0.12864317159737879
0.12415022749427203
0.11588572939106107
0.10739703663455696
0.10180376001784183
0.09925520532995585
0.09853323556735727
0.09790822183556078
0.0963607658929694
0.09418316952606365
0.09257263903251269
0.0920210282115572
0.09163889879880205
0.09022256119271074
0.08799193656983183
0.08376842641229339
0.07668494074287226
0.06858655816949975
0.06302633052099853
0.06283359020162334
0.06815132974707919
0.07622791838949712
0.08286191852204311
0.08539959311274449
0.08516792540055
0.0854169678702588
0.08733307877065322
0.09024625255455611
0.09377005991753856
0.09858137476316732
0.10542679632985223
0.11326741829449799
0.12016565066885714
0.12597544012685138
0.13223007149112972
0.14022803362615066
0.14929698697694005
0.15705578829507394
0.1618134892807582
0.16308509032391172
0.16139969738599644
0.15788807552195414
0.15413126618202705
0.15019787532612175
0.14537520304025292
0.13941389328354978
0.13316241956689587
0.1277567965888698
0.12441976356488482
0.12199066699680608
0.11835238745034697
0.11420379324611002
0.11180178603859812
0.11256802387974102
0.11601062117035031
0.1203116301464964
0.1236580245507382
0.12474589001155206
0.12259637671648867
0.116722239052913
0.10880752077924963
0.10174763138526066
0.09783740739863074
0.09709140320026945
0.09780099582542506
0.0994318381371772
0.10280183176695837
0.10733840977456596
0.11079136468274778
0.11209009624986616
0.11177687620862742
0.11034586221879772
0.10760376856654909
0.1035966767490184
0.09968037721551037
0.09754111861202229
0.09884467205700509
0.10324304996452452
0.10865583207960668
0.11315694813308998
0.11566523281426562
0.11609288719995291
0.11402352381891721
0.10996266192605703
0.1056299219394354
0.10308196400514273
0.10201288341482681
0.10076134962813205
0.09877769533775663
0.09618110580858792
0.09354481380561115
0.0917386636900466
0.0915436879340499
0.09299735949867978
0.09496346153702392
0.09629743025235431
0.0964936369294317
0.09541753044929471
0.09336251730120522
0.09129663874811085
0.08981695994942318
0.08979247374339422
0.09237543562144337
0.0978393667301489
0.10446741388041193
0.10994815888118364
0.11208000567937124
0.10992400898293112
0.10400749805616498
0.09671126511761224
0.09068064661378135
0.08645640172218211
0.0830871827190363
0.07951556225182616
0.07705161530367019
0.07769300704200977
0.08078035522204818
0.08319264423724523
0.08334344378203684
0.08176554108504634
0.07930357621584838
0.07679983913958098
0.07469782109333908
0.07453066609804421
0.07732767478836837
0.08306043634434501
0.09027840488002448
0.09718135817529792
0.10280430099932172
0.10730331069224598
0.11102292330382701
0.11356111769004473
0.11557278581828971
0.11661370368951915
0.11548282501699167
0.11200750309453453
0.10596419674541005
0.09782695225120058
0.09065133427109703
0.08665506503682949
0.08510511022193223
0.08522235713237437
0.08665688818186389
0.08769492102885168
0.08709342576558718
0.08491705320243992
0.08200857916051607
0.07967560780521832
0.07934207881712693
0.08155863713851186
0.0858544564732523
0.09073521348627023
0.09465092292179003
0.09671830856424984
0.09749435670521842
0.09871426346417955
0.10106190371638388
0.10365807439363789
0.1049526816539161
0.10475170453081553
0.10456741869749857
0.10563875474819046
0.10785679722091768
0.10965461913631973
0.10981342300639516
0.10824262045556335
0.10572018543886705
0.10319646586262367
0.10096206416697877
0.09933108106941574
0.09819285373243912
0.0972656830928638
0.09595065772968998
0.0938408062640488
0.09115144580498044
0.08877835433548326
0.08742632967036856
0.08775638690077657
0.0905040289271872
0.09496393048553896
0.09982105940261998
0.10456563638719038
0.10904097146363137
0.1118815272334372
0.11229083688186037
0.11070348227243673
0.10862542136028237
0.10844346315336476
0.11033457881841899
0.1117656029068412
0.10940300724441249
0.10300533149878674
0.09549071564950888
0.09004819386127892
0.08891129797673993
0.09292112118454478
0.10033021256908578
0.10746530577506788
0.11061812628683773
0.109324495191562
0.10572283804657712
0.10305693350511044
0.10305177539942945
0.10634497917538047
0.11208043600059507
0.11837583374477512
0.1233449174218248
0.12477469571926356
0.12170335870240956
0.11559158317147147
0.1098643060214495
0.1054732702033271
0.10162037041493656
0.09745845123318765
0.09363507870225109
0.09158947258827876
0.09113095556693204
0.09202132840605079
0.09406383832880655
0.09713242999954576
0.10086214776516897
0.10390772984444988
0.10483962041630752
0.10395260439224156
0.10270750437062642
0.10215729113905445
0.10263308523537658
0.1050416459184188
0.11047648311578114
0.11943562657255567
0.1297299697499915
0.137770138714682
0.1410127876487475
0.13985502667390415
0.13597015612615132
0.1317973525381722
0.12894679722277277
0.12685142844309025
0.12494186984576353
0.12340683184668308
0.12203265816960031
0.12077412408586317
0.1202721396173627
0.12197290453011742
0.12714941609159847
0.13606700852978143
0.14694432505193028
0.15570389868251056
0.15960296345361252
0.1585251559003122
0.1554292364956419
0.15341244803409104
0.1525982119257995
0.15170739072015368
0.14911579519502274
0.14413748593195574
0.13741481652274995
0.12980128058426754
0.12232892536401586
0.1161559210577547
0.11137927364597998
0.10680467704565985
0.10180087619918653
0.09622744173635711
0.09034008262006996
0.084461031722925
0.0796824529435274
0.07704037771159714
0.07700537342662898
0.07974801262594333
0.08492825902659727
0.09153205078558674
0.09902900976191926
0.10687223658028026
0.11431923169472423
0.12075640868862174
0.12565798708288436
0.13007152733007113
0.1355007106150035
0.1408586352236678
0.1443285012387916
0.1444168073456867
0.14122989538453054
0.134825016110671
0.12500292110181582
0.11197396596274878
0.09783498908610044
0.0859295483976942
0.07862612165622088
0.07672306012500364
0.07957046307319834
0.08544455632999762
0.09203002315044546
0.09605460851163423
0.09491936622821813
0.0893997708326975
0.08267305581512918
0.07848225917036379
0.07900621644684999
0.08410034717815568
0.09207476591453184
0.10090650374653129
0.10830856477343528
0.1129056949149261
0.11400843565320617
0.11291433884166117
0.11219104277627154
0.11216485294709373
0.1112873936668585
0.10789646648267927
0.10102062988911936
0.09198597175409406
0.08369623825786911
0.07810333250796278
0.07595223392439272
0.07766214542227631
0.08328015803268099
0.09148990188535952
0.10085504351557917
0.10968577126968412
0.11633428444041037
0.1198715428793434
0.12117430214235562
0.12051149043855318
0.11682589482021283
0.11027936840962195
0.102788004946683
0.09709923375387002
0.09549964849138379
0.09764508349100942
0.10003982379877661
0.10007752431870436
0.0981509394515374
0.09578441626537038
0.09434864229067827
0.09431407510302292
0.09427953330062692
0.09174671091288322
0.08547476862418328
0.07688506983534935
0.0687642516234142
0.0632656135116334
0.06078188005120178
0.06081311150637507
0.06247486300786428
0.06498294283972082
0.06805453237613454
0.07196514873406644
0.07753024806939561
0.08461697829915134
0.09191491772738528
0.0979443579959184
0.10190669173172459
0.1037970740793629
0.10467636662750897
0.10471215576819488
0.1034737183434624
0.1009100719976797
0.0974590938759182
0.09516924056065545
0.09507058997749306
0.09650222812203155
0.09695700213053186
0.09462280426208763
0.08992400873468842
0.08454558309493455
0.07954632684326957
0.07459482176938047
0.06939293526664768
0.06472502177886073
0.061838277413016424
0.06140711930149445
0.06296243674203703
0.06507141561545678
0.06666145899900161
0.06815139694280298
0.07130533273205077
0.07673974451665645
0.0835416084402864
0.08972063287533975
0.09357596424798613
0.09549176174761477
0.09775730401835726
0.10131934126379996
0.10598044637540771
0.10931379189147673
0.1087322390428733
0.10390417228097287
0.09745899489246336
0.09211593209057624
0.08742601944898827
0.0828198592986891
0.0794498715359923
0.07931672591331732
0.08283446080766399
0.08787077906464862
0.0908167011414247
0.09076710362806739
0.08975397090499176
0.08991252306751304
0.09221108306881586
0.0970273209759196
0.10439198096129922
0.11345038569157007
0.12315395754355203
0.13194494211943297
0.1373642644959443
0.13737346173810477
0.13249625841404425
0.12567767309642375
0.12062397185586503
0.11894726577606587
0.12048004214988152
0.1232816831921073
0.12545230864710502
0.12627366440184273
0.1267936455667616
0.12799602931416207
0.1297103182919861
0.1308598787688721
0.12937398260835004
0.12420790649074957
0.1171616812520984
0.10978778827341935
0.10259510612389705
0.09620779630133819
0.09220007779201424
0.09101983415161886
0.09150333827392973
0.09241482078161635
0.09395635975404913
0.0960868328222178
0.09854024468273555
0.10129522584332203
0.10420112490333654
0.10663806194442928
0.10939374005745721
0.11392509772699978
0.11907985997410625
0.12185477698905482
0.12126898373925694
0.119439760428526
0.11884001678987911
0.1188664455058718
0.11690864367462334
0.11190563885922078
0.10639213477586243
0.10430700988244754
0.10707924743643957
0.11315577845727982
0.1198612110542643
0.12559869856610245
0.1284778185348148
0.1276639027178681
0.1244841394840071
0.12113973241888237
0.11822801425724255
0.11545364936242347
0.11208446377675853
0.10834300629263849
0.10435042752591263
0.10041387009414958
0.0978316414699565
0.09799915187555196
0.10018541225698786
0.10253098708136014
0.1035095813469097
0.10399516742444558
0.10674677513592114
0.11324894750526675
0.12292253897253827
0.13396445747031005
0.14355679561704252
0.1486250665549183
0.14746042029822776
0.13988532997791364
0.12715936774011236
0.11287340976573956
0.10166339376806896
0.09554397979888853
0.09309753770417808
0.09346602486026585
0.09618985705583154
0.09983012516180462
0.10304592384476896
0.1065136160749541
0.11083670715776549
0.11507215227457142
0.11682241311630416
0.11474008322573702
0.10923818273499263
0.10209976621127465
0.09596158901753808
0.0918599729276894
0.08904109916321219
0.08693236630949117
0.08572913040209372
0.08526741666414273
0.08615643037205503
0.08929048782488215
0.09481704944621104
0.10140633742330667
0.1066655093277785
0.1092293309382819
0.10973623883591618
0.11047582035144445
0.11251190060756608
0.11461816981513487
0.11561170497459317
0.11678064384650713
0.12061928330217439
0.1279578521304502
0.13652024327012152
0.14245616187981247
0.14450620374318063
0.1435695897993733
0.14005996617662195
0.1332329431003895
0.12285183107943154
0.11081402616408396
0.10004525273940766
0.09310108990242068
0.09100710857060998
0.09277139751389134
0.09607138883286251
0.0990648204276023
0.10201119327333577
0.1060286069608093
0.11117308025540308
0.11665125426091293
0.12077999479263878
0.1227659098731994
0.12338888694623534
0.12286519338267411
0.12179083237497969
0.12054965182399385
0.11880447269718229
0.11600549416151143
0.11346245423074947
0.11280347531087961
0.11472651381815463
0.11882560315803425
0.12238715802653988
0.12294389702350422
0.12125126574196343
0.11892023836544881
0.11724624364673308
0.11701795346882798
0.11845733011152634
0.12030409071346496
0.12118495543817807
0.12080789245738595
0.12019633488807231
0.12002146788976757
0.11961075645730264
0.11866260922977726
0.11768348780557858
0.11732343874508186
0.1175686325495087
0.11739238167730838
0.11558745177003744
0.11178786790200544
0.1067952962334421
0.10246420918941307
0.10046555747325722
0.10203004775203117
0.10687421397415757
0.11327314466718943
0.119190977811369
0.12341813311060892
0.12451153592704443
0.1218286864188501
0.11627194753736163
0.11039173514078265
0.10479464886231693
0.09727340595586842
0.08824271755127606
0.08125297904171783
0.07851577261932177
0.0803047025407451
0.08594386555017097
0.09438837939507447
0.1042155653549201
0.11246063894136234
0.11781532963931922
0.11979648200303147
0.11800601295653883
0.11309337205457741
0.1066085081889317
0.10069495601370876
0.09663427823149238
0.09354968564792897
0.09018652642169524
0.0878112422817936
0.08858638234486428
0.09299222626336727
0.10006035278582985
0.10800349057835927
0.11268004253338397
0.11121718795301917
0.10526043872117012
0.0977693827621878
0.09058378206697798
0.08505031677038329
0.08226733678684106
0.0822110976249771
0.08446077424244201
0.08751864291733191
0.09053022066459825
0.09388295892147804
0.09786738108715472
0.1019396203812798
0.10511860013558885
0.10584685363550517
0.10403746304558316
0.10092617469640042
0.0974509191959718
0.09522973252173839
0.09616337124258528
0.10103720077763288
0.10822590774689235
0.11448092019201789
0.11863971623762261
0.12149411674865558
0.12434787054383244
0.1272716629914746
0.12959062274984914
0.12948754174709481
0.12488024969202352
0.11592377450240603
0.10702413883878709
0.10234385856590728
0.1015935711163619
0.10223303538368694
0.10296681714996811
0.10391397410248217
0.10515260217910606
0.10588884288316237
0.10494961170718993
0.10058401618309666
0.09261673742984827
0.08264735738150661
0.07223588736330018
0.06281748041671324
0.05707788780654635
0.05740442421617507
0.06401049527114659
0.07483610512991272
0.0867811238651198
0.09683374957463026
0.10335302334912462
0.10580555124141887
0.10570291694520902
0.10473488294720779
0.10389668992811182
0.10327098648475691
0.10262189726757794
0.10213549446357144
0.10178511965125257
0.10138398680734557
0.10179456686279777
0.10409796081582287
0.10789677392863371
0.11202527116559625
0.11496031440977583
0.1156269837640677
0.11394162357110504
0.1105476525618875
0.10663662881050516
0.10438554974644083
0.10471284222990868
0.10633581659638836
0.10641403409857773
0.10358036322378526
0.09878385314342779
0.09340861268827687
0.08899890829068108
0.08737712366371508
0.08814979138885869
0.08898802648725782
0.08840595491026022
0.08662800910701417
0.0848608963811282
0.08503349210759782
0.08883585312017078
0.09614030677999463
0.10451896885962773
0.1110740534341541
0.11438096093476943
0.11411684484175488
0.1100947910436023
0.10295441979236533
0.09469939750481136
0.08818399162262208
0.08592311102929426
0.087979696710762
0.09183307365517901
0.09473611618562715
0.09601486349443057
0.09576692727535388
0.09426011801942123
0.09242024188782376
0.09112329045065921
0.09059049262873912
0.09069391006213359
0.09079290506903773
0.09104877087414408
0.092642965440641
0.09668025188472247
0.10322087992549688
0.11034808298589767
0.11543596987118673
0.11743400940108188
0.11755481008566471
0.1183155422941494
0.12119544432968299
0.12597261190189693
0.13107343014783082
0.13479883881509386
0.13657936773225804
0.13658063845296697
0.1365469438349594
0.13804956887781034
0.14126028429409232
0.14411231091657184
0.14427326658336537
0.14055910207412128
0.13271615036423187
0.12094413657419387
0.10642718954320823
0.09192597952848766
0.08027942009175561
0.07327139575971664
0.07044572767215657
0.06945621080391973
0.0681357765754777
0.06724312273465516
0.06767895106620009
0.06902559683567676
0.0707549876740332
0.07268339997349606
0.07461917244890455
0.07626190407600573
0.07709225970814534
0.07665350021801497
0.07590841261226638
0.07781486760951087
0.08567989490315929
0.09912800794705522
0.11379875497654848
0.1252686181021318
0.13168227834170398
0.13427757084890218
0.13450207538216008
0.13234742015333395
0.12651720394892238
0.11756428801404317
0.10749778801203011
0.09833747185031703
0.09047337222690278
0.08363442877389966
0.07861687067343127
0.07713575327104014
0.07985935832062234
0.0854846297498691
0.09175745841566783
0.09639509196796427
0.09930767627049435
0.10196139591923756
0.10591056349953511
0.11159468552230338
0.11781156538062641
0.12294752531186505
0.12644003933598774
0.1295809964030176
0.13341465836726724
0.1379199649800921
0.14164938788000417
0.14262069331374927
0.1406586156926395
0.13747860060040648
0.13375306295981884
0.131930760064576
0.13358927129429002
0.13667828072027324
0.13729712694757543
0.13407737946475223
0.12764888859372772
0.12006384922389272
0.11229820849437987
0.10430509946556438
0.09703625083894507
0.09171414507601769
0.08928701070278655
0.08907814539879334
0.08953457012509902
0.0897505645891436
0.09049847957578366
0.09258857002649286
0.09487210912755047
0.09552103291674979
0.09363578741498349
0.09035586760374457
0.08892005731479413
0.0910422815774043
0.09509364849064367
0.09845960431439986
0.09944861199654492
0.09900642266929832
0.0999189300229772
