6.182227124907199e-33
0.004045996763026363
0.013828330951172025
0.02475899082079834
0.03506834719739179
0.04756784416774165
0.06702623939086065
0.09625901569004777
0.13323421037893513
0.1729668097346008
0.20764419821667632
0.2308506708111819
0.24204857690285075
0.2470028062667341
0.2498187403218041
0.24994641040556012
0.2460205687608547
0.23915536926119263
0.23049699155079098
0.22022376531105553
0.20851302763410098
0.19500825701844
0.18029578116352551
0.16595212769887874
0.15420094795351508
0.14755617879197871
0.14783291719213382
0.15228743246749935
0.15675502766411492
0.16235429542791127
0.168519929613267
0.17188835638812885
0.16999853283164415
0.1624379726918946
0.15047070403666138
0.13700039361871869
0.12349626911848247
0.11066020283487879
0.09917566310189109
0.08837265504249232
0.077716137602786
0.06837721888591962
0.06178221729131807
0.059068085680791735
0.05954481327726751
0.062381375391298885
0.06707148744484207
0.0716334390726597
0.07486602187003089
0.07756505634156682
0.08162534164340628
0.08805694904167694
0.09585881345605854
0.10240603510354203
0.10400390358108692
0.10008320808270796
0.09409890805058914
0.09014936506894174
0.08999124713688014
0.09209647002727053
0.09286394001851547
0.09049283639404512
0.0866184711881572
0.08276485558851815
0.07956129560925139
0.07649832599070448
0.07257722754553526
0.0670697582340923
0.060349587645963536
0.055676564215951546
0.05599200640923018
0.06025179847547796
0.06525496725713789
0.0689783254838249
0.07094456931290802
0.07115900772252276
0.0700741806081925
0.0692234143799174
0.07087730360483893
0.07523249722315467
0.08090359703817268
0.08582390586091172
0.08797579640096773
0.0865308174730489
0.08305681538539188
0.08032423422129015
0.07906130681641146
0.07685297678147596
0.07199276575541173
0.06512420944527901
0.058085342613128615
0.05236475213104168
0.04904938372738057
0.048251848186607015
0.04905870051818482
0.05049777554049027
0.052003125224086566
0.05338400851528869
0.05528712071145767
0.059453116021629386
0.06666322912421352
0.0757552056836369
0.08463451289341652
0.09073186413496374
0.0936982483670424
0.09485579448951652
0.09390957585776483
0.08898219954700196
0.079856249156707
0.06927259516691846
0.059752982761908734
0.05263367990826128
0.048375322789863624
0.04639034487063054
0.0461433380317234
0.04741178024921614
0.049107158205065976
0.04984682263014342
0.04887056582013513
0.047614803382638626
0.04747742859995969
0.048880033935488655
0.05168036426435519
0.05573598266825667
0.06095271701377099
0.06790940396312481
0.07623291923737727
0.08357744484579954
0.08711596440410171
0.08703765726499285
0.08497270080205781
0.08190078125220675
0.07883284834375819
0.07686436701584602
0.07647294416241267
0.07585093439799188
0.0729144650070669
0.06793725875744946
0.062499734547984194
0.05895396984008229
0.05891849240633044
0.06167627352160419
0.06589126029790306
0.06982984349538218
0.0733687279019842
0.07634701621232645
0.07784868147625176
0.07690572368973102
0.072388357421397
0.06459822700769773
0.05734834501615498
0.054686717067224735
0.05800455161824136
0.06434469857865285
0.06894801534800228
0.07003619229842017
0.0698573737571039
0.07043135068713266
0.07141557613927636
0.0725273186629338
0.07403240419165497
0.07498099505243508
0.07425488708460248
0.07345240055737093
0.07537576016829173
0.08065938077869739
0.08940222642583613
0.10156980661825034
0.11401636211667118
0.12075071111331152
0.11749080741641227
0.10673380890036402
0.09481369308536072
0.08596523771523207
0.08118133830404549
0.07961607449107885
0.08055470834783017
0.08278180007456891
0.08353880553499983
0.08188222323563561
0.07900513358169362
0.07689076398073094
0.07732980915376841
0.0791359192939835
0.08101492491408664
0.08260547494079515
0.0844070110459109
0.08684818313910385
0.08854671584743831
0.08743044547502804
0.08422442709631325
0.08165818042093906
0.08066679796752665
0.0812285417332547
0.08253771202811487
0.08375791584601584
0.0846198270093335
0.08469599307354005
0.08297313191971822
0.07970533046048885
0.07679611013673257
0.0762858263095933
0.077289995324507
0.07778119895988837
0.07787223495383705
0.07837893575862913
0.08052266737559917
0.08401678201787006
0.08685234357303585
0.08751623862706602
0.08648309983478043
0.08444469782883049
0.08168111439337729
0.07930115145708476
0.07832119277569208
0.07890398048020042
0.08026751210103468
0.08186141059518943
0.08337966107931225
0.08393394753251031
0.08322428604990031
0.08287169562678026
0.08388849901625597
0.08503832892977076
0.08510685787460774
0.08334544597097915
0.07877931660449722
0.07303222733891937
0.06963018010704788
0.07074170068997111
0.07579244598646152
0.0822924649963261
0.08757366687151237
0.09039727222270404
0.09203267894144772
0.09408571370273801
0.09511338064127166
0.09271088965329309
0.08648808443261927
0.0782933359456659
0.07063109162014151
0.0643187118158404
0.05969135286124194
0.057435087509568494
0.058166242318653624
0.06117013440847584
0.06492604694491037
0.06775719382347214
0.07014453488294313
0.07293909078231679
0.07669887828334669
0.08162024016273166
0.08625175898094166
0.08857462291794699
0.08895652748154156
0.08892419599513482
0.08958586314472572
0.09157727342716868
0.09435092851664274
0.09664079254000608
0.09562307827029068
0.08956631887007441
0.080513409401127
0.07296027849104966
0.06893703201037121
0.06687258864817082
0.06430192787536874
0.06069134261760572
0.05802787821199435
0.05788108288872687
0.059183429034123984
0.06009065829149845
0.0613590335091007
0.06507324692938272
0.07018102545364797
0.07494329484244541
0.07869443658945158
0.08133194004857731
0.08339167343645033
0.08514859844078917
0.08700638632744101
0.08892022426627658
0.09115686047426078
0.09270697696984279
0.09171635880941498
0.08753853047590109
0.08242336717184656
0.07754622711504068
0.0732539713880591
0.07010350691023416
0.06750208943962732
0.06438907711055607
0.061247241220455724
0.059149959226988263
0.058435591603418685
0.05823830035141993
0.05839826770089011
0.059585617386876316
0.06298194108130245
0.06896661148445549
0.0756277806438637
0.08084061730279594
0.08447888434913926
0.08914040944684216
0.09571042112114664
0.10165225770130785
0.10419132304113522
0.10389875838610454
0.10244374353891655
0.10056228961006793
0.09821589700305484
0.09541479547872937
0.09222837429924258
0.08788462449185432
0.08218071813887777
0.07716254230221059
0.07497752912837011
0.07510311715318783
0.07579624543420332
0.07647693848335971
0.07808312836635034
0.08082373326427986
0.08331509636384528
0.08408678107791914
0.0828372713071002
0.08010103711480662
0.07682752174541752
0.07297066445689275
0.06739475301908071
0.06055821450010947
0.05453436973623086
0.051669106128590235
0.05144734532707407
0.05174744714143833
0.05230527361812084
0.05411161527415986
0.056709780650628205
0.05816683667663632
0.05893153030282809
0.06159714489892306
0.06698409735767076
0.07300113194128713
0.07645231891764727
0.07626032362972476
0.0732306159510572
0.06893927413263488
0.06546920499105895
0.06344004905191945
0.06244944638103886
0.061788779979970364
0.06194773366644702
0.06254930212232818
0.06300776750412779
0.0630562705283282
0.06216839911613431
0.05964936858809192
0.05585191536291634
0.05326460572464743
0.054037024737861865
0.05678862255361497
0.058771630010700716
0.0592700608556162
0.058837854078470676
0.0586796207927886
0.06007863520925049
0.06425601352969389
0.07137867508329007
0.08025683762023267
0.08933366959403609
0.09847921387005541
0.10744926327254926
0.1141050065325525
0.11747742120583876
0.1190880977176526
0.12030522520399559
0.1206874635311291
0.11787900476968557
0.1108315957362354
0.09976774063919541
0.08595925398389094
0.07190141952436238
0.06031753954984061
0.05334426545797287
0.05101756772644171
0.05213691885041483
0.05503097509451335
0.057505446737122046
0.058694972162281166
0.059501026349994754
0.06097647577408744
0.06302549315115737
0.06547768931031614
0.0682940251158747
0.07175762612804071
0.07625301573968582
0.08254124675087243
0.09044377760745707
0.09722126804427929
0.09941726538673516
0.09701477621148365
0.0925453280361786
0.08857259149292218
0.08403442065802735
0.07670266999618976
0.0675672716837724
0.059111008720932556
0.05374632794823774
0.052284117235682215
0.05371956505289965
0.05619218535583116
0.059781978815041936
0.06556086849624064
0.072608291880305
0.07937611745700345
0.08556752546654678
0.09072365308834936
0.09358040431929357
0.0938337671830322
0.09298917161483759
0.09330248256622706
0.094566778732335
0.0951279381954256
0.09439752360455983
0.09251990573026275
0.09003678900857305
0.08639201011053349
0.08001267227457105
0.07103774261220899
0.061384419096481485
0.054206758299716225
0.051936102587541326
0.054753320430972446
0.059647363484852424
0.06399737571807618
0.06870826221693659
0.07442827127632175
0.08170686147960875
0.09082987167152581
0.10139170014710423
0.11282762029858252
0.12410472766033917
0.13363962299606247
0.13982375891218882
0.14261455749065918
0.14361707234280177
0.14462045495558792
0.14589347104145986
0.14611586218358463
0.14435086728986743
0.14081486962763315
0.1353795197609268
0.12883229308757402
0.12370119984354079
0.12218612268529178
0.12357323195186892
0.12660489305920547
0.13105011314044665
0.13663286886535794
0.14245015898040983
0.14776012090488547
0.15245654727683527
0.15721969047573367
0.16179279403159766
0.16573954448657002
0.16967626601406477
0.17299125074796196
0.1740149290829727
0.1717477739643375
0.16721343505107672
0.1615431351824293
0.1555900986559068
0.14950505454407365
0.1427575524932956
0.13374258651606238
0.12204821040348886
0.11254904889621958
0.10998142273193619
0.11407803772291004
0.12141030656267585
0.12905562375891727
0.13593308161810416
0.14396359874924397
0.15485579578401992
0.16729456244767013
0.17901446443327163
0.18839001114370935
0.19533104265392529
0.20057018445065308
0.20494022969583134
0.20790095410899237
0.20688044686456686
0.20036175127545278
0.19080202143409314
0.18157621991446563
0.17514033065811713
0.17086965200124005
0.16892767046395907
0.16880077163076052
0.16749173119525732
0.16404561311420227
0.15945579635514107
0.1554195381476802
0.15366947549639962
0.1544719667856296
0.15723526122089995
0.16185728732818092
0.16813092550356423
0.1766512458628741
0.18657302462123457
0.19537283733207308
0.20183178460849152
0.2057611092125104
0.2094503470890452
0.21460663625909224
0.2182734541994331
0.21538189822992007
0.20541071410532344
0.19244355371247468
0.17949602680172888
0.16845722103730132
0.16015814276131174
0.15463905922769086
0.15339102264893967
0.15678945962447716
0.16286276420578155
0.1696378162097948
0.17706099071174763
0.18430023069972457
0.18809577255483642
0.18713662873752648
0.18265888177979284
0.1762328625851771
0.17034532656439463
0.16815215215917753
0.17035377747505473
0.1742670563478452
0.17765895401722104
0.18049044023626976
0.18281878447735322
0.18242486160539614
0.1784930302537968
0.17328161869377634
0.16939144667120032
0.16719684210417718
0.16549756373054703
0.16298403707469628
0.16040413653059998
0.15895653163829698
0.16040811375230388
0.16403524733854827
0.1664973535425234
0.16720881210959776
0.16833756370834163
0.1699328522610306
0.1711706531995164
0.17172319377120618
0.17220472457557962
0.17382875295691502
0.17594044646411403
0.1770050121434747
0.17723106906415903
0.1774567070713483
0.1798894413486628
0.18400400912896828
0.18746340444158877
0.18987301808141233
0.19254962938598086
0.19587988821958927
0.1993137554621702
0.20219630329755098
0.20341743894349856
0.20373704115871952
0.20286692095062783
0.2000725788557197
0.19545806067776905
0.1895979043962552
0.18253167375267454
0.17504490675819856
0.16811285486446254
0.16165843875393363
0.15466379792115115
0.14833826186839183
0.14594983368504585
0.1479700246246829
0.15180965789627124
0.15432066009136092
0.15360546060993013
0.1500757639543325
0.14510404465508459
0.13995242152535015
0.13561294284513345
0.13355299932970705
0.13321563368074604
0.13296934007565422
0.1311217074557533
0.12812847092135754
0.12531727979051344
0.12295665992949627
0.12078095719684928
0.11903590952400518
0.11946146587520101
0.12410985792242103
0.13333853139924007
0.1442007001584723
0.15439535924896583
0.16166900507721296
0.1644134610109323
0.16195085109218582
0.15527254415224673
0.14634586833639457
0.13769827488984976
0.13168720617339086
0.13004598767284362
0.1335089854581585
0.14006883629372296
0.14743287171525346
0.15482416394984977
0.16339404824131554
0.17385395486146765
0.18463073654466064
0.19340230585313192
0.19826568274407946
0.19896371954663328
0.1956836972161654
0.18991551484721947
0.1831291241348692
0.17720532772966924
0.17333631552539613
0.17194010321942413
0.17068706355722948
0.16764148336228413
0.16317888719823428
0.15891670864042595
0.15679578177965237
0.15832681347256414
0.16330642302569467
0.16942302379982213
0.1745088198411643
0.1772388816577748
0.17667676460916126
0.1711204589991558
0.16163000207989817
0.15192816359044495
0.1448665600961559
0.14063418373839048
0.13909409124726227
0.1395931898540755
0.1415980012988925
0.14340316625955624
0.1436715829146941
0.14206073635809424
0.13903672172556789
0.13584108393760655
0.13489693391143928
0.13471274321117835
0.1318231059717523
0.12635904467450187
0.12115335394596781
0.11628967265019031
0.11106247848377118
0.10704078117785465
0.10461720686151284
0.10258711631194109
0.10025897931813325
0.09752929428171148
0.09377591715593757
0.08861370434651257
0.083513519967981
0.08139952460774977
0.08260746082268122
0.08509972325232323
0.08671896743073636
0.08749741150461837
0.08779462414465959
0.0871050308694553
0.08416260828441452
0.07889771834646611
0.07309029175033421
0.06886369391469771
0.06659741988916947
0.06674452354727296
0.06927210606018552
0.07280702472615895
0.07567027837443496
0.07737367329267349
0.0784075376578997
0.07969950994517155
0.08080387947533721
0.08141206022763899
0.0812328473240358
0.07975739381618631
0.0774198187380113
0.07447692445153711
0.07152102308632391
0.07015124774630782
0.07147551144030236
0.07447468275606077
0.07800206948345255
0.08123326057111815
0.08335528762460674
0.08381141524359699
0.08341013713982989
0.08280496713166152
0.08194738010335531
0.0802284029414185
0.07935910211218242
0.08157442891199891
0.086806012080749
0.09223701343696185
0.09542570908492776
0.09515867621449253
0.09071397928077417
0.08260423523471659
0.07484785674141745
0.07148208458290974
0.07254588971413196
0.07525217868588134
0.0778981035063133
0.0784715322838585
0.07439510797999746
0.06634900796334336
0.05798855471094465
0.05236639245245508
0.049961286039227934
0.04986163091104133
0.051411453164124814
0.05492621188323703
0.06026186674193378
0.0661618873031721
0.0712974577955609
0.07429104274621436
0.07434997174340544
0.07295921684079759
0.07238624746431088
0.07339412156692106
0.07576895772704627
0.0784622460830939
0.07985140724194953
0.07818210890345226
0.07389930124443335
0.0693773578603814
0.066448359230772
0.06523452673916354
0.06541852785954506
0.06713110582347566
0.07003862696074845
0.07301436113478114
0.07340715880672835
0.06890974147602481
0.06106508862414173
0.05429084049343719
0.05327905790638062
0.05958949716032904
0.07024834358336711
0.07947231975005728
0.0827969671978909
0.08152241944547145
0.07888165820033269
0.07572153024277448
0.07191328687301024
0.06711666201321526
0.062750575819729
0.06069862920261766
0.06128684415300676
0.06213337119268356
0.06140425871539058
0.059548133573247876
0.05755477221494721
0.055767365722161774
0.05458984502264415
0.05459710142291322
0.0553442000107494
0.05653599637644613
0.05789224456134501
0.05863936997840141
0.05849295064612744
0.059251861880339284
0.06255627371620003
0.06881041898704769
0.07557934048301095
0.07971744856043667
0.07906441146151215
0.0736872644508674
0.06651895952288799
0.06006538234598118
0.054195912742570414
0.04983087915029297
0.04923157813582024
0.05309841307548948
0.05990854224818548
0.06658099495736898
0.07085203645106403
0.0721357177724968
0.07151891404232466
0.06958832028903854
0.06609230308262412
0.06174618252537318
0.05840157226243724
0.05893677887950714
0.06567028529254032
0.07617933211089999
0.08408443310127656
0.08587046827067837
0.08182310117173451
0.0746031297124023
0.06814625949213982
0.06457184876933586
0.06256851292774304
0.06074805850749576
0.05892286630206911
0.057402510052224284
0.057699011513928755
0.060443264802658776
0.06372324910413184
0.06509506878780709
0.06401630927111623
0.06198339010896108
0.06125214716868709
0.06337358198434731
0.06792675385741306
0.0724436726467744
0.07503752233695862
0.07570114509619424
0.07612451440893132
0.0768421636193018
0.07709423895803658
0.07659877865001931
0.07457201071383748
0.0703137341942747
0.065058123738746
0.061241516597070125
0.05990516923166662
0.060758817620517956
0.06234901504024971
0.06352581799820332
0.06318613037559116
0.062239922859592255
0.06187337689078594
0.06116955288699999
0.059379303648209834
0.05739205024231638
0.0569215821420172
0.05874074262229508
0.06317698986993728
0.07017277713833625
0.07737101253510346
0.08162699353183289
0.08134590456078808
0.07720316815465245
0.07019720693805852
0.06298248665610098
0.0572157800174933
0.053636021231798836
0.052903890923640694
0.05468114277695538
0.05843804842659736
0.06382609656871688
0.06959149365072013
0.07424958532145046
0.07625900783735376
0.07498601371861671
0.07048589515037418
0.06510323417129021
0.06166663104150736
0.06148815485672882
0.06490523807599907
0.07181907526170668
0.08027843179232046
0.08561157703224032
0.08447028265876706
0.07727852792427081
0.06929919977328038
0.06507676679664015
0.06439715452833164
0.06561819341612984
0.06859109589040323
0.07169226107711703
0.0733597087052915
0.07249277180112472
0.06968750778613449
0.06645759603263127
0.06461542362442024
0.06555862109202018
0.06860326143666146
0.07123267133117293
0.07270655692593608
0.07318820272010547
0.07338161788942521
0.07403803802949761
0.07586316289975509
0.07995357552802507
0.08477884021474877
0.08735244207076076
0.0879044448639907
0.08757560884374789
0.08629936267174608
0.08291530345256344
0.07724880958634064
0.07064139002547773
0.06435827149774159
0.05941897061686585
0.0570413867834896
0.05683557111916603
0.057249345648958914
0.058142388444034535
0.059709106959898305
0.061553661387778805
0.06286255632394405
0.06350625992469686
0.06461655198313736
0.06803787718391252
0.07349413202092646
0.07795767989393208
0.07938431498808239
0.07878361876303247
0.07836725539611064
0.07947084325810945
0.08089327509134508
0.08028963619440158
0.07764353560590734
0.07560932897692628
0.07617257732461684
0.07836978054525925
0.07943302343152565
0.07756056637302272
0.07171968590072078
0.06116294046426648
0.050047255525880366
0.04505883235394526
0.04775616372040135
0.05353587832295713
0.05691813586504111
0.056305965835048516
0.05343970284338791
0.05076458769641039
0.05111912979927188
0.05555973956271381
0.06222350858542548
0.06866412976559813
0.07494371059567705
0.08247930827259012
0.09070613383588332
0.09631673582107167
0.09786506676497815
0.0961978545868544
0.09077288494077038
0.08081359740253029
0.07017440714667156
0.06293103379136353
0.059745771796332926
0.057866052236207055
0.05413697658642197
0.04797332171203714
0.04252740923345827
0.04179129413429303
0.04658433248446298
0.05395054528450567
0.06085041773076857
0.06738594524290233
0.07478490669202534
0.08242711645318317
0.08929185914703756
0.09520266722588895
0.10096964626224512
0.1061684487587999
0.10976280980473681
0.11206571408995958
0.11187369757883721
0.10804198268275217
0.10176909160422014
0.09402684702566096
0.08477124211264041
0.07604076220187488
0.06981051099921419
0.06697153855903024
0.06666941765060491
0.06738386075792223
0.0678715188042604
0.06643485387166886
0.06286822635682263
0.059845804429144785
0.06046048433425241
0.06456068243649306
0.06887025731730975
0.0706988478048446
0.06939152762338871
0.06720094035835146
0.06788091507840692
0.07131192641351487
0.07498927526188323
0.07758077030324154
0.07994592250461634
0.08173194328958536
0.08061441967505216
0.07686322796264061
0.07352630094489504
0.07234359227715723
0.07338307600872185
0.07508092713491626
0.07467861294753879
0.0707079289462453
0.06492974014970222
0.06106604552057985
0.06045532742863982
0.0626141053244704
0.0665299738959982
0.07096411093084637
0.07539933997271674
0.07907345243253203
0.08111687452906596
0.08296936727941562
0.08502466401997295
0.0862460833611097
0.08679422948272672
0.08689516874840462
0.08517538363429857
0.08072819652807434
0.07570215773761253
0.07417539758344532
0.07717093526653912
0.08069653949304555
0.08095638472482651
0.07861093472107315
0.07643493130592761
0.07582952858632763
0.07577362288640088
0.07533391107766321
0.07404130005828129
0.07146093008080068
0.06838577116649931
0.0664247780861385
0.06589738353271102
0.06607191879597041
0.06639066850527184
0.06665591988656545
0.06784722228944925
0.06972989648021974
0.07123172148606745
0.07208825223645846
0.07208166364459773
0.07107471401005588
0.06930254124063426
0.06637879090317401
0.0628518816517952
0.059849973183888565
0.057630645009895336
0.055522590841142645
0.05261735430427185
0.049455910476535164
0.04757524919827275
0.04754218166391765
0.049406300548966484
0.053920084627192076
0.06099970744194751
0.06855713620647486
0.0746616081588464
0.07884019052513874
0.08118480864626579
0.08074608961908404
0.07753500950714676
0.07374784105631693
0.07025655364792967
0.06564504764502793
0.05967477049861668
0.055033219628450994
0.05367532414192092
0.05502850612170532
0.057648882579966955
0.05951068936554195
0.06011996524003268
0.05985521528774878
0.05983731813252739
0.06029618484244334
0.06045448770708274
0.05962311353738753
0.05804095722851581
0.05771364654342541
0.059887776539129134
0.06257183810445893
0.06438473218632129
0.06487411415181711
0.06450870001018998
0.06360098124177122
0.06469991421455665
0.06939372903002335
0.07341661774123183
0.07275234701515657
0.06864389930521947
0.06479297822262499
0.06306535538333376
0.06197701443404351
0.05990975428145195
0.056938854134760165
0.05462826761751052
0.0540080117279901
0.0538904373692613
0.05294744093997937
0.05185338356572983
0.05241883052142736
0.05611571955353052
0.0614229023190372
0.06472890718114824
0.06584242075433681
0.06737773467996709
0.07077677852259363
0.07441123246426637
0.07701956791801466
0.0778667222143422
0.07669962422728244
0.07344056589766447
0.06908071317628525
0.06596926819419645
0.06597457970145101
0.06791753591322383
0.06967160840577527
0.07012572191085423
0.06960662803291681
0.0681680083298755
0.06688661730934327
0.0675275055914789
0.06886200568176953
0.06859876727841273
0.0676579991299957
0.06773386325400461
0.06816772972710361
0.0665321902748385
0.062483261747453146
0.057367021426932244
0.05335489647017539
0.05220460730186241
0.054135156460978315
0.05755171912768991
0.06087973289055958
0.06348440255388968
0.06440689368611882
0.063409211727633
0.06017080283506987
0.055981897970187856
0.052484886297265665
0.05053224760207162
0.049533822119487626
0.049480628765032765
0.05151554823799359
0.05564912169249557
0.060340824428791955
0.064098934253328
0.06647257431820448
0.06809137802210474
0.06863318417934727
0.06856508469462413
0.0693573356718214
0.07115670233714089
0.07256776732547793
0.07331463275445792
0.07373424330514827
0.07305837176037243
0.07084078512227518
0.06956950404647237
0.0715166150173552
0.07589130465236231
0.08021259871801409
0.08240970149469219
0.08159888288513083
0.07825683361913595
0.07383975254093812
0.07030168017151045
0.06852844935646611
0.06900340012151364
0.07131901075441027
0.07424673754244722
0.07643867331406495
0.07638883086187552
0.07476984699479408
0.07412111125518411
0.07415058984006402
0.07274964284284006
0.0686280784265709
0.06375279135856239
0.061133145008238285
0.06186390337760247
0.06542020017157071
0.06982428590129149
0.07228888134800017
0.07248763105728977
0.07128952773140655
0.0698467772498474
0.0689445183556265
0.0688911506421514
0.06944056384069053
0.07089586286575765
0.07406303829752332
0.07861326442610773
0.08256645857400467
0.08423324431750573
0.08409346626522744
0.08288432669519852
0.08041161951380889
0.07722957823433844
0.0743947983584214
0.07372614854532722
0.07560968357491293
0.07688337526497811
0.0741884273797286
0.06824831104454165
0.06330759225998925
0.06261691396222889
0.06670884307157544
0.07437161800363026
0.08238674623621607
0.08746128297490324
0.08848598461255468
0.08621119799041978
0.08159113137695391
0.07583620148607387
0.07048301006229958
0.06730525960898937
0.06612158782960798
0.06557152778325333
0.0654651857441972
0.06546793059092752
0.06545912470659027
0.06592400835994482
0.06665196612636716
0.067178450159723
0.06634220129260435
0.06337480295178145
0.05964502658317924
0.05825780478621301
0.060357494812690975
0.0650332200105442
0.07041131802044837
0.0749341387321081
0.07691720288165267
0.07600195609127977
0.07205920461855873
0.0656757712425432
0.05969343427223137
0.05732444808264441
0.059290517844353754
0.0635919722006658
0.06706571187402664
0.06819236006588884
0.06671643684373368
0.06292138469102014
0.057919237056639546
0.053592188871412295
0.05135720386655644
0.051907223944730484
0.05453748688862451
0.057409161749992325
0.05908989814903601
0.05981879186475638
0.06018049539589199
0.06071863004631175
0.062111234116505126
0.06413172024231037
0.06661856969609786
0.06789227509047302
0.06686499279805955
0.06575652335663282
0.06787504760597661
0.07449541011275883
0.08384138561991081
0.09119911768410306
0.0940693061362674
0.0932991570550479
0.0911159998921709
0.0886140979758723
0.08538076832559323
0.08190037209770074
0.07986256794323786
0.07965932818769808
0.0817607383472369
0.08670873849576922
0.09309464966828912
0.09785364250837843
0.09831099033786092
0.09408488779078261
0.0864842944965526
0.07779417032310222
0.07104025172509469
0.06748930319135882
0.06689947396287078
0.06825077721832132
0.07032052158571729
0.07261433662572547
0.07504811457984326
0.07601149606217934
0.07589625344874046
0.0769909928485337
0.07882875264335078
0.07887191508316498
0.07571957728836352
0.07023207012090803
0.06489759356275049
0.06209057162888585
0.06233631897687303
0.06491216191518734
0.0687233247426931
0.07206057144417673
0.07319412764192922
0.07219884016104731
0.06993919206813076
0.06868683433182766
0.07042755066457168
0.07461681284211659
0.07811503066928056
0.07838075541106046
0.075877156171909
0.0737342955053023
0.07442026976870537
0.07726584436908308
0.07952623216346523
0.08010118351791957
0.08053662336501394
0.08160354178846864
0.0824662331751758
0.08248895265146586
0.08222667982123454
0.0825980412715174
0.08329509438229339
0.08278953677111416
0.08004799536731323
0.07631871620609544
0.07364165133121353
0.07279705611628458
0.07312828838054376
0.07287098774064027
0.07170679420930266
0.07032125160472519
0.06988229371194597
0.07002791728509097
0.07065083860782509
0.0712984086508163
0.06950160281682159
0.06441485407286414
0.05977364543173713
0.059634584040147647
0.06267586774722171
0.06526763593764662
0.06790834681548344
0.07211848100483657
0.07729325629774264
0.08198458315640689
0.08597380090240175
0.08870332839766076
0.08871115173931066
0.0853595488141272
0.07951206081402698
0.07330634228428044
0.06897479102164042
0.06708402440429875
0.06741607112204359
0.0694889213580695
0.07293602011485904
0.07690211400618537
0.07981621986060743
0.081261081752158
0.08169228119677968
0.08218562515311856
0.08346481595924304
0.08562502047309538
0.0879529674777429
0.08972924008788723
0.09015486324937758
0.08844870991455868
0.08464354667428381
0.08110066768839684
0.08012274677699559
0.0812929241135914
0.08178171127009684
0.08009597586229643
0.07697361673849401
0.07335433093454156
0.06976310485399552
0.06671150841634933
0.06589243585109314
0.06762456976502428
0.06952519352314727
0.07094818728271401
0.0727673519571272
0.07564193155549616
0.07873959215077238
0.08008215467710374
0.07863282312523169
0.07557545607507718
0.07320286473222153
0.07279888441732205
0.07497776359678843
0.07894786115911008
0.08344997114516217
0.08805972864343357
0.09227386366564909
0.09575734871714527
0.09774700176839542
0.09751169772618509
0.095618993112445
0.09309484985054524
0.09050574856718542
0.08823680516049477
0.0865125427423589
0.08506129595100374
0.08444189077453346
0.08525903026528167
0.08685667107023974
0.08789767298417461
0.0876567000335837
0.08600537046225858
0.0834768834027607
0.08090938496249411
0.07816542462191699
0.07567141945960353
0.07485418486434232
0.0763213126567582
0.07838697684212936
0.07802527934610387
0.07471310862232299
0.07184776594566211
0.07162650297513241
0.07411498227429349
0.07803905014909025
0.08203783448211051
0.08520635991258203
0.08710238889282924
0.08695276651160441
0.08466746677488421
0.08241470965907625
0.08220214051943013
0.08327380433466532
0.08288242493445083
0.08052760318607861
0.07730169779699401
0.0746057501603083
0.07282862306620143
0.07200029941446377
0.07191937171003414
0.07257109640378243
0.07353723398302105
0.07540823806241766
0.07863122489244097
0.0816012820861569
0.0830570507581358
0.08307944154685303
0.08409301367490306
0.0883786609797331
0.09486439061500307
0.10118486256059396
0.10563512218280674
0.10723090221658216
0.10610154627711499
0.10371448676431821
0.10092501548752245
0.09869314255718709
0.0980459431204426
0.09876355548267167
0.09963785023136724
0.09907778493464822
0.0958340749529956
0.0899196359101588
0.08254112182481642
0.07427165580807793
0.0658586384152812
0.05872696988957756
0.0549184152929881
0.05584351279080328
0.061189068456843576
0.06932109397435067
0.07790375749964999
0.08565112735940097
0.09262069841887086
0.09913003640137379
0.10532240742312833
0.11033224317624686
0.11229369180207315
0.11125106850329908
0.10814715591176428
0.1032386310988887
0.09764683528950446
0.09416041805596685
0.09277596717227575
0.09227619584974159
0.09190455486937232
0.09218032702154813
0.09386912835914342
0.09621892963041603
0.09752410838513242
0.09598347241816917
0.09005440923373505
0.08202958184141212
0.07538530294563583
0.07129025843664388
0.0708848087563163
0.07419577612943787
0.07887646595835607
0.08194300331172695
0.08235782140128899
0.08106224797358427
0.07939600093546002
0.077904811642779
0.07802802837364428
0.07998841596677647
0.08101823882051824
0.07967108786525277
0.0765434201006236
0.07274614393584082
0.0685186648339117
0.06346103859167224
0.05859632075601835
0.05644409940159424
0.05849681870619129
0.0640393331740551
0.07058566980417764
0.0761891492039145
0.07874389411176311
0.07705300118438602
0.07243981842301102
0.06697267677370193
0.06220292429398967
0.05971131564045684
0.06019811811371021
0.06366138167462351
0.06969344778423821
0.07691521591543993
0.08344220749811744
0.08796289437789853
0.08863324560163022
0.08445008438265433
0.07706772072679813
0.0702158566519326
0.06542017256758688
0.06277341533454418
0.06215716422298311
0.06385683082588817
0.06574697465363584
0.06407716251411955
0.05872781422568722
0.052957702612405455
0.04922148346310462
0.04902981325797043
0.052440826546852545
0.057705826364944625
0.06230895808973838
0.06540199162405516
0.06690051364783822
0.0673152439143551
0.06728289167049575
0.06823976643147112
0.07116083109092765
0.07480325798257381
0.07772346494160483
0.07872449728389642
0.07782079609097575
0.07550002791155093
0.07137421211522109
0.06556887561859143
0.0590689986315258
0.05323973345256361
0.04969472071609854
0.04906288905143062
0.05084207271051097
0.05390114229051102
0.056881752057259656
0.05892049050583481
0.06015375174799664
0.05983042395419431
0.058063253891287116
0.05749269720297723
0.059937141774991876
0.06504967534918543
0.07232005955330996
0.07988287031990908
0.08375426979423443
0.08234532054908843
0.07732029883459068
0.07233778069452049
0.07051842120384505
0.07143779244985332
0.07282925294922576
0.07359250188897759
0.07311326827478692
0.07123207226216287
0.06832910048136005
0.06427682471824439
0.06008966419240672
0.058246558958268836
0.059148516697933626
0.06098542182481612
0.061893786744001804
0.06155524179618112
0.0608039232589436
0.061273447118321375
0.06312014115690308
0.0651945736551423
0.06686346496104137
0.06909849706953732
0.07342698876675312
0.07900609627220503
0.08326073902220597
0.08434522669079454
0.08361888325826314
0.08337980809364404
0.08454627016902903
0.08634244889947033
0.08802123897716374
0.08871107550423254
0.08696168842829038
0.08199355684008372
0.07707395621407402
0.07579118867019097
0.07713455249735796
0.07856749879034089
0.07884704689300466
0.07797666494839887
0.07660242101174738
0.07549775672545611
0.07478475078237995
0.07408701391606279
0.07399057106085243
0.07512085303960861
0.07748544812965899
0.08074031523225185
0.08439718695648311
0.08733215608557728
0.08895005012734718
0.09018704601085575
0.09091543735774917
0.0907457082384836
0.09052179815274572
0.09088793557898267
0.09071166347787696
0.08848576497696953
0.08439010068715144
0.08025900723194491
0.07829954556007693
0.07750944941115816
0.07551690739063753
0.071844114351063
0.06732513060160425
0.06353752367122338
0.06205002466749715
0.06340219844095535
0.06590112017593278
0.06704601872257825
0.0661100490788587
0.06371253005532529
0.06085694979843244
0.05867121559177228
0.05798113968514495
0.05976896247392007
0.06477065401419374
0.07253144626049944
0.08050937457366901
0.08525305352105753
0.08603686128094928
0.08433763083055623
0.08135847676294991
0.0770889891923549
0.07061967921198131
0.06273195668457122
0.057539889351276685
0.05801729028753188
0.06278262328474403
0.06740706510470211
0.06943718513862704
0.06976315563705851
0.06977930840558753
0.07014288498166352
0.06968171753460295
0.06684402751335179
0.06224372612485445
0.05940795994633147
0.06176270786969111
0.06860358958962753
0.0765704816008292
0.08320387721868093
0.0876353635631496
0.09001193270950757
0.09047856062496169
0.08946751526318063
0.08708856602687921
0.08318253038976085
0.07793910379113866
0.07245933686068158
0.06802673231679339
0.06545444002689334
0.06440455265237727
0.06394582057779395
0.06394795901657387
0.06487144578861853
0.06692555633269365
0.06933636418292827
0.07150792761669632
0.07335183149926804
0.07586542408322225
0.08031750723218484
0.08611891674683204
0.09136502531342414
0.09296981624192997
0.0886675656285887
0.0804500789474355
0.07235186127653596
0.06750203267241127
0.06562766858862935
0.06486254507310427
0.06448039263823842
0.06407448424345677
0.06343335050972156
0.06259805528884198
0.06138071561456404
0.058515599161228775
0.0555126216881445
0.055393481079083214
0.05766892313840726
0.059468684859242324
0.06071003522561499
0.06481013026470601
0.0731748110808041
0.08365896744108753
0.09203877837508778
0.09575437987942588
0.09492300953327473
0.09104842760879399
0.08563559191006494
0.08072416500360487
0.07776200140215825
0.07721593488001635
0.07806635483472424
0.07789924150608087
0.07598225223801984
0.07337301642463336
0.06991168064292276
0.06521798004371503
0.06000556406454088
0.05520375936440923
0.05257082411573565
0.053074417059200886
0.05518617308116646
0.05569925738323939
0.05274029491629665
0.048118664399763776
0.04553997768910636
0.047347553667534896
0.05429466733956794
0.06460342155936626
0.0736545670979639
0.0780989006683799
0.0787644393620555
0.07856795134537266
0.07874808547594432
0.08029808015070444
0.08203334458946096
0.08145276370406966
0.07752083458286745
0.07195320297986202
0.06657377044948151
0.06210117321693508
0.05846892111102271
0.05602120664167534
0.05588437573193203
0.05785563666958342
0.06095676922203964
0.06452434510328366
0.06812785378804423
0.0714187424860089
0.07310321407073357
0.07156922997037332
0.06808854200385216
0.06575934330930697
0.06617741114059321
0.0690468800652697
0.07376911687355073
0.07734480636189944
0.07623338248166191
0.07088496103118373
0.06346892668200088
0.05678841688655449
0.05359749745359562
0.053520686348632905
0.05432417215552014
0.05577872167665967
0.058500991404933325
0.06140659450824401
0.06263205695333118
0.06327943269744081
0.06553575087313473
0.06882012274787726
0.07165199604186394
0.07358010437615144
0.07542583815950032
0.07809624677057295
0.08124795524044315
0.08284898225151005
0.0809436154240153
0.07641108471187336
0.07276387334788542
0.07179223181006643
0.07319948062513257
0.0756083129095615
0.0777060662679658
0.07923914954455495
0.08134064000007292
0.0832247824862544
0.08248072556363019
0.07855380096814708
0.07335036673283045
0.06922831397690536
0.06572216449752469
0.06262433126147576
0.06206796043497767
0.0655740176541338
0.07085341769906113
0.07421648005836316
0.07480704143589638
0.07375126323597596
0.07177090070721216
0.06865733545962974
0.06502702812640558
0.06151996046374549
0.05885216406036161
0.057127370709858495
0.05631230296006755
0.056679492984221355
0.0573372575053802
0.05694428980124868
0.05587395570016169
0.055235952379266255
0.05591892165719303
0.057926929614830036
0.06057936351009077
0.06331151959942412
0.0655770054527406
0.06775399086681733
0.07009944182693607
0.0717924027937667
0.07134904809830457
0.0688781466723914
0.06643255587366076
0.06675950455194399
0.0710066516322892
0.0771873184326756
0.08143802856775431
0.08111696273876395
0.0773957409963185
0.07310155895389141
0.06913370617518223
0.06524301225109663
0.06179440412011426
0.05956317272730385
0.059355527831041595
0.06086773670373571
0.06273650517620291
0.062387278990456534
0.05788395678979167
0.05072048193077425
0.04497973005016102
0.04377067714308428
0.047186935583709594
0.053883659475533245
0.061329928047107435
0.06705386522341256
0.0685938563778613
0.06585158050152434
0.06225072197671793
0.060462085407709594
0.05988007765185601
0.05969097372911713
0.0594417942517292
0.05837601135121036
0.05665096918287446
0.05585997484529732
0.05589961714145421
0.05485732293968127
0.05303540034623402
0.05275430877106992
0.05472334142147694
0.05853939205094637
0.06289960887120759
0.06470967739630694
0.06257599621542305
0.057836376027332256
0.05400058791954114
0.054446930316844264
0.06038284619038584
0.07006994175987924
0.0798028519015738
0.08657018433557727
0.09003647864544098
0.09264762053359869
0.09521235889718438
0.095819002879676
0.09413106199741912
0.09107398325170772
0.08791687055063341
0.08514009442967231
0.08282016003428308
0.0819002872306043
0.08194590461048507
0.08196640064213902
0.08052024496108823
0.07705292323005637
0.07318293214670293
0.07217922727714604
0.07481267520631366
0.0790072215603384
0.08121172217848861
0.08005504349913052
0.07682148303672448
0.07427825483804473
0.07378089512415967
0.07616981716122743
0.08140781203489242
0.08741251881535864
0.09256430992044148
0.09732336414206602
0.10208238586118182
0.10673172659138982
0.11069539040868039
0.11324626536029155
0.11357092392746862
0.11020282577563534
0.10233783427257942
0.0897928308644318
0.07517996377693116
0.06321101625158236
0.05646876924281621
0.0547709897655126
0.05609293406416457
0.05891328356101807
0.06261581728172289
0.06634613309510713
0.06844784095255292
0.06859892589847782
0.06805853529886279
0.06736729092150179
0.06582731915708005
0.06414344507728181
0.06432432824049007
0.06755523166764046
0.0727661860549002
0.07800473309299236
0.08191229869855383
0.08369920398285384
0.08333967449097594
0.08074352084390288
0.07608438229053574
0.07101697361707002
0.06662056630747971
0.06305357438075057
0.06133043651649024
0.0622361074311666
0.06571626145381676
0.07068961814856252
0.07578516581269992
0.0794932206244586
0.08133608646511117
0.08244879604631662
0.08381346684434327
0.08441833610033704
0.08345531355956505
0.08295704913888322
0.08463127655383548
0.08728751172391032
0.0887546662482087
0.08642847847565495
0.08061892689131188
0.07310695010737189
0.06640735953880482
0.061664788384050755
0.05950958425637688
0.06033584433646822
0.06373599175886595
0.0687935906671204
0.07318613551429981
0.07444781655978466
0.07215030414985815
0.0692805890392912
0.06851487620214884
0.06928637870867155
0.06998194888551043
0.06972911586274376
0.0681365440398769
0.0642272261276239
0.057993231058558886
0.05166193475499664
0.048123736833170914
0.04934172622744379
0.05318329334000085
0.05684787949953762
0.05958655736970847
0.06235593861628592
0.06420638130837597
0.0641331480512565
0.0641064381350282
0.06646980072973814
0.07024985436412964
0.07159053832270902
0.06894550770099493
0.06535826585332567
0.06362986553720361
0.06397611796570572
0.06559013273662954
0.06808147159926387
0.07079335072893454
0.07264136221007701
0.07254766564018784
0.06998605528294034
0.06572754729423784
0.06087257262230426
0.05690284785849925
0.05568777510087245
0.05827471983434546
0.06540092396681968
0.07702906939441156
0.09094588629952777
0.10450996527357258
0.11510771051511172
0.12157417985141793
0.12459781755441265
0.12483919455403193
0.12289537697507122
0.12140896152144283
0.12254665195762027
0.1251158762397299
0.12720081398272332
0.1284845036728775
0.13029285951334857
0.13252317014104048
0.13497992401145506
0.13704652634228445
0.13674545242577474
0.13419376524748095
0.13321070060231305
0.13620938254498322
0.14189365762532716
0.14757392040784748
0.15112915254160195
0.15179480122068495
0.14851108538499552
0.14284751589475522
0.13846534122451706
0.1391111705803386
0.14580364181965116
0.1567105398410151
0.1671756354945395
0.17295840873557658
0.1742260099516946
0.17296001201357147
0.1710283353795468
0.16891549735109623
0.16666202772273656
0.16326033078972135
0.15849241010391535
0.1537802145250881
0.1515111090865091
0.15309639036443373
0.15798003982528938
0.16374049384328188
0.16588638055215063
0.16297175770090613
0.15706760880485446
0.1502586626475769
0.14325569001897132
0.1366845376603856
0.13025988746008962
0.12483845729204816
0.12095494784027139
0.11836759113366642
0.11632783908628842
0.11495629242896692
0.11506501684602914
0.11832439886689584
0.1243521062141714
0.13030488578888863
0.13160392015351366
0.126704583111572
0.12036029257925582
0.11893478327365517
0.12335376891361022
0.13018557590120225
0.13608120635817827
0.14012805412853666
0.14276196810515543
0.1444703812375015
0.14466648946918984
0.14287032912090958
0.13949938045003688
0.13753750906708628
0.13908290949682853
0.14274573215892133
0.14578940362593623
0.14825505883605153
0.15226109490280457
0.15788135857974236
0.16268401725281195
0.16537629341254462
0.1658807472225246
0.16550455074693896
0.16515111061100388
0.16560168111914705
0.16878304176848805
0.1751475508056606
0.1820646082486445
0.18481113238744898
0.18125338595181953
0.17331382920294658
0.1647812080280174
0.15858161574051616
0.15555063692526322
0.15455465733387241
0.15242392155084397
0.14809132649319437
0.14279130562353776
0.1363088860526623
0.12788273669819014
0.11896826551986357
0.11216437582705825
0.10739765165780295
0.1040278762062074
0.10183926159573521
0.10074415188570862
0.10003552555824444
0.09784039145977609
0.09417012004372338
0.09121245293606692
0.09144614896204502
0.09435405830024586
0.09684233202279258
0.09724235685045662
0.09610094127521301
0.09337824900266573
0.08884195308058894
0.08345382836167073
0.0796241714458042
0.0784324379003655
0.07781693942798729
0.07525582230003336
0.0706509693158031
0.06519998552759831
0.060597797006187185
0.0579345663974985
0.05870992107750958
0.06348275154616788
0.06978546413123014
0.075431858430544
0.07934232108760615
0.08009065614023714
0.07716647095640894
0.07163165033361879
0.06510026861921166
0.058998055579789016
0.05504025339740368
0.05476438131802597
0.05833345929280621
0.0639034716276005
0.07001777069988482
0.07554122918995206
0.08039406643183283
0.08390647633670624
0.08412829761766742
0.08064049944032807
0.07394971995523614
0.06657762562913004
0.06143377717975561
0.06026405631214177
0.063050732247253
0.06731547207086178
0.07023679734588424
0.07110726574046265
0.07111168261008463
0.06996085453569388
0.06787687978768421
0.06640100080330733
0.06814482845798683
0.07380310089812644
0.08185861439335268
0.08831491347226822
0.09005599130914427
0.08855449432711886
0.087247869571557
0.08740933308242985
0.08857410366414434
0.08968215473962765
0.09013823955740068
0.08848727355231835
0.0846800796392431
0.08113605701493662
0.0800995084835278
0.08118907998002138
0.08171567912049041
0.0790745551588762
0.07349259004883
0.06747713581141873
0.0629490533196335
0.061287317623549276
0.0632326097882277
0.06735686281644832
0.07094715680588334
0.07255151181828765
0.07250918306853989
0.07227833908726923
0.07380467312592671
0.07871222658342963
0.08450604398446732
0.08688926142179684
0.08358162898965173
0.07603768130098383
0.06736753555371672
0.05971721905105167
0.05317191361390717
0.047729361754457925
0.043817067080276335
0.04207647337651299
0.04282032649852088
0.04565151424702711
0.04996998419237768
0.05382772902215637
0.055979220118856914
0.056626175814211914
0.056996105755064405
0.058439452170662945
0.06207644971143815
0.0674885441781769
0.07300821996851327
0.07616624632992354
0.07512549917101322
0.0704906361264829
0.06460342600752352
0.06000689859019538
0.057097677198393065
0.05434376571081173
0.05235047351738607
0.05288886140475448
0.05610954181070027
0.06063522447609378
0.06288448693207088
0.06022863015136655
0.05498963741740044
0.05025723956704535
0.047181996619920445
0.04711433186869232
0.051345952720248826
0.05851645621908693
0.06507170718080965
0.06812265236927068
0.06903158634323932
0.0703291204588328
0.07227050989442327
0.07518428415437846
0.07973699393951818
0.08427335074170764
0.08592631531418884
0.084472846242312
0.08148760420179849
0.07817656685888356
0.07469023717617904
0.07046552121029587
0.06560115624766107
0.061167420942277034
0.058836858781599506
0.05820416185120396
0.05825521421022307
0.05860261235827809
0.05986575265168089
0.062397287047646216
0.06548723563585483
0.06751714772368396
0.06773930458433873
0.06735199351171961
0.06836278035361781
0.07112569818247856
0.0754737512039595
0.07961095251390202
0.08154041933873749
0.08105080306577282
0.07809994550183831
0.07270585638357172
0.06670260978150783
0.06298858139702856
0.06267628987508476
0.06513426191670925
0.0691411571015839
0.07154444230651671
0.07083492796802285
0.06865035237164863
0.06736298928654878
0.06790144097022581
0.06894167344654493
0.06940793659952063
0.07061498267524274
0.07400306845687428
0.07921328822757781
0.08417355454260667
0.08653571571165602
0.08588250911680162
0.08175187852823677
0.07403097356578059
0.06501210395521077
0.057510630453163646
0.053562635687303524
0.053662465287818276
0.05627842798821757
0.05910471017006205
0.05992300275420397
0.05772501507739178
0.05303381683871792
0.048178935160637856
0.046349555412634046
0.04970464335423169
0.05661364901215654
0.06303260348427354
0.06617877333902948
0.06667456865850332
0.06622849104395948
0.06484796887043459
0.06249007730623064
0.0600103847097087
0.058701675049496735
0.0599698708847715
0.06385942238910186
0.06889017709119438
0.07370292364065809
0.07698829055401805
0.07731307386289543
0.07409493616568089
0.06896240141029647
0.06387217989955755
0.05936248451296385
0.05532489170926921
0.05292423324687724
0.053281770734706295
0.05645539024961045
0.06064558262254123
0.06355345995110107
0.06492064253668754
0.06620380388348815
0.06802794282558637
0.07119054614267081
0.07531405004400299
0.07867692557877573
0.07941736092963393
0.0760852166383655
0.06995056670154903
0.06550236691349015
0.06535438202800667
0.06700102872894008
0.06708720196803564
0.06467104668052442
0.06064424216242357
0.057381787054610965
0.05761852264038199
0.06201116954322448
0.06847002543968693
0.0748364472779745
0.07986382469079158
0.08247275324945555
0.08220804760869087
0.08041376285342385
0.07914686457514646
0.07915720012469638
0.08052718313362216
0.08326352835306469
0.0863337380225718
0.08774163256505155
0.08529766264588806
0.07984470069375099
0.07507472142845936
0.07155979200116187
0.06840759013020879
0.0665464389731467
0.06648077214005312
0.0661979153058613
0.06472823801803651
0.06265575408237965
0.061805317057715636
0.06288438127004246
0.06501467070447689
0.06744556580939638
0.07025632008188316
0.07406348974852403
0.07868339706812133
0.08322905479874895
0.086226598443675
0.08695212455495682
0.08576577940541194
0.08409339444753393
0.08422775346944639
0.08627878067746052
0.08798099694783532
0.08721166038099223
0.08464120264285885
0.0802422282053505
0.0755570145455352
0.07310808744558617
0.07284605295861933
0.07288162875162364
0.07230222911929236
0.07097540063415667
0.06934253980057467
0.06716906826341329
0.06510896037508966
0.06536905794790887
0.06850469311734447
0.0724436549717419
0.07485460616510928
0.07471649325729697
0.0738445182013799
0.07475341733487385
0.07762846104077965
0.0822525478989392
0.0876701679562808
0.09318479139215251
0.09860466157088349
0.10382374312485511
0.10783925699286666
0.10892270586657311
0.10656301692110742
0.10322204657949441
0.10050241882071764
0.09765445137312258
0.09496123743451547
0.09290359405247131
0.09119734570825051
0.0889663793321561
0.08624792757428745
0.08422716998126419
0.08326631122861827
0.08053615795343996
0.0743770309612716
0.06784513631455343
0.06357131464916337
0.0616615297035255
0.06191456698147275
0.06357086999632987
0.06585974526032316
0.06897226707322952
0.07178225301756613
0.07295742752321195
0.07357458497117171
0.07503421356666638
0.07749016886527703
0.07865789262426265
0.07777514829679355
0.07696803313596177
0.07735083506623823
0.07752621516830856
0.0758369119929966
0.0724536220840402
0.06907397269922831
0.06686711704918258
0.06584967801577286
0.06566835668476362
0.06617182914315221
0.06702456727884583
0.06857835533329387
0.07129116444234503
0.07516009804977172
0.07966837207471106
0.08424189703911843
0.08828883835245047
0.09121976324440495
0.09292533599583432
0.09329533094980962
0.09245490311600667
0.09091975819078364
0.08863789434726947
0.08532456215439162
0.08121923162889434
0.077910426167597
0.0750078074587276
0.07146596886995324
0.06786074628875405
0.06562248345352759
0.06445668244851845
0.06278935664900834
0.060212530208754264
0.057704221740616644
0.05729488419612887
0.059609762567719646
0.06251448812579778
0.06359539568850008
0.06324611368055405
0.06322600758044815
0.06635949630868386
0.0743324608648653
0.08367902317621238
0.08936452749283484
0.08972118828087174
0.086631165904563
0.08408500898180478
0.08456370249710855
0.08738547051658231
0.08834547787929498
0.0855064562292554
0.08066775690228789
0.07614073630896981
0.07231208048866641
0.06770685036582981
0.062399698640269376
0.059106385708468115
0.060476081884951884
0.06526478170164658
0.07096841943796649
0.07534808654235896
0.07790077713561498
0.0796515849212899
0.0820397154022017
0.0856265188927675
0.08898554355149282
0.08971936343557704
0.0877383766870787
0.08528436020303068
0.08504565426285453
0.08680562788130347
0.08693891135709282
0.08400133176552993
0.08028353349553588
0.07774467016215363
0.07787011715873689
0.07972062808329133
0.08032136947208005
0.07770305513900817
0.0726506866336355
0.06675568941183811
0.061218619810866806
0.05656429287714676
0.05364017926261407
0.05270401135234087
0.05262587244957651
0.052229670977521
0.051002117516268916
0.04975133824004096
0.049769152962505996
0.05163120720818273
0.05535535069368127
0.060435671878576236
0.06575782972504098
0.0697091379429909
0.07120303714156656
0.07058662872877113
0.06863924647112844
0.06805335576045562
0.07036881524643263
0.07345373257763049
0.07356406541887385
0.06879275476847774
0.06069596959076632
0.05327463056418424
0.04968202642639814
0.05007121530294699
0.052626239910105004
0.05525311746676142
0.05604994363785403
0.05503735187831874
0.05438976091863316
0.055773422648550244
0.05947477730412577
0.0635278770803593
0.06730849011433575
0.07160610419990009
0.07798052002570657
0.08643849063646708
0.09405766109900768
0.09826920412261675
0.09783787024189318
0.09238858280022716
0.08295358986141617
0.07408593291682415
0.06829208951520027
0.0652005710226528
0.06425361184554262
0.06399815424247973
0.06350770133416594
0.06340599974709932
0.06381778442536244
0.06526094190693531
0.0675852889980023
0.07081902387766051
0.07340599063798606
0.07309717715245516
0.06926431128436807
0.06373390303386017
0.05906413309560048
0.05710618984898125
0.0578069300879681
0.06022277851644455
0.06319857680303395
0.06481463971411028
0.06412067299946948
0.061505218911132226
0.05907486207514159
0.058323223350876065
0.05884509984550921
0.059895953962510795
0.06202558313734006
0.06491626061605806
0.06842795931925066
0.07275774038363415
0.07629057820166689
0.07631526775857707
0.07260016126458868
0.06729574696276927
0.06339585963640625
0.06356428038874917
0.06803888774873135
0.07354911161839794
0.0779265676667453
0.08157902513914701
0.08414647606101497
0.08356091804994717
0.08018116125450091
0.07671639271840326
0.07488082835678689
0.07487177828954115
0.07599721140528706
0.07644837483840206
0.07432583229758996
0.06901786348355621
0.06174794662248283
0.05484872678756579
0.050357001961817936
0.04946700637457593
0.05171520244388118
0.055518723247306605
0.059326575001473106
0.06319862179334383
0.06720995539563447
0.07079551799864002
0.07314976915142411
0.07484819576705386
0.07735082702635172
0.08073918915154092
0.08352846640756235
0.08366699923519925
0.08162886044627475
0.07959999795022356
0.07831303812525323
0.07627498263259856
0.07135667453782664
0.06449859414433157
0.0577749264472264
0.05379272765930467
0.05388942131152006
0.05654453277483766
0.05908581970957222
0.06056770863885886
0.06109707707165079
0.059719911493995
0.057382613563910126
0.056584993005629525
0.0575277678803454
0.06050022784357116
0.06743049857205695
0.07826250707261963
0.08935487523641651
0.09646706913041724
0.09721218577207963
0.0918597858289776
0.08367608672386179
0.0753920045071575
0.06823471196829825
0.06384619404785491
0.06219284498999749
0.060975243551252264
0.05769317788918613
0.05331137466217298
0.05109311432325349
0.05256629791917189
0.0573564244748386
0.06374469682841963
0.06911135186282953
0.0710486739157278
0.07056420727049202
0.07064897450876376
0.07244932383320564
0.0744610080848486
0.07446245566245678
0.0729508161536721
0.07295170636334147
0.07644672930344437
0.08192434158561385
0.08521080743191878
0.08377740601829141
0.07737253881459934
0.06751648304458763
0.057670233407074584
0.051469915984137825
0.050479387627409396
0.05339845538283387
0.056765285245885276
0.05774109356780629
0.05662388064195841
0.05566635619054475
0.05680151466839053
0.059611718413374565
0.06333245147044159
0.06768522062043725
0.07257724143950467
0.07699535757298258
0.07954981787408516
0.08116205018057948
0.08173312956604684
0.08007778090908091
0.07643546710431123
0.07310294812090656
0.07127848095926392
0.07076369762568452
0.07128763662417505
0.07168653140607444
0.07112755548185312
0.068743158585435
0.06442336481761222
0.061421930994568746
0.06054005139436115
0.06056004142602087
0.06038086372284801
0.060155756547104214
0.060559584305078205
0.0626765097471985
0.06757057115464239
0.07284365128991356
0.07472725954417057
0.07239279042802026
0.06734845752577914
0.06253779116226556
0.0619540643530872
0.06581843653830384
0.07121519539706743
0.07659344335522927
0.07982905180723644
0.07932562866333179
0.07580985039466782
0.071961757305367
0.06969205680399176
0.06812183384849237
0.06588384571550067
0.0640838469414284
0.06446711164254672
0.0668578104369549
0.07003404691892695
0.0722125609199639
0.07340185529501464
0.07419246251034782
0.07496441512762596
0.07634241308032384
0.0791662975131898
0.08319618887260297
0.08798768599984552
0.09181818508045961
0.09185355744617696
0.08658844011810551
0.07979131622875024
0.07474225735682641
0.07221691479468782
0.07147288906757493
0.07173682275232529
0.07332186047387858
0.0766172022120998
0.07961610584331867
0.07907446923884463
0.07521315435070375
0.07033345747440319
0.06680686793102861
0.06763093617158603
0.0734227486693482
0.0809595646745076
0.08665582144480914
0.08886046412300423
0.08791828689617623
0.0846227139264233
0.07982393526844182
0.07410285050895474
0.0688160118346378
0.06661860083452022
0.06883511507030599
0.0732186358023504
0.07552259176741807
0.07501200666526896
0.07412408921885535
0.07357574092157111
0.0734571362940511
0.07329826561871153
0.07128694392577858
0.06681235134002268
0.06119109999126349
0.05569472617562147
0.05147463257259182
0.04947834374231428
0.05043756783327117
0.05383790365537528
0.05753727024123547
0.059974306479227295
0.06239893890485595
0.06641039342018376
0.07221010053194893
0.07846239954444818
0.0835572005521157
0.08660356530364823
0.0883251393565785
0.0902908511479643
0.09315325869185229
0.0956124328935805
0.09446043246108438
0.08892329902170408
0.08103447076834717
0.0732683377881678
0.06834696116924813
0.06752699387788937
0.06981237734885122
0.07305251556767849
0.07628966861841192
0.07813910503709669
0.07839117206356956
0.07788972540144394
0.07777414740810665
0.07813525809127846
0.0781336529456557
0.07702871664749952
0.07607657442826063
0.07622308710620995
0.07702584410818099
0.07790636329391028
0.07981736289310257
0.08301398626165496
0.0847147398313484
0.0826344260194327
0.07824528053240125
0.07386146339918365
0.06961513004194343
0.06472565702280503
0.060342274464416604
0.057858942957854785
0.05862414644576396
0.06316277314221105
0.07097611987170717
0.07993855394392471
0.08689958297571275
0.08910306051516234
0.08532746667702261
0.07827604257585731
0.07208300301661194
0.0681772910141996
0.06595299760635234
0.06382360060679651
0.061738842971029835
0.06267501622824884
0.06716970829667943
0.0730269524105929
0.07702207488164835
0.07723131820164363
0.07398383280973628
0.06882980853642938
0.06425023206957302
0.0617840292324078
0.0614405310844415
0.06233911070181044
0.0618214704710316
0.058939962744191984
0.0560618211345531
0.05539334436010698
0.05727210179504124
0.060344293126880236
0.06331496959263457
0.0656386742743509
0.06787539814543907
0.07071953894433419
0.07319085493629575
0.07455987739134924
0.07577550278367853
0.07774252252563472
0.08043025494103882
0.08252444210612615
0.08307582264025336
0.082701390292369
0.08287083622926904
0.08495253595225667
0.08939233679015494
0.09484505770839449
0.09814652890849745
0.09775492596487416
0.09520875229403225
0.09229218615609602
0.08853043385161112
0.08290204492269317
0.0749665073939059
0.06541287203665429
0.056946385203854026
0.05201214533922237
0.05086410526318902
0.05250425117112668
0.05576390260950633
0.059636131790241076
0.06297216775996783
0.06456635880978433
0.06379014750282401
0.06179527460865063
0.060287608326837216
0.061156043495512125
0.06335798635985432
0.06393019014226978
0.06205722273540742
0.05966141310210661
0.05903034217476946
0.06102181367483925
0.06384789731500495
0.06538999598000585
0.06561362384461135
0.06457887217700674
0.06363894976152623
0.06422589261043969
0.0651940199228762
0.06559482600723045
0.06629148360686668
0.0694152920524075
0.07407036972248375
0.07724835997679587
0.0772198378416834
0.07597161185204471
0.07749897524869477
0.08324379661368662
0.09025602303470706
0.09331229934913356
0.09049940287142724
0.08521722492641967
0.08145829597031458
0.07997938179207412
0.07877509903131316
0.076351543870208
0.07305328612187859
0.06993985686628867
0.06766564584894391
0.0664931040518286
0.06634527521506865
0.0675549197434861
0.06976784026236059
0.07181556412299321
0.07299419523045474
0.07384168926171046
0.07443333176394461
0.07472407755044756
0.0754793763167065
0.07688943364151252
0.07821584365758757
0.07911820908848657
0.07981613838517021
0.0789466080884986
0.076122552648214
0.0729270405513459
0.0703329188020222
0.06938040096565545
0.07063430918339145
0.07297189255974311
0.07432406701897191
0.07358912768612602
0.07218854550963869
0.07183202015182957
0.07204303482540537
0.07236685058918918
0.07237034077886098
0.07181032237256715
0.07103932086941388
0.07094316902381273
0.0711253009038589
0.06814667478195852
0.0621435359670115
0.05765152524487982
0.057609875387146486
0.06166519474132014
0.0674645184080682
0.07212741720752386
0.07403608193404514
0.07282342993268144
0.06793961851686388
0.05987872712885747
0.05158291012550982
0.04681994708564854
0.046073291261220374
0.04793794356246717
0.0507425733615995
0.053242286567890304
0.05432999076713902
0.05455341017344944
0.05487761605834356
0.05537994011678523
0.05643956399728886
0.05816830521989472
0.0603336322142648
0.06256469232869183
0.06573677342118087
0.07044279360021886
0.0755335186661285
0.07986899074923975
0.08188786168881573
0.08011412559767347
0.07451112521880845
0.06816588623490849
0.06431821795098533
0.06233724415950126
0.06085664425714591
0.06054112536879463
0.06251113802772781
