7.418603538822583e-32
0.0017162726614793208
0.0058540646365541765
0.010270200669570816
0.013277168866916779
0.014717681376941133
0.015793481230609228
0.01779244241945356
0.021952226249849674
0.027723406656733014
0.03348727301667073
0.03704009275324112
0.037926841120718105
0.036953851681853674
0.0358160134637955
0.035092807103658794
0.033933558061781596
0.03267518243148229
0.03189339724103294
0.03240761052492084
0.034451541315065726
0.03530137196635638
0.03373648328188663
0.02910510199121626
0.023231704911481348
0.017738979780438865
0.013819629475749681
0.011586764188140659
0.010616725020875942
0.01058256254827038
0.010613454518521106
0.010592091347485911
0.010107247173896222
0.009687923209176507
0.009656849080359723
0.0102401880497946
0.010957968783270742
0.01159556299672349
0.012475783623407313
0.01413501575698492
0.016715554901713725
0.02067030744570921
0.025233471590040815
0.030241544695762106
0.0340821521949585
0.03645179867181948
0.03855206605392502
0.04031416970879175
0.0419203414104264
0.04202601884312711
0.04117043446217056
0.039976544184374185
0.039050908381312796
0.03780085243761163
0.03533687539200443
0.030989528648502896
0.02609537156885613
0.021473800443125805
0.017825077998942153
0.015311476694877884
0.013542890586779956
0.011998307277276849
0.010555058998822876
0.009672801128506998
0.00956717595789706
0.010159337207601055
0.011099512662063122
0.012060786638535291
0.012854671893528395
0.013520548906554204
0.013924679119272998
0.014195458037552535
0.015006315228741199
0.01663177245298427
0.01917654289733794
0.021936232510851143
0.02465100763434559
0.026919348198214066
0.02893883553731928
0.032140538795772236
0.035644270258568936
0.03917071276752435
0.04015339932706694
0.03890445238056738
0.03591158210492483
0.03190129523583442
0.029002559693059204
0.027275720409028998
0.026095506374197004
0.02433710733029107
0.02208440649931709
0.019573682946025708
0.016991885380754718
0.01498436116823969
0.013498680763469752
0.012609547104805368
0.01215665057044946
0.011626254743281416
0.011000127496816167
0.010312094835033633
0.010279324921713575
0.011250501933563212
0.012988655032471468
0.015264816620214111
0.0177978526930445
0.020199384828574942
0.022411970540956404
0.02347906307137131
0.024379271280219182
0.025777672381920733
0.02901849178347822
0.03482919972993152
0.04080778425160879
0.04515927804702167
0.04635872914103069
0.04513140264028236
0.0430068819195325
0.04011886331656717
0.0367297422190629
0.03321391585825726
0.029383273361903488
0.025287064521602426
0.021054649693626647
0.017290095227669604
0.014400369413447599
0.012734468635566232
0.01186197920873909
0.011449262097308632
0.011130412731565216
0.010852519350904713
0.010752134259694504
0.010692204490390756
0.011054252680505883
0.0117840254827744
0.01335946494839706
0.015794888037041037
0.018958341464209653
0.022084990655192167
0.02460106871235575
0.026497645678255174
0.028167790726496916
0.029988802158776248
0.03197702918142747
0.03361601181557976
0.03507642990932901
0.03576349042178401
0.036288638427315584
0.03586884821517293
0.03532347163724182
0.03446015640790285
0.033747562408067706
0.032342878503866634
0.030226490724797668
0.027628017416537292
0.02457389506381154
0.021404710065627944
0.018752856036358647
0.016649614878898288
0.015209989533526964
0.014304010189115354
0.013490860465059136
0.012879368337600396
0.012174813175710869
0.011847620857323698
0.011975747065929339
0.012362556770520844
0.012839241123141077
0.013347692821022347
0.013967291717136667
0.015010012832195418
0.01689559596950461
0.01975014500353798
0.023356268850482233
0.02670323060612116
0.029720235566949676
0.03287549249557932
0.03685837097452028
0.04005265955678915
0.043057023533364706
0.04429085196673707
0.04437468215336632
0.0425234562488652
0.039111537490128995
0.03450585281938905
0.029970538892098213
0.026147423344156172
0.023750552080301482
0.02214458354257962
0.02120539172338979
0.020161112961359223
0.019097086087887644
0.017460531496700182
0.015877483287616068
0.014499807008858473
0.013620224828910222
0.013320171851096333
0.013178416680485174
0.01305256223763849
0.01314243669589509
0.01389925135519219
0.015625466778250503
0.017919813062442197
0.020140381259771502
0.021659143819682803
0.023078207888687738
0.02502778421297567
0.027636799495449223
0.03003937514764469
0.03215843697308084
0.03460747789673433
0.036688217104443074
0.037840731552146595
0.037024701465775
0.0348639553908133
0.03290794418773799
0.031107915766518352
0.029213884563361353
0.027210748454903462
0.025205242444941753
0.023031732587144645
0.020873956360684856
0.01885933660688481
0.017263458552575276
0.016039215167401963
0.015117948016149586
0.014261648503008921
0.013815102353407268
0.013744576652946641
0.014100683667690192
0.014634542624448832
0.015179807384646743
0.015728054321778893
0.01632810165801233
0.016768520356554125
0.017061130723011887
0.01734722487420015
0.018513148755005454
0.020987660778638735
0.02519036820531801
0.029765341812922654
0.03387024684058229
0.03649507395820275
0.03740504259353461
0.03757111989413207
0.037788013350716576
0.038523378460654026
0.03843661423471539
0.03700859811833689
0.03375077169334252
0.029338487835740657
0.02522624985888642
0.0221979885902995
0.02029441628521679
0.019049390772093618
0.01746431257349806
0.015532576000113001
0.013546859409711036
0.01207978771975781
0.011127119489429028
0.010804726628328473
0.010729436288415677
0.011115068513370203
0.011805114724439628
0.012818816383685868
0.013851199554077447
0.01505685294459769
0.01589077340472589
0.016943689077594144
0.018495757932941344
0.02136725425204731
0.025378704540968085
0.029096331654889066
0.03237125819171283
0.03360147678853438
0.03415974451929072
0.033752820119230656
0.033474832733026684
0.0327494834055047
0.0315064952180877
0.02966057617728437
0.028167497926400477
0.026368509447486727
0.02489280588795825
0.023493749750952968
0.021911903816160927
0.020002255145598998
0.017428679194483446
0.014703217966461861
0.012452607724076109
0.011211934632608549
0.01086388032259752
0.01109410546446291
0.011429468730797592
0.01180042082203539
0.012150418096640839
0.012456215524449945
0.013085489010385466
0.01369213502532009
0.0147438833198805
0.015769346962110558
0.017662181020935228
0.019373416010516908
0.021616384708319954
0.023761789950095764
0.026166860772541736
0.02888236189445494
0.03139263714526986
0.03363928120388144
0.034450441857848825
0.03376181867369429
0.03209362496645567
0.030371464831051673
0.028379823566304786
0.026349727524220077
0.023923012079923995
0.02089013219994995
0.018230598962278247
0.01623839245724592
0.014945092803936069
0.013975480624462692
0.012824425366701257
0.012003685904735753
0.011268722774366002
0.011294677298443984
0.01158768737691082
0.012054907078015794
0.012306990825227418
0.012677727324794273
0.012955340286496366
0.013660840252258775
0.015006491554708616
0.01675776841705502
0.01902726745319762
0.020923551415566666
0.02281440974648086
0.024242760958912805
0.025144954170914346
0.024684641408601184
0.023835028516546092
0.02360573706144966
0.02534730923195807
0.028178311148355076
0.03068535818201681
0.03126120985427817
0.029463387568666396
0.026074517653823962
0.022326595539384084
0.019010291238281758
0.017011931475972818
0.015645491184967147
0.014701434826693211
0.0136636847707964
0.012929242596760324
0.012477190328138444
0.012112406572750077
0.01192090742125995
0.011972336000950714
0.01248509985532398
0.013263300848488922
0.013711787928759685
0.013824328667465293
0.013687424623564634
0.01383166028295533
0.014769465371143216
0.016670635310848708
0.01932740237158663
0.022308146470900223
0.024590265295323998
0.026150961511311795
0.026682803847665068
0.026177918794131918
0.025120191072649047
0.02423423659941475
0.024684029782597424
0.025187761435706457
0.02569738961968476
0.024682385448855884
0.023083652714010142
0.021309351148499994
0.02023706678153899
0.019672313949284464
0.01870292378043592
0.016999872925525676
0.015245740450158102
0.013880718805222562
0.013387675572925787
0.013910666851707307
0.015047204285380988
0.016250623415677033
0.016434415080872712
0.01565589077416493
0.014594990847382748
0.013857332042936425
0.013996020166611101
0.014928354277290603
0.016160453767397946
0.017820261544747005
0.01918935875262392
0.020556700450985312
0.02135147713997285
0.02193550860883821
0.021706135999663874
0.02170135656441901
0.022149191900900343
0.023694567650222945
0.025989195399826505
0.02811649800824019
0.029267378203686762
0.029329799090428203
0.028829790292659963
0.027612131297504346
0.026009311434744865
0.023876804222639842
0.021623210604041158
0.019612284614368432
0.018499471761721935
0.018172537968713494
0.017595030640267077
0.01662283659596612
0.015009457930105387
0.01334659501748541
0.011911532679428481
0.011303206812228638
0.011736778365692724
0.013159544931382024
0.01517347656815362
0.017285543619453968
0.018692924545586163
0.019365240541769288
0.02016586081015302
0.021363435065118203
0.023610183992326835
0.02566908711825197
0.027282960072647643
0.027466565864425724
0.026985669297384048
0.026018929057365584
0.025827301931352617
0.025913451158298385
0.026188139207266807
0.02587238140592066
0.02529262599239927
0.024213012236106612
0.02326833688674803
0.02194708674981432
0.02103055964303255
0.02036587238994836
0.019496509352913326
0.01798735037669801
0.016145398281392033
0.014689912910991637
0.01393200727928599
0.01383894956928794
0.014020356215262611
0.014020256402403664
0.014085791976431178
0.0140157887622131
0.01426310754609372
0.014975679708393442
0.01620850489902194
0.01824918171858784
0.020202395933379712
0.022017561698443256
0.023215336480478386
0.024268373603188297
0.026030326248747057
0.028473453428191037
0.030793468041036796
0.03277915993103927
0.033538207227018856
0.033852457691335026
0.03353475245328322
0.0331731001447448
0.03211380001470203
0.03028048897029593
0.028136698321174134
0.02562802084407722
0.023309115550918916
0.020986124554315547
0.018636347282305416
0.016537131608117983
0.015089833458599829
0.014224936700013636
0.013654505538894258
0.013259968622425646
0.012973590727607719
0.013160427362597104
0.01370353622458663
0.014265523346563332
0.014463714849721865
0.014341417851684773
0.014872909835775093
0.016412852229653992
0.018990323665296176
0.02174766024451011
0.023879283422258573
0.025173334241204406
0.025315123318804904
0.025258517388126595
0.025462346772696733
0.02631178847643462
0.027828536778793433
0.029305777080010892
0.02971145695435084
0.029371798065635196
0.02886637067138803
0.02811476122636275
0.02681367180332418
0.024756809297015042
0.022171762905556277
0.019616103830147075
0.017752422801258883
0.01698315560944246
0.0168099516711691
0.016587027931294636
0.015751582489456552
0.014376748425488148
0.013052341934044014
0.012392709471542956
0.012362101719088676
0.012954032847547791
0.013601660951615724
0.014509133434986766
0.01574584997107229
0.017438876171816355
0.01989618312344942
0.022195281685447776
0.024283529298959643
0.02549544833014081
0.026990276997051997
0.028148408083711007
0.028776004256748193
0.028807750617662733
0.027452696557894903
0.0258275863987344
0.02451952996505718
0.023923971252865762
0.02335682692852777
0.022711097427490633
0.021611983590445673
0.020982539516544642
0.019882738399281164
0.018735448100130933
0.017064766302254834
0.016147442783080133
0.015748663972680304
0.015992342792016636
0.016765589221117195
0.01732116963131501
0.017865305233175473
0.017212042139276015
0.016632841698024776
0.015733688797907503
0.01596485601666293
0.01684700728554633
0.018036402902498503
0.01920596178846395
0.01984493145780673
0.02051428622395
0.021597680595001733
0.02337754278660286
0.025563646911883113
0.027519870260550527
0.02982955611714978
0.03177284234692093
0.032993420882016844
0.0330718742236544
0.0318706358313328
0.030304051782261657
0.02851094741748937
0.026610387963464096
0.024705703902354634
0.023536925423414196
0.02300072186853843
0.02280282494001052
0.022681477769363113
0.022405748778053777
0.021396549404864747
0.01949207283869883
0.017075402769016822
0.014736123963439403
0.013071942205766055
0.01264718431471948
0.01312871281096187
0.014505227023140159
0.016060727515884634
0.018057077267307983
0.01988219509831836
0.021341524970340232
0.0217635807004699
0.022208523573743248
0.023222256768710845
0.025370900372662118
0.027188429811802077
0.028067069250895717
0.028363023325440755
0.02898553861412334
0.03084539213085991
0.032723598074635284
0.0337764718445655
0.032762398411743505
0.03071594959453272
0.028016532832605665
0.02562284012971684
0.023832243397903567
0.02265887697304606
0.021895563734468947
0.021197200324939068
0.020466432933060615
0.01955940539659449
0.018693738172687126
0.017975832018717955
0.01737693885051907
0.017249162047175692
0.017344281987577256
0.017838148768982015
0.01834652055112308
0.018784805758565087
0.019234721306990728
0.0194995528705622
0.020034319440965564
0.02100115659730687
0.023012126114993987
0.02559329102245598
0.02830706672178421
0.031148940011062092
0.033564898268391284
0.03463755250817697
0.03400187240847886
0.03208021036216806
0.029803838154239037
0.027523369095077226
0.02615441170549031
0.0250618046982673
0.02458771337302015
0.02414129330019867
0.02377593619908128
0.023302684096964194
0.022006238289583858
0.020490313070377925
0.019178295661866233
0.018428674044397277
0.01819942881477854
0.017799829800244363
0.016808776294760176
0.01586883720039787
0.015210770317921774
0.015766803058438167
0.016933113948296826
0.01860591453136236
0.019762340897436916
0.020326874357907997
0.020153113406972525
0.020060869972845556
0.020304825379195385
0.021719976880861056
0.024397086173939497
0.027699190358079023
0.03068019681390209
0.03336978313959427
0.03507981200769238
0.036399126188232815
0.03645578263420099
0.03650807602958862
0.036003449995277416
0.03424974712669485
0.031281600338012854
0.027700631712389616
0.024814582613955756
0.023647764286341973
0.022971939230564217
0.0221587701482697
0.020720852582370396
0.019123478928479338
0.01727958935484297
0.01572895550539685
0.014885694178851102
0.014790919961511008
0.015084921429987325
0.01549418689932132
0.015764633579065
0.01629316068470021
0.017371616069183755
0.018739257935618658
0.020246550810855572
0.02146123240170405
0.022516524834889577
0.02362285755452144
0.024534548994667896
0.02581985744414153
0.027355908638433506
0.029037697677347835
0.030109798053533792
0.03022283821956945
0.030611463193958816
0.03145314027687233
0.03226632651352493
0.031823624112829824
0.030091225020167332
0.026995390587482227
0.024105071370862315
0.022253690437012297
0.022063234734397648
0.022569812589675265
0.022639026776632556
0.021473209587095223
0.01987153202130704
0.018241588716290634
0.017527369183155284
0.017381839065296462
0.01747572498568793
0.01738251541802778
0.017408851336806655
0.01745114700156551
0.017739072832917955
0.018243593270481973
0.018710549315039293
0.019445618188622192
0.020149302721791423
0.02096082683776455
0.021889510010317116
0.023062792604609122
0.024229509527248744
0.02549543887908229
0.026568924985947862
0.027878335495423415
0.02897351858474607
0.0300421796043294
0.030670952339900845
0.030682751334268635
0.02952299064630788
0.02857860317531732
0.027664586987190376
0.027107297447066674
0.026206218506104655
0.024745478985003448
0.022951399366745836
0.021187022665976805
0.020461081626207675
0.020451740731446785
0.021025639235841574
0.021053582678003623
0.020171370241917355
0.018729680191913435
0.017353819305542827
0.016667249086701277
0.0168380097386986
0.01734504010135278
0.018366633282393335
0.01954444186462289
0.020572076271429793
0.021717780459870203
0.022760965314248014
0.02443133362199734
0.026500058988042037
0.028921183384257917
0.03032769063516556
0.03063419217657788
0.030589653269181387
0.030405013333089516
0.03067470457927705
0.029836573733626234
0.028309488867306037
0.025673872190383182
0.023921447262503892
0.02288881675959677
0.022645244031097165
0.021745306628803952
0.02059162505650873
0.019278527332608673
0.01822737774826267
0.017806646560398248
0.0174101393671616
0.017562533826372663
0.017814535095608354
0.018229363756063884
0.01802952325692772
0.017717397219479982
0.017670688419989783
0.018415633997776668
0.019573227030527086
0.020773083733610698
0.02174557332760121
0.02231260028969315
0.022605015853612593
0.02327950193339205
0.024654276726287616
0.02692545027525136
0.029306061307832903
0.030835724994680475
0.031017837804912293
0.03049962977514653
0.030118726030494897
0.03009926644711484
0.029802131582382475
0.02909967754641049
0.027737618610399112
0.02664380250312525
0.02610085239314674
0.02579423903471053
0.025518010353337353
0.023980841811830102
0.02181151763608753
0.019481931931058797
0.018202286816503904
0.017812606010171053
0.017875542625589415
0.01747987265194047
0.016807343037195912
0.01609983414254278
0.016490155686862566
0.017950516380896123
0.020225212517780648
0.022138668096865922
0.02338710727151653
0.02374192032783597
0.024322170162568442
0.026029652274919875
0.02836125535105282
0.030313169774490386
0.030559960539597756
0.02945312967425637
0.027139960555060356
0.025039606459016355
0.023873062399212195
0.02466752381875266
0.026189476154934326
0.027227961774253382
0.026259463152677482
0.02442554156625229
0.022401932685177508
0.021316063098744516
0.020988494209344895
0.021035751057745192
0.02040710829534995
0.01930793100069152
0.017672125354236137
0.01651738127347143
0.01586530405894372
0.01577882134354846
0.016069895904026382
0.016701262328079135
0.017471034799109983
0.018035650173888893
0.017930604947671035
0.017236500913634108
0.01630246805989926
0.016164738145808228
0.01692912400743104
0.018516162821789063
0.02077604452651086
0.02369228989415659
0.027275914818578415
0.03067031076650592
0.0324960748840015
0.03229491225946089
0.030871789434186992
0.028905539352591717
0.026888863396980916
0.024737693208008723
0.022969910009239085
0.022082140831466313
0.022206981683249413
0.022585854464669493
0.022619677330670645
0.021963757853688752
0.02073726038715787
0.01916746531682646
0.01767737156300533
0.01671769488775997
0.016104052663697632
0.015870829875877682
0.015772716179259225
0.016257604577684943
0.01707728955322187
0.018162067573169894
0.01929927185527921
0.02027945796650838
0.020707394492721645
0.02031743562473586
0.01960740848798996
0.019542714683132175
0.020805807380888434
0.02320682199632902
0.026262851545347705
0.028466312272455628
0.029815295952508994
0.029628166039362323
0.029154390112138384
0.028324616551950333
0.02769835915518507
0.027624595854059946
0.027706645076448634
0.027208000752623463
0.025559215807628786
0.02340626219134839
0.021936227101562452
0.02073755436333177
0.01956525643478789
0.018456453559949154
0.01719236677686975
0.016710072054335695
0.016651676263848208
0.016956627358986506
0.01724944143591469
0.01718391974003809
0.01677223210395742
0.016278810362448153
0.016361750622612407
0.01681625027822784
0.0174912392542622
0.01781305628916745
0.01791481807790106
0.018557764283742915
0.019934337263127447
0.022323005696748267
0.02436663414714494
0.02529790292943412
0.025010597309691608
0.02409341431307354
0.023906434615761574
0.02474057885503302
0.02661530213789006
0.027231386670167706
0.02673720599861214
0.025326963752996173
0.02430715029883681
0.023348481956102667
0.022646161959107982
0.021532936457814723
0.020241216836224447
0.018925779441828754
0.017801422360371476
0.017119270754535947
0.01682443391248637
0.017092968479930564
0.01812126211482412
0.01954865405305015
0.021139415083480446
0.021964538766190884
0.02194775248646513
0.020971118281744135
0.020096887574476117
0.020271369317959597
0.021148602622498062
0.022624610040896446
0.02401220969858307
0.0254588790121434
0.026660775796982943
0.027580222993354244
0.02805481436692614
0.027999830004257778
0.02759572081119307
0.027112953475199878
0.026581715372486762
0.025820945855332705
0.024880652244375284
0.023886799744020845
0.023339126654475996
0.02348766191083964
0.023884984026936274
0.024321762049942897
0.023573614318281335
0.022040206950849996
0.02037654562967323
0.018929003687149122
0.017829445320125124
0.01634933712655146
0.015017439372915876
0.01412471998274979
0.014394131277611707
0.01597182970267607
0.018589229997654232
0.021340349808631236
0.023092236112855234
0.023586917440305232
0.02329820091289296
0.023297849648314783
0.0242742078290721
0.02575952205554979
0.026638493850323026
0.02707228051357916
0.027221072251094346
0.027619347196622613
0.02797743154394555
0.028129549299751207
0.02757375335311865
0.026390543065184006
0.024182163908007495
0.022438136406206392
0.021512308960697016
0.021851250583269977
0.022479427290549248
0.023159278711275724
0.023080347785506983
0.02212839931542947
0.020693524294949365
0.019412576493555007
0.018935912635548637
0.019060498031613613
0.01986453354645981
0.020400498847100507
0.02060538176036628
0.020081660332627614
0.018769689413631704
0.017948980907489236
0.018142512293164374
0.019187123986330545
0.020466504869145415
0.021456096621771035
0.02200029265841312
0.02203165612755777
0.022069905781825647
0.02214586622152314
0.02295300643600748
0.023977291339991418
0.025807585311630115
0.026993829669849267
0.02669307230532533
0.02515149934913905
0.02308245739099097
0.021472963249262834
0.021316152866295006
0.0220623976547072
0.023121301840825007
0.022937472315175234
0.02263745217799064
0.022041454881628054
0.02149367334851461
0.020426398408785133
0.018967387421438945
0.01723871495106957
0.015697101909977324
0.014662356458211843
0.014626139402212586
0.015760877232667638
0.01730416683469113
0.01849640084166729
0.018977509788175823
0.01950526155607387
0.02022893152870731
0.020945521945267078
0.02153119118057379
0.022316236316883568
0.023197676958108013
0.024138660619939672
0.025313142045117684
0.02690660681120313
0.028866629219174475
0.030113267596442086
0.03007509936910057
0.028931833077722784
0.026707705125094846
0.02495178400732973
0.02323344109610254
0.02205617630702642
0.020827099845560956
0.020118036535480922
0.019839661269255675
0.020016236032541813
0.02030693488586993
0.020275688990642585
0.01975456317441644
0.0187620509397395
0.017753343942059
0.01725846167883314
0.01731650261238246
0.01773977400059926
0.01827080838055242
0.018819202693417327
0.01905077726251399
0.019265992433123054
0.01943643682467645
0.019489866711505904
0.019685836316519528
0.020428869552088773
0.021764438555820075
0.022772798219826886
0.022865165784385553
0.02242350975187544
0.0229437420499776
0.02432575344828529
0.025862168161309713
0.026879425604372464
0.026810574554017145
0.02628372045784132
0.025011394336429002
0.023926173128032167
0.02242881727953434
0.021578960950798916
0.02106101690096621
0.020857214508569737
0.02062807487257386
0.02031315357447547
0.01973776987103898
0.0190214043408365
0.01849012648349537
0.01875584985271379
0.019904611978435172
0.021125342832383487
0.021966483966110534
0.02215769272943233
0.022320158809894252
0.0225695140633333
0.022714673572501638
0.021931359190675254
0.020753543651701567
0.019840114672966813
0.020272114923363692
0.02134675928451025
0.022463696084101738
0.023694659083817474
0.024464979655686735
0.025413294561359913
0.026334412112919536
0.027315959416406948
0.027248889564641658
0.025997363751971987
0.024035578934242772
0.023033405661927173
0.022530867266011848
0.022922742111257357
0.022916584610469845
0.022596120434118027
0.021821824694921894
0.020623479811786603
0.019411361626133328
0.018335771801007632
0.017384285713509518
0.017011742500331595
0.017446786938633187
0.018716538550094846
0.02038547815461166
0.022068304346390944
0.02316655479032402
0.02371710902680008
0.023963014863592945
0.024437918763018155
0.024856704543350608
0.02531240239930223
0.025429072918980593
0.026008909789438758
0.0264173553986198
0.026713867986157564
0.02644166257284705
0.026072384580784678
0.02612272788652978
0.02615210932806859
0.02661263773823138
0.0264718737083263
0.02614882108517994
0.02495802796994969
0.02335193457139552
0.02198801280909692
0.021505594050351923
0.02158628594395222
0.022220613477968592
0.022746883211822482
0.02268011397538114
0.02180824357777637
0.02123901284116334
0.02119383151856305
0.021988215712404374
0.022553721797606424
0.022872316090093207
0.023272980795181038
0.023809301682654008
0.02382348799558722
0.02320062525443282
0.02216908603504167
0.021625841941568868
0.02198656722009376
0.02366618512242378
0.02594039987102457
0.028851196222182806
0.03054218854433386
0.030716913483790714
0.028875436861516196
0.026556749661888448
0.02447346390228481
0.02405507308960751
0.02430643722212935
0.024377649496512506
0.02353224388546827
0.0223594218798116
0.021509026088458852
0.021130194449023667
0.020568660530580984
0.020110630917795053
0.019692030032450063
0.01989471552744613
0.02046910829463558
0.020698041870988913
0.020323736720069922
0.019572713940843336
0.019202632469349203
0.019114034603124656
0.019244006622111908
0.018818372743822438
0.018757850523161087
0.019123158798852638
0.019777787055520833
0.020464399338232013
0.0205594071544382
0.0206538010154521
0.020940383757701363
0.02249105738930016
0.024528895962181028
0.025906461116680567
0.025733717435705482
0.024789458251394298
0.02367117972214867
0.02361538798448023
0.024417217399242862
0.02481021887564566
0.02451429070091911
0.023211813458364344
0.02206847569932327
0.02156978755275098
0.021467732474979788
0.021225127907193348
0.019844705081999134
0.017810385359961357
0.016016314962159942
0.01539811300331269
0.016334125914636007
0.018182680799706002
0.01992286176568924
0.020963146529156783
0.021132572219737696
0.020470757092049513
0.019712215081472213
0.01925354118233929
0.019878009555312635
0.020984542559402308
0.022993720892873715
0.0247352605686875
0.025586146850376565
0.025179111079681963
0.02368387297543445
0.022381526152914544
0.021708034250834923
0.022006496789054603
0.02257845900236641
0.022687980843380105
0.022422135123012474
0.0219780294668078
0.02232322396364707
0.02268391694124168
0.02267700266530056
0.02177000518942559
0.02061403582806509
0.020130838477614595
0.02062560830180235
0.021566789208831514
0.022314368711803464
0.022381000482253086
0.02127826003889058
0.019936125315264987
0.019156928539367787
0.0196353770836705
0.021129760241743786
0.02263602482841146
0.022918768576009767
0.021553242989850632
0.019648484025252173
0.01797453959585225
0.017709298707243585
0.01836425184792825
0.020330187012933324
0.022179516271658813
0.02394028867992171
0.024990593273821433
0.026190619716243684
0.027350576932199305
0.02789299800310104
0.027461141159373394
0.02604331622549459
0.024361008269208652
0.02366821089311278
0.02445390191808681
0.026165087797182244
0.027802384785222824
0.028176754726427635
0.02676380515460614
0.024391996986745802
0.021801238033335387
0.02037207385684244
0.020118744698281007
0.020873352598811568
0.021725316202463794
0.022404412521634016
0.022951515464534854
0.02363158843851789
0.023886502654487277
0.023955279784302255
0.023591716248324467
0.023233355285036776
0.023681449935170937
0.0249372439908765
0.026273930211890166
0.027073882311597026
0.027023413102798828
0.027218088948906934
0.0279330366823899
0.02918237971899497
0.029881620263267836
0.02972443570495739
0.02843457963805703
0.026525479884780528
0.024320522557517904
0.022771707543531736
0.02234782932238295
0.022651736479330865
0.022767038579221254
0.02299967277285512
0.022779967872169935
0.022882836602980662
0.022512937598888755
0.02234776238808352
0.02197303389145966
0.02187490428629096
0.021895704026414973
0.02219136660871723
0.02240723972969964
0.022529671395167688
0.021823324801298546
0.0206497475352121
0.018764981186032842
0.01718694836456356
0.016768751452998592
0.01767457838158295
0.019316498008307995
0.021072445757766893
0.022654606666502146
0.024030231735627846
0.024609437132273676
0.024651592564199486
0.02397083020638372
0.022921060787370388
0.022362533504169377
0.022955131271605835
0.024599924762384363
0.0264743141160413
0.02763910959338073
0.027387874122343125
0.025880498823878696
0.023737015860642797
0.02150253972730374
0.020136332858668612
0.01900166517713236
0.018753130087909683
0.01873042989398994
0.019014445661843862
0.01886312555768313
0.018962264302248
0.019511372807813298
0.02008074426614246
0.020595118062827433
0.020789781730311787
0.021482901973035633
0.022626308363034444
0.0238603850877952
0.02415129113438201
0.022905836174820525
0.021003859658007155
0.019407953697919294
0.0197314299999428
0.02179823953286543
0.02459450825357733
0.027168878914774753
0.028452256534596175
0.028342221275139856
0.027121045400855918
0.025187850334167233
0.022985635854341928
0.021276422150690547
0.020774390384405286
0.0211731069624684
0.021932043276480667
0.022384926985381044
0.02187416373736497
0.02047476130464127
0.018758838868105983
0.017722854720888807
0.0175609282955565
0.018064866295512547
0.018749213080511976
0.01920623440178415
0.01934908350281787
0.019334984002765118
0.019559251095334296
0.020015032524596632
0.020822850501028535
0.021712866386433816
0.022652069160721485
0.023219210814766075
0.02274443479426203
0.02167865992370182
0.020325389614336543
0.019285732558288516
0.019027188889142108
0.01968352668589697
0.02047825208227381
0.021701469897804096
0.022706133157388612
0.023729357792104926
0.024209169393693962
0.02456011935600139
0.024751009889944206
0.02430056503867136
0.022972677700004718
0.021322880335831122
0.01993959489571874
0.018956425374179523
0.017883744293758295
0.017271394106438874
0.017192260400976937
0.01770504513861515
0.018585940003970628
0.019671976343261816
0.020841726185279887
0.021831800599894233
0.02255944821382727
0.023291483638481898
0.02356969791673755
0.023592018849236198
0.023034343262382462
0.022111341007305028
0.02129421977053381
0.021346890668266828
0.022065669745368957
0.0229568170032769
0.023310534451303308
0.023087615473553928
0.022536034799054337
0.022469321214947692
0.023299566139850226
0.024768144806338484
0.025897027946237827
0.026504030589752023
0.026597289848860093
0.026773128637626663
0.026517876034568635
0.026239009114883638
0.025665331620112142
0.025096263109663973
0.0246662030765459
0.023765527329981724
0.022641472847189707
0.021220497531519382
0.020251268177888884
0.019757805817395134
0.01909414462294775
0.01791688317791268
0.01661545308285888
0.015982276377792686
0.01620066763653876
0.01673885736885785
0.018110929821799175
0.020187105417878826
0.022696667800504226
0.024929276767811766
0.026313376581561992
0.0267633828214213
0.025800899635946443
0.02454914045594736
0.023538978224408234
0.023780214839252682
0.02478715353092908
0.02556644902757041
0.025480107635417717
0.024001603234458473
0.022150659365295883
0.020212336644840682
0.01941804537262756
0.019862832086907742
0.02083206828578949
0.02214722934099705
0.022813419269722014
0.022994486666165874
0.022634283107988342
0.02253185941565919
0.02211674829609499
0.021889579193630347
0.021030671675066382
0.01996351495445062
0.01879097069599669
0.018057601644489104
0.018535364553472572
0.019893110772522336
0.02141035369566471
0.02231375060339961
0.02224195099818743
0.022076762246813347
0.022227929015113675
0.023321170152652778
0.02418800378401333
0.02472047434664093
0.02446095470176598
0.02417695415404059
0.024749761982640027
0.025908055749614977
0.027505233296985898
0.028213912734384852
0.027678873807403068
0.025750580149641336
0.023886308875081027
0.022688338121625767
0.02302401130998549
0.02324274890527737
0.02311280215776966
0.021725387685473878
0.02085664228221648
0.020872401833297145
0.022017835571041214
0.022955350608221497
0.023033706023704248
0.022051883257415812
0.020362565065412036
0.018896870644274068
0.018392440862148737
0.019267591924646325
0.021502693082888696
0.024082445751436275
0.02665388221521094
0.027703131734505778
0.027706541515823878
0.026311507539541448
0.02535204589589298
0.02517721270424241
0.026195867901737287
0.027588059218459034
0.027940707817304237
0.02727201744096533
0.02640197448903715
0.026438296500481438
0.027428859439593545
0.02808583079712557
0.027384894391409342
0.02504118759847795
0.022103370897259382
0.02001233000715416
0.019577596059064808
0.020915289098878465
0.0230566453309982
0.02445434083252471
0.024646427155300618
0.024102819219615212
0.023605977602486696
0.02363205316294618
0.023518783009500832
0.023857158178904558
0.02432488326233501
0.025198108235482998
0.025662745033515864
0.025280523741191174
0.024701877366957153
0.024315908922266545
0.024361333050606844
0.024406506054465368
0.024419826528003463
0.024873918863288984
0.025924235008744183
0.02758544864518858
0.028812942086904644
0.029747255116032538
0.029933006962039085
0.029703565860534135
0.028861672095327504
0.027928942676897276
0.02695500197838
0.02585327773763483
0.0248174240065748
0.0241294826160742
0.023926812562135833
0.02349648025444775
0.022852105540557742
0.021568656901696896
0.020065935818209875
0.01901845095348562
0.019385871236680115
0.021604862258170317
0.02427517094975283
0.02657179709630681
0.027326166420914493
0.02716558124376281
0.026095037037640413
0.025451214652429832
0.025427889139739666
0.026581180932310818
0.027803424188519846
0.028297730422414912
0.027342523123072428
0.025839574576862992
0.02492017851519863
0.02481974624007245
0.025600642191708083
0.0256794206058193
0.025590729697312346
0.024609850777761146
0.023964382682631864
0.023456616417670773
0.023903141166679083
0.024657727655985943
0.025410689937241174
0.02548593736487566
0.02473823708166314
0.023122884880848175
0.02145679493190463
0.02023420807674862
0.019782276373874617
0.020156027120120844
0.020756738181555396
0.021147305511632845
0.020828992000316675
0.020004337587105597
0.019334300921640235
0.018964866140360297
0.019199726516921107
0.020164010431008884
0.02146086675043928
0.023587733098913342
0.025947322188061773
0.02809736020513435
0.028803268013185893
0.028199350059422597
0.02694245275513882
0.026305581550260023
0.026118473351893615
0.025880920543757294
0.025307870739085105
0.024437062446252232
0.023429716839305052
0.022574755150061073
0.022173319786648344
0.022243453729576444
0.022124627273975926
0.021914315428984994
0.02149144014804512
0.02184589594754727
0.022712875693077325
0.023141855034665627
0.0227619390827437
0.0220024671169545
0.021668356685450915
0.021371082002883287
0.021204210444838275
0.020511328319243374
0.019906560136134226
0.020087497364534992
0.02106776977093659
0.02217848198253082
0.023117469948028553
0.023646075382927498
0.0240339197404108
0.024153612610832213
0.024395518153761942
0.024731080099539216
0.02584830125282501
0.026597509081865894
0.02739141037027948
0.02729579808188314
0.02712666224714036
0.027043680482144894
0.02728733715631115
0.027333553237809595
0.026679703865599286
0.025207049496892422
0.02310534743028805
0.02141414830579867
0.02076394736542487
0.02150118946821912
0.023067268486425985
0.02453362310555501
0.02553203581419815
0.02610100302355679
0.026854284870251537
0.02798915183391191
0.028828393612730936
0.029269091852579844
0.028759429100586122
0.027891855751130037
0.026920343267119836
0.026042648996231346
0.025390636542133683
0.02484527714903519
0.02464631088625762
0.02443522649694487
0.023749515181717556
0.02328536923696895
0.024030540015482313
0.02587920220714856
0.028213624816939464
0.029141382490308645
0.029024847147435938
0.027830718655272393
0.02694329567474603
0.026582596065674643
0.027680905886209396
0.02894161651213629
0.029864827207646084
0.029621400421266958
0.028358957834485995
0.02698236348220817
0.02506873300489503
0.023374771199165423
0.021527785501894908
0.019724043672988748
0.017877980650333275
0.0170706491393486
0.01871063631512694
0.022490963630571008
0.025940892177135997
0.027697966372608337
0.027498251660278847
0.02679385427264703
0.026474155367975524
0.026799075928833765
0.027422638740837082
0.028126804694470077
0.028775271503085877
0.02957178567781621
0.030102144385581377
0.030060180752236574
0.02939652165841348
0.027294694022638538
0.024787262279735787
0.022447214335264483
0.021517739674932305
0.021765762024323808
0.022331808619698412
0.02274702153554348
0.022364357346187868
0.021444884172746134
0.020531925676825446
0.0209443318025413
0.022507701925185954
0.02467039043603976
0.025876806703952218
0.025521246300623267
0.024122543833386342
0.022658061351950042
0.021937400979996267
0.022033275434722995
0.022514746021978876
0.022613177729298307
0.022263790793640947
0.021719776591498888
0.021675141480328407
0.022450330792703307
0.023617641707540264
0.024752450690129924
0.025549178818525763
0.025869866516727288
0.026267442996025563
0.026788630638528852
0.02730961583402247
0.02723550593618607
0.02613291703786558
0.02491571048222652
0.024224164471467993
0.02512372223035121
0.0266364302044131
0.02857881262731094
0.028956149976134566
0.02883323894920725
0.028110526717410895
0.027905244662212853
0.02728220837670126
0.025942614084462037
0.024009458651083962
0.02190549307795776
0.02086156287948087
0.02056913050582726
0.020780982683098748
0.021370099987489014
0.021915782215702874
0.022240086817239303
0.02275082516481936
0.023372434366625807
0.024196694942503455
0.024265129677811716
0.024038837287513767
0.02320226143110001
0.022589277268327955
0.02241969053951283
0.023559065972995463
0.025697495711573936
0.02842905526259185
0.030246662122263793
0.030143485450616948
0.0278268550374835
0.024331855135081053
0.021322705311510554
0.020152768629897243
0.021534996892513068
0.02443151086124396
0.027506722022074503
0.029175354139348013
0.029361149747690368
0.02827653545557732
0.02612081932165377
0.023869113611163954
0.02199916366470884
0.021207640972717597
0.021300169400520215
0.022224742971942154
0.023347373224376605
0.023858194908301177
0.023327500943727743
0.021961947852326108
0.02016512643380603
0.019525934004708395
0.019994882832559884
0.021484087017341755
0.023087788013269658
0.0248146424045455
0.026691046024669943
0.028624045317989656
0.029815449926219456
0.03055191299267763
0.030735016483592562
0.029986063119912903
0.02840930959332364
0.02585318125052541
0.023400837418038695
0.021919209429133557
0.021884396793010772
0.022915409994673844
0.0238718610578886
0.024107370148400344
0.02368269705475301
0.022169772355011146
0.020473349338865434
0.01950707120336135
0.019816201556550235
0.02068010616787639
0.020957679661704934
0.020385598617028565
0.019815213567677535
0.02008793889277099
0.021068307379674155
0.022189673707441595
0.02281326335920908
0.022829776539771973
0.022744679296097834
0.022694621247047905
0.022677693626016442
0.022824850755480772
0.023081022369752964
0.02313391225347248
0.02292564563601107
0.02307011562960706
0.02416036196652232
0.025396837361546624
0.02604751148827269
0.02577145261660584
0.02510144850523964
0.024335572595187663
0.023842195231235378
0.023600005231414874
0.02315902435314622
0.022836433186113503
0.02264713639445349
0.022578379347098748
0.022188122925581904
0.021389260189863375
0.020532308683174294
0.01982756563078028
0.019973738189844045
0.020602030469183987
0.0216192530594341
0.021792938946006347
0.021101817410892145
0.019892408358679378
0.018986919675620287
0.01874795083489451
0.019188478005393812
0.020262910536261787
0.021685095541066065
0.023001752648456424
0.024204999766116994
0.024881470444611357
0.024898219059634016
0.024581550473766763
0.023783606331933074
0.022437781756395873
0.02035454068900051
0.01880325333564124
0.01847898964711222
0.01943861237309298
0.020598351253728397
0.021154226673846255
0.021823602078623747
0.022103570035767094
0.022894781619501578
0.02329907708823012
0.023542863248866387
0.02345129616498151
0.022969853221399605
0.022194343355021358
0.021231800054234508
0.020367831368818742
0.019638122828497417
0.019024741207512037
0.018931448944037158
0.01944638672568429
0.02045937127385631
0.02149620998406364
0.022478713490096315
0.023195927885800945
0.02365515073567578
0.023993642599802172
0.024173612162477
0.024239846649468315
0.024289668895076156
0.02405073666897039
0.02376386303140595
0.023044749759755307
0.022935912249942705
0.022871693451157984
0.023567077974869198
0.024013820752253296
0.024189665415661265
0.0236028527956267
0.022718878246311417
0.021910062685617647
0.021377893324890866
0.021337136776886898
0.02159250809071263
0.02146372351239912
0.02071714782190558
0.019991519267094176
0.020047085138050143
0.020694877502358166
0.021267315355931203
0.021588558156912956
0.021894484640692567
0.021981780144813147
0.021838741081606338
0.021196881732677145
0.020964917257981313
0.021091480855633817
0.022121871839234006
0.02351205208159814
0.024813431164418927
0.026203400392376543
0.027436319953977006
0.028315625929772915
0.028571811488299906
0.02853002548616348
0.028446956994849233
0.0279390859988732
0.026942260134428388
0.025997696433258704
0.0253058116565671
0.02483242466428352
0.02491814652427704
0.02519687951451763
0.025309535844795512
0.025058884245249415
0.024526429111885614
0.0243945901070601
0.02467717966053022
0.025645997153502766
0.02665381379502975
0.027195801644178078
0.027253427242880775
0.02701450823820843
0.02687944487101332
0.027154483917362054
0.027376338501750065
0.027000658300082393
0.025793944819753754
0.024000404786753044
0.022728832420456046
0.021798882924903194
0.021694901032155038
0.022328325300891884
0.02337179665762673
0.02441589062893489
0.02430192095830765
0.02352952276094459
0.022940269445722725
0.023299877972319583
0.024899406412580358
0.026687110016530145
0.027955282570468663
0.027600178184439373
0.026433764338279542
0.025393605653766076
0.02483231359203726
0.02478258325981816
0.025173743003800687
0.025645902917254066
0.026144038309025765
0.026216230499370684
0.025938872938477662
0.02531214136909404
0.024746819138099396
0.024180616380744153
0.02402241525645639
0.024221533152380542
0.024419986649092368
0.024529924587674133
0.02449146485049094
0.02455655633029248
0.02438028729173736
0.023618618322270947
0.022229725784489406
0.02112044236105452
0.020998652134328766
0.02181298710817409
0.022918348611842696
0.02374004254853984
0.023798374934740192
0.02325288309458275
0.02235192577211382
0.022229396004439763
0.02310057774809887
0.025018054776390148
0.0272708773080184
0.028953195221582826
0.029731080344161075
0.02935164346972494
0.028428961412560173
0.027067259834417608
0.02580067773636594
0.02513188419246137
0.024311666382463286
0.023456729990484728
0.02204722163699546
0.020951535931857994
0.020419773112809025
0.020847149319221353
0.02225265460330514
0.023764545388363995
0.025079631084599607
0.025515325512277486
0.025477378248045707
0.025410748250666262
0.025723243546988815
0.026430795241493398
0.026871523701915926
0.026993969684663926
0.02667772403627295
0.026239692993383655
0.025713983345176813
0.02562605569685803
0.0249759767170768
0.024089691552762887
0.022330995942198333
0.02059942332760257
0.019268698399152327
0.018669083312163406
0.01899998206931687
0.01992622879295451
0.021144911402613924
0.022660976465037647
0.02386494632507246
0.024795809656207538
0.02508076406948483
0.024841517134722452
0.0236671419649074
0.02249379720135294
0.021768050964573862
0.021842260779949642
0.022539428915539915
0.023663203935279955
0.024668664587036582
0.025515754443186673
0.025536174099936196
0.024896489453159542
0.0234923861923398
0.02166490563626877
0.020416067388703857
0.020709055068980534
0.022228647458033723
0.024564631501914413
0.02639203075828716
0.02712241745238797
0.026757376026909585
0.025947991445458677
0.02548914065059876
0.025336168199383523
0.025572886809089704
0.026155661351818422
0.026190315172766623
0.025545292460493786
0.024797815831669255
0.024970028719624872
0.025923030542449335
0.027525125795211727
0.027876116605284492
0.027122769828906785
0.025114669067080108
0.022905268503991296
0.021062008159475218
0.02036046400026445
0.02087924518118741
0.022306095699424787
0.023592577672668816
0.023905035214377496
0.023111532714404266
0.021863719038370387
0.02070435161630487
0.020447384929774635
0.02091250082718038
0.02258793161973858
0.02545527605858936
0.028320115136826036
0.029569431004021783
0.028495518984075357
0.025570702521750942
0.022841800855873815
0.02173355499951945
0.022049061941399804
0.023501676374841476
0.024785794447042188
0.025779937710146927
0.02549354864059605
0.024834151069271608
0.02455604924031051
0.025290134267622142
0.026259732234804798
0.02654553955646067
0.025713913180212065
0.024224051278615374
0.023614855915685747
0.02379199030198532
0.024768356211113795
0.02587264637281739
0.02696391097204547
0.027230576063213097
0.026503448356296862
0.025297030941525703
0.024060387191854275
0.023411864642998846
0.022609556303706337
0.02228054778480884
0.022144462630322645
0.02267758437901612
0.023656591063047693
0.02432657592135837
0.024482918160222144
0.023464519348192207
0.022689872319038816
0.022357312227893306
0.023165217978216402
0.024789533353415914
0.026732522688080348
0.027883160688086796
0.027123460373190054
0.024836272329646622
0.022325953101757202
0.020951684912318105
0.02117716803351186
0.022841528175037998
0.02533294264887398
0.02671838517682194
0.02679916469573483
0.025466470343950786
0.02399352483777174
0.022668107573031115
0.02181167985557868
0.02177920594972057
0.022222521998208997
0.02306540642341179
0.02397142832778883
0.024257284608051287
0.023788684265365907
0.022758061342028794
0.021459094385285767
0.020207516222675758
0.019382964386146295
0.018995307022863665
0.018856220801015205
0.01881442602834937
0.019035031257998727
0.019613376890719743
0.020384896848156708
0.021285060856277387
0.02206524532161498
0.0229453283866735
0.02429112782307859
0.02601005310229433
0.027429380539774836
0.027813341375706603
0.027015935901774417
0.025705731773272383
0.024611978941448575
0.02381902971444995
0.02314231333656209
0.022275754069927524
0.021508302364661742
0.021345628801706252
0.021045172919010504
0.02091778269494424
0.02117873594208022
0.021764727996622286
0.02276156722127795
0.024099437874930463
0.025697510239224175
0.027329854614612552
0.02842881096050638
0.028520710825307525
0.027857872220239034
0.026343067452907955
0.024999359689983753
0.023704082790030147
0.023151852111518444
0.02292704665695252
0.023307845813323746
0.02402981703018669
0.024537778221357397
0.02421097914770669
0.023133506673419308
0.02211719395751039
0.021531981145189567
0.02175977583909554
0.022623291506687827
0.023346077478102002
0.023170976622111324
0.021905425595029338
0.020695311279112567
0.020000458028556847
0.020651089220170855
0.022102385399498214
0.02307996231007646
0.02340050154690216
0.02248049967495451
0.021464168938158484
0.020534913011226386
0.02028963694498378
0.02092038488840513
0.021549839291181705
0.022414059444175287
0.022818156620617452
0.023467145645962167
0.024331834275957313
0.024854787108756497
0.02473365270660927
0.023861874595832007
0.02302445679039287
0.022683246218895375
0.023556716374896484
0.02527691834965837
0.027001643150265663
0.027415025636830126
0.02635488763881383
0.024052118863808664
0.02177221014954907
0.020281717244315937
0.019905108661670383
0.020380460329765263
0.021267219355643033
0.021894126229879303
0.022188113436650687
0.021853317055497416
0.02082223365771895
0.019326899805540036
0.018338602014764078
0.018052038730249746
0.018789334811433085
0.019841612972437972
0.021185646403364962
0.021982643637553177
0.021676235549777
0.020959125957378047
0.020455672518766878
0.02142285223667214
0.023234619280081505
0.025462692512235627
0.026756211161924396
0.027368250343022246
0.027239781030426943
0.026593254020036563
0.025241046918101803
0.023608560001494843
0.022261923157920693
0.020828796678286902
0.019902327276642956
0.01969317552408323
0.02068591973745291
0.021734373312109416
0.022273183591465438
0.022748426462470318
0.022948029818214977
0.023531761535485845
0.0238880539715546
0.0243402634860137
0.024148987994285574
0.023360443751138202
0.0215911257097776
0.020099489326738433
0.019063590586559574
0.018700668105685884
0.01861617395528159
0.018466792474879094
0.01807634556935165
0.017804429427514337
0.018693214441704794
0.02006022995426569
0.02102896423030703
0.02087489456388754
0.019479971726606152
0.018478818084749635
0.01816985894509279
0.01931572489199762
0.020506670728659464
0.02199848804170042
0.02284956317081848
0.023397741217431
0.022930536088616803
0.021733539183327603
0.019876299226486326
0.018763663195981013
0.018354307655447766
0.019038522289570693
0.020445996590481044
0.022529517793275087
0.024584737283851986
0.025312237726826618
0.02472316635819681
0.02310498187160704
0.021715379177462146
0.02083463699712848
0.020986932667535846
0.02170382955074844
0.02293875895850101
0.023871051504397778
0.023708529442702384
0.022369455340221302
0.020578086400530757
0.019202887624960193
0.018642004233223795
0.018475448327983455
0.018638271141006375
0.01879436577792975
0.019279660966011317
0.02011428527697324
0.020810284787611096
0.020774252642781432
0.019773383638165203
0.018768254972865446
0.018546387276540094
0.019204080498564563
0.020935362714860135
0.022868315083074648
0.024651252599703397
0.025451052852086035
0.025170457376847793
0.02394235337967889
0.022225409844185237
0.020895625296821027
0.02025204163586633
0.02026740790877049
0.020924947548662514
0.022111447234080216
0.02335419454499085
0.024682546170284772
0.02562589267395691
0.02571244665977468
0.024905403511233475
0.023365102525738427
0.021484670104856465
0.019981001779126793
0.01924465730602345
0.019361379619233225
0.019468846912877723
0.019799906589147553
0.01944426989562907
0.01918647555273222
0.018991078614145403
0.01944629778892744
0.020229360948379186
0.021702838771183255
0.023251543907407062
0.024469250473941495
0.025011800151351935
0.025055539000872616
0.024967262348729993
0.025087225122473363
0.025132976728827718
0.024653536029817024
0.024163065627004446
0.023159478157742594
0.022712389092658297
0.02229980716099475
0.0218953201351812
0.020946808370389976
0.019731810803332292
0.018982607953059488
0.018926562530872573
0.019407978362359683
0.02013132421897129
0.020884496024695106
0.02216071068790516
0.023507339660976914
0.024702866503471282
0.025409218124145354
0.02513121177841599
0.02390611060661573
0.021574853682203993
0.019092649840913085
0.017458242728737392
0.01706081210965639
0.018277056164191282
0.019915269291344833
0.02197153829380986
0.023418196026029126
0.023583112392479254
0.022318017736304173
0.019731248076595764
0.01790019455664588
0.016975400545262385
0.017912094759159752
0.019583229095531698
0.020976972517128482
0.02167760682077311
0.021893481157448536
0.02162433953478212
0.02075748404484098
0.01978891147717425
0.018773481890188317
0.01852316532411581
0.018765583181446853
0.01929814266709606
0.019890373268723935
0.020254542558793887
0.020144277714216924
0.019719976091387082
0.019496828735484393
0.02007359804026935
0.02096626024802256
0.022221185369240774
0.023157400098154635
0.023874235363963242
0.024215839585171046
0.023969730522337182
0.02337160800399684
0.022685955714113148
0.022428245608735846
0.02248471524978442
0.02223901539710919
0.021923589706433076
0.021647314806645286
0.021870544243043254
0.021902517224928007
0.022332633874865306
0.022427324840824773
0.022089155765030528
0.020634912042850638
0.018777864434778465
0.016889163005654503
0.016565023998112292
0.01755613129980615
0.019388495704658497
0.020851891566799435
0.021833292468985965
0.02257532454837126
0.02330505348961967
0.023966991829281952
0.024197926104998303
0.02438047628764381
0.024503366834405512
0.024695805869948538
0.02523256433815111
0.025664277127128814
0.025864380547017934
0.025162220910824082
0.024300441836992908
0.023211389344921948
0.022856182557096826
0.023605908180477864
0.025296376976662687
0.0274089078347993
0.028675571276684044
0.028349849725325643
0.027063336220430383
0.02590928079458639
0.025253657452641954
0.02485487554833097
0.02423803542144848
0.02341417344802613
0.02256855987061768
0.021860161877253315
0.021519492816404404
0.0211908375455205
0.02101214833925639
0.021056511887460303
0.021178792747389336
0.021177765613289053
0.021024278108664782
0.02140955223367732
0.0228313988201536
0.02479390156339171
0.026480167066669467
0.027167933229989224
0.0273249957937535
0.02753881147862645
0.027662031188439254
0.026918684305176042
0.025322858644598635
0.023106043849376205
0.022182157996363444
0.022527588380863505
0.023919542689518358
0.025031201745817473
0.024636239630992582
0.023504485015459143
0.021929145988662795
0.02118058491956853
0.021337522524728023
0.022456063449636732
0.023654195805853078
0.02429714215687721
0.02434008654829944
0.02408002343648912
0.0236614973633543
0.023039784132836486
0.02208258846247832
0.021112862038952077
0.02037297664747307
0.020321271069560682
0.020749070305869883
0.021113396628064076
0.021005992198851693
0.020850116007959458
0.021084563005580204
0.021857446469518583
0.022700630398076512
0.023496129770391616
0.023680402135700072
0.023853570116730404
0.02440693277676372
0.025828537524185895
0.027365968085136284
0.028139046154249378
0.027802864751340743
0.026577265408601527
0.025327132601465723
0.024622893844050836
0.024363746553814968
0.024499540246748677
0.024292753317740366
0.023502091508827684
0.02255717766532131
0.02083255605353857
0.019277087914812235
0.017899282336040177
0.017608960286585963
0.018702329587903497
0.020854589666278327
0.023442244253193804
0.02471331781619021
0.024423762597004312
0.022609559326931095
0.020940607762296122
0.02033076321006731
0.021066624732289145
0.022255974270167265
0.023511381656921647
0.024378648880307576
0.024803793627444837
0.024432986599135502
0.024187584315321874
0.023464905005937276
0.022795602047179758
0.022169473399678417
0.022435872517694782
0.023790379346007685
0.02562537421269889
0.026938427680789963
0.027089183628871742
0.0264630321438655
0.025589922259144447
0.02518306640666293
0.025355427629065123
0.02562079247108579
0.025016933480024754
0.02385872957367723
0.02264679321815435
0.022250262700497257
0.022430677266798607
0.02222680564965973
0.022411544862063194
0.022694163534899215
0.023810960230682725
0.024466396600817508
0.02464712985543888
0.023793780167792
0.022298583069133265
0.02071727465440631
0.019737036703199456
0.019594852051293066
0.020866811072114737
0.02255636453206569
0.024271280251079545
0.025283143904068106
0.02550611194306949
0.025469122644142736
0.02562491770505334
0.025609179342139236
0.025494431488304194
0.025326512292838797
0.025702741778376566
0.02650038946509567
0.027124730532159216
0.02637332572005876
0.024304602176310648
0.021840317561769438
0.020680396914100525
0.021091343396316478
0.023054817800260696
0.02488840241691202
0.026061418598824236
0.02585366428309067
0.024507364904734694
0.022432599831563493
0.020997998838147718
0.020679525151942213
0.021676926961820372
0.02285011757357076
0.0237768939089089
0.024335334965739166
0.024738464168310506
0.025200199850372973
0.02509612205729924
0.024902267463128666
0.024557593888454802
0.024280668279376118
0.02468127830672
0.024857867083350853
0.025317077918470904
0.02566817078340815
0.026029695873946275
0.025876329466864925
0.02526983572752169
0.024846522931994727
0.024921406138680855
0.026058236965939657
0.027841541168525365
0.029555196760784358
0.029850865583197272
0.028526563255699734
0.02621395034516167
0.02387028967164754
0.022591630519095948
0.022132229259969778
0.022333429576130166
0.022392644539329407
0.022396351708954255
0.02243328638779886
0.022792625425156282
0.02294020079108422
0.02244184418408786
0.021558672200987755
0.020645948323926584
0.020788595479720538
0.02177726082558354
0.02371884285479805
0.024844538763198778
0.025385680067603843
0.025130491224320577
0.024399323033426637
0.023494494602485042
0.022863672328072685
0.022607239354485324
0.022945193270486806
0.02365308133424077
0.02426915664594072
0.024785243660007835
0.024937714973272435
0.025063669589894828
0.02571267741615652
0.02649322519496689
0.02741371321327284
0.027145584414077766
0.026098977214747902
0.02510110297853089
0.024513266129456132
0.02430443313684133
0.023582143214901978
0.02304049843645472
0.022170474903614838
0.022007658423186097
0.022211071060085442
0.022724596249828193
0.022977269685705917
0.022697366018735458
0.0221547843471047
0.021317861308179423
0.02078862938033285
0.02067890755163579
0.021266309686306616
0.021699147144596073
0.022140674775913048
0.022638004773439264
0.023894563894325545
0.02589850521284688
0.027947867229252462
0.0296047379334567
0.029378121758457415
0.027198115140574915
0.024015408073985868
0.02164499524344228
0.020916918238612487
0.02218184075526926
0.023740404373840316
0.025148685876801757
0.025690422426826724
0.025932427187959566
0.025794836550384392
0.02519958610944255
0.02361384101505554
0.02161265509474014
0.01997601305897959
0.01937361469799854
0.020111366112390484
0.021585935295252368
0.02313493441935646
0.02352226656130454
0.022285860498535023
0.01997420724535888
0.018037902839397758
0.018149818103657053
0.020156852476786773
0.022978982057968035
0.025303773986833894
0.02588148805390515
0.025142387740628387
0.02371386884104982
0.022416101692316837
0.021875705600027922
0.02176740677680105
0.022635612136275934
0.023430278296923665
0.02433289838079159
0.024744685468207413
0.025042306725781612
0.024855869969629033
0.024572063559788804
0.023725391924343718
0.02256812850982339
0.021830254608201066
0.021799667924339017
0.022370446471664186
0.023195774654667347
0.023990231938171982
0.024419833850942402
0.024718315438337534
0.024216925891328733
0.023375161896988846
0.021539395913374667
0.020446070344870348
0.019907014565669446
0.020682362467615834
0.022204365693777237
0.023320973372772027
0.024207508536683263
0.024064774652781357
0.024122793451145697
0.024272141234690042
0.0241062464861178
0.023699494803444295
0.02282758887738088
0.02255854839315857
0.022958722261594816
0.023977044135735797
0.024729808665541607
0.024768183118901447
0.023411817803668633
0.021677816161746997
0.020301165517295015
0.0199421295185467
0.020244060053178498
0.020892055018274742
0.02185135370908565
0.022689067750825676
0.023250452614831718
0.023890263967238794
0.02439681115689644
0.024785179519653464
0.02438992096533389
0.02326616757884231
0.02170717392822135
0.020644021872000606
0.020224193452652358
0.020679480739453703
0.02118577190450627
0.021245340786961813
0.021042947131730112
0.0212718050051298
0.022140589782747057
0.023372669149279747
0.02495628777840547
0.026208212502053185
0.026705167952574594
0.026023519512505994
0.024677572915192677
0.023480847088427133
0.023286453968801572
0.02405504453182882
0.02483940269006514
0.024795683635938287
0.023831081227256447
0.022831983447068327
0.022292164397975944
0.02266301202806009
0.023775890135851536
0.025034608540100103
0.025628698265024327
0.025686404564607933
0.025056244361316773
0.024493318171816474
0.02383283643951349
0.023265226971502243
0.022756112879107372
0.02224046224437448
0.022018097663059587
0.022446473398685312
0.02275868921921358
0.02299289179252168
0.02219465133646206
0.0214522077588523
0.02046018992809512
0.02035807059029204
0.02087193153621033
0.022958455022879794
0.025867282032332507
0.028304168152152344
0.029664083786820162
0.02953904202116139
0.02901158714235281
0.02821858796246631
0.02701540764698254
0.025633751611439534
0.024252972676394646
0.02400631271866944
0.024198392181158393
0.024556209943707493
0.02470510978438775
0.024416342655778554
0.024148543638907186
0.023591122229925047
0.023264274775169597
0.02237968361776891
0.02180698553715661
0.021410367169652264
0.02202492811332775
0.022553315481173272
0.022680578818620466
0.021828011997134515
0.021100431110949905
0.02079930036539634
0.021441248973535706
0.02253358503774684
0.023960953007230026
0.024378549613809142
0.023666361245444304
0.022066370122273506
0.021084171090044283
0.020806814955178696
0.021693935109175264
0.022743160890073146
0.023890220386638603
0.025020219562331053
0.025852522430827057
0.026401914495252116
0.025866880150410474
0.024231652462619102
0.02237206463153599
0.02107972554714803
0.02149704876437728
0.023100502106918722
0.024881410694036432
0.02589124997539965
0.025377451707142767
0.023608094222554915
0.021740996774328846
0.02011098730914703
0.019639460796912644
0.020106323503714416
0.021670442431867974
0.022911711192089047
0.023349594503745248
0.022470945491221278
0.021453487017661445
0.021048031858135693
0.02140520529912162
0.0220699059556747
0.02279533795749689
0.023362013311263138
0.023239195848682583
0.02237602458548553
0.021314259710746082
0.021013075695147737
0.02219013126950701
0.023841882059491934
0.02525990595847787
0.025509930345370965
0.024671909400804715
0.023514967956575754
0.022704543714105338
0.022466261070819074
0.022233356991485306
0.021959466532807437
0.022037011411072546
0.0222722958055736
0.02252604115261238
0.021893542775454577
0.021064936093027516
0.020193451337713834
0.02015454940805455
0.020927811034456945
0.02246101156310735
0.024713673024488333
0.026594013995782925
0.027672191804663827
0.02681709961073018
0.025047063999333846
0.02290378141182513
0.021440437946138095
0.02027345262324496
0.019704809725274223
0.019892665244070094
0.020558937575958294
0.0217554113593568
0.022595865255694323
0.023055005522399964
0.02337667877571298
0.023872710456183402
0.02477642386648553
0.02550794125615053
0.026495152781327136
0.027304041746398177
0.028472923744313067
0.029175901291356606
0.02970951328765074
0.029468606461857505
0.02844475269630208
0.026959520939528834
0.02545864657446184
0.02449386175999023
0.02372083990070316
0.02327671865629655
0.02300617512723284
0.022299035070778406
0.021361462980569366
0.020281220754247684
0.02028148462344583
0.021241360719903193
0.022348069646652258
0.02280438707272985
0.02214709578385547
0.02132052538453333
0.020655865771273603
0.02091254563066382
0.021852729627147235
0.023116801118462958
0.02355891339342304
0.023482182929225635
0.02272770200405418
0.022568033237498022
0.02263289514650078
0.02311129895811292
0.023272621404182035
0.02294544128837343
0.02249292550917596
0.022071405074270047
0.021704595498371393
0.021063808977907085
0.020888596901558518
0.021258443980190056
0.022536323168507906
0.023933472587406607
0.024640941305853332
0.024804431774306638
0.02454989772185107
0.02495942205869361
0.025207165327651895
0.025302736509347792
0.02480078710611274
0.024054487116203237
0.023585199150270256
0.023756002509996193
0.024047896296006458
0.02368738399673134
0.02284730656886273
0.021870193689265002
0.02121917680424902
0.02099057896161064
0.020884588477385304
0.020737048019510183
0.020824034890931892
0.021121348844994413
0.021600921852664216
0.0221265622592246
