1.1742324973860241e-31
0.04531911067106193
0.10995579735384733
0.16668354829070098
0.1990740656118241
0.2547240442129171
0.2805877353605352
0.32505618490564725
0.3552528303969775
0.438567943330157
0.5325182478547594
0.6447636524589733
0.7187119059970981
0.7334145260098075
0.6696843744009855
0.6293009338283427
0.5880315881336197
0.5436517388811145
0.5559259678569262
0.5703167277419993
0.5793476186584657
0.559365168268616
0.5134656589067769
0.4580533521933892
0.4056412745150274
0.35741734446131646
0.31299188996549976
0.29755651371362013
0.2869783544646402
0.2872225877129945
0.3021728774447456
0.3150020797090708
0.29924940571086267
0.303734729309669
0.30758616402601646
0.3192987181057809
0.32131421052210224
0.3283477857747507
0.32485810941086846
0.337140684155893
0.3666822162477017
0.40544081624859335
0.46459258834704475
0.49140932373609536
0.4826281930512132
0.4734322707050336
0.44764978640800673
0.4548723273638469
0.433326847276784
0.43234493881789654
0.39687387309797056
0.3487584831210309
0.2935612634835149
0.26700858517545245
0.26736532375498334
0.2978312672103669
0.3243993331841925
0.31356299358208267
0.2827849066936932
0.25250357202952206
0.23352953960052303
0.24465828382382493
0.2590928589735699
0.30201070325338575
0.3326354400306582
0.3636479780063654
0.35268268735659003
0.3402024520564185
0.33415457846528174
0.36096921718619435
0.33485993633959277
0.35880552282804173
0.3472638184474144
0.35908229022201704
0.36801699348083877
0.36664007628301165
0.364455804922761
0.35014940438604797
0.32762170199964397
0.30320808416959905
0.2810115062094121
0.2994265922285971
0.3207989861709402
0.3568744885686466
0.3490612032284079
0.33464830909685916
0.2973347784763254
0.27809028332004865
0.2616727469825057
0.2712659368639683
0.2861885879497197
0.3322587333687272
0.34455794399098866
0.3957174442099839
0.39130217329565814
0.41482566265249016
0.3890753084618082
0.3789408527458838
0.3623327988314385
0.34053097863203285
0.3020831589144856
0.28223302571153785
0.2804102615209741
0.3035368845567504
0.303977230226067
0.32608123018908874
0.334208313113192
0.35690031841931846
0.3650569820086352
0.3621362587306108
0.34276358350929453
0.31352085982714545
0.2886664858757983
0.2883778427098271
0.3098404775426251
0.33814014589584984
0.3370944742849517
0.3294705381548507
0.3326769403440039
0.32763446036490557
0.2977761649384074
0.279217727033932
0.2755605086966998
0.28195476564434835
0.2882720000816724
0.31175927815980503
0.30858616208487916
0.329511684015977
0.31170782910202605
0.30866447239159844
0.2911741226136083
0.2973935729001734
0.2628409462041781
0.25563310877964707
0.2646843640568222
0.32754577563861725
0.37017167590198385
0.3749075555109332
0.34477148747508407
0.3412232825960333
0.31159749193710756
0.2910949347145337
0.27270499892015604
0.27126645286308315
0.26402205526403827
0.2715691922626362
0.2921462867145467
0.30519532751765904
0.2975117208051787
0.2933886483575155
0.28195572844773276
0.2749117572856745
0.24533812065936283
0.23278088060296648
0.2487093854456311
0.2760926325962286
0.3005595191068316
0.29287584529888266
0.2828368152253581
0.2837188134222904
0.3005945908699405
0.32917651524746455
0.353983140116182
0.3880085970623448
0.4251608584615362
0.43752112301526863
0.44573765754458367
0.4128874626024425
0.389181314925826
0.3692791219618785
0.36406274734780353
0.3348366353639674
0.31340497639472253
0.28633173914946797
0.2782523438674378
0.2712619922164556
0.28797892068697895
0.29174536726339956
0.3037239589442118
0.29446060712189004
0.3104825103398844
0.2808830640370538
0.29785702008513454
0.306758655439904
0.34034689202780116
0.3308369690040659
0.35971913405824735
0.3594304794940858
0.3882778036830944
0.396323590314245
0.3889708696554728
0.35085483483386376
0.3151488715215307
0.29472623247810015
0.3115768061337073
0.35935687532179494
0.40668308346438514
0.44627683681916325
0.42923574804798953
0.4034743284685615
0.3698360192161882
0.33251134844744995
0.32971023248788384
0.31330977879534755
0.30726620198254784
0.2957972331168697
0.30045800779206167
0.3049531361613025
0.28845973521824997
0.25897455395844365
0.24272665990274947
0.23610781370771527
0.23579539700410815
0.257497910186361
0.28716265577701416
0.3071747879946835
0.3325312184822305
0.3383387882525302
0.3556565360734902
0.33060446308344754
0.32851018779750923
0.3140680467343619
0.3234208034363209
0.3172784327193987
0.31249131203925107
0.30511560649592356
0.3071451359276517
0.321945544276343
0.31365623281261484
0.31351857062822375
0.30272828643044364
0.28230480244585815
0.2839725981008319
0.2952492168396181
0.33913202443063645
0.35794002990024376
0.37328896622859886
0.3533954839266642
0.331144335750494
0.31099675450714936
0.31256033793414706
0.3078975251420802
0.304945936579162
0.3035458717455527
0.3232753829580173
0.3348059909491739
0.3694404948215955
0.37604572596345814
0.3891697117556779
0.3615000978428242
0.3567690825517499
0.3362865475465596
0.3183484028991378
0.3032417327039787
0.3234207793031653
0.3495139964959859
0.37314158383495943
0.3550079264021202
0.3289710358353311
0.3206591796458513
0.2943361345652001
0.2913505983893317
0.2899201727339747
0.3205188232501106
0.3377661917967772
0.3533897810384535
0.34745665167928497
0.356176030460156
0.35755803887437915
0.347940950380727
0.3279767137520038
0.31976731930356167
0.2986011165849382
0.29678131354587794
0.271216987622011
0.2674631575052011
0.2528099652713839
0.25995963173310654
0.27147972649092933
0.28711681614517387
0.304994046492902
0.33436990030915553
0.34920563222502465
0.312450260465558
0.2691800218254166
0.24570996873695403
0.2588199225630125
0.27764530335672355
0.31661093116224703
0.33773758713324414
0.3492090027156268
0.3424909436220583
0.3369645791951608
0.3132452935560435
0.2994862166866222
0.2806618154638719
0.28979250174826876
0.30990609129391317
0.33212861520947645
0.33656376813483774
0.32697463839943797
0.32674817702464537
0.3170209009923917
0.29436590474408114
0.28550163719756194
0.2799059703825958
0.2978285910851961
0.29500473569332464
0.2922440720314576
0.28680999317556016
0.2825261723421666
0.30348230069651166
0.3197190731385713
0.32667888357364405
0.3139736768209688
0.29554272118265207
0.2644863114911609
0.25813965723948107
0.2636755788436782
0.2975419086472342
0.3169016181206444
0.3065627156312584
0.2695032467053465
0.24641494497558805
0.25351053114107847
0.2637818052247919
0.2832511231348491
0.2991146167391233
0.33111668942292
0.3426371931717628
0.3526315825883194
0.37720241484306516
0.38621370504475777
0.3823447492992252
0.3687736352022126
0.36109815405654544
0.34318561252536406
0.33955897330356755
0.3317487521808663
0.33202893431507635
0.33229260234542246
0.33721320999276466
0.33005571284572344
0.29794733693954234
0.2593943697939619
0.26603522539850977
0.3007692165155644
0.3111096990683619
0.3361376399731081
0.33151025220834285
0.3656359427892537
0.3368532828143527
0.34461110683558727
0.3352229044511094
0.36018489348921695
0.3688034378681191
0.3868663090204458
0.36967750110962005
0.32786674833450613
0.2610509057195785
0.2421623061810242
0.2601761343428487
0.28026927785031724
0.3083224679219627
0.32124946076233485
0.31802512411842687
0.32214220421752904
0.30989835936985555
0.30003769610769493
0.28403706617801944
0.29627237180840454
0.3136110324912306
0.3485672349919962
0.3819158117174751
0.398950298301835
0.3401399195371258
0.2973036643104665
0.25423597140338877
0.2521901813076622
0.2649873261668944
0.28150988976811575
0.26825326650270054
0.27673800443580887
0.2864265205003071
0.29708696439753207
0.29647297897834024
0.29694735919256765
0.31381618083891083
0.3107384512225039
0.31952090207131845
0.2987207427224132
0.3032208416891831
0.30785155681980264
0.3294579339713911
0.3516243538079394
0.36773370384332954
0.3951704910297106
0.3707507786917103
0.3355042414462197
0.3176278810867822
0.31405750391022386
0.3374375259023864
0.3322464055710417
0.3543597850264941
0.35569577613487163
0.37798897712311785
0.36883042848181424
0.35808475999142503
0.32863481111825615
0.32204992431500473
0.30308469040228575
0.3114481330435296
0.3092495441000882
0.3398058654473359
0.33828341169777365
0.33957564436118387
0.3108785889179942
0.3090059712107579
0.3107181357231742
0.30935182163123087
0.309801929441399
0.2992967049688503
0.30832097394088304
0.31894479554761346
0.31305375744969943
0.31439512421805027
0.29410807072411105
0.3084672312994085
0.30481507258250395
0.33996722950496233
0.3775292303788895
0.38061336934360984
0.3764894270607351
0.3456290082979914
0.32507707113490536
0.3271225526376132
0.3409624190348941
0.35184758457467064
0.36474236491442
0.33815073114577104
0.33140446892925096
0.3069269361875147
0.2777312299451097
0.2724654397059817
0.2640206424112305
0.24899271881373106
0.23532410012879268
0.22895937120912646
0.23396724868971985
0.25233544767502336
0.2718515116775026
0.288994847504865
0.2827127358312668
0.273710745141625
0.26044283511183497
0.26387115155312596
0.2917585950260072
0.3372131673308936
0.3766530602566032
0.37375597642697483
0.36205858276774905
0.34712381842635187
0.3238885783397314
0.3167766479849851
0.3352193217435997
0.36605815071443115
0.38118954844799896
0.3986036139088071
0.4061316363216049
0.4341480789808667
0.4029570593980604
0.3691324643193768
0.3274326750210358
0.2818048494010585
0.25652746328350273
0.2695728133261801
0.28935573284285604
0.29749404398242596
0.30377814368460637
0.3088481140446316
0.2939253170635874
0.28101171922625734
0.2862515504212752
0.2852330405303779
0.2844446123613821
0.27871581907912313
0.279726132033933
0.27237541749983035
0.2892329734193206
0.2945690727609418
0.30506068063398545
0.30421860358098574
0.3052692444468457
0.3169354726938146
0.3524646538640947
0.38691244353140536
0.4154120557510828
0.39266740791390337
0.3542493905129836
0.3015468615068602
0.26248511827212306
0.2494126548697152
0.25671758485441
0.27635854212800237
0.29785931632474383
0.32477267468448934
0.3270437337918742
0.3206879039794016
0.3055386628503568
0.26288566415454645
0.2421923081436836
0.25229783815792084
0.29681997830682627
0.3469906104780005
0.3607119072401624
0.35875087076475487
0.3360822221233729
0.30840737443292465
0.27530004804946273
0.26726910525887715
0.3060941845484621
0.34756529695440974
0.40036730579659446
0.4543181827358337
0.47467202429797706
0.4550861087583076
0.419020143468172
0.3960597353280166
0.37620331940293883
0.36655800539062444
0.3543714611325037
0.3321403776232326
0.343648330799503
0.3398820397801454
0.3403612082067698
0.31007231910173727
0.29873347717447896
0.2896383260452797
0.28330293431227116
0.2731651241680119
0.28296198383023263
0.28525563737370135
0.3056437284244002
0.34249604596668265
0.35584076763216727
0.3423585981567833
0.3394193310207672
0.32563180162490385
0.3494496917535416
0.36449440288827245
0.3853269344993076
0.39257824544420594
0.4008583916279146
0.3923492631520346
0.39170525954896795
0.3865047109383565
0.3986878972384814
0.3997729642908429
0.41841169097180636
0.3753226525054643
0.3411880889485193
0.3205503594484107
0.318619866687835
0.29379911907769884
0.2876315440664004
0.2730248566986269
0.2923220886409799
0.3050144022775248
0.32696954438840187
0.336719391559796
0.33648576444639755
0.31476513160554337
0.3237791786923178
0.32785087101912175
0.3158842941569118
0.30526918526109065
0.31362866503561393
0.2993551821770653
0.2933478919309869
0.25937622922835724
0.23562123166185273
0.23591621774477703
0.24026542781103005
0.24843305597323753
0.26708743544172775
0.29380580547582785
0.31183944058494323
0.31307573230211944
0.33008851295165065
0.3530731721699798
0.3520888302309795
0.35899272131919907
0.3311028685655332
0.32965758359341596
0.3038403746552974
0.3034806013714324
0.3057735430949002
0.31539942870588517
0.31513225103590725
0.3217555716879146
0.3301402803790424
0.3408851057353612
0.3443227004423953
0.35135420141802115
0.36167259867419804
0.3489328161697254
0.3081907252750616
0.28971444922568773
0.2795560128230602
0.29920249311144803
0.3130770351890113
0.3129871268182822
0.30403606267968614
0.31229262523291995
0.30971844604656223
0.3146281576195803
0.3097233869326029
0.30045132117511386
0.270088587452499
0.26246398903462587
0.2578093513165763
0.2747745655947843
0.29721453326956937
0.3161128329872039
0.323711707457754
0.32052986173780507
0.3162022354123709
0.3059542534216937
0.3088384422610044
0.30073553655729346
0.29917644408139776
0.30111729511072105
0.3126505410219528
0.326252552233211
0.30664053082829007
0.2958843933977201
0.2688961941074023
0.2658134768768086
0.28253933566090284
0.3210741877364041
0.332057208324328
0.3713058704025689
0.36999646660768115
0.36822023809824056
0.33814549059839416
0.33406793207884106
0.3177730744369848
0.3433552530002473
0.35794495709824714
0.375128705585195
0.36587760867850877
0.3276082141201402
0.2735607111155623
0.23859635447118258
0.22514163133250195
0.23200336841805258
0.2605095833496353
0.2859422756584972
0.28841723825515175
0.2572150010950653
0.24337090693125177
0.25444317622474927
0.26343188477588453
0.256347282965488
0.26925102530932254
0.30207513352376636
0.3379985734883104
0.3694702547674794
0.38079137992233086
0.3694173672682065
0.3574487316848461
0.3382988420218251
0.3394974239922463
0.31175515661251074
0.31592426126741135
0.29963555568626327
0.3022691302491013
0.30196120510485963
0.32753266002790715
0.34211286344290137
0.34656924117561977
0.32503955994618156
0.32356136906292654
0.3241273392943144
0.3325839552735396
0.33887452677873586
0.35037836615638684
0.3301467393636888
0.2960024842729429
0.267465636401782
0.24964242367529538
0.2537105903280634
0.26560684816285124
0.29685752990850567
0.31425286528614865
0.3255082396169434
0.3447641927908277
0.3696999578507235
0.3798686104843539
0.38555229685909886
0.3540684997602285
0.3335257975260392
0.2804258425301615
0.2587238568042314
0.252582811580539
0.2761045950140016
0.282748780392569
0.30689987120718853
0.31680752927594624
0.3277568635115031
0.3255916513440557
0.30561627911061845
0.2840824168741987
0.27782745572374457
0.2748470434030078
0.27889482791382236
0.28137971033990333
0.2917689046052011
0.28356245754694565
0.29106482290174834
0.30376382598128976
0.31739477666030774
0.3303302294228217
0.3471757896557614
0.3516730632214098
0.3444831483143515
0.37376937418129913
0.4070470392365609
0.4289592734718426
0.40941326049145793
0.35541736510335753
0.3061232897206744
0.27917743617799184
0.28521508339802953
0.2977202730114618
0.3350269511363053
0.3562565711641226
0.3395520315460429
0.3417027428286596
0.3274729554603252
0.3098306153688345
0.2855144938310811
0.277537427022356
0.27997551036708646
0.27606532645365406
0.270425660949619
0.26968900414693103
0.29552300646557
0.3302152900686921
0.331891023863137
0.32300167701046834
0.29684664513989517
0.3171731985525042
0.32424236255525213
0.36938477672007997
0.3865729263360703
0.40724003230135375
0.3712184672658191
0.3471655043100295
0.3059854887954603
0.300217580446513
0.3128891801312333
0.3296622198901771
0.3560360975373781
0.40281247338417286
0.40018516656600117
0.42369033348165913
0.3558788465388607
0.3198630724860876
0.26565746429703035
0.2726961299298673
0.2522027116443568
0.27106989913706686
0.2695437076103521
0.29572912223561404
0.29275743097174883
0.31371914015432506
0.3319377005324971
0.3605221044677384
0.37369635034954896
0.36215754894207164
0.33774925829669095
0.3348552020424166
0.3026153584177478
0.2790685898965264
0.2791172482290135
0.30140220172443133
0.3330189755441597
0.351496831060366
0.3621428332959522
0.3451515340218569
0.3302396241862438
0.32748778410884627
0.3181169776046859
0.3218956663562844
0.3095598359535173
0.29269156995255574
0.26377772178771053
0.2502902922545433
0.2384895981601188
0.23410444015530069
0.2406582852739846
0.273723848187697
0.32576971965920554
0.33728507268914937
0.3598104643631831
0.39098561269409127
0.3939189245773811
0.4264938760598223
0.43501341443194236
0.42519374073619626
0.37548252318223035
0.3461933240813624
0.34465954863547865
0.3193561287685006
0.2843833417120386
0.26036694585198306
0.2548952610122333
0.2904673162186012
0.3221542144486863
0.30016855478767757
0.26279459672359295
0.22575518488538873
0.21589239943164906
0.2155443935382971
0.24104256989786568
0.27095694537607456
0.3174018647457397
0.34946059100884885
0.36841805802054695
0.3856405926336785
0.3891606756430669
0.40647096950002803
0.38173028165942685
0.3858453480691973
0.349381621420671
0.3503315106342162
0.36318448120490865
0.3557315174379658
0.34135397426975406
0.31274917643888295
0.3129508961158724
0.3388074193040693
0.3554178511588411
0.36319053841666854
0.35368888456669884
0.3473258466955415
0.3273335334074814
0.3065141398122558
0.2842405161397456
0.30550720526445774
0.3052282107989012
0.3208526683489499
0.30645858802964343
0.2963219742541128
0.2832526864414095
0.2891484365747918
0.30543532387230693
0.30890408938842767
0.31643619175414256
0.32488989638496474
0.35491797400027264
0.3628420297314011
0.39274452661942094
0.40023360029105765
0.4051126733379453
0.38830618398604133
0.3635010228784638
0.3650328477246535
0.3821014013750458
0.36826163323425026
0.3662249479216556
0.35286048678215876
0.3328763170437567
0.32465876141157746
0.32442406322268247
0.3268317555511317
0.29879284048823107
0.274976283272293
0.2873281180435878
0.3116589148873487
0.3243874188991351
0.3205003620702171
0.3461875381127543
0.36282062248772506
0.4071583656662758
0.42422284926475473
0.46503647846312385
0.46946664026402557
0.4639678086855215
0.3914399730270349
0.35556848971832267
0.32668425408104
0.3436649035971899
0.3243038917095527
0.3547366682211085
0.3524767518727803
0.330390151422744
0.2761485798190948
0.24703519577859
0.22828982497345085
0.22181831932868776
0.24192005327865615
0.25709124798257477
0.25247341193842676
0.21776514179589146
0.19698839620454217
0.21112829596284427
0.22682586599637472
0.2567568642572871
0.2993126918931642
0.3235464067044684
0.3502971419756921
0.3591205116452524
0.3659022796751026
0.3581276520493245
0.33701516523271174
0.3342559884533038
0.3173567945347413
0.3073601852992941
0.269636255326118
0.27236258398241164
0.31226075373390766
0.3549005493343291
0.3740306353284111
0.3515316838745802
0.3167671439820617
0.2953512694322401
0.27188952541769595
0.2516889316669901
0.23133922036407484
0.22310720198545547
0.23265381226747972
0.24402056904851252
0.2678190855916499
0.2991319974368428
0.3159457083340047
0.31692517799705644
0.33572732242758047
0.35156681415108726
0.3609311162082253
0.3730611209258754
0.3735367806374096
0.36246568504859994
0.3271149342209576
0.2930957607750922
0.28201109148118925
0.30565504047449554
0.307310099616968
0.314493188402145
0.3083351995473982
0.29853725306306106
0.2886986679946573
0.2823441084926001
0.27568153878770985
0.28124808957733793
0.28099176795483305
0.2837953374591973
0.27473504164518137
0.2718126025711396
0.27743763362123397
0.2697298011076967
0.26240642335716236
0.2578078870326598
0.2941405349930401
0.32582938001136474
0.33643338948507456
0.33521632149967473
0.3588817010449112
0.3783737816057126
0.3992354339454123
0.367895490545859
0.31195290604510956
0.2856156637087913
0.2753175478038874
0.29228964545626623
0.3096722385896586
0.32369250291780344
0.3309319844621489
0.3174546855714046
0.3208347150576526
0.30388639667705025
0.29631817828990026
0.2762689006254918
0.26368140804227885
0.2862609279826382
0.32764504984954773
0.37641194529119226
0.3862925326476664
0.36493842312396463
0.3172543428588531
0.28354430259154895
0.2810154829961466
0.28937055554900687
0.3268145016131321
0.36162441682266694
0.37721165018257885
0.3889655715820723
0.3675384006048676
0.3497952440964527
0.3283375142566592
0.3527227894413226
0.3552902362304781
0.3651974168498067
0.34311173733705114
0.3259262084756155
0.31875392126488433
0.3160697796253134
0.32461564234268725
0.31444736851519745
0.30516392192275865
0.3081795630826319
0.3120918363281639
0.30944146282714013
0.2916730439409317
0.2773554360158373
0.2734123517560576
0.27043574088599476
0.2682089229459691
0.2841324043273698
0.2954980534227791
0.32243718251817266
0.33130019359426477
0.3173022086747918
0.30130157587998324
0.28876578862679614
0.2796359575840905
0.28148868400744786
0.29511121021631187
0.33303249867952106
0.3554844849361904
0.3541591822267779
0.3505960886647004
0.35121677750746844
0.34980356618908887
0.3856295160377855
0.35825572673182465
0.3472613132420778
0.32621100916832835
0.3273373220893835
0.3163774553308812
0.33993772198309435
0.35484072862543886
0.3755642327281658
0.38383052357065583
0.3784009966270475
0.3526472273424979
0.333309779902433
0.31807328005751295
0.31336760991319607
0.3271683208442933
0.33642725185094224
0.3407929597734733
0.34255085398890234
0.32723538090869203
0.3344565199606845
0.35819265071719064
0.378594002696642
0.3665066907414558
0.35221120073891954
0.32731818578107386
0.31776030094346736
0.30647808361788154
0.3076330983910721
0.3073351011749946
0.34117256255261347
0.34225737593263267
0.3586848322906521
0.34988822494469324
0.3540474025930448
0.36912863232049103
0.39324224035628924
0.40332400350423386
0.3961660399344483
0.3519013608718492
0.3095422813294927
0.28764495895774345
0.2754576847475341
0.26389944892452916
0.25262466630757313
0.2557702368743809
0.28587614804523886
0.32332960036229924
0.35173410645293945
0.34175380446990283
0.32559569737200833
0.3284042232668528
0.31436690019642405
0.30755777929111555
0.29718253429557917
0.3065739705108922
0.32027686613458584
0.34945366779087034
0.3704410590795317
0.38796242863424396
0.3530055946509451
0.3518248285029017
0.33886117628861656
0.3463813938523623
0.3438861892143116
0.36391954389664116
0.369917695456168
0.3583304217891381
0.3354351270567128
0.30777498732633074
0.2667670886407029
0.2375629775227002
0.2560202250626135
0.3046700562384642
0.3437997094443873
0.35313922622914184
0.35436529846174664
0.3431013846980838
0.34713985170394357
0.3425870667927404
0.3659711955856564
0.3891807011583099
0.4426600335147154
0.4773192203217416
0.4938765460309747
0.45417884320076535
0.4057557106713166
0.33877688709042897
0.30916009971127556
0.28969567983016586
0.31563388701339223
0.33016338657207844
0.35259719473692147
0.3563302473985662
0.35239181899798755
0.33828465670604513
0.32784930008114466
0.2994623490533316
0.27336729555149974
0.24809332947434667
0.2719764833288984
0.2867845572531996
0.31601738887498887
0.335590488483693
0.3293197647745113
0.34094489187065485
0.33898685293516334
0.35500614445159084
0.35226179666184426
0.350150789857007
0.3357701897755963
0.3189993758241652
0.3307554648668173
0.3339807260789784
0.35158223412806466
0.3415377041390776
0.3233638012209902
0.30363618544903304
0.28799718774713307
0.26696196197894
0.25327334152503694
0.24226421437157733
0.250986838508889
0.26240582204124585
0.30484487097095797
0.3223528836072766
0.3351399296296382
0.321099999160936
0.3215078561084977
0.3189711826002099
0.32664875045300107
0.33962108903958144
0.36320447376381565
0.3666352154888778
0.3777328870966615
0.36295238600799795
0.3782846287933476
0.37816071241942056
0.370879963687044
0.339177384110745
0.3267355358729722
0.3284968978413121
0.32555316517026867
0.3196313964024857
0.30458332157051865
0.3083477110939846
0.3304432741426367
0.3349695583028018
0.32345929899052156
0.29785093097031123
0.27529254287665184
0.25804746529096095
0.26348150457725295
0.2696197915177529
0.29339821834112034
0.3109107214717562
0.31146925028251354
0.31598461807240164
0.30587097752707587
0.33071267739537585
0.3491792987175286
0.38816691624416527
0.3937979267825159
0.3855580440731219
0.3733739210967602
0.3644831183986365
0.3559078796163215
0.364693022830858
0.3671484577442324
0.39005613832917074
0.40031462662480927
0.39494469222108786
0.37175298096877224
0.3452525056324477
0.3161119817615337
0.2986285325099151
0.3196468388785051
0.32189925996581514
0.3150749943144704
0.32617946261324293
0.3285624694334116
0.30652590532916485
0.2846964955560463
0.2689538597463365
0.28000054313069095
0.31345193648094444
0.3475118401594096
0.36483254724070335
0.3396913975302725
0.3225240249317808
0.30787337287637645
0.30422582943756815
0.3146441072107635
0.29018861523109746
0.29745025381851187
0.2887191219487051
0.2665586012395951
0.27991247495294197
0.28963392063860005
0.29328820290122737
0.28296732835384725
0.2727557455185433
0.2825843721867837
0.29300275926973385
0.31603664920739455
0.3378730345935418
0.37115151351533343
0.37629646379913356
0.37984749202091134
0.364097151210866
0.3299302722912924
0.3050531167980079
0.28584806478646135
0.3315841840564761
0.3531002538868009
0.37857852229547617
0.37559813971120376
0.36171062596365106
0.3590924027092698
0.3428409496363967
0.3255472233351054
0.28753409718322737
0.26514649267537665
0.2683497397199595
0.2935777445920617
0.3032136698143278
0.3022137283375284
0.28911456481023207
0.3007916254467239
0.30029578553252756
0.3021859181180755
0.29180313020688176
0.2587413739409051
0.22130621448831894
0.22659945578807109
0.23916139877512868
0.2815908984744932
0.3450695781230998
0.4089327798011571
0.4557043533894579
0.49716965091109405
0.4629631907047626
0.39514530476413534
0.3217458872130679
0.274057190014107
0.2642898302086016
0.27122478345837087
0.2811745204719908
0.30074300157984835
0.29911969644433395
0.28143512933457143
0.26912626873297335
0.27976420361358584
0.28014509865813403
0.30702798495342654
0.32139406195153186
0.3394626086076432
0.36941433746505237
0.408062795704207
0.40458599294654884
0.3840821965755361
0.34748334852454543
0.33437395477980075
0.33047860682895003
0.3702614948561937
0.40151418922956184
0.45409137670052524
0.44633682214501347
0.39587990856316646
0.3423103057816235
0.31331020999627235
0.3189666213342536
0.3332492979147212
0.33026406165004446
0.31806392860124555
0.2915467888808991
0.2717042624836118
0.2512952621040528
0.2552827157721345
0.23402670661048844
0.23923271521389275
0.25651148165473936
0.28401046923303563
0.2887254299893778
0.31259309948023334
0.31930299817396907
0.36567698307795715
0.37391910278259005
0.3803430093470279
0.34956583523908513
0.29601486187575643
0.28086432078015067
0.2857900944054426
0.32038007122301354
0.31688894456766975
0.3290737885107128
0.33385880899160797
0.34979617050645184
0.3576889321882448
0.35600217290173164
0.3372065783565908
0.33474537059366866
0.31537362992794665
0.337343511179228
0.3507044753628148
0.3665891272864184
0.3589037153105722
0.35023935337738427
0.3370971765304431
0.3120998494122577
0.29213453771216513
0.3059610624364213
0.33859851981625316
0.3579719722074534
0.3680860014420483
0.35551213270881965
0.3410079485544743
0.3276618383837627
0.33767930493825027
0.32895247667851885
0.35998813401582874
0.38306302535662917
0.42082185305094316
0.4116166002773899
0.4002941676971091
0.37719171941641716
0.3645492810779703
0.344342703294381
0.3305775406898007
0.3243958560300926
0.33556496095325167
0.3398350400449507
0.33191101915943977
0.3059457423545637
0.2959174732103739
0.2889282873550295
0.2923356024475694
0.28052482381512284
0.2796040166694428
0.2810249290813108
0.3160374350875239
0.3425506676847596
0.38399925625157155
0.40527253755722625
0.42619840500842787
0.41459327029649506
0.3978911280188075
0.3973603634896818
0.40146444184435137
0.3596372847950383
0.36856731811496063
0.34544571849313255
0.3483033191133195
0.36191104080668196
0.3818310692758374
0.39046794910020616
0.37510259421683123
0.3700914691447869
0.3661177611548891
0.35156302878208623
0.372917485642652
0.37871004174618866
0.37098969300974527
0.36248830916603564
0.33564438018943316
0.31463796868013205
0.32380171779369626
0.341470767906947
0.3461400501622622
0.34130369568713326
0.35117237072167745
0.33071487284607526
0.3028628994969158
0.2782065945096236
0.25786794521219625
0.22481062902653556
0.24548905526952827
0.2857401020747065
0.2999694906494948
0.3073858379277152
0.3199823304571116
0.3359094833413633
0.3466128932934642
0.3592611353539976
0.36386571162768166
0.37595164982744994
0.3683719966216908
0.3369895324065242
0.3303352078688433
0.3166659222847544
0.3292122479954433
0.31393005189552503
0.31436632120820307
0.2986211254830784
0.32412530980682797
0.3551660228626358
0.3911939652600843
0.4044196193754152
0.4130623834265647
0.419707278664896
0.38557171815214114
0.33031349963517354
0.30043014085003683
0.28192799125641305
0.28447488752279226
0.3113894540046042
0.34307689531412405
0.3386387034576773
0.32539393663374844
0.3242744222066422
0.32590301418325374
0.30752778576226886
0.29819867663875993
0.3054119034306744
0.3315706608927993
0.3024168152453504
0.30371692999194666
0.30730124643277396
0.2969726125082932
0.29335488721931446
0.3045203121437285
0.3372370400102192
0.3570896085229435
0.3945804288322574
0.39949000717728944
0.38680223294980165
0.34714413735710253
0.30714643336454156
0.3047656990326482
0.3120212886978107
0.323218997036814
0.316946413545831
0.3052243233255649
0.29747714611587006
0.2894975184944836
0.28111455855696366
0.2724093888881148
0.3215736496711315
0.34225543413602644
0.37432225695905835
0.3589089287979992
0.35549523570694513
0.34559383175121855
0.3329159626959557
0.3015470910475807
0.3086596780608934
0.32848612731437
0.34417681138595146
0.34111289800992467
0.3328943557397643
0.3109523774914641
0.31200194979498375
0.32429815238888426
0.32717236975072883
0.35171664415534776
0.35884958891187374
0.3624526991498037
0.3597863099925214
0.34650811845095414
0.3194432791024387
0.31188528161009027
0.2942757629356717
0.31060514041146825
0.3175123286735179
0.3426268509159262
0.3431221415102839
0.33564971982359965
0.3216782733418039
0.3111292202369355
0.3158939910233536
0.3290876360139584
0.3380737156331279
0.3477174285858641
0.3258705406865454
0.3219821220345839
0.29148083565636485
0.28264025981267404
0.28684365973669074
0.29835087012096456
0.2899862011129672
0.2740358162121533
0.26791396064675854
0.25373602326668093
0.25578463851725314
0.26496024168987375
0.2774696697647763
0.2998596917726291
0.32586986019880904
0.32808603767244476
0.31851836710851655
0.29971257538247026
0.2920368492640899
0.334670779539057
0.3664299792832008
0.38190675563785786
0.36624434212298984
0.35867861236202514
0.3356059977864867
0.32139853939114293
0.31961393857775605
0.30610797245710186
0.30932366038018827
0.30072135069148986
0.29238770323101027
0.2736449479905127
0.27434898306400807
0.2747091857333554
0.2674552485988901
0.26056318453790567
0.2681183593268137
0.2823344196221359
0.2827416805526484
0.2574098603880156
0.22996083572585527
0.23966646609247147
0.2615167370202312
0.3058171701911797
0.33918747278479683
0.38136988531486227
0.3688851346245225
0.3418542922982878
0.3053463506020592
0.2712485883892479
0.2564628602762527
0.2703040330079589
0.27897788904061405
0.29535451291675785
0.3116332168188152
0.3252639080839711
0.3447385880052219
0.3083964368008746
0.3021488453598252
0.2863545921269931
0.28830152124264347
0.2731830884410027
0.2810243408356863
0.2482207222893768
0.2424639395329535
0.24919911647544624
0.283298745847254
0.29547718841400505
0.3339476539668873
0.35491369151104796
0.36833818029452486
0.3535696353414884
0.36390869978572604
0.384877754833475
0.4310218817841434
0.4355326918280691
0.41564085056538436
0.3817252974538218
0.36752984922107446
0.3596744890760347
0.32731080327844736
0.3130406844509085
0.29342196854927827
0.2927613272341917
0.3042885536488813
0.3229653427078266
0.3074798724853482
0.2740305033244491
0.272105360975349
0.2666898060384908
0.2495709650783985
0.24564634573702138
0.28010932804589794
0.32414255157773075
0.33966629146296523
0.3437118944302312
0.34832662959443683
0.35540195179101197
0.40201980299308737
0.42037022971428756
0.45357668882352564
0.4492588053791787
0.4414979695221061
0.4083992110592636
0.4075920076564707
0.44237281229180303
0.43296553343377336
0.41307012888873473
0.36718705554213826
0.33100991354853904
0.32768916254978514
0.288156553801618
0.2679545178411178
0.25297011919125967
0.24927331294815616
0.2662697317478967
0.2690674391121623
0.2794424330209175
0.27821665481629826
0.29054925413300536
0.2786020270146533
0.2961950881640958
0.311913247296879
0.34379639810422574
0.35240143898707876
0.3725424401513002
0.3521933120511624
0.3672928796156657
0.3503470133343956
0.36023880097065286
0.35125253198283135
0.3494010413778359
0.3414147354541802
0.3583630843018831
0.39499616787632236
0.40360488367543573
0.3803261770809926
0.3636704872538708
0.3480182888366904
0.3304723364842016
0.29618833251683235
0.2942213235066763
0.27803698386725045
0.26317362966623625
0.23701797509629502
0.23176165925408065
0.25190728834071385
0.27470297459096227
0.29330248406037845
0.2914313144496736
0.303385246372142
0.31747986764651426
0.3391056181609345
0.3503048394741196
0.33877615487741614
0.31666582253946657
0.334797348457254
0.3430244385481557
0.36957081826366195
0.3751257368772168
0.3823353197293822
0.37422308221307143
0.35929352253267643
0.3403525055708645
0.34134289361814824
0.3496740422928979
0.38587636092051386
0.3895891574945223
0.34828674626365763
0.30598267241444915
0.2748925759510187
0.2542905966509338
0.24915513236651363
0.27990948648636205
0.3113830100042862
0.3261865526078318
0.31652370317152334
0.3346733393198321
0.36289795437602
0.35099236912616005
0.349850307645004
0.3207951133192741
0.32232605825649135
0.3172716978718856
0.31574184768733454
0.3091317278287185
0.3146013797096525
0.31745663728258194
0.34159411064585754
0.3297572889407308
0.3139166791936963
0.30410649447195826
0.2938602466462698
0.28826055563764047
0.30466569221706685
0.3171506080401678
0.32263921158208464
0.3360616679939303
0.33455720635870595
0.3431719305366693
0.3478610113412908
0.35067099941537916
0.363305693713716
0.369808558799516
0.3862283981642791
0.4051952526891619
0.4044988633782129
0.41264737600151696
0.3730023630450363
0.35594921276604224
0.32150734251058416
0.2953400066523781
0.2743844236209947
0.26812887754862247
0.27953422976435904
0.2712789376550513
0.27399200040124616
0.28089566627726403
0.30477305724872183
0.33736899428374983
0.34090035173667727
0.36472348666415855
0.37301436479149813
0.378895062543826
0.3733390830503985
0.3292357184756118
0.2734717801657727
0.22091789940936596
0.21642654800427932
0.2434508512632614
0.29671007461731763
0.31244227309042005
0.3215135848604497
0.2677732300612459
0.23722186686866614
0.2296737151741651
0.2440082727149466
0.2585490240527498
0.27751889945648855
0.26909984727709
0.2979233773640997
0.2914552136167101
0.3195679625414137
0.31242899238864436
0.31332333506068627
0.31822743131041975
0.3425953668570153
0.3623726040645706
0.38801997851593784
0.39935739106699863
0.40620609775296324
0.40100605864194194
0.3881146411956829
0.34836866678785094
0.35101703168132664
0.3493109913085109
0.36909346322197867
0.3611237993681822
0.37876002952491444
0.3672679044549403
0.355922777039262
0.31732794955328225
0.29934388074285767
0.2920729402398114
0.30719881132828236
0.3039716047630984
0.2979909494083222
0.29438023771159155
0.2951995997966308
0.3034409161810346
0.3277596584855493
0.3404464796437628
0.340210630453862
0.3216049132898613
0.3121175176344875
0.29626506448914297
0.3012986644340618
0.28510022520028794
0.2978684317928649
0.31212922303005586
0.32712425228415887
0.319154756605124
0.3121399120312257
0.30593002805497005
0.28535200608478867
0.2869929082951016
0.27940456266316555
0.29355738964216493
0.2829335164340222
0.2744579608666375
0.26789257410344236
0.2632268783851537
0.2795720593383562
0.2875211273918761
0.3026176336049594
0.27838304884474646
0.2686826573804528
0.25639969946647534
0.2894440986651324
0.29260191607983593
0.3063750683417018
0.26900214970955866
0.2635878762975218
0.26975084218259754
0.3096676891863061
0.3295282894107374
0.3728359606391493
0.3992393844896606
0.42322643226279305
0.38688854285218527
0.35260387465691
0.3013781101091857
0.27663062276237055
0.2682930183725651
0.297040563272669
0.3324917817302058
0.3272416371045049
0.3218929870461548
0.3140656989845956
0.3145784843636752
0.3255488630322504
0.33057556135487237
0.3529292401526558
0.3444157022053191
0.3577152105902807
0.3311439979847506
0.37442359855530527
0.40182966255395836
0.41502380150896845
0.40797210697036146
0.3742654751794763
0.32792175417267144
0.3042930503000038
0.27668458011357344
0.2708628115854896
0.25404535282148616
0.25743536333419187
0.2707686969195907
0.29224002231336044
0.31223078048708064
0.3150947544725635
0.314339424978658
0.2882156538073343
0.2836961398789691
0.30875205714543685
0.34658857123355447
0.36843856741379266
0.3859654008315825
0.38649131856576885
0.39580456612940484
0.4085682517742275
0.4098598498579741
0.40150384461506083
0.36351981190360666
0.32005250981177663
0.2809999295449582
0.2600424570169963
0.2696886617616788
0.29291354370497474
0.2960169875402002
0.29047282627609994
0.28231031750546365
0.2835421733505501
0.28741966431718946
0.29424645117295384
0.29883310381865
0.3502354156022301
0.39957280507024406
0.42797539264233225
0.40278649426617985
0.3610278140470472
0.32153108648937656
0.30884175565232924
0.3191186850808695
0.34564731396851395
0.3689521308432698
0.3754864288784756
0.38248579665247306
0.3969449966217958
0.3895729534975861
0.3561348825287969
0.31167157922410355
0.2814865995753352
0.2659083890906718
0.27341168670070476
0.2761192727998762
0.2825941041614817
0.2612343259368287
0.24818766687661592
0.24174176035080241
0.26725307049045166
0.26913977554341
0.25869703438219804
0.24079106903223527
0.23952152142036334
0.27836834368400887
0.31839404110650354
0.3571719670282481
0.3774999153159994
0.3987786270614233
0.3716431710223902
0.327803072491957
0.30042270583611946
0.2777805863140001
0.2768077344698293
0.30261313430269415
0.32049298135721577
0.34882352896815233
0.32921176583684003
0.30452975897818046
0.2740851520882669
0.2777100821236423
0.2918746102260046
0.31752195413073947
0.31257764921517617
0.31802295246510615
0.2983454590581397
0.2912314801230768
0.2912666285898798
0.3095488287591293
0.32728992292791437
0.3415808424097479
0.36249602002218323
0.37944219010634656
0.39764643158482305
0.3913298220627153
0.37089472005280477
0.3565515787365844
0.3487507519406835
0.3377535855247095
0.3485368693326121
0.34728101670239586
0.3286797065332692
0.30018643377421916
0.2716998895192622
0.27869115055718713
0.28984354024850656
0.28882096071012053
0.2859010013034937
0.28469669383486845
0.28734701363564313
0.2916075760158817
0.32134375745972493
0.3375415421562543
0.3356688357389968
0.32207556363917444
0.3063478535938731
0.2858288664282886
0.28401883322690563
0.29769578173690137
0.32628426510063635
0.3586066817832208
0.3640002697678089
0.36020220077341525
0.3572287338619979
0.3860434333967658
0.38829063734318153
0.3717063584227741
0.35584192593414626
0.3273376837501163
0.33130759949696165
0.32864397141153695
0.34720389136423585
0.3601735877756874
0.3627475542122002
0.3448488521946653
0.3210789481185884
0.3166335346850827
0.3199800850530126
0.3416406160601637
0.3699377688030586
0.39655223880856294
0.4138010826784688
0.4111844104431255
0.39267584526055643
0.39443787284133747
0.36566777934475814
0.3395011548529286
0.3155817375737866
0.32532963254271263
0.3250169648724818
0.320333538109457
0.3159320683209719
0.2983952429858518
0.30806842476975377
0.3294937680297382
0.3592771220412119
0.36198998227575163
0.3590499972507304
0.35277105055194696
0.3765577540126725
0.38237269537881907
0.3777325834119262
0.3545624833708553
0.34584296216463734
0.37224689948960293
0.40054237346574456
0.413045656693868
0.36662231583169874
0.30952946755991406
0.2738326694212605
0.2701752341860975
0.2774757054018621
0.3045850027697389
0.3360435251586083
0.3722390825836122
0.3906965406231867
0.3888681070480898
0.3917704743813744
0.35260645508824107
0.3367750289935193
0.32022259524401714
0.31966069830329347
0.3042359822304084
0.2855797123916807
0.27996234772531453
0.28441949038275477
0.2857434897671911
0.2959449859513993
0.3215838772320333
0.31433876232164953
0.3145447059661577
0.29566682202410793
0.2881407963846103
0.3127403090672131
0.32874758729473297
0.3361913259978259
0.3482396537345913
0.34099908283177405
0.33744877101599835
0.3294553132620374
0.32825725780366294
0.30108129223783475
0.2681212100187753
0.26450924792665703
0.2743501189674687
0.2900319986768645
0.2949848644474767
0.3043819348522968
0.2935422334562253
0.2809893227233731
0.2954642688213909
0.29973418769775895
0.30843623350384336
0.3026329980540993
0.3304451661355761
0.37801221651722994
0.4249983137234869
0.4163434224252698
0.38852798116263204
0.3490954336318863
0.3360293589018514
0.3527255762874092
0.39113874911037466
0.40192564031741035
0.4215305554194153
0.4113078217475392
0.3777924291786903
0.32263581374153993
0.28550410588045183
0.26808751393970603
0.26174869484016816
0.259769595386466
0.25805984318862973
0.2608032387916704
0.2697254453928423
0.2655398325211102
0.2544347192735871
0.24606544722066395
0.2587207155450033
0.26784301222275086
0.27714783574895124
0.2857435299562585
0.309216576892948
0.29104598535413684
0.29400229827361074
0.2972281233168169
0.33314809814225865
0.35056876345691507
0.3613550222887367
0.36371633626837246
0.3638710564573764
0.36853462644619084
0.36262567228194564
0.34661819697837243
0.3392083792520328
0.3521232046685722
0.34731906132820595
0.34599906110759676
0.3446955020952235
0.3427071297393112
0.32048212109184226
0.3065610254602459
0.2884747548448901
0.29352275242576753
0.2910573435604963
0.30527642849879805
0.3105086618734173
0.32502431451126557
0.3278528388019513
0.32341410282120164
0.3103682538455462
0.28552656736627396
0.2706978098527012
0.288090774422643
0.3290087958656699
0.3465750295921715
0.36085209852915684
0.3672223005527196
0.3886398734704033
0.39661055916777055
0.40679724786489946
0.37572335636639054
0.34494130977388915
0.3212577956013519
0.314920293330173
0.3048216748187888
0.27175155176545424
0.2576233461043416
0.23710111913792747
0.21619806109958348
0.21269942341968293
0.2335121710728827
0.25512519881001405
0.2793324545655356
0.2841439741253855
0.2554029443258813
0.2171072921457719
0.1932618815152447
0.20754285885825957
0.25491481993913023
0.27154862945231156
0.3082668888949805
0.33753628796741403
0.36560108736949526
0.35602298664258797
0.3415315522605078
0.28953060586273804
0.27362147036979767
0.28323245984795087
0.31331237408841567
0.3257623763983731
0.3070393451431539
0.28765102613806065
0.2661298444247946
0.26818666683019204
0.26210516013288976
0.28516905117815117
0.29794296895754446
0.31873658195803434
0.29498866499550674
0.30475921473968914
0.29423570655879655
0.27738159795039796
0.24554938026245016
0.25496835662263595
0.25805189790561506
0.2818319554849273
0.2976268969898112
0.32200437005126475
0.3071671198921444
0.31035641009252807
0.27260585383811664
0.25200236747990984
0.2771431217122249
0.29419337417046776
0.3030908634294455
0.2852363895460067
0.28594722308938675
0.30318060441146794
0.31395020486134967
0.34187659143189586
0.32730077323634343
0.31348958512103325
0.3289268673487102
0.3359171470935433
0.3187312583266866
0.2896900501938939
0.2646132902778328
0.27414728087700435
0.30200955776049254
0.33496909860529545
0.35825971417053526
0.37348544403519024
0.3579029949055956
0.3395989477763252
0.34214007427957766
0.36230067499921736
0.38421724831930304
0.40260545152062777
0.4180996533674646
0.4240724499703906
0.44637792706587476
0.42598641738045956
0.4060195090913386
0.3875699771947621
0.3573089654018913
0.35218246558084876
0.32522510239020136
0.328607647971119
0.32794672783185674
0.33972588887732796
0.34850201119505564
0.3626678426717741
0.3669283404206003
0.37117998522270407
0.36008040001432223
0.35723580094731416
0.3623705671395007
0.3426306917701099
0.3251918563395703
0.3020990067680786
0.3207138849820257
0.3504969800405684
0.39510257540230326
0.430728027104451
0.44749683568538584
0.4376129861493402
0.3878142172771456
0.3591778067140939
0.3573374273265531
0.3340678668334126
0.34654067643055525
0.34407260552828633
0.36212198847703064
0.350863219984365
0.3443747676287986
0.3471758730622117
0.34600301376150205
0.332314952816749
0.3195323484275889
0.28525938060968836
0.2931215742608934
0.29028149792198854
0.3211202407499508
0.3163064403384176
0.30995031188685723
0.2855259731690658
0.29499581379324524
0.332824228943992
0.3743080163818355
0.3809210335609475
0.37083442586830906
0.3577724146254259
0.3363251554215477
0.339505900899249
0.35470937578063616
0.3521887271019402
0.3471675185012805
0.3630533296819095
0.351593563712838
0.30698684251765596
0.2904912034650487
0.30910111378068106
0.3174281420132986
0.33354368102130233
0.3313451652226343
0.32090010059696017
0.3060675184849644
0.28541403538266963
0.26607361084361175
0.2630546200174045
0.2857713333935334
0.31484273131730006
0.33528297680623437
0.32634180046629757
0.28160331807711325
0.25979427034533215
0.2863633580876141
0.3289457458942731
0.3543702519205436
0.3746787282945906
0.3993584637750164
0.40239294386263663
0.3929791782985293
0.3583201203443756
0.35638934935198957
0.34818297085948496
0.3494716830941487
0.37003596433422176
0.3676054785282055
0.375803586334959
0.3470267199250804
0.33757315391815834
0.3404955099722897
0.3443837316465524
0.34273009390145087
0.34593432357765147
0.3436969712598384
0.34602891732973695
0.3266939315872784
0.3177947981955921
0.3002415788846034
0.3082561231754397
0.3174222418077544
0.34004546882960496
0.3187940787945063
0.3084285885158219
0.2911674237914518
0.29666646754618536
0.3030128015181362
0.30335268750484395
0.33321750020679575
0.3589331089747914
0.3881717444188089
0.371778467246529
0.351787862362116
0.33231950583602793
0.3440822505033706
0.335199163428778
0.33028320340914996
0.3129541233978997
0.3315801051128234
0.32105298192319515
0.30845039407890396
0.2964745894805009
0.3108067952216727
0.30265661640183916
0.29678276159984784
0.2616747228592858
0.2672147828391455
0.23515643496885263
0.25197755311368253
0.27456055784961003
0.3031396481620784
0.33538198796629776
0.338220823266034
0.3495636829620261
0.35207777830873305
0.33969668219936733
0.33371180199638906
0.3315676838448206
0.35024685645544773
0.3685738704131071
0.3924454359615042
0.4065939270915146
0.3685758584737442
0.35562850344449815
0.3318655629775461
0.3427049112543151
0.3776728365865751
0.43985339486477665
0.4785358734200743
0.4550920776866607
0.405942125890411
0.33585400014713007
0.29031045318794285
0.27164006840906657
0.2763947607869386
0.28663127187493637
0.3081117804096271
0.30281599038898593
0.2977331490929312
0.29629263729650696
0.28616888431828835
0.2775421549780726
0.27829345700653413
0.29170747493221866
0.3008037878951531
0.31565275715676977
0.3142111337909957
0.3375244794540457
0.35078132619117813
0.36019717639013415
0.34963651965854753
0.3219623959213667
0.2984629856214285
0.2856887994997409
0.30829054277284573
0.3470244358884681
0.397560997201805
0.4021667241697656
0.4083533581253065
0.3592096692347058
0.34663981247306447
0.28347462847227733
0.26575896297720397
0.25461643411908
0.27143740407839007
0.28569132865000546
0.29283999883151135
0.2931689102086078
0.2845214800314331
0.25764182638491057
0.2509129814058816
0.2840739089766228
0.3520615919175483
0.4119756340641365
0.4322966625074018
0.3691372989381359
0.3095796311526919
0.24468344483819976
0.22916954934414765
0.23184107959038677
0.26573282868134707
0.2970846380475193
0.3225234780308753
0.3664410249310483
0.3755921386013443
0.359294601877969
0.33872155346559246
0.32129536795302693
0.3063577085532503
0.3044896696172034
0.3105028557338127
0.3145245093318228
0.3266497255925344
0.326842604067217
0.32401240068909376
0.33396936437394265
0.3322826066562219
0.3107927362168507
0.30041376763715244
0.2935142914695859
0.30121491271947004
0.3246134328994609
0.34414725198558194
0.3572274784779074
0.37209917511454543
0.39471624095830604
0.38627004908915646
0.3634124869054971
0.34838333226133666
0.34606327183164975
0.359667205714716
0.37615777553013374
0.3923374576031686
0.3922441218317477
0.35928976831587245
0.34588381708846905
0.3274532066946911
0.33236003233699435
0.33451098435116583
0.338371054141106
0.33071457269194904
0.3023768011778667
0.28317599953807604
0.2722557369435336
0.257120672888638
0.25924622648794504
0.24029258518544525
0.2360462420545933
0.26053957491498114
0.2953296587695387
0.3443870277558568
0.3875412713972698
0.3807107418754337
0.3797729048198075
0.3598531919461187
0.3363027741177472
0.3272493987592034
0.3048241051959329
0.31904535548949153
0.3463622563037212
0.3697074441240693
0.38119069694834345
0.3557327828763908
0.3313341360587676
0.31240540313120646
0.3040773494788674
0.3023817424116306
0.2930280435073057
0.3011848508249946
0.29333989725806253
0.29648751719370275
0.3081704979832009
0.30597838163320284
0.3056445380119421
0.3123832870708876
0.3011469619497715
0.3249063357546683
0.31812183685968154
0.32698831087356894
0.31084656532530225
0.3238305297927133
0.3142826297803943
0.33619671123998096
0.31548539320799296
0.3114818869043644
0.2905721108213051
0.3042398002284749
0.32210875880765094
0.33195282681878974
0.35076519605758255
0.3344122207314242
0.30743577313497156
0.2941715508517673
0.2922831272685347
0.3116405424317502
0.3192959012563173
0.3419226352530554
0.34717190446987656
0.360524586463529
0.3432597366165467
0.33334879108908333
0.3102167378578771
0.3036078180062843
0.2778621924968848
0.2903033703495953
0.30918811546004676
0.3281366443281262
0.3595415762384522
0.3700079037401966
0.37009969648094765
0.343449091157397
0.30488745432772646
0.3289410086169396
0.355067462923516
0.3833544824785096
0.3660252815368443
0.34426679267904686
0.3397081143998694
0.3709555292218687
0.4101548115136534
0.41181496544821006
0.38645794043035175
0.34541186457505896
0.30355067132432195
0.29747395202021404
0.3011871962329174
0.2997692035138562
0.319284622611887
0.34952012543252153
0.3653389410455372
0.34266019473745474
0.31557208781145396
0.30178765191818463
0.3069267038234735
0.31832406975982913
0.3356537277476811
0.34968197692422626
0.33658933765300764
0.31069651542973026
0.3027444931467616
0.31140619267035585
0.3128829043698679
0.3191300899605108
0.3258322814193323
0.31972239804734237
0.30872131592788365
0.3006396181522153
0.33717576213790046
0.3575043451402024
0.37159611769820494
0.34970172992158044
0.3337058144213619
0.3097523048270464
0.29924416773706175
0.30866719363657363
0.3223904575050546
0.3224402754120834
0.3110581201968845
0.28729621050624043
0.26917633617761744
0.2670562503459711
0.2580928448938457
0.27316460732638986
0.29380927729764966
0.3216586163791017
0.3249503939004816
0.30979354494926725
0.2635942625003254
0.23604663289554575
0.22164138335206798
0.24751837160953633
0.27502901754013026
0.3032975124033732
0.34374282575547216
0.34456374992271716
0.3170451563079972
0.29729766999386414
0.30396324251007695
0.34012594409541164
0.3700577216998403
0.3841697031865273
0.39761348741785363
0.4185314861911
0.40919098394832004
0.3533506449746975
0.2897548237304476
0.23728280065057075
0.21551546484538897
0.22117326789918354
0.25059421826994677
0.29197039228506616
0.31647069989450527
0.32385109675410756
0.30728162817874743
0.28143703438965
0.26961662436611533
0.2711287353737653
0.27364694304439413
0.2702422922119286
0.2897082191818972
0.3366041082225697
0.3749465178909345
0.41228764410406776
0.4060432162627509
0.39419484318259423
0.37209774500859827
0.37474701545340916
0.386238422205454
0.3846955756699242
0.40111603463337253
0.39771856515800796
0.4156614137442875
0.39139769436735294
0.37611648319854585
0.3454113373291649
0.3258043524009678
0.2985874965677291
0.2765079190770873
0.28988612855567664
0.3042767955690508
0.32754254752280637
0.33349272126354274
0.30991665418881503
0.2716805533869959
0.24234452380087268
0.24435952587595483
0.2734210583002758
0.30343049818694934
0.3333572630242892
0.3815894873832563
0.43181406448255516
0.44785864661478897
0.4317273655452536
0.3651811819327266
0.3336975950310278
0.32703517528904535
0.33380928184829073
0.3334046589481551
0.3743050998010814
0.4169736367166414
0.44916731133994053
0.4256094588529327
0.3793286888857564
0.3219153317126642
0.2900443250437796
0.28733767344464906
0.31164738038415757
0.322542447125635
0.33768904961552443
0.34670417918648794
0.3270322860838944
0.30012567405106094
0.27370928721642945
0.2756329666809545
0.2791234455677817
0.29336781008083646
0.31874637502551173
0.3257152590077444
0.33710640463040814
0.3157005635574845
0.31026004228303417
0.3439962884046845
0.3782214466319423
0.36955170952643474
0.334896502407023
0.30419084422722203
0.26673755959949846
0.26786148234026086
0.2811879482158402
0.30681813799575874
0.2978300067627536
0.2900618586262853
0.281929879275967
0.2940511815958564
0.30186049792060426
0.31345122835605194
0.33504452061576234
0.3291990211583861
0.33542858254828245
0.34388710325033944
0.34475022868943334
0.3204073524516876
0.30339208472200724
0.32322821287015824
0.3844945966972871
0.42386628279098243
0.4512002239452471
0.39320779611510887
0.36618871461688424
0.30641548356939396
0.28949893897974605
0.2815911480697743
0.30468258373090495
0.30496231938764157
0.29372528094184175
0.28558045963664147
0.26711840174436435
0.26916485422411296
0.2944930784864721
0.3265427461565609
0.33324022699775413
0.3075532708966183
0.26981355458386397
0.2564911983166807
0.262274463509618
0.2990770986375001
0.3154612849210743
0.33410153244605717
0.3216974260164379
0.3314136127152218
0.34259538371359055
0.3530632919844861
0.3503018956232815
0.31164310459709166
0.2644507129044267
0.2632463911708143
0.2623259596939622
0.26126293010457863
0.2553774196071644
0.2754433689772289
0.3032390850300295
0.3047645993523807
0.29897456786261434
0.2864765842649367
0.3051549555966427
0.30465679943416646
0.3372460226465362
0.3283710082371329
0.3373492257073587
0.32651362471091006
0.3171231416781849
0.30144469236121835
0.3102124571543875
0.33989674617643256
0.36753405534778616
0.37331252601810183
0.3628458631454502
0.3648071939863894
0.3486380963096968
0.3393779013263721
0.34087811928461637
0.3519930298883198
0.34338755713320307
0.3115421277672053
0.2990982335731424
0.31297902206656153
0.3173127425055616
0.32303197538299677
0.32068738541093467
0.31328649710910095
0.29349702503183134
0.2802722844532657
0.29150144663710514
0.34248664170259313
0.34551186270877815
0.349779995067924
0.3150214434102684
0.2876130463158342
0.24615274042851473
0.23575747181857318
0.261427840680966
0.3244650968675301
0.36108814311630516
0.3758451799612758
0.3389031680242605
0.32113164795473353
0.31588925872485996
0.3219986740884809
0.331885937842766
0.3359208263472191
0.33722569940008307
0.31395891724225705
0.30424018511556666
0.295466387697681
0.3063056428305933
0.33137935885576136
0.35035295279871354
0.34603430370214777
0.29470216722128767
0.26370008081561985
0.24625073418856702
0.2495215752342798
0.26030155509103536
0.2939850882488718
0.32796160457071954
0.34448524164941824
0.3624394753836451
0.34181439682300135
0.3348220003505709
0.31092488459138246
0.336815973053318
0.35668139386959846
0.3905351050227689
0.38371400932214517
0.42463070817867976
0.40950112890416057
0.3937756363701545
0.3823579585718084
0.40572876511827183
0.4114590956444997
0.4066206952529929
0.4154450872430012
0.4130784801352197
0.4230141048052209
0.4672739322617819
0.509660305035505
0.5380025369758468
0.5359888887588953
0.5251363857702251
0.5144321754520816
0.4823887726810716
0.44140081654309415
0.3869706247867954
0.3674674519740954
0.38261301733695713
0.4316636237338868
0.445626981848787
0.46388489710528785
0.4497890639394503
0.4745831710247633
0.46620021582798155
0.48551252119822447
0.5354757341753448
0.5969045896379122
0.6363213499618708
0.657035416408903
0.6719009147380389
0.6595012683958141
0.6198411112350891
0.6003957841574776
0.5924977619011835
0.5923051325677382
0.6088976830098561
0.5931262206649924
0.5870099517593725
0.5768212163917908
0.6210873701842854
0.6904346145015591
0.7414424136410216
0.7816757366864842
0.7499350762943273
0.7119313628674224
0.6604054142124277
0.6581780978668241
0.6732318468216967
0.6802900316514888
0.6642398928750237
0.660330645427729
0.6173680473771876
0.6081401734603782
0.633438229591305
0.6673963500978943
0.690070055651707
0.6907354212978606
0.6991623673568401
0.6801303698747823
0.6496325229774857
0.6124946209639814
0.6144436105607514
0.6213820851921882
0.6484694602931818
0.6623203209502997
0.6631890891449626
0.6355285746439931
0.6363027237922215
0.6083830876601888
0.5705054637035339
0.5327398466090624
0.5221115349270257
0.5310603061525504
0.5429014641268513
0.5764179160318604
0.5674226441932709
0.5803128736235905
0.5875290964553084
0.6042318382941828
0.6537663152012345
0.6766544280572035
0.7059999738046893
0.7006402471860057
0.6971185694309011
0.6774768739218506
0.6299531040814114
0.5695672596888537
0.5656924847887927
0.5418184034899169
0.5681093773811602
0.5859998626361846
0.6314352235197931
0.624929057782299
0.6169239869128256
0.6147003806891949
0.6327288171843313
0.6327812981014674
0.6564436635940065
0.6573044239810022
0.6590467775751172
0.6266581856976663
0.5796249510376917
0.5607737143892007
0.5491670248197381
0.575253149944544
0.5710078584415895
0.5419639244928673
0.5147231432052358
0.46117319146864866
0.4393846127411817
0.4384550837092354
0.4720340089589253
0.4894241437756239
0.4998210214702765
0.4897340347375032
0.500617297476608
0.5198158832900073
0.5185995497142172
0.4837280132647032
0.4876606476464297
0.48264317328937034
0.5004134580335488
0.5242312148931363
0.5655883106231577
0.6194208864329748
0.6735290075950521
0.7356747804770208
0.7490665395221549
0.7666941482316257
0.7421988032510547
0.7094521775363063
0.6510710901428889
0.6155637153522493
0.6051299257177838
0.6011573065880272
0.5917944422155871
0.561026666395335
0.5188179026482976
0.5172256488590798
0.522855754256977
0.49899945109367416
0.4740694020033383
0.4650556473485631
0.48817287432124046
0.5137766104668885
0.5260961040931421
0.5580669463371672
0.5851827299859316
0.6028605868498615
0.648563255982663
0.7275349171449086
0.7779517032874687
0.8037786333970174
0.7866342733901426
0.7527936943005408
0.7356141262069773
0.7408388429701193
0.7591045115644911
0.7661843644198454
0.7497130103504964
0.6999268030788961
0.6579378914356644
0.599462773237703
0.5511639016050518
0.525475271248253
0.5382240256063405
0.5678870749742094
0.6218984180810518
0.6480572498512571
0.670796797508886
0.6668754843283229
0.6808141520702061
0.6983143497859061
0.7380491343213189
0.7505770322504006
0.7529665189335197
0.7680992452723269
0.734187397585025
0.7227605284111452
0.6878764023260512
0.6657000135872109
0.6468225450202315
0.6578336612414907
0.6588651503575439
0.6755346651970835
0.700361988957857
0.7269064055569234
0.7382548082353149
0.7179845332893007
0.6975496430465381
0.6325944327820127
0.6102817439169267
0.5815704218307838
0.6050556538740288
0.6181168502200465
0.6560885219687257
0.6944784266790186
0.6994357701803428
0.6538445960193051
0.6466455171747904
0.6260570862152268
