0.0
0.003653065628191311
0.012555995251865544
0.02232051070586198
0.029953075242080313
0.036213118817945644
0.04273770705181545
0.04962354798360174
0.05748232504234164
0.06884937230796857
0.08824033678347773
0.11314565452690983
0.13403331335437113
0.14639999735167986
0.1509955119691938
0.15086935731392315
0.1482573176274306
0.14316580965787992
0.13507704291948616
0.12348804921359104
0.10888708350483609
0.09309990942112417
0.07798267317896423
0.06439240486481881
0.05278443880716329
0.04389073347054873
0.03839025947759941
0.036115912391410425
0.036665684730458316
0.040359919142250344
0.04754954770391592
0.05808909522705429
0.07172347600601106
0.08817677444926561
0.10603283875592127
0.12426777626838008
0.1409944268402984
0.15362238737459166
0.16131076505977682
0.1655496263260799
0.166255359577219
0.1618264993177084
0.15346344133422607
0.14324838652758462
0.13151609364797454
0.11868929971594727
0.1063144875272354
0.09583685442294955
0.08781089205520107
0.08323755680819751
0.08279971526377428
0.08542073835185453
0.08889098004748192
0.09182361954428915
0.0940987609158518
0.09619689557359035
0.09810916719802985
0.10022332017481138
0.10366989923545462
0.10744652954250161
0.10855802221358442
0.10551427263182603
0.09907970950600149
0.09159221395208118
0.08571535068122635
0.08170224601414591
0.07840452493847531
0.07595686164651821
0.07532929424701845
0.07675656180881962
0.07971952691373786
0.08409496794941954
0.08976873197249402
0.09670833455892397
0.10382177842382222
0.1092553334826482
0.11210367429141373
0.11244798245224405
0.11010056576833649
0.10577457652062937
0.1003503568840699
0.09386708079506412
0.08642045255408065
0.0786777584970735
0.07218556691685268
0.06670947232409256
0.06090851051973611
0.055849755802330606
0.051928890487695084
0.049412138206862646
0.049527610936374644
0.05262062300754484
0.05688086134219134
0.05950105219427432
0.05879047870869069
0.055405735498272206
0.051922667357270386
0.05082514577510215
0.05345233276371593
0.05849633109317673
0.06344832634491064
0.06724104625256616
0.06968099989733882
0.07174008671565145
0.07593107860244383
0.08291771387451939
0.0902697316625537
0.09527586809095903
0.09595179791663636
0.09282389069003609
0.08791421283012463
0.08248405390262185
0.07669527276564925
0.06973670924399732
0.06190894586581274
0.05479610568196079
0.04948776045341489
0.045854356212106887
0.04273063246272368
0.03953089387436598
0.036954390622969395
0.03565249271305563
0.03674255150903645
0.04177016450278244
0.051946500843359555
0.0664956627244324
0.08140752345392815
0.09304730558054032
0.10099434192763772
0.10633023458037659
0.11027430119936114
0.11346554244522898
0.11516754303817509
0.11349578140077675
0.10890127029488113
0.10297163882694138
0.09624575599679071
0.08841914457832617
0.07901311211096261
0.06826834610873452
0.05701570888374197
0.04725608722867685
0.04072543408870919
0.03745834720518372
0.036747327839334064
0.03823535410805681
0.04150240351301453
0.04639491191714453
0.05252280834602556
0.0584625431077332
0.06278519854511483
0.06603626256684399
0.06938077412826146
0.07331118295524672
0.07675591768440508
0.0779254343522262
0.07701144700385591
0.07534734825312295
0.07452488120887817
0.07431472125319022
0.0740136229955497
0.07276113563958428
0.06982570608538535
0.06516885492563909
0.05976705482966097
0.05492265894850478
0.05162034007388932
0.050515920067205775
0.050890816065699146
0.05140236572978298
0.051389214537721245
0.05102092550517985
0.051863646076544846
0.05488614239293029
0.05960286841058696
0.0639782265915681
0.06497145870153986
0.06235509974214978
0.05862137718645516
0.056763817975621675
0.05807043146166578
0.06076837916700725
0.06269160216273781
0.06351146283190846
0.0630374728013021
0.061298752887095985
0.059139818292566294
0.05730080706545196
0.05634054381950808
0.05669299350918458
0.05769945011074116
0.05874198681526033
0.060119812276862965
0.06239939034436827
0.06502099199161458
0.06591267972600141
0.06502171176569249
0.06486049991339021
0.06628624172096367
0.06872545496894525
0.07111779425242705
0.0734073371370009
0.07650045756994268
0.07976648954306377
0.08099527672958831
0.07855137457604143
0.07358978915285784
0.06847347897541928
0.06396709730835952
0.06001520131285778
0.056221484271547766
0.052322288636271336
0.04929573776622571
0.04793713715826804
0.048332262577931266
0.05035998647769587
0.05395825151106406
0.05893398355271262
0.06463804140618544
0.07031738821469548
0.07504089957082202
0.07931278002756888
0.08385030481825466
0.0887115878557815
0.09271030416752274
0.09419916927300294
0.09358235239682967
0.09178922522426536
0.08807369267624623
0.08221885935520941
0.07491151757470171
0.06651447357179804
0.05819063460939106
0.05135537055008579
0.04700049810298723
0.0447039163600956
0.04374023229941762
0.043516292657844104
0.0436540837052244
0.0442819059044959
0.04590914602671014
0.04890157289328916
0.05303457026563672
0.058441374887667735
0.06469583126203383
0.06990127310506404
0.07323821546344471
0.0751954015276346
0.07576015644079315
0.07346581214827055
0.06812298381924826
0.0630041644956682
0.06010459966144723
0.05930932493144851
0.05982120108728082
0.060613625011603826
0.05986430297133318
0.05700280821468178
0.05351306727080529
0.05126091870003635
0.05122362598771531
0.052979913384959186
0.056025121009775865
0.05947152646424141
0.06236690124035341
0.06364943400419448
0.06350269843223373
0.0632237424961578
0.0645426196659879
0.06800074652355613
0.07215949206310829
0.07454994756899072
0.07571849169360581
0.0765110786896691
0.07637018871486101
0.07431187211988041
0.07027115122153718
0.0641657956003327
0.057309956898755704
0.05195041834992433
0.04924624839484998
0.04834365480956188
0.048646929677161145
0.05017906825466871
0.05225086437079945
0.05365810679727072
0.053625596632991886
0.052228365095168955
0.050320893702448743
0.04871214261415743
0.04783981003341471
0.04820123512148954
0.05014611535221707
0.05336752019032678
0.056746366977794664
0.06022081426730526
0.06393609702802186
0.06611371065807568
0.06669957853099753
0.06781470758705403
0.07036097531524682
0.07318316956526136
0.0739076333623936
0.0723247765793967
0.06988947323048193
0.06786967914655335
0.06693429988463022
0.06607782265196561
0.06429919219101696
0.06190182603087949
0.06000028278824341
0.059456977198383845
0.059764862234560345
0.06052163696436573
0.06149118923508638
0.06185764736995083
0.061895413459805516
0.061197288059763516
0.059016691752869804
0.05574008981720523
0.05289489652242251
0.0511994478536538
0.050244398117949673
0.04998922137125053
0.05014776203803513
0.050440462695887096
0.0511076637911476
0.05284051619631164
0.05538417261687919
0.0578837447694058
0.059425209367232876
0.0598099906409766
0.059999516070559
0.06178926539938627
0.06609750085731146
0.07142247246170279
0.07451445671735711
0.0741149122278881
0.07221519109198575
0.07072613668200964
0.07065374154910237
0.07114483277785623
0.07026609222998045
0.06701727456801884
0.06244782628223535
0.05758779038064285
0.05345681221239526
0.05076615969634084
0.04996336150728077
0.05048068038991847
0.051252634528529906
0.051775950826008
0.05242003613109987
0.05341945942415874
0.05544234450737705
0.05880646400113592
0.06329006872718863
0.06768621929751774
0.07107327679935665
0.0738122262174514
0.07695503899466247
0.08047807533306627
0.0829971133174662
0.08375249616328004
0.08269565202637653
0.08023193836511475
0.07700816699233286
0.07386792350867503
0.07086711402799392
0.06751996455506942
0.0631648603283784
0.05771772107553341
0.05229640953009233
0.048264779894662956
0.04593127645746184
0.04510259545156729
0.04542802456231573
0.046141180490673436
0.04686148236861937
0.047259298583831114
0.048053628595220714
0.05093894706481028
0.05600764924110394
0.061900582916300975
0.06721161837367727
0.0708298894225351
0.07305982590789864
0.07444464514244695
0.07441464479496519
0.0732478097053956
0.07221561148816062
0.07225301959791747
0.07251115686506351
0.0723565931660619
0.07217763384830964
0.07326515327970423
0.07622795563919348
0.08013430465602928
0.08354196320588585
0.08517915056724273
0.08409753845311509
0.08044065961199814
0.07540184390504678
0.06984499235740219
0.06480005692088216
0.061781201732729135
0.06135277428701339
0.06364300330201526
0.06642621670605789
0.0676883634571405
0.06649616037676997
0.06246508793035657
0.05725000380391554
0.05312131913104961
0.05130786225206196
0.05123116193166252
0.05192495750032985
0.05280886332907156
0.05337500132572734
0.053975465910280684
0.054888179776980725
0.056267440484849524
0.05779032250770672
0.05924486482829284
0.06123132795771671
0.06379179062787185
0.0662562671608074
0.0685666890421139
0.07051760926795306
0.07179201359574922
0.07243111742157322
0.07273674243536736
0.0724916253154247
0.07126484377888909
0.06879298406016364
0.06596476913457305
0.0637059551698144
0.0615458371702034
0.05955932375390128
0.058203972421284285
0.05725979243296449
0.055804300789298135
0.053988448864206715
0.052980483163417434
0.05331816585408769
0.05460993762341981
0.05589308053947096
0.05719073852568734
0.057639813465869105
0.05645106693135333
0.05444929073666036
0.05312780263870963
0.053799960771914936
0.05659979924022543
0.060571486278473974
0.06426418389485701
0.06662790973656045
0.06746368906073866
0.06671505006514944
0.06445743265860432
0.06132867206266698
0.05806732804557003
0.05514664149513764
0.052887880390825245
0.05122294785692515
0.04986472717090618
0.049095502468705865
0.04839746154246718
0.04725157475493206
0.046007368312421984
0.04503140957279833
0.04498258481813111
0.045979002767796984
0.04900311639682896
0.054267808983837734
0.06034790451407016
0.06530298193431683
0.06783391573437568
0.06741154855230956
0.06467672858218172
0.061802377241550764
0.06017171008229693
0.060071384969450886
0.06117579861974303
0.06273619248249536
0.06440734006083909
0.06571664618392838
0.06588782215117227
0.06384780843491986
0.05958278851217841
0.054498676195160134
0.049973465958722534
0.04732345754218457
0.04693662831069163
0.04742101425914302
0.0473999279280153
0.046029881559248136
0.04321167617121029
0.041014391460190786
0.04007727401308171
0.03899525331537821
0.037675524162735535
0.03664705220166416
0.036492109164253
0.037476803320409216
0.03909019263853113
0.04128822954806078
0.04450798601996863
0.04869208923752689
0.05315763961239854
0.05674293290684016
0.058296287721158274
0.05748601233650593
0.05615851118147822
0.05627546166214469
0.05830783870511577
0.06193800788679092
0.06572014752927752
0.06803632407412569
0.06768170089231583
0.06478295697529492
0.06134453178259024
0.05886725023491876
0.05669594321944806
0.05368658647142158
0.04920203308364401
0.04357385104599177
0.03771494302242673
0.03311443229565195
0.03146405442610542
0.032523139536526566
0.03517086653004329
0.03851289008758098
0.042172379678224854
0.0453147972160448
0.04712730552270055
0.048237659589903475
0.04953110850064639
0.05104918771743971
0.05221865983732079
0.0527626091074455
0.053063590279964414
0.05395433094877474
0.0554938108061437
0.0557509865005896
0.05462755955762324
0.05307092378853475
0.05171201487292336
0.05069879790621057
0.05006811450761298
0.049753479602986206
0.0497178640434248
0.05035332214629528
0.05143467222822386
0.052381170834191866
0.05210696908175604
0.050178745856332696
0.047031927720779285
0.043881150401877546
0.04188633564555621
0.04115037288887648
0.04113995837252247
0.04186060110584897
0.043323079726289904
0.04580067968681328
0.0492730555260736
0.0535105824927072
0.05696281017278871
0.058275210261318725
0.05836521442558534
0.05927662738575106
0.061281900228466586
0.06371755772948641
0.06532282054186277
0.06535869260308454
0.06376634264209682
0.0610173499477065
0.057599264210147716
0.0533864142998166
0.04917172242905172
0.04584830159584675
0.04333453970101922
0.04144539720605005
0.04093424276997501
0.04207807981860633
0.04468245477868138
0.047888221588364414
0.0505970645641719
0.052212270861037184
0.0529403226956274
0.053098342277294555
0.05339193855196579
0.0541006238509992
0.05503320062666984
0.05587737511882266
0.055473966496274535
0.05361721385483935
0.05140761824157984
0.05006689419773398
0.049595617287084115
0.05002649999507477
0.05061448996353472
0.05122882209803536
0.05241119300179765
0.052953314100198066
0.0522057998540226
0.05084037101899296
0.049485410844586346
0.04799466136016166
0.04709909013482463
0.04722852933892412
0.04741286348203301
0.047086204860560005
0.04590973496589521
0.04371931020893474
0.041042955610272054
0.039070256822641605
0.03876562632351683
0.03927301744902426
0.03956705985827541
0.03949828857816867
0.03936343132650205
0.039472459027882184
0.040751853418966394
0.04378162324794624
0.048176052130864705
0.05235615838556719
0.05493087610388423
0.05563719081824851
0.05624500577633333
0.0583947705019375
0.06175912687995081
0.06593978316384574
0.06931498555232894
0.07055314230681632
0.06922477088720308
0.06599430239172288
0.0619702410029247
0.057721910303029034
0.05453232122351276
0.05385644772415044
0.055211849883984115
0.057841669137429566
0.06053797161657268
0.061796277871933786
0.060868966862615004
0.058454167809389855
0.05529655415918836
0.05190550130370648
0.04799436981174568
0.04424137311822557
0.04208339239121942
0.04272763409464153
0.045819318407635
0.04980321289953128
0.05269081327575356
0.05329932923941856
0.05231671412180069
0.05140154576989231
0.05265459876485415
0.056730589554697286
0.062039284056632525
0.06541255870004983
0.06488076941960828
0.06147384097697289
0.057531508587507156
0.0555008115098309
0.055832173224125835
0.05696783624430825
0.05651087343995209
0.0534564823677687
0.04895585398554168
0.044539242511312645
0.04196143854527637
0.0425491508454959
0.04644090487831267
0.05171810257141248
0.05621219859029148
0.05845183560180433
0.05917677316964558
0.05985451975108298
0.060702829316738156
0.061239667295212456
0.0616886494695853
0.06253941257996376
0.0645725750591268
0.06856404428227308
0.07289819699624697
0.07413485099703433
0.07165847492110831
0.06671807911552324
0.06040161195616023
0.05464200613843735
0.05172985983060369
0.0522112687026727
0.05467764329933052
0.056939475336148924
0.05842464344797261
0.0591360981470299
0.05896607582819402
0.05813251725225155
0.056918627751704205
0.05445839292841419
0.050489665447370075
0.046172795039978794
0.04362736280672366
0.04403101031858894
0.046219590358944976
0.048309186538252925
0.04938809214490294
0.04942221744277235
0.04930877740676213
0.049310420900047384
0.04970330569018645
0.05035978415969616
0.05189714659406993
0.05505079863484148
0.05999394349928027
0.06546993332123693
0.06825937554009319
0.06669646043690113
0.06265481247010111
0.05923355315320234
0.05857613689243515
0.060359893134761984
0.06273141038821797
0.0638024503486583
0.0635095479655907
0.06333954850774867
0.06403664638003852
0.06457890891776176
0.06399841332185034
0.062475758396525555
0.060166503029786975
0.057097554143183585
0.05380796377683836
0.051041170561501016
0.04874010073358666
0.04689625948423029
0.045356985503747144
0.04464811396434885
0.04524272721717578
0.046991767613975645
0.04965777279334686
0.052471260363188624
0.05431220704502236
0.054806175587342285
0.05477576193767932
0.054207990180778834
0.05155036828178151
0.046027967089095095
0.040379239007666476
0.03723211676499995
0.03754146968349124
0.04081680087579368
0.04465286704499122
0.046108551322634535
0.045137191505742184
0.04333533623409729
0.04212726515211508
0.04226186198573333
0.04336991126199903
0.04469114932957399
0.04554899173388841
0.04578432466173564
0.04529227834701354
0.044636507430526634
0.04488315068229886
0.04665238620317605
0.049696914321803204
0.052234375553999006
0.05281272392606277
0.05223052791334999
0.05194593187186961
0.05253677237150426
0.053555968590621096
0.054562657547806155
0.05491006800985193
0.05500417924050957
0.05576241501600297
0.05715319435835192
0.057643470729918045
0.05564505041601825
0.05124501518692777
0.047075785890020254
0.044404228844128056
0.04270680679794432
0.04181885059535194
0.04106672858872826
0.039936933685226564
0.038084916204582646
0.03680615138624628
0.03718228523186929
0.03820411249210297
0.03923498132839291
0.040111227033574455
0.041355305792642995
0.04232160759047244
0.04241716562701095
0.04332034167414273
0.04521747508854048
0.046921605083538105
0.04749658431027316
0.04711461632522489
0.046581513204801
0.04713959627456795
0.04895475007118842
0.050814343581703086
0.05186623545727376
0.05200391349297942
0.05137271762239279
0.0507679059489828
0.05086812985911574
0.051395777434446295
0.051193291079645195
0.050154252258410574
0.04877031398207887
0.04797341818039061
0.0479172651075698
0.04812329017078928
0.04885856275430627
0.05019608853608551
0.05090183062742624
0.04944265328681142
0.04657500235552911
0.0435064384641947
0.04116316000070232
0.0402950742627844
0.04098306172209736
0.04271010844212038
0.04413286494020726
0.04314749279866201
0.03913031598832234
0.03374020593203234
0.030248407016993224
0.03160361007228789
0.03738280287173609
0.0446322619562475
0.05017546696725838
0.05258803983822602
0.052722693896698564
0.05249230997574918
0.05371036398400033
0.05650472266429017
0.06011453735799885
0.06277892922082583
0.062140553910111
0.05778008755959836
0.051073558029419784
0.04412157653666983
0.03835849311005187
0.03466462338121383
0.03381960181567608
0.035074096059486255
0.03698963751019179
0.038675000200512344
0.04015891326747422
0.041201822794394646
0.040933054453065686
0.03972612451215381
0.03936274343644148
0.04086397691967622
0.043847337613751196
0.046983569316175755
0.049034721228502776
0.050023112677416354
0.0509292745808056
0.052118686014208666
0.05275167023731027
0.05160957236119223
0.04834555400841601
0.043557089424359194
0.039897491272637114
0.03956950885714154
0.04261738677284896
0.04713645521242005
0.05110191502713418
0.05285931538307792
0.05149076178672071
0.04800326504813491
0.04497441035057745
0.044143250165665185
0.04553498492671279
0.04817726520761789
0.051309686218168844
0.054126551557905314
0.05561408248005043
0.05506165641130764
0.053185646583683584
0.05094551055263042
0.04886405835656399
0.04815570925892141
0.04881013103213751
0.04941790042350593
0.0488686330565158
0.04733529505417307
0.045869846388949156
0.04500921177509188
0.043873397066731996
0.041086471501678844
0.03730203086825091
0.03477910703115399
0.03492944425528962
0.0373444525496798
0.04066838135567609
0.04385596753758185
0.04607425002130665
0.045953149450492566
0.04374855450983112
0.040059736492023275
0.03602472624216949
0.03343112598494592
0.03401713955220168
0.03771947011458938
0.042431763406258746
0.04605749820340029
0.04759931803240465
0.047217285521383705
0.04549133270585681
0.04355337422780117
0.04266532555982618
0.04310049503765675
0.04430660218510799
0.04619286102625132
0.04836091373756373
0.04996778733161749
0.050219155919084844
0.04936421461752127
0.04835903714352167
0.047441463541120554
0.04606258752157432
0.04371681004615617
0.040669690593092354
0.03874551990301865
0.039181772003911514
0.04188468933123772
0.045541228318431645
0.0483036689298358
0.049498952844421074
0.04874954182343959
0.04622934482096496
0.04277343271559559
0.03938821594949978
0.03612019740181735
0.03259138518104718
0.02946144826050759
0.027986574504348088
0.02928141191238956
0.03294958204163142
0.037469644961022515
0.04131592426583945
0.043177409793006785
0.04271654861228345
0.040430055382305596
0.03841713264479393
0.03907601514458086
0.0425675853980002
0.04735516002476155
0.051349903193486174
0.05351328778565457
0.054644275901130634
0.0554046461793017
0.055739170058321484
0.05492850728212309
0.05254177536118162
0.04756472814626279
0.04003085347022514
0.03266934140889405
0.028319498641633623
0.02831239215777357
0.03178786038598391
0.03658911399227175
0.04066268097424778
0.04277349064268261
0.04235684602735722
0.0411243890588077
0.04074795399097035
0.04121923389858888
0.041982905169569665
0.04226767629769371
0.04196697675154706
0.04185395154346114
0.04253873942772485
0.043627924899313705
0.04446027835467848
0.04509082229503858
0.04484005347588666
0.04338272709366338
0.04185128232183216
0.04088887174444533
0.039889737430757626
0.038557161137011575
0.0380256540617997
0.0392659313848843
0.042033380407724114
0.045503136138458265
0.048614689755618244
0.049626802890896195
0.04817977580756242
0.045738459401798104
0.04304049373121685
0.04039304250976446
0.0387588547993292
0.03904605897510692
0.041586512918074706
0.045904936196918836
0.050690236639352064
0.05433812687695538
0.05609044016335034
0.0551899687190969
0.051521500934654775
0.04679499804022338
0.0427304824523134
0.039394295647565566
0.037103341342898034
0.03621289541175475
0.036086766906295135
0.03553004471219101
0.034304528591472386
0.03319904329429784
0.03255901855996658
0.03226625567185883
0.03222396094664122
0.032281079595831104
0.032553044480973084
0.03336530574465866
0.03496076569753692
0.03793632260764641
0.0419138400270321
0.04510161921686505
0.04644003223802014
0.04601415913589201
0.04443258831441088
0.042538996705190874
0.04098474869016652
0.03989251040775
0.040173533868886876
0.04252467733069729
0.046476363899008326
0.050995893537357166
0.05498439249151182
0.0570473810087625
0.056303385841801154
0.05321139754353572
0.05001141023833201
0.048412665804142635
0.04819394544675038
0.04831178387004708
0.047825523732319734
0.04668785239885344
0.04565731405209711
0.0450563126717154
0.04482473900876065
0.044813600458958366
0.04438983573314083
0.042938785067313336
0.04137650104537131
0.04005277594966654
0.038205707673826354
0.03645035372207561
0.03551299367585512
0.03498256687571339
0.03417935337897753
0.0326480930004901
0.030933192600260923
0.030994719545232446
0.03288829545411542
0.03446906255087248
0.03521492549096017
0.0368312128275966
0.04028898903104497
0.04567683602078355
0.05190637283704042
0.05733838310836986
0.06035350143390268
0.060414688669455575
0.05804104474667195
0.054138394706358
0.050407510992431036
0.048339296754943056
0.04830976440562441
0.04996908513411107
0.052496394000172406
0.0547125047656689
0.05571129050421911
0.05551292843251317
0.05524795871989417
0.05514171386062739
0.054416566246677005
0.05282697323585558
0.050173942946236186
0.04701601127275653
0.044930821088235345
0.04499318594178019
0.046911333750078034
0.04939051654946835
0.05123076406467545
0.050787685946342226
0.04784186659591269
0.04330220528977797
0.03834102104534776
0.0350858407325534
0.03551102505221833
0.0397055637110647
0.04517281709055601
0.049184394058863184
0.05020770905547903
0.04929974561834008
0.048065777050789175
0.04807781933821372
0.04975499616388505
0.051628952686562174
0.051783994215781684
0.050054077205288434
0.048169821612572335
0.048025905398735434
0.050500288698391606
0.0554570806060141
0.06158726544344957
0.0666169915120068
0.06876035655201311
0.06779779691934935
0.06392660654232386
0.057913976780931166
0.05306553349914895
0.05214809509772596
0.05518778926800747
0.05878204092091456
0.05983091869123863
0.05813169797784499
0.055017471784754364
0.051289684988853286
0.04761129037068599
0.04520018351222146
0.043671836757168944
0.04175775726405809
0.039418136132509704
0.03838475585513901
0.04035046267263382
0.04382477014170289
0.046151606590388236
0.046211277482126945
0.04475169187241676
0.04260625573248399
0.039521255003288146
0.03590196196407542
0.03318640434607997
0.03305741620876061
0.03623065610741974
0.04105716531647535
0.04562051341648618
0.04939166707004765
0.052074879908475064
0.052855549253696024
0.050944778273576616
0.0477308188069774
0.04470304888935537
0.04276331545257108
0.04210347247387108
0.04241723198123621
0.04321723656891085
0.04422848579037255
0.04525597022430806
0.04594739060281331
0.046131672352607386
0.04620123187274727
0.04649213599437197
0.04720681627645786
0.04815207500378497
0.04948054617006573
0.05129640863088928
0.05323368269568244
0.05429511067240504
0.05423906273650909
0.052937741672556736
0.050796182665051204
0.04951406013765638
0.0500671344500567
0.05226910686224885
0.0549337390357426
0.05660670083165528
0.0563767925422761
0.054001736958358526
0.05045952856070749
0.04714551217506059
0.04594965374395121
0.04744137521828127
0.05072185452633855
0.054221068227964714
0.05669638834356183
0.05775181067954401
0.05803709367387773
0.058035495275313875
0.05741370063990371
0.05556441875480173
0.053247539981446566
0.05149228035012144
0.0504286951253316
0.04942979079816056
0.048062477841069956
0.04746001928851435
0.0486412039363513
0.05128376569464445
0.05360466213902316
0.053892871015664215
0.052105808736558186
0.0489622841458454
0.04555502615584053
0.0427646361260526
0.04202471490870601
0.04442992226434271
0.04919750878945562
0.05327926176087887
0.054792249919507055
0.05384620944832178
0.051646220841895366
0.04927477796835449
0.046637250098453785
0.043938368741740716
0.042071908501813776
0.04105633607462039
0.04030720938400463
0.04042856851219978
0.042074385675433805
0.04487197891213343
0.04813476634357116
0.05010370821783228
0.049800308638765146
0.04815476336778759
0.047302630579063004
0.04915378000631735
0.05308171597881305
0.05738345478442465
0.060589269072257
0.061468570901536436
0.06052378764185994
0.058554817124066294
0.05557291345848259
0.05217679930670168
0.04880040912217062
0.04570905095676417
0.042601875889137435
0.03967827623335648
0.03814035910528037
0.03923077547985446
0.04276485878529202
0.04690470137595445
0.04897148111086219
0.04842825423560848
0.047192284471901394
0.046610213020659264
0.04615413757963578
0.04450097936505074
0.04159921964383295
0.03900315641715217
0.038092172072257686
0.03859264429576739
0.03920680486833723
0.039219965461410454
0.03962278149239351
0.04134493677678457
0.04450342286244758
0.04824851323917246
0.05097034461240244
0.051632148730951344
0.05042736584957047
0.04929550494476494
0.049956829277987676
0.05168304444581063
0.05339075280588906
0.055084693479203334
0.05628915386784675
0.05531616983340336
0.05169724183308998
0.04648299763040096
0.04140146671434317
0.037673604294527735
0.03617670481949727
0.03674053930569608
0.03801927006493171
0.03925830116398152
0.04015015846724453
0.04084323854856231
0.04143740999994297
0.04223234938717844
0.04348942877113092
0.04555177459988152
0.04810949563980447
0.050658594309857634
0.05262112641408983
0.05340902755162213
0.052453956272842425
0.04974228725716519
0.046968889224648286
0.04544689277633183
0.04495215118578187
0.04449649097657144
0.043552655062053205
0.04254642369475022
0.04172094474235702
0.04140185528297395
0.041639471370745106
0.04311141547966023
0.04597670841608285
0.049340619846489076
0.052421953017751675
0.05510351692670113
0.05737484716370975
0.05863323242433931
0.05842350111318915
0.05706450467707393
0.05630536356693783
0.05630610310109133
0.05570700913528489
0.05371859149885567
0.05044309839947257
0.047106656998729415
0.044432499362831376
0.04257734868999201
0.0416306894434055
0.04168265486228778
0.04135797210702472
0.04004127792164894
0.03859935701560663
0.03812070755993571
0.03924107444264026
0.041165523269894505
0.042756982226454514
0.04368817175262229
0.04436000721479209
0.045626081285613004
0.04755116868857946
0.049584157138087205
0.051277226930165766
0.05356658927579818
0.05672087312624395
0.0600175427722558
0.06168408213246056
0.06167540518967767
0.061082176263280635
0.060390147909244025
0.059856010073387166
0.05977682777616247
0.059773450348230964
0.05923289419359657
0.05760407159903205
0.054872793951236516
0.051231097408370424
0.04724076744437713
0.043831381896321985
0.04123176553462893
0.039002416390511156
0.03676930361288137
0.0355738148684006
0.03691110851816214
0.040736085538865895
0.04608761223890145
0.051401865765180466
0.055136983063578365
0.05610498543755173
0.05355123254814132
0.048828445887921415
0.04498292486629893
0.043916229189577174
0.04577197180492071
0.0493362895991168
0.052004414894622764
0.05211882406148001
0.04983593684128649
0.04564449273418561
0.040828244006177024
0.037459968635488845
0.03567098911924263
0.03451345306384563
0.03378316810586577
0.034945981073016795
0.03855477158940283
0.04355696178685462
0.04820700122452445
0.050683962107894234
0.049974423941845085
0.046420223822648016
0.041702686766835924
0.038262520908210654
0.037237936625556786
0.0383772427069394
0.04078271799072847
0.04348305436677289
0.04572325589074279
0.04679233077941404
0.04681735312701686
0.04581950162769808
0.04351505826946455
0.04006827447699433
0.037287108479335446
0.036315718573248924
0.03671290795758615
0.0371509475295207
0.03753145376090078
0.03862856288333016
0.0406819709306344
0.04292694854822808
0.04496921909170159
0.04625529386517078
0.04605316767526176
0.0441334645354672
0.04140505392251945
0.039499244741024765
0.03882136454381646
0.03896875515120692
0.03956827345204369
0.04104451512798255
0.043527300665639576
0.04592688223542594
0.0470633785377635
0.04722402488628035
0.04667070397226816
0.04549537646809646
0.04426048029564325
0.043723715318868164
0.044377609346492174
0.04612310402602089
0.04793270386013639
0.049459145457204694
0.0511979929506078
0.052977387416142774
0.054072809943860246
0.053197608036244556
0.05031763786802245
0.046596198140330794
0.043343583395344394
0.04119722657479642
0.03991157453064076
0.039738182951027656
0.03983811314497121
0.039178391256075897
0.037871651109908366
0.036470763685838015
0.035241147937921026
0.03457991907830372
0.03438070097182404
0.03474766076050283
0.03510674304335789
0.035133246430276516
0.03566396475986549
0.037978544669576675
0.04185839704119981
0.044890586809726414
0.04489423901092984
0.042352070154230495
0.039815097008630514
0.04021471607816503
0.045094898897926096
0.05316405971700953
0.06075638917017401
0.0642822839223811
0.06240347820172131
0.057295902695455564
0.052883031674816755
0.05135577443422059
0.05158359155280193
0.051670239909123755
0.05095144992760639
0.04828888840243788
0.0437465054959836
0.03955741777804518
0.03803330395832758
0.04002943550566606
0.04410754894954582
0.0480125359429655
0.04971543918588372
0.049023117342772655
0.04781776199877103
0.04792665210932041
0.04846490455040232
0.04845716958835722
0.04826904239204796
0.04882208725849183
0.05060361730853359
0.05244103936527394
0.05310300508376298
0.053143715022476806
0.05333074746968058
0.05337916595498028
0.05321562512384456
0.053272664126366005
0.05298828050803547
0.05135774386700877
0.04879478970882378
0.04709918556803619
0.046837597809228124
0.04766670211615363
0.04916368388269623
0.051287235521953446
0.05367929435976374
0.05603420578233344
0.05844000114762115
0.060318735148461256
0.060223982587327
0.05848314392523655
0.056386759637987616
0.0548534300091057
0.05391602704433234
0.05301505330028341
0.052493581030364035
0.0530174902122461
0.0533156596613576
0.05246927491765422
0.05000494996207773
0.046845590593063396
0.04417787723378516
0.04300610141713392
0.04304618445865654
0.04342123880966017
0.04391230958027193
0.045054990554329995
0.04671560721799052
0.04823338601037363
0.049542957457869505
0.051495602778560516
0.05368077215217673
0.05460075574544943
0.05364179427159456
0.05173687509058781
0.05093955523614874
0.05266287253762296
0.056459501456822964
0.06034107494761378
0.06304819789054883
0.06477470280891233
0.06607870373794564
0.06666412939553422
0.06578550587732679
0.06313705143195081
0.06022233739632175
0.05850745856556218
0.05850367476607472
0.05932195063684128
0.05992392796032417
0.060362102859792786
0.060361767095405444
0.05983675897682602
0.05879164897409308
0.05681973061162132
0.054017748625308525
0.050969794458485915
0.048551080312203676
0.04700675763878854
0.04543718469281447
0.04348151693166018
0.04160635654704353
0.04029921983396742
0.03898584175529063
0.03696157311898452
0.03412242354722422
0.03123285289137106
0.028967008152659887
0.02834775688661876
0.03054128869491763
0.03585412480878342
0.042687206634275165
0.04798365805057836
0.0507354234859463
0.052555835999506716
0.05465816582040268
0.057216285283049374
0.059897224783908735
0.06228057497242265
0.06372690029963218
0.06395423528135713
0.06346972246288025
0.0638083359252268
0.06479517961534832
0.06479514615205552
0.06238748343559095
0.05782208131016654
0.05257955639555031
0.048501181612434566
0.046441067574564135
0.045757969680226336
0.045070670833916276
0.04373246389453593
0.041492521620373465
0.03858372531446389
0.03557946347415606
0.033222267021296076
0.032580296470409865
0.03360440985315915
0.034895562551703264
0.035155385384306265
0.03455645991267548
0.03393952770047591
0.03403728907157044
0.03535701388487529
0.03822705704488081
0.04262006494634323
0.047270448419054874
0.05047149826491471
0.05179300521097675
0.05326009656804007
0.055995827876987314
0.05920771695535346
0.061011280199462836
0.06143730968590034
0.06106840272600294
0.061138461452891694
0.06217274274135716
0.0630925459532578
0.0626580503944945
0.06051985521355358
0.05715703493100487
0.0530962079851233
0.049521353477090156
0.04749536362192079
0.0471441750166801
0.04790421471702568
0.0485686163468146
0.048760461041165576
0.048992976358459436
0.04965101059916852
0.05093405102938687
0.05336597196726378
0.055987906664790074
0.0568908522524845
0.055198957305183136
0.0519722120164837
0.04862969794310025
0.04608709170749145
0.044965885178889956
0.044743779676050116
0.04366763752120987
0.041736134119311354
0.041157098154147156
0.04315246650826484
0.04710372735015308
0.05128866260675921
0.053261435045514796
0.05211713739257725
0.049375930924937875
0.047189341693035874
0.04715434444153038
0.049587824165606406
0.0531991246247349
0.05681461894055646
0.05931318569061748
0.06031404235022801
0.060042202425315085
0.05827680211726355
0.05461331892872437
0.05018316144143502
0.047797463658029365
0.0492113667426665
0.053806490398217874
0.0593738046166641
0.06352260707799263
0.06422457988894725
0.061597810351627064
0.05796467156081457
0.05513366808854626
0.053709275096547104
0.053382162482568295
0.05327146765321268
0.05344412600927969
0.05313875390638487
0.051630030905794246
0.049783909016689575
0.048650668851063505
0.048228031072219
0.04755703913932789
0.04637280337921962
0.045102828421505606
0.044426820458067603
0.04516888135892248
0.04760132950191469
0.05051678685645087
0.05252896158546184
0.05336910073577668
0.05293306818041788
0.05116959181979692
0.048646318211044516
0.046063188287854585
0.04438974957410788
0.04449481850005193
0.046718016395933246
0.05023382073414594
0.05322695223563879
0.055087641034230084
0.05586478725570875
0.055622653418750556
0.05470567283680535
0.05249662380699644
0.04915631449108928
0.04529354797564989
0.04194735739257733
0.04098557205944499
0.04318893167615582
0.04767225728653131
0.05244923700676918
0.056386440057295435
0.05992624259091245
0.06357374762012338
0.06668357676478104
0.06789333741634865
0.06734976537572657
0.06676578128469121
0.06714765583235288
0.0677387604484779
0.06772255789990009
0.0660941391937023
0.06299975245309605
0.05994479035401048
0.05782749051026455
0.05701740314467676
0.05807762027850275
0.06101424661074895
0.064649048599345
0.06796452917131585
0.0699198452349766
0.06974100640642762
0.06695562549925561
0.06219161699080705
0.05625628061916776
0.05010694512966641
0.045390397758198045
0.04380547619728909
0.04515070824919695
0.04725346331060824
0.04817339838020079
0.04700930617956861
0.04449181952916372
0.04272379048092354
0.04353103974434088
0.047449943447285786
0.052806334723187895
0.05750491811264961
0.06100513595625249
0.06405649107854942
0.06705609019617427
0.0699225360374561
0.0726730332757331
0.07469154875789093
0.07540179934896776
0.07518587856204505
0.07539962923412694
0.07655812442524972
0.07797369877762308
0.07891840659774652
0.07777111631077202
0.07381828408912082
0.06854876321525834
0.06413775175308994
0.06171049813427855
0.06060679109937123
0.059758453655235605
0.05825973520804522
0.055394044954847246
0.05139995503702213
0.04718232482087889
0.04460812359031696
0.045459233822692804
0.04913785227732885
0.05308402226733021
0.055693201218892936
0.0570327759892895
0.05804651222060472
0.059234723986830405
0.060452327930987766
0.06113073995844297
0.06081496178155644
0.05933736376781306
0.05688538732073162
0.0542280215368286
0.052379165813667805
0.05268746248884538
0.05433882048082775
0.056054889854937284
0.05757497987025898
0.060083686906515894
0.0640140662157599
0.06837615251737222
0.07131802271240949
0.0719007887257535
0.07014127649841445
0.06731205503175573
0.06407543776282273
0.06022581405758401
0.056204108871979394
0.05351020696576766
0.05301829737514296
0.054566359481082384
0.05706918552172357
0.059260150303339865
0.060123841633239715
0.05924861508670475
0.05849243700830645
0.05956348963603234
0.06193155986352833
0.06363664427088665
0.0630397433399679
0.05971655304795918
0.05442833274769517
0.04842410840010237
0.043485277416819845
0.04074253522286012
0.04048547204593927
0.04193361981476995
0.04343637505353133
0.04454634752315614
0.04556264448651636
0.04683706210439611
0.04838733970019275
0.04930798022892102
0.04889991594158384
0.04769026695658588
0.04726577462881877
0.04850833753820074
0.050802628545467694
0.05267775394804145
0.054057330916247426
0.056045858907384616
0.05838666652829124
0.05953976842028953
0.05964968246073479
0.05991753076355031
0.06054969586099582
0.06078050569010306
0.06065127363128668
0.06047586389428627
0.05890172981198786
0.05545336221440833
0.05180969804318881
0.05026172185220456
0.05172449787750228
0.054804554750471315
0.0572538646879576
0.05744186959320195
0.055893135204933615
0.053893955867452804
0.05236450741231358
0.05118648258280193
0.04929522073836076
0.045792992371647634
0.041738541529417174
0.03957627778545287
0.040489578427933125
0.043968063699678185
0.04870672626751604
0.052510206280083044
0.053705037793067276
0.05246517904613665
0.05164086879944413
0.05265251872447315
0.055361875517846056
0.05865563779194765
0.06161936420104332
0.0635955639390095
0.06475294427471914
0.06618702596719211
0.0684609000012957
0.07022831930820331
0.06983677703412254
0.06650837761506671
0.06038748530084677
0.05359033401105878
0.04905860003752729
0.04840377640756548
0.05100345536306607
0.054298625534844616
0.05627984645673579
0.05626179217974179
0.05451230820862155
0.0512913743528627
0.04772674112675658
0.045961776702633156
0.04612435233464656
0.04599946971504352
0.04388364600591009
0.04117088794258376
0.04045012494550655
0.0424610711108944
0.04576515019953383
0.048485648064053324
0.05000130945412775
0.05110444546062215
0.051960132465531675
0.05216640614005602
0.05241696029085933
0.05335804989527887
0.055632596817087925
0.0593150174670677
0.06326115956302897
0.06666735106190123
0.06811845963501315
0.0665404760048956
0.06369462866875196
0.062372393170624964
0.06315899148785008
0.0647614133930577
0.06545970168175745
0.06477262467420117
0.06350718515825544
0.061599291838694115
0.058867509031689975
0.05619285154871928
0.05437095243377761
0.052582841853700484
0.04986445035613886
0.047287181749714635
0.04702731251858712
0.04904870617292177
0.0514923344824549
0.052384466846464126
0.051386953000188904
0.049517361540486436
0.04853263182461612
0.0498192139519575
0.05327165047008575
0.05688675160483101
0.05828213483314968
0.057355212086845665
0.055696381637957974
0.055174718560624884
0.05643963371629364
0.05835381490237498
0.059264159098462325
0.05892159849289959
0.058214174916050195
0.0581252591723008
0.057936442525959704
0.05645539948974111
0.054691605304797115
0.054119241268367826
0.05425319554427251
0.05472968700689114
0.05535382888908899
0.056254424480412735
0.05692100990127641
0.055551192329319085
0.05160442965938939
0.04664852863679787
0.043589718642242606
0.044228966017020935
0.04771219894301774
0.052294360234064655
0.05645131958041366
0.05939586684582689
0.0598933903413886
0.05737317766089487
0.05327140330221906
0.050245879726883595
0.05008939956086263
0.05181286205671813
0.053319218569523014
0.053537711747050576
0.05306479409273663
0.05329350985411584
0.05440998064459321
0.05590737127550438
0.05682056811905179
0.056176284462551435
0.05484370641531296
0.05414069874835511
0.05448896060692676
0.056541027483048636
0.060849669026027384
0.06684232987366806
0.0720535579742638
0.07329881133951854
0.07027855951567297
0.06532027681038227
0.06123531753010529
0.059657312510755886
0.06076754223034999
0.06344176521792097
0.06653452662502449
0.06887310868751968
0.06916750075989904
0.06734679308186642
0.06467846651109564
0.06303328670462148
0.06210780836003196
0.06066849604272966
0.05812815878930969
0.054648183345370964
0.050933816009504924
0.0476098680688031
0.04560500141111329
0.04629679085810663
0.05019053420996358
0.055503284937925286
0.05942575900942365
0.05970524044712613
0.056024096782341506
0.05067526682579991
0.04720404321707583
0.0476078698543986
0.05063268883296698
0.0533886680074826
0.05428423500537849
0.053102850130174024
0.05058868670005751
0.04760835377484692
0.04471105464089918
0.04180800958361965
0.039026689496251606
0.03857889191878924
0.042231567461579786
0.048048569571635925
0.05314732547597095
0.05645142383693626
0.05790631283494913
0.057614079348372337
0.055517774908379836
0.05258241610227911
0.050618427767702256
0.05097155984390931
0.053140868286062896
0.05590619108162947
0.05883433959421107
0.06109517772319388
0.06143683966250224
0.060383230063671335
0.05987422908690026
0.060602525147358366
0.06167161036304465
0.06251665088979244
0.0640477307435354
0.06530670235287243
0.06363877599237601
0.059691541183482834
0.05513632215638521
0.05093077733826065
0.047877407529003074
0.04642314504588634
0.04639519055348946
0.047543000035701055
0.04888550427508312
0.048962351800308467
0.047279274817609906
0.04479850871855462
0.042044134632970985
0.039518785982905424
0.038205156316066836
0.0394420391745805
0.043349277660506294
0.04707244893131877
0.04833059762363852
0.047680304622469305
0.04521945514630957
0.04073789119311852
0.03624675624503923
0.033732487888758315
0.03373959962158473
0.036163868246774554
0.040073904237643135
0.04433526060907453
0.04819229650105438
0.05107788522341698
0.052826224276301834
0.05301768345958888
0.05239403001719851
0.052101422383562544
0.05317500962662203
0.05545410765755297
0.05713948961017778
0.05782277293591154
0.0579558816804623
0.05737475622175881
0.055741771559194526
0.05319596700613707
0.050962641765168834
0.049306571061569875
0.04819003880380068
0.04781240430912655
0.047981411694186724
0.048317654415071354
0.047493769467095444
0.045345921172292664
0.04202378199201329
0.03835459105763086
0.03594825128902203
0.036615659699962555
0.04065374365662157
0.046014565236577085
0.04924754935655252
0.04824497862824398
0.04379050657445494
0.03918289544993561
0.03778764676615515
0.04099226923370522
0.047192376514833885
0.05316593269914985
0.0567908520657626
0.0566276878561928
0.05261962101365577
0.04694511477512988
0.04270182117124005
0.042073635123278844
0.04499468025282475
0.04990244101986312
0.05465289306639624
0.05727919130528026
0.05727416473129373
0.055120577951430105
0.05146505975372013
0.04717778363392716
0.04303210931700316
0.03962477000445332
0.03788948490435664
0.03833290274783071
0.04063397560153116
0.04406079730760287
0.04758627620567252
0.05033310900380532
0.05094824026341074
0.049694229315780464
0.04834921514174516
0.04845947056000048
0.0497942055723575
0.05045717332608538
0.04984286682907993
0.048288428901822604
0.046562308790198646
0.045636393809708554
0.045890313251043716
0.04703634717863256
0.04886630146961298
0.05077528749904661
0.052149616770621764
0.05308747920178807
0.05315123066582275
0.0522165567792207
0.05093650183048867
0.05040420470691801
0.05083376551136439
0.05141916081657343
0.05075619805602015
0.04891284078548937
0.047135344871942
0.045344693894457756
0.04354177749935036
0.04281192058605375
0.044094545236742506
0.04705207219085196
0.04904625061060747
0.04791357858130231
0.044994157140867436
0.04235251017486872
0.040880770309531446
0.04017667765639706
0.039414606325095816
0.03865827182311234
0.03873899644207434
0.0402658582909622
0.0426926484558894
0.045353827670411566
0.048565230505295626
0.05299487788631479
0.0583155654100169
0.06348659541936748
0.0669473121841557
0.06842056113528877
0.06887784242025352
0.06979682846021376
0.07135842356960387
0.07097055571898961
0.06732883015789762
0.06225907343513779
0.05725198021758482
0.052926516485928964
0.05037224227777916
0.04982462359865007
0.0500504404424976
0.04952774850536909
0.04704348520136091
0.042871279507459684
0.03922466215236644
0.038209590480724184
0.0399240613538561
0.04262733303488536
0.0441693370759335
0.0444769731717121
0.04473461459537704
0.04622893529262239
0.05073665473137657
0.05740167731559279
0.06407405574782725
0.06914608635675264
0.07172470127052438
0.07201791613391285
0.06980301019061058
0.06503854277585332
0.058934314897964774
0.05388520192009543
0.050982211511574206
0.04971588792906306
0.04914521263310022
0.04819626743422224
0.04745049210862413
0.04764062543732931
0.04867151040729772
0.04999436361457247
0.05147104391572612
0.053245496164093964
0.05484103216912496
0.05601003375082857
0.05673749561838344
0.057842779084792954
0.05932068603401296
0.060704403452425844
0.06190456208388665
0.06162479360071131
0.05872517278261486
0.053440389951443436
0.04846158895311194
0.04575943137645643
0.04471025213608258
0.043554811000822584
0.04218629191120876
0.04136334948489356
0.041915452455609764
0.04369109294659957
0.04619137898972348
0.049872573498221204
0.05428763845302915
0.05764898949731629
0.058811278497658465
0.05741374831120923
0.05427688821909575
0.05227916555383577
0.052426706329776605
0.05435119667715904
0.0571052178993162
0.06008398375516581
0.062284076219836816
0.06323605466695173
0.06289226584242724
0.06188646602786102
0.060489909844305724
0.05783495208996379
0.05464175596239337
0.052588003238897105
0.05249053911433555
0.05367585194467858
0.05499650576087343
0.056320337793550515
0.0578872226933701
0.05910757118221213
0.05904207464791832
0.05819602992045398
0.05731901848477315
0.05681593452269107
0.05622724094078674
0.05464497863465837
0.05247053932631075
0.05133347025963066
0.05207474427930811
0.05372848048831474
0.0546864566787875
0.05389820539479166
0.05116535528907217
0.047077712579293725
0.043236224347617196
0.04097420827592527
0.04000329183310719
0.04097457021378321
0.04408390551266215
0.04845563086388235
0.053113392908659074
0.05746786786019815
0.061037452761062705
0.06346970462343643
0.06490381064128363
0.06582861647001195
0.0669590912529331
0.06896527401879879
0.07196049004296082
0.0751191078853002
0.07762708352889429
0.08003557028782025
0.08179154706489973
0.08122515390799938
0.0778990197484046
0.07254931425707606
0.06757295211588103
0.06483996768900445
0.06417089780132527
0.06402763567423699
0.06360716244202815
0.06288713884625505
0.06182451863542626
0.0600372473333135
0.057499635869613264
0.05529674478813398
0.05475308503318351
0.056231644734185446
0.059286790344211505
0.06337709208842245
0.06789704599325139
0.07188636804450677
0.07502435178345025
0.07673750193100214
0.0762886464496618
0.07395535323150726
0.07148714367721865
0.06964903349590941
0.06837038121198101
0.06814720537918384
0.06934381877434083
0.07126180956513765
0.07142023975444219
0.06899963684010112
0.06496879003440209
0.060879383262500225
0.05698681249105035
0.05373794375352111
0.05246276791282434
0.052439854990983525
0.05277612634683181
0.05260993720931725
0.051422450347976316
0.049768778156698265
0.049048432033766846
0.05010064409653495
0.05300564709932055
0.05697972746033688
0.060908283557590585
0.06322925837154152
0.06310815149443505
0.06115958315615367
0.0586367024167109
0.056335431164928354
0.054124187493095104
0.051803771307857016
0.04983426075270307
0.048673540145872364
0.04789501014062013
0.04732199009813828
0.04665701713185838
0.04574521329161881
0.04485950095065831
0.04323211133473962
0.04089529402912989
0.03880027084926026
0.03837465838697156
0.04031389628940893
0.04434298572696013
0.05036630517908582
0.05678388222905589
0.061110681905744466
0.06265509798911559
0.062289424860363055
0.061046728996647225
0.058693368665666316
0.05527133103508123
0.05123859334429323
0.047487634279904954
0.04554437697277063
0.04658342451744281
0.049986962172411546
0.05363916334536649
0.055253042717209544
0.05440207692128011
0.0517034091695777
0.04888269783891073
0.04746758054436166
0.04796886215238266
0.04983259624286001
0.052182915175076325
0.054776795286388597
0.0574986600346596
0.059915836800304274
0.061682368417059534
0.06258720020063788
0.06271513081170835
0.06194809755295688
0.05859119109706531
0.052306071629747194
0.045619841996284896
0.04178023588171228
0.04210004864740459
0.045333639396459624
0.04925848988632836
0.052557746808331696
0.054493472052511795
0.05491043252653244
0.055222231891537674
0.056877426296797845
0.059691245597443716
0.06280316374551195
0.06495911295952765
0.0658546652472065
0.06641347663867757
0.06761815105124987
0.06965776557258703
0.07210521372904116
0.07447547533433796
0.07585270743256184
0.07606972221761761
0.07475165276889782
0.07135134833611104
0.06705909526450571
0.06221174056627158
0.055839893075731506
0.04864004709173573
0.04184929376861196
0.03612750709505212
0.03247609810913665
0.032419052912689594
0.03620808194284914
0.041934537250822704
0.046925324533545136
0.04972648111255224
0.05046083596589301
0.05071830444834478
0.052787110504752356
0.057129302847377876
0.0625926820981063
0.0681444230381057
0.07396852161716234
0.07814343640278339
0.07891530777857146
0.07609588761475
0.0707201927085189
0.0645428919474744
0.059129974415343324
0.055087448659076596
0.05187889418395304
0.048232065510036705
0.04431488494277954
0.041085050294258144
0.03963317017407855
0.04006248929300928
0.04230448291996887
0.04612132506178825
0.04995731361605769
0.05207735816830954
0.05269880543398048
0.05356807505015869
0.056888918413736105
0.06264754882260946
0.06889006552533727
0.07250741639685156
0.07164258948199403
0.06733700478332673
0.06178710164691644
0.056434674404327735
0.05238573915866969
0.05001967370868979
0.04982760176133542
0.05099588068534341
0.05150956838398872
0.049951988942294044
0.04571505848282138
0.04007688647187251
0.03532597315468361
0.03312211501411047
0.03384589305312985
0.03612151801854077
0.03835212778037459
0.03973280396057625
0.040303807074713566
0.04079205189157602
0.04242979443255734
0.045170585696470686
0.04728216706384369
0.04741043578009776
0.046144041744155796
0.045364692263038096
0.04606456511142194
0.04849701085251169
0.051690463011251846
0.0543300928972406
0.05578688951416675
0.055828269390578805
0.054643347699698114
0.053446055283552264
0.05304684375653462
0.05331050687222637
0.053807484621638625
0.053651880034500256
0.052806293576452945
0.05137095136102682
0.04916569641722088
0.047434795344541605
0.04768725322277995
0.05026688599683297
0.05383782700767761
0.057292222347698395
0.06045092334977698
0.06262439910058216
0.0632059261432253
0.062438980848540944
0.06122256338828251
0.06031734989255083
0.05882330175132172
0.055916462752947406
0.05205574266458012
0.04789640279466752
0.043545699240236074
0.03984002213107536
0.03722384608950816
0.03495685012243331
0.032810643896230944
0.03156540119737052
0.03244164713453634
0.0354475361833405
0.04001115779057083
0.04534532740524067
0.05010461346520226
0.053623604064406145
0.055999471381670995
0.056891198807330415
0.05728470592433979
0.05761084543147378
0.05765799272044646
0.05776172414672555
0.05820106698967171
0.058545771689825256
0.057885694960658846
0.05566684740820712
0.05239878462134402
0.048802530508750934
0.04603172236612711
0.04387253741258948
0.04146366310602778
0.039460684268546195
0.03946043756913603
0.04206516291413268
0.04567438851848242
0.0486943640748966
0.04998188129122321
0.04923492056330562
0.04728209493061642
0.04558314452501358
0.04595336370180288
0.04890110779531447
0.05392672076449415
0.059319629543747227
0.06260992371371063
0.06174005426602698
0.05696904531278589
0.05101843068251102
0.046226644870024834
0.043580178598422184
0.042240945662621286
0.04124369542788257
0.04090660493590688
0.040755350875659103
0.039725038968137685
0.03769171945081366
0.03570231275289296
0.034965825138394836
0.03523920806083619
0.03611709727746166
0.03756742412056735
0.040069852633497306
0.04415591774358884
0.049719161935323775
0.054732834329818354
0.0573792502619564
0.0568289827344127
0.05282969993930037
0.04806974462502712
0.04529183263797624
0.04583139070557083
0.04892878774802914
0.05209718133736748
0.05360638677538577
0.052615404480341466
0.050742733910034844
0.050116547829043845
0.051187522105454866
0.05335610381951802
0.054404749442872054
0.0525668024764674
0.04884283849087997
0.0457970403864188
0.04419279364868085
0.04246218223468734
0.03994703263500029
0.0377082006884134
0.03684531783695158
0.03792653664087675
0.039760624724485064
0.04122162521573491
0.042621453515579555
0.04458693503695081
0.04717145138970352
0.049309155563870256
0.04954123419680438
0.046850788304234545
0.04165015984350052
0.035719298989793424
0.03179707583408682
0.031242583413526683
0.03290352503527573
0.03503382085348304
0.036297547697743945
0.0368081554894104
0.03790846321293914
0.04048075368023328
0.044732574760952305
0.05030589502835387
0.056148054016978866
0.06078041648078631
0.06369204805164672
0.06573118073559396
0.06724542528418169
0.06806399820774028
0.06739757036610187
0.06542539326811687
0.06341548639769076
0.06239768398273457
0.06172767074704661
0.060389018782207954
0.057478140560982514
0.052442561035507325
0.046131298008181845
0.04003976315290866
0.03475703780357437
0.03129650084053828
0.03058888579729697
0.031707731679862475
0.03292489511907292
0.03345807461198419
0.0332866265953616
0.03242347795454304
0.031119345138122034
0.02978173868493154
0.029461254895878766
0.03148854906239468
0.035921656958875656
0.041659528443101855
0.04605412476839385
0.04833402362691265
0.04979454034226081
0.051490213925890316
0.05276107955576429
0.05323798781518142
0.053282279480687894
0.054038809090317344
0.055182379147606535
0.05565818970488364
0.055207529247724
0.05340005017246394
0.05082259423858234
0.04906695688211007
0.048936499996012676
0.04944169483597372
0.049060246913040326
0.04713601954689528
0.04453740167061542
0.042898708309968565
0.04316430612892038
0.044991084723324644
0.04737227348595006
0.04924921098132189
0.04938378048570033
0.047302587677355915
0.044097537665241555
0.0413338696335475
0.03967871081995352
0.03951128584507992
0.040664736129546755
0.04187690389079586
0.04193683677697916
0.04120343924265467
0.040373387087858356
0.03975297095675759
0.039514339076924754
0.03948342984295874
0.04020911539641351
0.04182872339289268
0.04324592456963865
0.044097724159456134
0.04486177433385614
0.045874592467736376
0.04713411228187132
0.04884012801667781
0.05087977919200397
0.052621051345339946
0.05399107085867298
0.05524575603144961
0.05575977112282863
0.0547950385156534
0.05374412751720715
0.05403639495326841
0.0554113829265848
0.05682018969522735
0.05745003632645256
0.05652925055807583
0.054273618386080545
0.05174436303828099
0.050238336415758277
0.04965282947588412
0.04959457669263775
0.049696041982063746
0.049864694849284026
0.050232429508303506
0.050271161579241753
0.048987024987430794
0.045786916322532414
0.04149418670056774
0.03773079413411114
0.036373276449216105
0.03736788839610073
0.03893602069042384
0.039117312679168174
0.03722408875760828
0.03450794719761375
0.03233899000734046
0.03189766292698588
0.03357567534282766
0.037158771847246426
0.04133980244879938
0.04478743243641675
0.047005040041077306
0.04794066792676329
0.048569689031366894
0.04901125346182423
0.04875982956611187
0.047636567898358795
0.04706078604135871
0.048397558147828
0.05258156403254361
0.05862420878087703
0.06348124338402004
0.06530885580290521
0.06338245181591702
0.05850363618513414
0.05321318658248224
0.050025491893438044
0.050381930611318175
0.0536161278134202
0.05724417902358235
0.058463575337819665
0.05642980364253235
0.051978113087797706
0.04720679139615496
0.043762328943098776
0.04158542786125549
0.04018345040716925
0.038534479201391914
0.03697145362728158
0.03655965029216697
0.03744376614616395
0.038874818402799716
0.03984192028704849
0.03935941437670303
0.03803360042548416
0.03701856544592309
0.037281036531306884
0.03901454277569352
0.04163196502069633
0.04359290623945114
0.04434277512609696
0.044546300069191684
0.044983971600308315
0.046721565367274974
0.05063657529350754
0.056398683326888965
0.06175673437544955
0.06429194281163483
0.06358377084098332
0.06088340730381662
0.05828590698365304
0.05722298178343578
0.05736363993691895
0.05834252677680333
0.05902668762525528
0.05804369900939027
0.05544767926044473
0.05305890594043542
0.05170361551161969
0.05115893533228204
0.05149105470009113
0.051209794660239345
0.04879858851242216
0.044178614088755855
0.039601239605763686
0.03798704683882474
0.03991210219882463
0.04417039811046154
0.04912938189139148
0.05303279678873408
0.053927795108003336
0.05147863695848285
0.04631075152531006
0.041923758193468705
0.04056500220641619
0.041333411244128954
0.04297698604842498
0.044647581866181174
0.045222510736351244
0.044643158714359754
0.04408169781887539
0.044087824817744335
0.04401819944320972
0.04340915784525791
0.04204343524008348
0.03976869651726022
0.03751866588698701
0.03716183208979628
0.04007872062112509
0.04522161699752874
0.04972543598860122
0.05198302316283725
0.05196020278367605
0.050831127247170274
0.04948387617334837
0.04797181047208178
0.04645795536893869
0.04508858123975061
0.04389272991294552
0.04283659782823036
0.041720048653720206
0.040655868310108804
0.040042100410488904
0.03949050800576809
0.0387671551810513
0.037948811814835406
0.03563609870345598
0.03171387422123982
0.028595897841383902
0.02844505451779673
0.030777698857641766
0.03482012843747546
0.03864391207417124
0.041038525094196844
0.04238138364392042
0.043935345600835944
0.04614754549970394
0.04865478149546321
0.05175771948616865
0.05622060683927373
0.06293036403383348
0.07113669610464558
0.07796087610442981
0.08185062306713532
0.0835321241197202
0.08301848245521115
0.08045674798635663
0.07712707874429163
0.07452249144681804
0.07296291179483436
0.07108503119244425
0.06786887861372526
0.06379241987610043
0.059711651443657365
0.055630477470990244
0.05135223671854609
0.04766066886475377
0.04478303437840533
0.04190620344111484
0.03850133469520439
0.03548407535700983
0.03337782841319061
0.033089951596396064
0.035429586109122356
0.04003206174803903
0.045167545916913486
0.048759685876976454
0.049782398734473904
0.049128186727271955
0.04816572044294368
0.04752270408847543
0.0477963811590673
0.04912422014590699
0.05150549657161113
0.05540000164854686
0.06002792725409468
0.06355689118132421
0.06411094122498504
0.060910544043797
0.05606379632606164
0.05246217423510318
0.05137267642327165
0.052664665032204024
0.05550841337070412
0.05851051758044807
0.060486055965159546
0.06025723195229701
0.05783616388461796
0.05480571496892093
0.053036536236534045
0.053007024811986825
0.053765565278318266
0.05390721336027883
0.05284954777094306
0.05166075292598415
0.05110556905021327
0.05065457418528105
0.050258521448093965
0.05024702160782921
0.050082815710490725
0.04870889692167858
0.046338968027781625
0.04430970549080638
0.04312596653477723
0.04318195703926809
0.04457777217643949
0.047075469043004275
0.04928730471992123
0.049877355027148775
0.04904911717966336
0.04810045924350098
0.04766684393491658
0.04687229232743257
0.04574844665466454
0.04573694075708504
0.04741394298281009
0.050143331403041023
0.052899148741812604
0.055439253270190794
0.05771603387907488
0.060192773722729284
0.06288704135079028
0.06545297716370617
0.06735323421001667
0.06796220787889949
0.0675463262763211
0.06706716333385622
0.0679619136717796
0.06919960344004805
0.069272414671082
0.06845045871221785
0.06813487042588391
0.06886487598718641
0.06961555468265103
0.06889789783455334
0.06688137576605307
0.0648107682328757
0.06335077486121077
0.062061184104490644
0.060214187034745625
0.05760162818620264
0.05382541757068436
0.049106587600329085
0.044976326479689674
0.0433406806743091
0.044250158981090394
0.04583486064176069
0.04609577151742601
0.04459231507506883
0.04229158669034431
0.04022635060629715
0.03962662437581522
0.04068600040956589
0.0429370326182813
0.04553525489790472
0.04779607732081286
0.04932620548548246
0.049916754789585384
0.049937816949938985
0.05008989422440328
0.05140775324955929
0.05395814894919374
0.05611144945925256
0.056701088131927486
0.05524857462137565
0.052303780890010795
0.050152034338784166
0.04990988312123808
0.05042419547568234
0.05009459119529481
0.04794917820439734
0.04460831606553856
0.04087916201664045
0.037329063747555694
0.03509499205634815
0.035341336660644304
0.03754422888214892
0.04059861363224525
0.04456863232595548
0.04946324992169246
0.05405368111433949
0.057555245139209815
0.06011269923732358
0.06131087102041189
0.060682854006267536
0.05861514546175979
0.057190652783546604
0.05757054480081933
0.058805792267291976
0.05954278026088175
0.05873240169433612
0.05613706518756841
0.053607467935648856
0.052343938898619095
0.0517168428532718
0.05105456801251412
0.050221351179706185
0.049064094981240945
0.04645122894129057
0.04189849144168337
0.037482277534675854
0.0353983509372236
0.03640823049277357
0.0396973420194884
