6.163883863444037e-33
0.0026855518502036067
0.009306702176286633
0.016973745615280724
0.02385979647767246
0.03009315248361866
0.03720817939131275
0.04639924884889952
0.05767481362351698
0.07017071299757834
0.08310091135196508
0.09555626508887863
0.10551273849257463
0.11087490304820027
0.11031065482859286
0.10426739566542388
0.09537516599652626
0.08600352619048893
0.07621812234558632
0.0649689742809706
0.05279745588769672
0.04107194989408555
0.030914589863830545
0.022855144552919968
0.017528137049885952
0.01534795055953099
0.015774436511120333
0.017518650538720985
0.01949529071228346
0.021864434018759385
0.02607475243008623
0.03424427008447062
0.048034207857908476
0.06705495093084658
0.0889138495797547
0.11021117045898406
0.12752795068014497
0.1390481305997489
0.14474438329326042
0.14637929620871312
0.14581063326211444
0.14394556902368533
0.14101812135678155
0.13601202717927227
0.12665372546814116
0.11194314756112757
0.09405908259448838
0.07524029298768843
0.057277820486146894
0.04176747144705246
0.03008061620157865
0.022669667162211696
0.01943581307087865
0.0199662874446617
0.023156909710435415
0.027573649557672837
0.03222541047421583
0.03725819452316273
0.04406213037576959
0.054002275661611705
0.06806543623695188
0.0862594588041604
0.10724015221088826
0.12808545615877354
0.14470873451474575
0.15376024837347976
0.15468857108481385
0.14924464991065178
0.14015627022193172
0.12955290238967804
0.11802320473200849
0.10635610154414694
0.09582416860696627
0.0861732255819053
0.07597177444274303
0.0647885606729222
0.053404348860124684
0.042956410954448666
0.03429804916016937
0.028292411043362522
0.025132588256003483
0.024387492335459452
0.02569569837233829
0.029100672860996688
0.03441628665401403
0.04045728886351021
0.04573076671117503
0.049491442578845836
0.05251197828604838
0.056080852791708824
0.06100942871827828
0.06722324614320137
0.07243618932039025
0.07418377449228687
0.07383009879115618
0.07454248800346205
0.0769471707992449
0.07898912564233933
0.07745824715442443
0.07032940516325803
0.05959442521200907
0.04912654251708416
0.04090167217551708
0.035000791082613
0.031064049716704723
0.028647822835867573
0.027253221614863023
0.02638604991168103
0.0263923514713087
0.028135682407853486
0.03202405029943936
0.03757366443016461
0.043497406756339986
0.048254255896028594
0.050777889487268156
0.051645519545674326
0.05260113975927154
0.054533254137574046
0.05701072150393764
0.0592999746541316
0.062063066134516495
0.06594897269654197
0.06982307622923971
0.07061702837666906
0.06612817211796254
0.057208369831700245
0.04729310177546104
0.039498214582050856
0.03511923817678663
0.03383739954244971
0.03419446966991895
0.03470259791652606
0.03450220274339532
0.0341044307279167
0.034516012941669866
0.03671657248589305
0.04052372086023873
0.044617172549445826
0.047447196885507296
0.04912190696516752
0.05059118055674088
0.05159687099509269
0.05156772415662882
0.051216798213998764
0.05222750388996964
0.055217949902745964
0.05916219289870136
0.06169812207331474
0.06108693172585221
0.05793925161722641
0.05381946715416447
0.04936329672154645
0.044637197917631016
0.04004018158433226
0.036301169994478674
0.034359636996133244
0.03467505885490886
0.036725083703069185
0.03937772043675687
0.04114279548091264
0.04121638271171346
0.0393398775897498
0.03671188968059517
0.03525875288863695
0.03583199883961404
0.03789337897002447
0.0407482093897979
0.04366073073025891
0.04580473863684043
0.046976175574042794
0.04754794404415942
0.0479301305276163
0.04840111206854684
0.04924420965105489
0.050014056733823344
0.049367884578056846
0.046216153178607985
0.041405742985579655
0.03717968987880634
0.03530284148406096
0.03557845236158124
0.03651600351462461
0.037355681583178285
0.03833783872715311
0.03961558826660577
0.040682483905030827
0.041103998294870825
0.04094160649817053
0.04096950998007921
0.04227668338944864
0.04442057829873856
0.046334391732462996
0.047750529388394476
0.04897734532731646
0.04959158350881846
0.049199157168634634
0.04840157621434009
0.04835189202584395
0.049322793842773466
0.05035709169221047
0.05026301168164266
0.04825681855337051
0.04458069098886038
0.040345278395643454
0.03624559653534145
0.0326557797941351
0.02970991739765516
0.028325726790726348
0.029569743148370072
0.03332265033911183
0.037688967203264194
0.04023306777574163
0.039429726276887164
0.035959467344228495
0.0319920216018706
0.030118712145412323
0.03102573505307744
0.03363845772662566
0.036563409529162184
0.03888410919222182
0.04051144045934701
0.041917202546057554
0.04305527776510385
0.04332021128439485
0.042162138533215876
0.039832172424248954
0.03747219434836802
0.03651774004992001
0.03753128568288824
0.03944817371162907
0.04024153654779926
0.03919935443448526
0.037306969944841124
0.03613818879605539
0.03633029169031621
0.0373600883899438
0.038573852987343706
0.03940057023204195
0.0397589871111452
0.03996905089186695
0.0408052663871226
0.0422209480107829
0.0438123758657579
0.045118467094289606
0.045707249086733695
0.04564048050070376
0.04546830853654897
0.04545851145418597
0.045113326191278884
0.04375816406443673
0.04162280710468204
0.03942039789124742
0.038000419763251775
0.03756339016055044
0.03863493953921329
0.04101613703085769
0.043953834281326126
0.04645019164721009
0.047369811312111286
0.04630744055167943
0.04445712578898258
0.043126311652566945
0.04223181148860304
0.041450328905271276
0.041393745959503014
0.04305765014442984
0.04659113447175698
0.050953876851588684
0.05412553810662547
0.05442585715216783
0.05205060114735833
0.04855595327347323
0.04568345970931435
0.04423794558747356
0.044082415018945005
0.04434276522850477
0.04419396291744272
0.043454852153205076
0.04295110589700747
0.04327369994167844
0.044373915910383706
0.04561033875513722
0.04626219029175933
0.0457763627546597
0.04429065731292124
0.04215677752984958
0.04051030055374502
0.04023201913183982
0.04094795759034274
0.04145939439553877
0.04138968146572776
0.04103931116482687
0.04037146789780759
0.03922909853081081
0.03814446585421605
0.037655019965069855
0.037835363070457186
0.038028622596281064
0.037742507890868485
0.03724982802015049
0.03674205895297016
0.03611531946135834
0.03584725049924492
0.03614209585291753
0.036145401741455724
0.035652626841853656
0.03558127044596563
0.036898004874207094
0.0399523368799838
0.04370379751517764
0.046478486712595114
0.04742173883751916
0.04714665933453169
0.046842455325688405
0.047509036827385394
0.049091509018672035
0.050421122596069144
0.05038531271312656
0.048520777586156964
0.045964132719637264
0.044594115428920486
0.04527411686306414
0.046847008651775095
0.04717032585582757
0.04509159592501313
0.04205855074138911
0.04025895223349934
0.040375982091938614
0.04120230840947963
0.04097419869762909
0.0391070831441681
0.03689037040500245
0.035798508607957635
0.03635167409855733
0.03779193100435973
0.039275232761245164
0.04082164520351979
0.042861197286650346
0.04456309294256797
0.04437347179112443
0.041744230142615774
0.03879623253905774
0.03809280414469507
0.040358081215262624
0.04415210156547627
0.047061274240994794
0.04694586766705248
0.04341198452665894
0.03860184614115127
0.03487592652884483
0.033203950057045135
0.032966665400053635
0.03259759474961911
0.031504141133414106
0.030178865008340036
0.02966973174825534
0.03111762776884877
0.03510687541439272
0.04020486407543259
0.04361754495058778
0.04374739563135243
0.04121569941993714
0.03806370179395428
0.03639094053606304
0.037038058731933846
0.04011416326446238
0.04495753533342485
0.04997161983556667
0.053597083918627574
0.055701293093243294
0.056696547779215796
0.05664454683321166
0.055760192223592714
0.05376998404795064
0.05034760932655723
0.046069896845546195
0.04210881845060519
0.0400646595912774
0.04075012233736024
0.04298406931116458
0.04444429249920715
0.04389749380673817
0.04232651311343624
0.04107400178248834
0.04089374989478125
0.040821598799480545
0.03986513121884066
0.03893111200400873
0.04023445497968065
0.044655836139915396
0.0501890470482809
0.05419985476013964
0.0554208230345999
0.05403389857845532
0.05130593591408109
0.04899037620045203
0.04828007130906885
0.04832554957618864
0.048050992925573854
0.047388825447478126
0.047222335958885066
0.047895675035471826
0.048444100684788154
0.04700961753034703
0.0430701602016052
0.03866174453119814
0.03614089330330863
0.03601342179937507
0.03739147139819482
0.03956328599783607
0.04223185750714982
0.045387509913338835
0.048626641447610267
0.05105953911867216
0.05221422716813201
0.05229684796620417
0.0516911858725582
0.05106064669872236
0.051031555372057814
0.05206824445016002
0.05359310925583383
0.05499134503629406
0.05599944954556254
0.056395937237268615
0.055433492006583096
0.05287199408092902
0.04921129810645671
0.04514289999952468
0.041432065915269656
0.03820573638130539
0.035658491792006065
0.03452686547379654
0.03569100097135064
0.03905209740114558
0.04322942052565906
0.046781860727500915
0.0492618956839835
0.04998893717616377
0.048091528614320395
0.04421397166877608
0.04083661419026692
0.04029285809190974
0.0429738430253915
0.04734047922871641
0.05130101682307703
0.05371673771816862
0.05468395147297617
0.05467396144941534
0.05450895938802043
0.054175520891086064
0.05346493474601698
0.05287300699197245
0.052634168996326426
0.05220248476199445
0.05145438488653809
0.05057059291480154
0.04938643980634798
0.04702993560289971
0.04331842429439651
0.038937874762560165
0.03516312635782268
0.033360565770206886
0.03433186007140191
0.037553460982093625
0.04219836315102528
0.04769700880611347
0.05332151236509548
0.057920915795557144
0.06108193447579356
0.06380124216886511
0.0664533681872366
0.06776351855095107
0.06631938215642785
0.06194930567950545
0.05616973387777515
0.05071870857026622
0.04700893209119208
0.04466824529030462
0.04268412211870238
0.04077788178502044
0.03975077889580283
0.04077676586189431
0.04387591378185258
0.04773644463861768
0.050946502612573344
0.05276265662609109
0.05318492266182942
0.05208499451282055
0.04939330756880664
0.045858100935750795
0.04228420641223187
0.03918968172331805
0.03809591785784968
0.03943440102726747
0.04206592129041535
0.045492123281216
0.04917960902946477
0.0524450252007919
0.0552586556148687
0.0576045708355651
0.05883408320911662
0.058084974185242416
0.05622017725361795
0.055100321316838466
0.05502199898117467
0.05535546176838443
0.055263771883005686
0.05386995631465933
0.050572398895789135
0.04592409041174229
0.04150362881746507
0.0390499231547994
0.03874634032008116
0.03937576077217476
0.0397166205444084
0.03957685557751169
0.039296168509941574
0.03884009481667743
0.03816493762692638
0.03743065962043266
0.03695983402412977
0.03691206135877102
0.037391828486726994
0.03853134352295551
0.04072809403399468
0.04393229659032578
0.04774971182466485
0.051315190862146205
0.053707554462264835
0.05447505468261998
0.05366369675618762
0.05246107909878417
0.051285086458123526
0.04953115560951945
0.04667697343930956
0.043260998399675156
0.039880852412011614
0.03739443467454018
0.03712950066223897
0.03928255027046623
0.04211352938566716
0.04424088663115929
0.04578531268987516
0.04652075142704975
0.045718225760327184
0.04329256147309236
0.03968229668928424
0.036316157887028334
0.034724267052873625
0.035732815968213816
0.03927533760726461
0.04483679664552391
0.05068182360162385
0.05424523645214118
0.05445444755829583
0.05255547068694754
0.05071210233383486
0.05021195272237016
0.05078404083401242
0.051498048577140375
0.052670130279224014
0.05476724830332759
0.05721341984298037
0.058690743186433934
0.058558114363202844
0.05641077356877384
0.05227574076968296
0.04729263854163361
0.043176722967804546
0.04122286914301168
0.04098921328675255
0.04086020005267063
0.039428345876428086
0.03706366052387646
0.03491847850287195
0.03355634321761409
0.0334848663594596
0.0356173899220361
0.04031271525463624
0.046253175996439196
0.051148874262337635
0.05402515668917936
0.05605029925779547
0.05831898037576021
0.06105751139134312
0.0632153503429726
0.06376760611209176
0.062336842608735954
0.059044793894487316
0.05447993425251035
0.04927327331470377
0.04410055317819153
0.0401128131279323
0.038665651471273425
0.03995485072226546
0.04252969544476981
0.04488071362336435
0.04675816882931693
0.04855052626476991
0.050193177012681764
0.05107578295430465
0.04998032702965456
0.04615379000732424
0.040607019973103134
0.035339294679392834
0.032440007445750034
0.0331196948998264
0.036595572827225406
0.040780968848341044
0.04416061382060157
0.04662444627068781
0.048201823680051645
0.04842892368038424
0.04729982915113543
0.04558201383861471
0.044482897611872796
0.044658506670244985
0.04622216851074533
0.04845172563016704
0.05041614172625582
0.05238902133982132
0.054688998780372915
0.056243092405417874
0.055549585845409734
0.05270517174083505
0.04987045525789423
0.049425240139485835
0.051897842197891446
0.05609802712837545
0.06080496466419295
0.06501825835369138
0.06777543892615857
0.06875803866182874
0.06805808289428282
0.06628606612157287
0.06394665951809607
0.06212930056716317
0.0609903962921529
0.06043508371629975
0.059891155564110045
0.058568219376181486
0.056902717682864985
0.056387989863048514
0.057809893236041784
0.06022645135364851
0.061743276732698776
0.06096209686988048
0.05816324153001585
0.0543806944099462
0.05093040090797742
0.04791870050306047
0.04530415016034814
0.04312960085492989
0.04162156450038111
0.04111618275025466
0.04191177720490491
0.043945000479792135
0.047102584888088425
0.05026051422760894
0.05207608649953225
0.052294723640173256
0.052499122018074815
0.05438502651490772
0.057788171919521306
0.06048450675503224
0.06090018929732573
0.05941208709897082
0.05790333345566613
0.0576800681783311
0.058579543050959484
0.059278584678381985
0.05848755730677801
0.055431306896563906
0.050337332414495485
0.0450193298487494
0.04198484593217092
0.042791540027370234
0.046829549326954566
0.051010800645760246
0.0529829444329864
0.05305748213205732
0.05287364339070971
0.053367703099274175
0.0543161401226111
0.0546720229551387
0.05404207374900314
0.05262968936230267
0.05146555507843979
0.05162731131342826
0.053162731785524456
0.05448999399024608
0.0540194710244475
0.05175342219557443
0.04904122505620165
0.046835332464519264
0.045559351421095316
0.0453553093534576
0.04624909387335502
0.0486462570234144
0.052433869893592486
0.056040998997936686
0.05774864954079113
0.05631267682921225
0.0522169909802084
0.04775323703171785
0.04485504124442736
0.0434926471349927
0.042404889674357425
0.04067998811817094
0.03839252877341079
0.036760407208086536
0.036793955023630316
0.03828565400785716
0.040331403594610814
0.041636371399386043
0.04163386358458396
0.041467336742637896
0.042795277973356305
0.046100268883760676
0.05080080432456812
0.05571523953563283
0.059212612012021604
0.059863480109184464
0.05775913846383078
0.05468730093310575
0.05307860007806707
0.05339587535010471
0.05424069095689818
0.05404657610834023
0.05282237805260122
0.051805010697214104
0.050959837124290336
0.0490112513744362
0.04516916812793928
0.04072570370772299
0.03794969679366022
0.037896107064670836
0.03972455963073282
0.04218896993073193
0.04448261875004463
0.046165930670806245
0.04712150349868699
0.047223653120851646
0.04657361862139545
0.04587954762905471
0.04584972813983119
0.04675549061461765
0.0483792418365014
0.04968164812378384
0.05027183671294992
0.050370720957320626
0.05035504190185987
0.04962093043493906
0.046947051267367916
0.04229902684080122
0.03782200602548732
0.03551228487994037
0.03593989611178053
0.038515639586512766
0.04252255322535737
0.046966110273013645
0.05050888284993659
0.052048519646515135
0.050592956740950976
0.0460845537108274
0.04017209387428948
0.03555169735998194
0.03440712962913672
0.037371852217025006
0.04341930613137594
0.05005490982013711
0.05394496859483848
0.053642763937794616
0.050504015936406445
0.04667750783472455
0.04329291592808044
0.040545691388865185
0.03799992990182257
0.0357907761059434
0.034993120513431446
0.03618670335317103
0.038823882499981366
0.041848622052706695
0.044165683726986475
0.045071943780673224
0.04432025590160023
0.04221250605060238
0.03958438376861448
0.03718071807050687
0.03523506454572547
0.03427300911974277
0.03522585657439268
0.03809421665163325
0.04203349744479522
0.045904071229637425
0.048628639888016544
0.049249628183548624
0.04775285822089928
0.04522835416395211
0.042563415511280095
0.04063056980594475
0.04035662222737637
0.04234410706021407
0.04611129132565755
0.05036090719919312
0.05333267285291298
0.05370997177219639
0.05100809268834792
0.04621450039650266
0.041307550100562494
0.037932218516855666
0.03640985224131835
0.0365186470767091
0.037678521569357984
0.039324079920676894
0.04119056540439576
0.04323344698575641
0.045329331528170196
0.047855398441571086
0.05066139064926781
0.052539232996224365
0.05253206771217254
0.0509995221395236
0.04888531874593879
0.04687815568621216
0.04537503514582954
0.043758277775289726
0.04150500980310419
0.03932954523052632
0.03818239036802765
0.03765156165087336
0.03678928695906505
0.03509917336805292
0.032615316045554746
0.02999705308060461
0.028938329351376336
0.031200286427740337
0.03656175563624052
0.043037135877673084
0.04829099978127267
0.050356824377432004
0.04873078000438643
0.044775154993588515
0.04136391912254147
0.0400029879160159
0.04038127527338878
0.041773558558283665
0.04399862198223492
0.04592118953399061
0.0459907858965654
0.04429824836637849
0.04238519284762086
0.04174107519919634
0.043216291044226
0.04626667278283842
0.04971633273105453
0.05250569734490988
0.05383726522650788
0.053447145476407575
0.05140729234968522
0.04814775340497227
0.04469765263103107
0.042186253736081765
0.04099349257088152
0.0413475290176173
0.042985575559280356
0.04479046070692038
0.045458231809459494
0.04456415843536901
0.042868503624154224
0.041263587026144466
0.03937406666546586
0.03749806860262601
0.03710782979172392
0.03952945794458894
0.0442730838814841
0.049893461343400135
0.05488494932220321
0.05851739917738735
0.06075002665299002
0.06189214955395768
0.06140443828809584
0.05824543282984541
0.052727201252928756
0.04668853529975931
0.04196083649553689
0.03933290865796394
0.03863220131163694
0.039527239060240436
0.04114802876936572
0.04291715394666176
0.044833128255256
0.04676720424622015
0.04802134788823149
0.048037391507345886
0.04710144272143622
0.04579802737618848
0.04461931728121922
0.04395487818813819
0.04450259573846155
0.04617175057650696
0.048198465732813
0.04992087022794772
0.05129643973397337
0.052473950660249125
0.05330506483602615
0.05330099877150344
0.0520745614075035
0.04997704069450283
0.047060712277654355
0.04420560375806628
0.04313990290508679
0.04446651839943924
0.04695562902441794
0.04961463402093394
0.05190349705655353
0.053010596667593064
0.05175699656370426
0.04721683180060738
0.0406956890245148
0.03509234874895728
0.032927049067353394
0.03438920816536997
0.037806435629352424
0.04111807577075463
0.04324418810085948
0.043560805251471775
0.04164262066727126
0.03779051582487612
0.033647240003947476
0.03166910265931165
0.03308346389107465
0.036120142818347196
0.0379321099531905
0.03786565355028752
0.037755372621082195
0.039212695580917646
0.041949856266546535
0.04487282404481316
0.04764047025885527
0.05047657125664369
0.052913404829619134
0.05373639191059252
0.05221844188173903
0.04773931152994486
0.04066850795627957
0.033117473641500444
0.027733869468259217
0.026216534761685336
0.028278237243682513
0.03251369772109112
0.037455400246766045
0.04172047724029287
0.04425600575577438
0.04500132112703961
0.044897619280330495
0.04467298148865004
0.04501192434528023
0.04618334926728496
0.04735777673134953
0.04799377629528795
0.04846103039930423
0.04903259851269724
0.04906803617830398
0.0479209826339246
0.045964056016889604
0.043990935926172516
0.04271656036562256
0.04263110995943061
0.04342987013731258
0.04422849766779184
0.04416600085363666
0.043641264079385976
0.043650481634153665
0.044363271873913465
0.04534916633618846
0.04625408980564612
0.047293833596835894
0.048438340214242134
0.048964109702249944
0.04788354803394662
0.045255547083596616
0.04178524208592135
0.03850075042637878
0.036421064217701415
0.03629535396032871
0.03732037086723416
0.03852136206124489
0.040164276545995636
0.0424771672941663
0.04533609118579309
0.048498339530504704
0.050763637947397425
0.051109797509065386
0.049661024341965974
0.04675477888936747
0.042476283010514294
0.038076507916030795
0.03524332636067532
0.03447128654262036
0.03531821872441302
0.03667021665840992
0.037325182338551845
0.03644584485412925
0.0347112435929224
0.03384498742267892
0.03445040079816491
0.03611105182625847
0.03878632497963498
0.042582774330623636
0.0464942186439642
0.04904101838115266
0.04959155737638831
0.048829716425684545
0.047912857445076264
0.047748633182362665
0.04861362857941003
0.05028773693210841
0.05241029886724069
0.05462572651201805
0.0563246168961591
0.05693597423712032
0.0561288813269622
0.054382060460203385
0.05309506268033166
0.053893275543502574
0.05641327987108826
0.05933497293255245
0.061283386335138565
0.061616530707359424
0.06035451669700869
0.057817890075183134
0.05452671411022519
0.050864749027337126
0.047435340348319435
0.04494345919366044
0.04417394630765685
0.04488346046983201
0.04591783093407619
0.046567674650919696
0.0470806343430219
0.04794779008929674
0.04960629045161152
0.05108130770484742
0.05117715562172781
0.05032435091608642
0.05005318405842604
0.05128434119022801
0.053311570447109546
0.05444828033375323
0.05399179592453944
0.05213327994714528
0.04929993042350916
0.046061965494546116
0.043043023336733384
0.04107209735475152
0.04091784596247609
0.042999241618780756
0.04733558440901353
0.05274171297548077
0.057685479093718364
0.06069738361053974
0.06121372887657389
0.060141582441769724
0.059089940965797685
0.05894106213721444
0.05868643436109788
0.0570563376945631
0.053770141165406946
0.049537665054498387
0.04531834488049633
0.042051358204881636
0.040420047005861034
0.0404485466725517
0.04194896848727636
0.044568920653429614
0.0473132315145402
0.048931721457943146
0.04945159695231491
0.04946873209857024
0.04882635756123129
0.04736477604858721
0.04632722702857662
0.046607946466053166
0.047595755392775586
0.04806396872670178
0.04755757840021056
0.04623032758996959
0.04489347621596783
0.04472556346401945
0.04610659925949227
0.04852021355538585
0.051460811916569406
0.05435360756846187
0.05611842448668639
0.05575669941685998
0.05392987832397485
0.05203163023673569
0.050634842336324884
0.050111019189548515
0.05083849336587508
0.05262598653524664
0.054713233065333176
0.056120798394739366
0.05616030223111032
0.054227211651184846
0.050554120852253456
0.04610394915138892
0.04202289110497094
0.03895609388963635
0.03722731980224062
0.03710366105003799
0.03821864950396074
0.04011188189772374
0.04244025248175401
0.04472622758698859
0.04629340559395327
0.04657452230295139
0.04563190886740886
0.044671117542044
0.045295439038216645
0.04809602374950073
0.0524274220721252
0.05660878416077572
0.05920812264223788
0.05988014249910855
0.05918278677356233
0.05746215561659745
0.05449365140600894
0.0500451632886172
0.045036620357152855
0.041019326664903474
0.03886489684087569
0.03871787156130454
0.04084487248422789
0.04491284628009008
0.04924526476951342
0.05230629924022482
0.053368918962684996
0.05274011234748476
0.05132195188815039
0.0500572518791737
0.04932114301663164
0.048982887781558286
0.04874714731425198
0.048466609385109535
0.048452064951703865
0.04837221608415292
0.046881080639527596
0.043765694894477965
0.040811616705628904
0.03961690091177454
0.040506731844255045
0.042473167475343944
0.04449739712413976
0.04715223172642696
0.05127917336187003
0.055981071711475636
0.05927453839514232
0.06000476512054887
0.05810051083477478
0.05428569062800907
0.04946648520083976
0.04438592802111085
0.039911705602373344
0.03717103310318776
0.037461099714535324
0.0407558165431323
0.04552852654356721
0.04970630289139857
0.05149723495069473
0.050796780987269516
0.049435403600709325
0.048995580160355885
0.04972985724375154
0.051121707281875525
0.05316404533398304
0.055704018734307754
0.058172975436111246
0.059407785866018484
0.05848151781176701
0.05568849799842378
0.05211237806549554
0.04906513766721053
0.047648278637370395
0.04794079261201027
0.04906429049491201
0.04999637779826854
0.049833861070283016
0.04788278198901451
0.045074668769404455
0.04282387478437843
0.04145846908054617
0.04091833549429771
0.041670218403552624
0.04382503006115664
0.04693298268920999
0.05043721590969274
0.05359509568956318
0.05535751751948206
0.05527194091254209
0.05457662025674061
0.054721579700065644
0.05522102201154323
0.05478382348664175
0.05265541712757657
0.0499082883052307
0.048641378955224954
0.049634299743482456
0.05197359283242986
0.05402532847201387
0.054149464221374954
0.05165508827680358
0.04674583263788921
0.040426564739557094
0.03460484303091367
0.0313122920361802
0.031571889714257215
0.03497495300819108
0.04015755632807885
0.04545030947337642
0.049540383640620266
0.05168767023535817
0.05129053500432468
0.04876110312809176
0.045306269857063576
0.043323456268761155
0.04451904526452507
0.04897259924838179
0.05453648415410069
0.05825120841636173
0.05863543373453981
0.05665836705278508
0.05440414818480049
0.053185386075031614
0.05385181510173967
0.05649477284699756
0.05975621492176579
0.06171736602573411
0.06131722053125576
0.058971839176268824
0.05584461639708832
0.05303634808261409
0.05117017889054349
0.0500823258230793
0.04919392985527001
0.04837179329599045
0.04825432777854874
0.049248277111772154
0.050308726143602364
0.05039178609541671
0.04889517211837459
0.04633304388308812
0.043727846442717565
0.04161258346571967
0.04005439834258535
0.039123069565456386
0.039193959277632674
0.04052204565970537
0.042524742409066736
0.044435402842870224
0.045688696709978244
0.04604224629467715
0.04591057880611006
0.045896900757086516
0.046254659526130955
0.04690433543291879
0.047983732649989515
0.05002311297139859
0.05334049723951202
0.05714525841982064
0.059783791583211544
0.06002302232986938
0.056968614561746775
0.05128044268276188
0.046085264520868044
0.04423297875262119
0.045727182514913874
0.04818334317743219
0.05037925601277839
0.05271362991080582
0.054808025548214276
0.0561508407098125
0.05585243790682981
0.05352670230023085
0.04951786043815529
0.044855309414817655
0.04118021872802027
0.04000960594228446
0.0415476149281236
0.04482917046991916
0.04819319201764927
0.049826516345266685
0.04910887149742072
0.0469739641137681
0.045261989419869704
0.045128070749132554
0.04657282734923415
0.04910286409544403
0.052166260896345226
0.05571243732769745
0.05940645490560712
0.06236506374139341
0.06428463132966633
0.06535471338113923
0.06487457078360902
0.06255256551382728
0.05947216315555001
0.057003446861988286
0.055275637498605104
0.05341248055424639
0.051192322829878074
0.04915731228258354
0.04835393668907162
0.04946378715054387
0.05253536199834934
0.056078098516317856
0.058032484655264505
0.057624685009839874
0.05584378467211123
0.05448205432858015
0.05498641252980761
0.058100747497289947
0.062943510770755
0.0669574421995798
0.0679619379213192
0.06638324555880218
0.06427331690425153
0.06261184281056406
0.06103109167931686
0.05857962869997148
0.05517931928060397
0.05155202330319925
0.04831663605985878
0.04542570602366055
0.04241150107796883
0.04005709858773196
0.039510305469983624
0.041539363623375514
0.045547608635132485
0.04962105373535883
0.0517622175834347
0.05157564452847217
0.05015240026471772
0.04894648102828063
0.04899555870773889
0.05059555823840895
0.053562109920247424
0.05735987711205132
0.06120758430123742
0.0642029859228802
0.06541551516721308
0.06427408082044168
0.060822815172596065
0.05657583577862766
0.053531246620292156
0.052414688972214594
0.05249620638426217
0.05271401608806413
0.052034835343546526
0.05015368570147717
0.047293025055265704
0.04351704154831448
0.03891755715255065
0.034217405398156334
0.031040289558082045
0.03092512274219932
0.03383814178076447
0.0383525339242316
0.043081514414009724
0.0469169032731278
0.049558406260731276
0.051629521749670525
0.05362750229284369
0.05553083329253411
0.05718238159756898
0.05812556596645496
0.058236440089960186
0.05796329336430183
0.058046249421135135
0.05856870420199559
0.05899195120734345
0.058313764131417735
0.056180546445794455
0.0525443645009613
0.04794904983013394
0.043649152405046965
0.04118213305888183
0.04118580087405617
0.043561927727777304
0.04778263365680257
0.05234201810739036
0.05550419381476872
0.05699974528331787
0.0579885851564595
0.05974128653730577
0.062199531736743106
0.06384918504862076
0.06313466485169883
0.06017271040700597
0.05696267344962188
0.055099211960055024
0.054485799933626906
0.05501239510314332
0.05583051697588524
0.05514710487148901
0.05162697961810834
0.04562736319270954
0.03952077000664294
0.03513603196997544
0.03310236464323128
0.03369553608729548
0.036990582354160084
0.04231578193244446
0.04808359053414022
0.052480594611358136
0.05469628896034944
0.05496422510668604
0.053993143598409524
0.05254973748295781
0.051601151782178875
0.05151496437134132
0.0515020341586092
0.05186005242007517
0.05363132988740701
0.0559554960728503
0.05643609548990914
0.0543314900554494
0.0510485506088795
0.048100096238329254
0.04663737197438279
0.04675138045737723
0.04774791806170577
0.048444815289291975
0.047910944927230616
0.046103191206437424
0.043618386984791147
0.040988653186177844
0.0385450787590933
0.036686916827770824
0.03600215095407318
0.03620751324414847
0.03674333867503877
0.03781138719046602
0.04002969951662401
0.043960552858009615
0.049337845885466906
0.054694449203184156
0.05834539450431152
0.05955341972286801
0.05901937443478951
0.058520847014890506
0.05942424426627682
0.06114948927612205
0.06157648374321107
0.059564269675595714
0.0556820472748954
0.051267508829515814
0.04728400324679777
0.04440753487839913
0.043506285228621835
0.04481520136284321
0.04695971230656938
0.04832217782913238
0.04825771476323053
0.047440786730426794
0.04688813437333583
0.047346787428569716
0.04896401898108241
0.05137462625268217
0.053814774661225244
0.055064075364963584
0.05451692643722138
0.052838222352732216
0.05194402919352642
0.053233245269063964
0.05589044314952804
0.058698814665162774
0.0607673626433585
0.06153813978662279
0.060252526572999586
0.05704975515742958
0.053256113880920275
0.050197804135672236
0.04829315454681146
0.04752746328063106
0.04790481505538446
0.04876164239847504
0.04862031770553336
0.04707014780160574
0.04506720005246707
0.043491033773828236
0.042629817368106004
0.04282585703845895
0.04433625431324166
0.0469020058396887
0.049880840554306145
0.0525411711644921
0.05450574625565809
0.055486970411994296
0.054904031138297865
0.05267941080239493
0.04969928657545791
0.047078604809808
0.045144385458919106
0.04375991314322966
0.043173562091249076
0.04379407507961893
0.04440442853272565
0.04351686683513849
0.04117900690286237
0.03895364497159086
0.03829364321967218
0.039631022077675986
0.04247331987353542
0.04561762764530809
0.047904311378040146
0.04881580083187921
0.04797138595622753
0.04488858521474082
0.04034355637233897
0.036595613923087106
0.03580076271249095
0.03840690925675398
0.04329968770085169
0.04884932630723108
0.05384786204189397
0.05748228187930684
0.05895944187162751
0.0591233229827983
0.0584852032572755
0.056672078203875306
0.05388207528994901
0.05154819785706401
0.0505686166648431
0.050210624279412294
0.04869763992732834
0.04561777168761383
0.042378646883430134
0.04058798285558755
0.040647486983269795
0.04180061551956012
0.043346128114683184
0.044880067233896336
0.04622056285589485
0.047594230496311146
0.0491221572395901
0.05037838227669505
0.05150865512946555
0.0530761225071253
0.055756955671703426
0.05918306707432584
0.06199122683606691
0.06344788189673563
0.06403852709922817
0.06423443583517603
0.06384982720063552
0.06255231774554906
0.05988215688945118
0.05612045052877651
0.05225829880064808
0.04939473030940995
0.04694251183742083
0.04402518773872986
0.04072484655487203
0.03785679193881635
0.0357012451778128
0.03463079036245252
0.03540587425058082
0.03835902407262447
0.043105136109828066
0.048679531179294605
0.05434662036195875
0.05960421708617744
0.06393739834462946
0.06606262372619494
0.06557208990412519
0.06290169794936845
0.059644780793783804
0.057086948923241204
0.055251868046654544
0.05376823712749192
0.05263732724967432
0.05105359492415823
0.048320772959143075
0.04446964890458464
0.040068946834225766
0.03635284538170363
0.03455084751458955
0.035326258976278876
0.03837200643649656
0.04221443751999031
0.04551681623568806
0.0475203245218279
0.04835716160372912
0.048587751995735735
0.0494356748073205
0.051511123843965
0.054187034074060184
0.05588616599597106
0.05601601190496658
0.0550815855318783
0.053848462371737515
0.05307226178253985
0.05271704971186817
0.05238472506593554
0.051611028412043444
0.050453573500181474
0.04932969610707069
0.04939594208707579
0.05083144924167187
0.05226978520909831
0.05284790653960531
0.05223965846195499
0.0507160178339348
0.04812088186527991
0.044950193543248494
0.042222324276831216
0.04101819646725578
0.041748676021751176
0.04450399812462442
0.04873553889089136
0.05300504893658078
0.055649597204181
0.05669194700310911
0.05721485775493969
0.057865492530106505
0.05817834883891087
0.05730929252370782
0.05528981605514369
0.05319061126654444
0.05231850386861323
0.053016483559311725
0.05415965836451149
0.05487385415641252
0.05462615268574516
0.05323192842166669
0.051031213560103185
0.048798494064138956
0.046199378099926976
0.043037520084066326
0.0398539615658695
0.03791763612205321
0.037852741381057695
0.040120613858122774
0.04384039013469433
0.04701284864635733
0.048835360264855854
0.049951027725071755
0.0514877752791684
0.05346921946437293
0.05505757422822427
0.05571931953783432
0.055697792708719746
0.05577930929689241
0.055791595287659076
0.05517420237038437
0.054041130322114474
0.053211498193189495
0.05331859900193771
0.053901449547678594
0.05353214709795319
0.05081151575313646
0.04583968889273367
0.04039109088213602
0.03670256257722842
0.03588996465044733
0.03757098655152902
0.04028923738871342
0.042532058120494806
0.043461417918921635
0.0434375862990338
0.043399850429442534
0.0440371509973726
0.04542954628012606
0.04798776275157871
0.05212571917940624
0.057235853753310195
0.06173135861848234
0.06376936958953372
0.06269222266299952
0.05978521747906148
0.056894339150616376
0.05538426813712023
0.055988242594565536
0.05733240943587596
0.056744159093344654
0.05285494676534547
0.046698149585921264
0.0407653189977633
0.03689795427565931
0.035385292536121014
0.0360001892017145
0.03827972355916084
0.04172073164568153
0.0453989790648691
0.04838958518696835
0.050039504732624834
0.050893017794062585
0.05167010216578
0.05327734011528739
0.056096435877865725
0.06008377314008189
0.06356878131136953
0.06486028915234013
0.06359125784891546
0.06048854499228613
0.05604512248712967
0.0510096304164565
0.04664002117975946
0.04413704389804952
0.04382043700794334
0.04439126250795234
0.04491162566071865
0.044742501526765344
0.04369690546960677
0.04197054814191407
0.04005714491319702
0.0378867672083589
0.035266503571729405
0.032779748857049505
0.03200259000582287
0.033989428789596765
0.038258088508556866
0.04272447928235894
0.045713157534766645
0.047472775326513915
0.049633585586459035
0.052463154128947885
0.05587024205187978
0.060002688847748425
0.06489013977245167
0.06987061351497648
0.07399621478006062
0.07699173654991139
0.0780115414261857
0.07584447475670746
0.0698944562403625
0.061416978767014095
0.0527101508345837
0.04550470019171781
0.04033294929556375
0.037423618785849114
0.03643786320978287
0.03679397577652565
0.03800829432479107
0.040126507286214384
0.04305300650133659
0.04589650559423838
0.0474876583624054
0.04739761021928725
0.04598979149878783
0.04370647531679536
0.04121484947234566
0.03932211683395573
0.03912288303839459
0.04169497512888524
0.0468376264490235
0.05267902515347381
0.05690380870401681
0.0586411448946079
0.058803617641941835
0.05915950218370742
0.060997776351959875
0.06357128235437119
0.06485891305035171
0.06350820693149856
0.060101721839505524
0.05616842017014331
0.052599967384682964
0.0498579635981198
0.04819575521092904
0.046601543694972276
0.044441213161232854
0.04266640955603492
0.04262419021714983
0.0445960120256808
0.04748853265973268
0.04986794904027532
0.050709859705105845
0.0501589312542121
0.04933499694269081
0.04948360088302201
0.05117529575874034
0.053482292618415
0.054931253143334656
0.055380237767819654
0.05543244022538118
0.05553144138065101
0.056002716343256854
0.05671293815449802
0.05648051451370415
0.054548052176125544
0.051478472460915144
0.04842082139000456
0.04610539643049913
0.04453911656597036
0.04400318203128082
0.04491232930570133
0.04695826075965684
0.04911199284875556
0.05027615763908379
0.050130170392065264
0.04935716444126903
0.048765194056014906
0.048466049463597255
0.0486839946886887
0.049425928620910844
0.050486237060420026
0.05208037769980279
0.05441350809853905
0.05670737331418679
0.057112735301053465
0.05489897828156102
0.051279895902863866
0.04793360208653025
0.04574036243611653
0.04500745636283129
0.04581725737952664
0.048248896573040816
0.05223970466165165
0.056313354404257165
0.05898172176372783
0.06015724165560268
0.061163853617690944
0.06338029988800568
0.06676976840895892
0.06873069309976543
0.06690034398760897
0.061724993445987114
0.05542097730009802
0.0499507568360099
0.04622498475176629
0.043676892345221395
0.04221306693450806
0.04248927093293805
0.044156228808572576
0.04520335277094145
0.043473539191047676
0.03919460836379816
0.03422777414334533
0.030321396592043564
0.028508073574584965
0.029585043002812544
0.034035396559895056
0.04081559870728772
0.04764910427359505
0.05285632489712482
0.05606886941601835
0.0572158170906688
0.05666481795741302
0.05538020284811317
0.05428474206274598
0.05377817498260602
0.05407705300712671
0.05493289791319083
0.055531950714743275
0.05554544423715965
0.05541326813416888
0.05541491700198887
0.05491137537097701
0.053255300749176296
0.05060957211972732
0.04791650350558604
0.045636730792298304
0.04384118602052535
0.04310690334461496
0.043969828345113926
0.046125917447207225
0.04821625341062419
0.04934128049308661
0.04893362189797768
0.04749536906973235
0.04654086935339534
0.04710533258876223
0.04924739725613155
0.052455388111352745
0.05679875431668945
0.06141319473576027
0.06441796107463432
0.06439889778904018
0.06178568768664261
0.05831884060273469
0.055477895170745334
0.053244797512416356
0.05081475295482539
0.0483692273054003
0.0470354971646797
0.04716893040507898
0.047681630171003506
0.0469348138980332
0.04446688704812519
0.04184304387992724
0.040381821224024214
0.03957682068512717
0.03859458962835941
0.03832563305534431
0.03940834780095756
0.04081189269689517
0.04122943321711215
0.04084038717272772
0.04048500501056664
0.04042029379954318
0.04038996995441366
0.04044554210253007
0.04033083669925365
0.04014397246575831
0.04038346775519078
0.041479357549634326
0.043352017557306326
0.045064286233028585
0.045498772152263
0.044835660243450086
0.044874016705310146
0.04640044922482213
0.04865748639120211
0.050538663966975296
0.051167610879315456
0.04990872684925206
0.04663694084762339
0.04241847194938578
0.039071456741508186
0.038557030772769466
0.041081883632219665
0.0447983610775653
0.04741585725214636
0.04822005618283467
0.04730258772690408
0.04481238552865781
0.041068478897771384
0.036887684464737176
0.0334782998401563
0.03203686867546672
0.03320997260876564
0.035839310412287766
0.03781337468061517
0.038412817442867744
0.03877586087583681
0.03949591808957333
0.040300226296461295
0.040993242057699934
0.04193197801987677
0.043132525735985854
0.0435862820355433
0.042215981658007974
0.039292522901946486
0.036300957495328794
0.03508972573555563
0.03606356133059671
0.03809674279061933
0.03993931327423292
0.04191600744447914
0.04479381737275158
0.047885410310411915
0.049518343871266066
0.04870761846746497
0.04615576241534469
0.043996168041550716
0.043837091059567485
0.04543359138062078
0.04724485729285846
0.04795227355377184
0.04731026293096166
0.04606821495824688
0.04461375268471199
0.04305583248739408
0.041503858942001134
0.0401502125947308
0.03963633430658933
0.04005530054320844
0.04078901126366408
0.041560565438550016
0.04264629956116352
0.043518319349177596
0.043314809238014125
0.041549714269431146
0.03851415179653983
0.03498935341034677
0.03274043631612854
0.03280927479958457
0.03420118109636465
0.035475111101881986
0.036287751760692044
0.0373694568581473
0.03914784980040786
0.04129221314919291
0.04256469341649504
0.042714277801968896
0.04214119174303198
0.041373840895988695
0.04104817629510722
0.04142146744921951
0.04229761994314978
0.04332505278603496
0.04386907935088291
0.0428152425156627
0.04005501794269983
0.03737312493815658
0.03683083446032632
0.038554644221666094
0.041288498738197524
0.04380540236952482
0.044674608867488697
0.04299480290901228
0.03921104824443213
0.03540558358672464
0.03365903768881871
0.03461086149195982
0.03776261349358199
0.041767746102731484
0.04547881620518418
0.04849470815392978
0.050540919522218154
0.05123996909241978
0.05076775747403012
0.04943195474336504
0.04695349652488264
0.044434761602001105
0.043309174033496205
0.04342547733761866
0.04401458734569577
0.04473338985718888
0.04477343693248374
0.04337869577410419
0.04119146585093704
0.03932652329115132
0.03827964164755781
0.037742767006236015
0.03743394817329305
0.037640897922130476
0.038275038316548306
0.03885881425196309
0.0390953656124884
0.03923571487252682
0.03936839486744396
0.0398518906373349
0.04068140818326722
0.04147954306483222
0.04238939644661835
0.04381046046937511
0.04538213966239092
0.04586576731764942
0.04520187417208781
0.04392259359150259
0.04199635240408217
0.03966501454905061
0.03777122007458416
0.03671717525488497
0.03606791804621531
0.03547947890484891
0.035287041672266976
0.03579207417601739
0.03674051501695789
0.03750695539395621
0.03758704836669961
0.036728695139810134
0.03528506948704319
0.03360850415802145
0.03250614445708161
0.03266237138296221
0.034668029932974846
0.03868857060538352
0.043857893793086335
0.04821551795608485
0.05060769345381307
0.05106225838852059
0.0497249464129374
0.047018997283920824
0.04440747112364889
0.043407426733625416
0.044099012962325164
0.04593114429392722
0.048334857482558995
0.0510788694323837
0.053882297051002906
0.05602325275051972
0.056618314024837954
0.05505496083483151
0.051715135123114375
0.04794987221691178
0.044735377757101076
0.042860672511309296
0.04300119389296633
0.04485223374106238
0.04732291850620311
0.04951603380156306
0.0511697306113857
0.05295334309608546
0.0548944493649058
0.056131737954283514
0.055463434129319915
0.05299953611365364
0.05013633793143585
0.048778455905500465
0.049344064395364116
0.05100784177453037
0.05234896257865001
0.052215774214244004
0.05035890208960291
0.047793816415950305
0.04489860491255337
0.04190500879169246
0.03930890331985939
0.037610789055460704
0.03688086431580172
0.03736368714316272
0.03859122411151153
0.03962204908952739
0.040041609087814206
0.0398292549849861
0.039251997822891196
0.039582649307309155
0.04181842675796292
0.04545343899064608
0.04949694623691998
0.05293173059775091
0.055866004010619995
0.0588279292286239
0.06177991290461165
0.06435684710253822
0.06627115888591587
0.06731029855103357
0.06661574545945328
0.063818430995119
0.05983727904233199
0.056022745122765345
0.05316316797363877
0.05173307082466926
0.05171523304894167
0.052492237511779345
0.05289839190625074
0.052115154233674396
0.04982293527308718
0.04640013838649561
0.0429212328879338
0.040708420442551047
0.03994948716459679
0.04015971603033276
0.04133509665036738
0.043494151530869905
0.045956966693837
0.04804235852527188
0.049336464572156236
0.04999955870023273
0.050802631697224765
0.05273307609571846
0.056107700514628295
0.060014648383593217
0.06349089567800288
0.06551745400549855
0.06531585498433123
0.06254035160586412
0.05867230631798559
0.05571129072277524
0.054698510541623745
0.054691085769483436
0.05365590557058148
0.05094934191940543
0.048212229422403975
0.0471845254453186
0.04803006318231434
0.05019562202545334
0.05294088671487103
0.05502864470899632
0.05540959384319933
0.05440400700195086
0.05359048941613541
0.05398075214002569
0.054753201689263675
0.054738428286064386
0.05378218134206551
0.05321076965405774
0.0539681486573604
0.05601515434250837
0.058855231585522264
0.06207661275473803
0.06514541448743753
0.06672071670242379
0.06583678614409103
0.06335403554754676
0.06111930892574557
0.06014393284912023
0.06000852453934043
0.05866963143148037
0.055073275694967165
0.04959269988607988
0.04405603212210733
0.040081396787620065
0.038375659893966255
0.03827721146672129
0.038549410736749175
0.038789012289582814
0.039497680859459684
0.04068246474300591
0.04216164993992848
0.0441130342442398
0.04677935248751515
0.050033882654833335
0.05319295404864695
0.055628032724576976
0.05745663454124208
0.05899492176361969
0.06013873473253936
0.060014882246778346
0.058730270538971105
0.05712604894225629
0.05557710686219302
0.05414742686855529
0.05333307427033524
0.053448212443159976
0.05367269128963601
0.05260368150810246
0.0500083823719519
0.046906496316921606
0.04425515904358631
0.042711965752018535
0.04316974906885045
0.045671217571679974
0.04899713644477368
0.05183420062652573
0.053227734370448934
0.05299463980969399
0.05276769404522109
0.054855762064449726
0.05933917229820848
0.06347136930864695
0.06411083574797877
0.06082243598191424
0.05595511611103246
0.05234441396842845
0.051517630742427774
0.052687177239104745
0.05403359544067252
0.05478763958027462
0.0549689107044577
0.05471665527916936
0.05415216113780675
0.052992685186001795
0.05074022725136317
0.04732262118298534
0.0432234611458571
0.03932794818418573
0.0365655584606692
0.03522715209563569
0.03509993010302751
0.03596232442894254
0.03774904394323128
0.04055785446016528
0.0438228505396477
0.047083465215123334
0.05036234496234145
0.05349238121858699
0.05524464052032356
0.05482114344367864
0.05253531482947249
0.04951976729640105
0.047612576265651164
0.048271134922749474
0.050784383530272766
0.05332184199381146
0.0546081191395512
0.05397083619769147
0.05154707990414198
0.04806961479648041
0.04520877243212723
0.04465467323858796
0.046198140075227836
0.04872806564523402
0.05093453618624844
0.0520259340498914
0.05170031751205899
0.05018238446977687
0.04779439156577549
0.045397633634564984
0.044220513327455954
0.04536897235444838
0.049096361317317726
0.05419487066056986
0.058343097119334345
0.059184650871995544
0.055924763751439094
0.050434418884824445
0.045479923975691776
0.04304392532913358
0.04332409149817616
0.04553168214770149
0.048780478478962004
0.05181299432755422
0.053149019284797636
0.05221287630726898
0.04901866557278531
0.04431566936817481
0.03929512076345408
0.03544928533353711
0.03393819904657178
0.03476649901995263
0.03693744508727976
0.03982679422528138
0.043211430009635975
0.04661482363849436
0.04928520764765245
0.05062895780130844
0.05063485768652984
0.05024927770494741
0.05012316522046527
0.04998898824320461
0.04930775934107707
0.048313043590836775
0.047874895071224305
0.048012345278501053
0.04839310257505001
0.04864995859446441
0.04909088873070272
0.04961437842085736
0.049084239960647875
0.04638561257972685
0.041940839691634944
0.03789986086367718
0.03646421971085895
0.038043755761391754
0.0411124019886398
0.043282055221469044
0.04373900422040192
0.04336549345169475
0.04299056248934832
0.042607141991600955
0.04272681145990542
0.04357482944719548
0.04441418583600196
0.04380720510641539
0.04151698016749365
0.03871271285067885
0.03693229871800278
0.036493527168109184
0.03708808256026712
0.038243861043047764
0.03934194683444143
0.03963102945475574
0.03887586104282149
0.03793463416599384
0.03740334478035087
0.03756816450642287
0.038458492757981404
0.03979238374083713
0.041307057418277726
0.042926377764488294
0.04456777250172012
0.04584713741227268
0.045984229326284924
0.044628923433707834
0.04203159215982901
0.03899015273468038
0.03651560152320725
0.03552125186309317
0.03708948124859325
0.04084196075131366
0.04529473118454932
0.048880130382747
0.050556887746980826
0.04988745350029554
0.04716314543007874
0.04382243447771053
0.041150383659361925
0.03948920497430198
0.038976171056440564
0.039386640027088485
0.04050346347146021
0.04218683433349508
0.04453877433152769
0.04715943511262474
0.0488212529117344
0.048534439138218734
0.0465150223520431
0.04417724806003621
0.04258917958493461
0.04209065631344466
0.04293681716210099
0.04532473877160895
0.04871479901671904
0.05119402721597532
0.05055923077216903
0.04642535854411682
0.04066910612709942
0.03542512075054307
0.03177857054525117
0.030163620722968375
0.030268518318422782
0.031645763652497494
0.033954123478833455
0.03667674727101657
0.03896221707041371
0.04041384331117153
0.04102872975340031
0.04078905934669518
0.04003788389094872
0.039794771355680006
0.04072293393627709
0.0422827260196504
0.043546673481861746
0.04364986770439477
0.04252790405522856
0.04105356375758118
0.04033281109734843
0.04065080487908393
0.04101666087658666
0.04005247903773306
0.03773998905081219
0.034999120634480956
0.0329251863676884
0.032574059375735105
0.03451328542794568
0.038155860269496696
0.041603529128261825
0.04299135354995176
0.04230587361678552
0.04123126275938667
0.041710889379760405
0.04415996937355428
0.04725237444101291
0.04894984774859924
0.04838247993247753
0.04593037554146491
0.04301462606444784
0.04071678953066143
0.03964148402380257
0.03964401747273144
0.03976441925544883
0.03926825968077987
0.038396453816809104
0.03810158684867595
0.03796099554631241
0.03673442469593764
0.0346243906435314
0.03315340112344146
0.03317059548553183
0.034199947057158
0.0354144680353612
0.03677555324080445
0.038075224477880254
0.038870799656124284
0.03865878739248459
0.037236366081177585
0.03505438976890554
0.03337920210021703
0.03352788546032584
0.03563820428802973
0.038288906383440686
0.03968900465407371
0.03955579637288134
0.039140679340897
0.039717312998948685
0.04136481103695538
0.0434142014363447
0.04498340295473423
0.045672562687870316
0.045157243713333454
0.04320001423766746
0.0399656080009007
0.03616711811121335
0.03285211663986568
0.03101077795871493
0.030867933293181004
0.032174435581012274
0.03420138220152287
0.03657908738969886
0.03965984615683419
0.04401486438156344
0.04940125719376907
0.05484807194227402
0.05908243784919471
0.06145639684278544
0.06205945695694357
0.061448108032816876
0.05978595285969021
0.05711321546073007
0.05339545383857037
0.04880391207375644
0.04403410191849957
0.03961681211887025
0.03587792794691437
0.03291175036804393
0.03105025070618012
0.031080440123271536
0.03351789439387193
0.037763389525020875
0.04187455438456172
0.04433665579403311
0.04505196566315621
0.04524901807429276
0.04648511915385652
0.04987865216624284
0.05500833066745737
0.05980395738584551
0.06234127597019928
0.062263829791655886
0.06066165440660264
0.05769494650306998
0.05391004707704525
0.05019795752355254
0.047750813116327125
0.04704883819340137
0.047754524506774684
0.048903455877864994
0.05002612527044321
0.05060295450028555
0.05039093982520215
0.04936105040230653
0.04722233709036182
0.04438405554209391
0.04177117695809155
0.04020863061041483
0.040226974587152374
0.0420887201129965
0.04544410442791765
0.04895875164808686
0.0509903306002905
0.05106107909149728
0.05057976719355035
0.05146885031570033
0.054245525655926184
0.05727419493018711
0.05885057966582366
0.058643710300812946
0.0575780964092635
0.05673513607968336
0.056576862791661305
0.05702567255179018
0.05663167163200795
0.0543406181338281
0.051136298179331297
0.04853708966227267
0.047107991552414706
0.046595622657783525
0.046196806173016275
0.045280001082771276
0.04354541509827192
0.04150363017599681
0.039890530406249174
0.03914958897787613
0.039244276374426325
0.04003907210602491
0.04189983637375597
0.044968104095799294
0.048231003883100046
0.050279900164354775
0.05161643126383886
0.053587482578332075
0.05586659505937501
0.05740869438719578
0.058555486705602615
0.06074335774234685
0.06458357594486139
0.06907706324879079
0.07183817873394249
0.07111365484647181
0.06680921448470131
0.060341302195509317
0.05359731973125865
0.04781785546817564
0.043296972528672074
0.040252078281526694
0.03895371599233
0.03891568116447189
0.038887961314618094
0.03764924097351562
0.035420577153730134
0.03379694515918399
0.03423031771132226
0.03681090980019182
0.040577956517201356
0.04496596921848056
0.05025876262583632
0.05630553957663048
0.06227299551040855
0.06723979755537507
0.07040715649260997
0.07091999094056059
0.0687251912198704
0.0646148685033148
0.05995215841966147
0.05566108747344158
0.05167837584090292
0.04781661941879239
0.043925133282267714
0.040302456653520224
0.037605149321786616
0.03626629514653337
0.03625973803572403
0.03709673856846775
0.03791431117564218
0.0379202933136361
0.037396286560996035
0.03720692409721614
0.03757561798541155
0.03835654655619745
0.039299415396212685
0.03990879109843467
0.040541502117404656
0.04232045501942438
0.04602895021985944
0.050752983489138384
0.054284047862659154
0.05540998272771344
0.05409045271114699
0.05148814102134064
0.05002434076803441
0.051525157937843846
0.05492319283585317
0.057060443338238294
0.055750607319630115
0.05211771420002071
0.04845644439013149
0.045656908807668414
0.04370499746062512
0.0422696329319916
0.041072276514341775
0.03991008796353974
0.0389349903573775
0.03864093809681027
0.03935139086976397
0.040845686254802525
0.043019010695367274
0.04588215226644772
0.04930378002175543
0.05303911740379784
0.05657997688405183
0.05923393922490006
0.060147462456623835
0.05905721426650289
0.05720147293249724
0.0560898321127612
0.05622570925312581
0.05751548213179363
0.05955601488885782
0.061237693776405526
0.061762339709842906
0.06028343884479981
0.056233390514601904
0.05093976998953349
0.04616726367957827
0.04292243856562734
0.04125190689468726
0.040753961212730117
0.04103436761583353
0.04196607588167189
0.04335586090635019
0.04522067231864651
0.047343655896922264
0.04933425096774739
0.05115975861358009
0.05305816971569226
0.05483890759863756
0.05577647800094933
0.05531716390894224
0.05443789957591007
0.053942418733597335
0.05340345087115337
0.052655184082605395
0.05222290191333392
0.05271540134491921
0.053697874592316945
0.054517255549624326
0.05509666450912977
0.055106055464807256
0.05343582428029408
0.04932102916424222
0.04337533227870214
0.03733704499760281
0.03305301794661213
0.03203278348877988
0.03471336850096281
0.03960728098522472
0.044390747126148794
0.04720033963566131
0.04815175297178452
0.04887282744193049
0.051002939993904185
0.05456809949432775
0.057680029788298816
0.058127941058138
0.0557147321121253
0.05177632586520003
0.04797944991458156
0.04551390953092162
0.044177696172926426
0.0425285977870732
0.040063034202302394
0.03821237307197129
0.037150001189227545
0.03562045556889127
0.033406073701365474
0.031875137004761175
0.032695629440117564
0.03619191459655431
0.040944605051120485
0.04514774987616587
0.048327739756001895
0.05043487758213772
0.05111787849784582
0.050201935389518754
0.04848489523967275
0.046537656496974285
0.044367935074656036
0.04187761697436889
0.04003237387510076
0.039763337490745204
0.04096372878289316
0.04269615844807069
0.04415464337083609
0.044879660910017646
0.04533976737794713
0.04648392901818241
0.04868491608579433
0.05133146240126545
0.05305826222755312
0.05283324626455556
0.05078391126351802
0.047227566899790824
0.042960852217477585
0.039528499025022326
0.03799979781289344
0.03834574295579888
0.04024615138972543
0.04266104242414435
0.04438079876467648
0.0451570941898218
0.045525378548661066
0.04584880395162404
0.04683764481751776
0.04867595692281318
0.05066051618323534
0.051890159711009624
0.05214223947140402
0.05184991862232775
0.0513595529418932
0.05047441234268717
0.04842364273361279
0.04538257928210312
0.042751693926911215
0.04142414379286592
0.04126528616214745
0.041535989738129296
0.04122516898323083
0.04038799373539432
0.039796512307106055
0.03990909610150449
0.04022724091339307
0.04005805425917991
0.039603974186763716
0.03997216689273591
0.0414006570716188
0.043158604615900785
0.044286336753753416
0.04389861314423139
0.041611323919194074
0.038398319251979035
0.03540825081222433
0.03320249074036508
0.03232372076212939
0.03339711811585357
0.03649619619035738
0.041274398838484945
0.04674390857653703
0.051675617299950086
0.054604753742061446
0.054599510458802
0.05151600841397157
0.0465075339088556
0.04209012549575514
0.040677068091124195
0.04335136915533785
0.04902014253514509
0.0547679717526036
0.05760217704640942
0.05606644206594928
0.0505597941461644
0.0433356485221498
0.03743161868028978
0.034888189048170995
0.03499495383708003
0.03588841839237502
0.03695149531709323
0.03900011303705291
0.04152462239525611
0.04245671030087368
0.04056497380689716
0.03659144170646877
0.032634106117657304
0.030618915572133008
0.031160052927707387
0.03420826157690824
0.03896385492124128
0.04440973701285207
0.049340419907877325
0.052677150526707565
0.05344777642889027
0.051973794464561934
0.04936274576919585
0.046801833967274206
0.044417803444396865
0.0423068913675235
0.041206549789523546
0.04144371602269084
0.04248678474411132
0.04342973021395811
0.04379953385500402
0.043209634614146245
0.04121120268416072
0.03831318210315912
0.03569525708707769
0.03441442613445568
0.03509377755742223
0.037787543830835615
0.04129022312010455
0.04414672900844396
0.046022598326245265
0.04718470678270006
0.04780932970153802
0.04800186901124588
0.048273460589335716
0.04936036742255469
0.05082216986349917
0.05177811773590501
0.0517579952224962
0.05154150966130857
0.05228516255869997
0.05378423457457443
0.054222014016203274
0.05227223171917582
0.048027776693710125
0.042941220034047003
0.038631527873084937
0.03600528489085276
0.035767133547384124
0.03759509391088907
0.04033135548136295
0.04231183943020685
0.043261075931581634
0.04439207287188327
0.046310006075128
0.04808473808088229
0.04864671194573066
0.048260277253643465
0.04757986842198155
0.04670408140702644
0.04572307847977174
0.04497110629394163
0.0447696501857396
0.04516308342489931
0.04526042691512648
0.04425371326869681
0.04279922540675993
0.04235410703598667
0.043527750687644695
0.04618021291725376
0.049632872997999476
0.052402796275401065
0.05314739343145509
0.05120035028397476
0.04682249588728184
0.042020475954404335
0.03928512608201982
0.039313801357772925
0.040793665615138267
0.04212470791994305
0.04220455641097622
0.04116213005303142
0.03980817494763101
0.03921879929815169
0.0399482394466863
0.04162437086547562
0.04342472216767325
0.04440337302889114
0.04421883828144649
0.04331801109577075
0.042464881364067994
0.04198829951479977
0.04172217555964286
0.04078681990305
0.038816534952477756
0.03715593485873144
0.037325587742143264
0.03996454938887272
0.044767191923406884
0.050277912484178684
0.05446424985582165
0.05668050868140954
0.0577389072357655
0.057557489063099404
0.05553095356832825
0.05201171661743787
0.04910596144331483
0.0485025010749947
0.04984457955616393
0.051234871409315916
0.050956060860837094
0.04865452656319295
0.04483076092438609
0.04056521785540012
0.03732709124521947
0.03602326233191713
0.036586108847381
0.03861525537185454
0.04165300831751952
0.045390844962565555
0.04867066410401995
0.04985613231818083
0.04881805954783568
0.04702260090732975
0.045716499274808906
0.044850824493249106
0.043215508093282846
0.03949270177539968
0.03441731688865889
0.030764270583227615
0.030862548192113384
0.03511698954080529
0.04162961987222685
0.047790758853433125
0.05236115438948378
0.0555997242397773
0.05793905981503673
0.05905433229753941
0.05851829892896343
0.05716179539986954
0.05649829928030107
0.05696945613929919
0.057440543813627155
0.05722890134278772
0.05623635563537877
0.054636753077108434
0.05228850733646704
0.04940552291539163
0.04623887754541611
0.04347368742760956
0.04163554472663544
0.04131645493179522
0.04270231053197409
0.04566282324754939
0.049101733929182954
0.05204601049520301
0.053848152662949865
0.054815421402641666
0.05522764701816904
0.05540557119207682
0.05538178466599914
0.05586099671080713
0.05724964456834283
0.05906482003509033
0.06000832498019466
0.05902148619727449
0.055597492832450725
0.05010903295564261
0.04391206671758574
0.03912242492002441
0.037573218576008
0.03884492265814223
0.04109846688259464
0.04239537994922379
0.04212773460249134
0.04126406063183387
0.040786920766273105
0.04067300523995463
0.04046388945943553
0.04033936348714488
0.04092319279067371
0.042348512527253517
0.045442344364400596
0.05050217351679971
0.056405621147491244
0.060424434810581885
0.06071855392863519
0.05661773611589805
0.04966481747987247
0.04282763747871564
0.03817142314471945
0.036544480493287484
0.03772260577526537
0.04039958355049201
0.04287377033771639
0.04375262222614588
0.04359133804384178
0.04404497468296146
0.04610713079345397
0.04910928899014083
0.05217769116441482
0.05548592062856675
0.05962906080829486
0.06373092979578501
0.06534161231288103
0.06306379305847397
0.058537463647307324
0.05414345301471716
0.05140227222012269
0.05007017200774834
0.048997894616980724
0.04782743875231229
0.04673737035312419
0.045452528139295185
0.043920563834235614
