1.4336280845263655e-31
0.004354911012116178
0.01528292871921494
0.0283428134514999
0.03896506631711619
0.04522249073224767
0.048206790109861765
0.05116634030166441
0.05882284664113675
0.07424148410789791
0.09565677040777049
0.11850671045034357
0.13867090419801284
0.15436789973410445
0.16509034737647574
0.17130964609041133
0.17301372932441308
0.17029298871445236
0.16269521866655945
0.1488297006753217
0.131755031440388
0.11245270328541723
0.09423128079618091
0.07839017721905013
0.0660459099425438
0.05672695386313899
0.05007889791881693
0.04584429520329798
0.043292606424136744
0.04292737372201082
0.04387800271798337
0.04721746150940834
0.05236235632477521
0.058805972633505434
0.06626032076654112
0.07434879359458167
0.08401048522340658
0.09479614641818433
0.10472468662091809
0.11279403579764284
0.11960725812506826
0.12598459488736338
0.13223978861452076
0.13677005120823418
0.13983832597202803
0.13843142861670138
0.13425598985323065
0.12698997345151575
0.11897873514175653
0.10942192965779361
0.0983257661229478
0.08643423471621473
0.07512847194020045
0.06532871853952857
0.05961346189603955
0.05663407817529509
0.05755460312081416
0.05883694058421766
0.06071067516622635
0.062162368519639126
0.0652524599062139
0.0695802737737972
0.0749332561657408
0.07997068265042638
0.08483643122529425
0.08958805951784317
0.09484234791719613
0.101044768131432
0.1075805924621602
0.11308583560779996
0.11746075020580087
0.12043565914720938
0.12411342582726706
0.12615493220209634
0.12635187976299744
0.12269263787801875
0.11478809777633572
0.10540025830118786
0.09716404784923072
0.09238766774912494
0.08999797782795461
0.08801227276405452
0.08565568817379017
0.08105974243921231
0.07573914376555646
0.0704450922013329
0.06687789111916186
0.06547652644903203
0.06635591101905426
0.06850311061349977
0.072125693341462
0.07658497386002869
0.08186399361691149
0.08707359977297344
0.09210105413049337
0.09545697242903309
0.09668814413601956
0.09582899734455272
0.09411713976768264
0.09305054055847274
0.09450710870886535
0.09634577758752103
0.09959601468801212
0.1029887565406533
0.10452852030719503
0.10332901212192892
0.09805954008152495
0.09186077602916601
0.08593025989878818
0.08162297085265222
0.07807836098408087
0.0750896346697231
0.07183469028988006
0.06926778680150233
0.06832932623431542
0.07025263485250259
0.07580152039979675
0.08383543523921208
0.09234041898527277
0.09868228620022639
0.10178466422514074
0.10169967443726309
0.09981173358464052
0.0981011734261356
0.09780013258014802
0.09871763396125396
0.10097417167699985
0.10304588711311616
0.10548831407516696
0.10577232979695989
0.1057748248917966
0.10379246581725932
0.10295817522397438
0.10182832017971015
0.10268216817384218
0.10212075631056992
0.10044659668767376
0.09622720526041112
0.09128608548390062
0.08717639441986388
0.0847960642683082
0.08420399417062781
0.08320703363589617
0.08220346807664032
0.0803937388533313
0.07761340865270244
0.0744684195303292
0.0723642947190675
0.07299530062870425
0.0760097550842266
0.08004352785380127
0.08400282802131692
0.08732838203712003
0.08914733103412428
0.089351521424823
0.08835127171454352
0.08638200250154292
0.08534360072058053
0.08436232935896887
0.0841176687474365
0.08427432708440162
0.08628643721371304
0.0887680129041804
0.09095683609796114
0.09240847060587536
0.09333248347226956
0.09419843879233435
0.09406791343433188
0.09272606860499216
0.0904150109524081
0.08676919502323975
0.08261501111134653
0.07683955604522606
0.07219424753855791
0.06832567494642325
0.06678023015029955
0.06669770747099114
0.06814161740756033
0.06985283795508845
0.07121593076996285
0.07279447926530691
0.0744627991350089
0.07700479779789288
0.07982070671060103
0.08249278795808368
0.08566427120608826
0.0880257462406095
0.08963163109946533
0.09052989177933422
0.09093231023622558
0.09114997918039666
0.09104606684391982
0.09139002395673665
0.09401468811555354
0.09889506229976426
0.10355984071679783
0.10609449292223909
0.10535446200512391
0.10295030433570371
0.09867383659255696
0.09397727312485767
0.08870007218883366
0.08330749127555571
0.0779725873703093
0.07346724046843078
0.07018171727440578
0.06790671322262704
0.0659650332586529
0.0647957445837246
0.0644404370237348
0.06453724064965637
0.06440284571265717
0.0647897071137313
0.06479706991408402
0.06409612417862819
0.06338641478675869
0.06226587658937081
0.061968553644162545
0.06333684773994505
0.06781196285929077
0.07461026547980049
0.0844929183207386
0.09445056230682829
0.10364310202920951
0.10888395131922597
0.10898208159973287
0.10539845585195547
0.09999091208014732
0.09566823245408107
0.09207716508438302
0.09050627501476086
0.08813654226849538
0.08616619113357456
0.0838449276800858
0.08407666265439098
0.0859500989001265
0.0891820812422608
0.09070792362391142
0.0888181436354389
0.08279331070766052
0.07563448823832467
0.06805085059907885
0.06261738116753865
0.0600136056794844
0.061045301886258334
0.0642450708741409
0.0682384584262433
0.07122662297984834
0.07313669684747386
0.07194566014818533
0.06883803390483959
0.06564025440473191
0.0642488442280405
0.06622128920128346
0.07035929893203532
0.07626456482185523
0.08280133973058149
0.08874771096856483
0.09354065566305111
0.09579821289944677
0.09511542033397902
0.09123661331173792
0.08596818863098343
0.08160951759919964
0.07828209760803029
0.07593182759246214
0.07435950063202956
0.07417758541709799
0.0744522797520776
0.07360987099772766
0.07081762783437998
0.06604084071524359
0.06173792631887123
0.0594821074295357
0.06035595223354688
0.061735070181808085
0.062364922642698474
0.06231795925455346
0.06151370310763731
0.06059150073678329
0.05982531877904466
0.06039387840178664
0.061527152511308636
0.06224053597109427
0.06331962501808239
0.06428269917731094
0.06539138734212548
0.06560885370360706
0.06650121259803927
0.06715377251835859
0.06951212774055045
0.07301272479322332
0.07774690048364434
0.0831488496987557
0.08739607921402288
0.0897355765127128
0.0910221623437331
0.09135197612731764
0.09021087494091505
0.08699379320553453
0.08224078223958493
0.07738524819724313
0.07387570599621057
0.07132597432347021
0.06906043155088336
0.06694166621593035
0.06524608516178032
0.0644075640958325
0.06469769278993454
0.0652084724720588
0.06663840078642863
0.06816849429595831
0.07092108174705591
0.07290616400412006
0.07349100781150177
0.0712957198023653
0.06794970909209382
0.06419130660421242
0.06129862662542285
0.05995147704143333
0.06068293199074903
0.06393547742019667
0.0679146547536888
0.07121853340032824
0.0730810128721224
0.07310950692771803
0.07231752160055997
0.07143599450092022
0.07136805176431912
0.07227485096930406
0.07277529530288947
0.07171164499672393
0.069331176798002
0.06697363627635876
0.06597782188161402
0.06507723460554368
0.06459179417492733
0.06325108689788765
0.06186523456581481
0.06237924359214308
0.06455790684848632
0.06869678416142531
0.07230969117780554
0.07586386957989569
0.07840229360402612
0.08117898661382829
0.08351112237573191
0.08492349724140502
0.08580688227544982
0.0845960056059077
0.08214428875521979
0.07759014250938366
0.07418361988476588
0.0714443005270883
0.07032515869266524
0.07040630085528153
0.07009430751197929
0.07043406745124431
0.06970981752877037
0.06996556550643997
0.07023454704217091
0.06958912335168677
0.0679045759869296
0.06497915938471642
0.06351975588002513
0.06345460648433494
0.06545682496320668
0.0677290210247037
0.06928528993632935
0.06849426223047092
0.06662367465334058
0.06345496237445011
0.05982691798884553
0.05724260447767072
0.05710297009042375
0.05902196851634001
0.06105445633008639
0.06192322742218452
0.0624605785521496
0.06448516317590043
0.06869695413928897
0.072482193969149
0.07586607607540337
0.07696274559598651
0.07591089959779006
0.07361466962585425
0.07170237633349222
0.07132708210402569
0.07204229064244655
0.07335898422824977
0.07453154529188535
0.07660875031325295
0.07786384767814432
0.0789090329445193
0.07780388860661608
0.07661286629290807
0.07460002727598412
0.07388678796304492
0.07266006353282535
0.07267898199957604
0.07244616388303347
0.0724876967283954
0.07161448760268677
0.07013160536256746
0.06824195426835916
0.06631268369375615
0.0642903405552201
0.0617470556617518
0.059059935601689
0.05748624011495598
0.05750075571028954
0.060018671855324675
0.0632331548559147
0.0666760235829114
0.06834326203993787
0.06995706404389351
0.06996004169465075
0.0703764921603725
0.06974073564658913
0.07015018534302109
0.07175253455529353
0.07399613630609445
0.07799884245588849
0.0805405277478486
0.08373271057165417
0.08537143830506386
0.08642083930788144
0.08657500828468569
0.08731107893148242
0.08791842586178966
0.08867331350843975
0.08908800030867467
0.08833763731969047
0.0856968743381863
0.08247979576735734
0.07927996805739301
0.07717281865568255
0.07567062634983705
0.07385421503435546
0.07186552976123656
0.06903015004528071
0.06615926176317996
0.06346057385570593
0.06241996222840377
0.06280994589938264
0.06357731798997494
0.06370512326413708
0.06400066781693337
0.06496560776053455
0.06685849130869741
0.06911746961245592
0.07204495055671072
0.07517650909483485
0.0787025061439613
0.08069206702385627
0.08114405598293666
0.08049113699738353
0.08026404425793109
0.08033282668187865
0.08047503491267162
0.08164389945134848
0.08255351666384311
0.08330451973061999
0.08239138761494601
0.07979037631974498
0.07684284919233196
0.07291725414934835
0.06911262599839246
0.06538831936733375
0.0630066092624339
0.061652021941510975
0.06175656579992619
0.06315340610605909
0.06645768803704101
0.07125906231385735
0.07582010707028367
0.07882048144073162
0.07842449437936272
0.07561828703262942
0.07127970037174729
0.06762930306063124
0.06618289028409985
0.06679135149803803
0.06875993385880791
0.07152738438614906
0.07428375679359485
0.07582012858442527
0.07591571047040363
0.07432837073099804
0.07309695222791791
0.07247092769563049
0.0718288873504415
0.07109814791167897
0.06937821411776748
0.06848546095137063
0.06754726540823729
0.0677908086763711
0.06645177385016435
0.06398511569325066
0.060280373713891555
0.05660073670415342
0.05597367009589318
0.05713544166160706
0.06044993776244719
0.0638626142610341
0.0679761305125197
0.07145895042086416
0.07328321292391389
0.07259231387468809
0.06964091500392684
0.06691266535942733
0.06465016269245642
0.06355084248992164
0.06312444122362418
0.06435625349103351
0.06705153820271008
0.07038204976891341
0.07349748015058187
0.07477068948033026
0.07414787907872798
0.07287705490192664
0.07287314333817552
0.07524627672991174
0.07852457621918053
0.08064178616341455
0.08156328012251719
0.08004443344818946
0.07871440480798361
0.07803205903126174
0.07725236017818257
0.07720668069746892
0.07747554770961804
0.0781123040482496
0.07894871554883902
0.07795580774706286
0.07516159999959711
0.07081057744150526
0.06639638691944653
0.06281604645416242
0.06180864746984376
0.06373589238038779
0.06831189675080995
0.0725648510640097
0.07488252559238015
0.07386489466708372
0.07076749613679333
0.0657159067591899
0.060779809409549516
0.05763918758024205
0.0577747196446315
0.06042183460315615
0.06568852189003176
0.07037002073782933
0.07346816592239198
0.07281463613686803
0.07059060983546679
0.0677544348396732
0.06587104275642565
0.06592660295341697
0.06726682233497783
0.06919330283680442
0.07070409196277279
0.0718186832669554
0.07116041725311965
0.0694534832071117
0.06903101266802777
0.07091989155774397
0.07358864813536918
0.07495871058033497
0.07320023739615995
0.07066960962975763
0.0673525641660686
0.06662735512331455
0.06676883529912402
0.06819725692174439
0.06960550201234744
0.07180901304890007
0.0751600487464494
0.07957516072231731
0.08408376647768685
0.08798764216364785
0.08901256902215125
0.08688546523736965
0.08144418702213883
0.07662517672013723
0.07362026381885335
0.07462138075565601
0.07784034477146705
0.0810184390485569
0.08316255183757029
0.08374673100582133
0.08376031538934779
0.08164472363039978
0.07784415160203187
0.07379095397989255
0.07080270461249051
0.07108982870170942
0.07220130629568619
0.0739027019310892
0.07286629170110137
0.07044465441910981
0.06674678677858953
0.06399008979388955
0.06269089102328577
0.06233425919811834
0.06269008008115962
0.06310478287590647
0.06426660712109904
0.06604806640346951
0.06855368636548745
0.07211350714613672
0.07704991690247004
0.08293940559553531
0.08756686536070077
0.08922776968142934
0.08804289805079467
0.0852612149431755
0.08070509866560883
0.07537385342478216
0.06995115298795973
0.06674208690733877
0.06693914915990352
0.07025177478451193
0.07413713032324377
0.07598570416340499
0.0756669496103683
0.0737601389523438
0.07179963426374732
0.069865072548135
0.0690361970260468
0.06831378076749138
0.06813630091321939
0.0681326875265736
0.0692003595108948
0.07044533833801876
0.07262435777175914
0.07498698026186039
0.07542986649154942
0.074418382936371
0.07205091245262786
0.07073934345017782
0.07064884837780953
0.07353307143867306
0.07790536071101492
0.08159781629388846
0.0819264959505275
0.07742007199951424
0.07074972509674646
0.0646655905892499
0.060747965909660084
0.0596084260821878
0.06113894159168172
0.06467652618863978
0.06883896759833252
0.0733202520494696
0.0775489242423131
0.08112456324982764
0.08300115641033676
0.08278901532252259
0.08057172194293989
0.07862716526824255
0.076205789380992
0.07383261749839623
0.07064019223555384
0.06690862480053163
0.06501827461163966
0.06662186987799432
0.07231557924335051
0.08013033057406714
0.08649568920439389
0.08923307021138062
0.0879205479075105
0.08349768802628134
0.07789934117022859
0.07225417954940959
0.06756170234204026
0.06457811057730313
0.06361904309738292
0.0638045077767384
0.06414232897016361
0.0645972755132424
0.06543294337863174
0.06694149228371574
0.06956726779394522
0.07118701983661622
0.07068211612626356
0.06764194372098158
0.06333911974067934
0.05953797658360557
0.05854307092194345
0.06058274871961807
0.06584360184738539
0.07141229342943582
0.07653302232272138
0.07956632250292096
0.08025619879562804
0.07962659403688434
0.07936021699432684
0.08113481457478218
0.08486939616420608
0.08833918151423191
0.08944567543582128
0.08649885047799573
0.0793522082829869
0.07021884583286546
0.06191083951744547
0.057884478401261326
0.059252558441015145
0.06387726441915643
0.06916964713223628
0.07138186266936729
0.06947489537762663
0.06471883918854918
0.0594393888735109
0.057189816733924564
0.05791541108020542
0.06255406247941335
0.0674388018831801
0.07268957619986374
0.07590170373152093
0.07826843081688595
0.07919616168016433
0.0790426883621815
0.07813810197747882
0.07664394980478025
0.07516257931153383
0.07575569136575676
0.07877970210330296
0.08336108313022597
0.08809634005522489
0.09123602893449236
0.09058718593246004
0.08718817467791477
0.08090319031032367
0.07535074557004871
0.07110732053091384
0.06963396113973377
0.06951317658122191
0.06950249596075574
0.0687079075586548
0.06712673324466971
0.06503852875805129
0.06382273376334045
0.06447142986800983
0.06612342122732971
0.06818437956180866
0.06979620884992511
0.0708097504367756
0.070324455680285
0.07001792785391635
0.06888283459478424
0.06905975181547484
0.06881512640885264
0.07159013986473356
0.07665595238397052
0.08437387983840311
0.09020882801218333
0.09302078598614398
0.0924105008245916
0.09005495208955915
0.08709054617679618
0.08453544201199145
0.08245794549013302
0.08168106300628725
0.08257892476060759
0.08395919227581712
0.08379518732706513
0.08074352347806238
0.07551504507795179
0.07076790633876162
0.06780595773837893
0.06810979462291294
0.0711005248935951
0.07505392321503238
0.0785255252745311
0.08012562010053934
0.08253755458888153
0.08479501373175706
0.08704977603375033
0.08702491035270066
0.08428820281585091
0.07913578610326884
0.07418912210243785
0.07176115399732044
0.07204019735129477
0.07424064271530034
0.07775430870181729
0.08171067023335468
0.08592903046322617
0.08885738925278582
0.0893761507143497
0.08651666665617229
0.08219625725836516
0.07572743875278676
0.06985420096075416
0.06473627947722199
0.06275090726115534
0.06324414604622729
0.06546316191498264
0.06853072746400855
0.07126713564053498
0.07396218565012719
0.07551496159457549
0.0756842960666551
0.07378573947928144
0.0704485400333069
0.06763019129571406
0.06611006657266083
0.0673824382654523
0.07067522709963307
0.07593055364874983
0.08092428955472811
0.08473163221584919
0.08690345467622662
0.08727211035839433
0.0869712574397682
0.08704417571779718
0.08614224024528291
0.08427379201898196
0.08093099637026044
0.07771719707173419
0.075680017371843
0.07428610922595365
0.07194200694282998
0.06842601662001167
0.06395333868977995
0.059974887787334646
0.05732557185273517
0.05724981489703831
0.058063910932029214
0.05913337007155267
0.05957623508741851
0.05922159993292665
0.059280557553112526
0.05867005705465994
0.057929989707464116
0.0562762938154341
0.054892555780182685
0.054738245090422924
0.055846938529663596
0.05914313921727939
0.06368452896434208
0.07024918477232539
0.07847304980850699
0.08608895466218537
0.09252684699938156
0.09557315397821099
0.09687230022548632
0.09584635464375484
0.09391940783024745
0.09078780372309797
0.08765650133286872
0.08397966720182082
0.08147684201118659
0.0797161573985986
0.07935724928989162
0.07787560379464613
0.07553832419723656
0.07182497228283892
0.06812399883979108
0.06515951621443568
0.06405214727719993
0.06475388470025832
0.06500191461595793
0.06447926658598878
0.06287698804158148
0.06204902170079046
0.06305606215839567
0.06577479488990594
0.06824892207492446
0.07019802901374864
0.07187018768181454
0.07525261504738266
0.07822706458122129
0.08034213087732012
0.08069980373198804
0.07982129155217053
0.07783935896733794
0.07552951923842573
0.07388024022986657
0.07412716375305878
0.07682239588279405
0.08031539707135028
0.08355791179208458
0.08465603549835063
0.08435017772715016
0.08272775017898558
0.07966532823583938
0.07612878743904972
0.07039932210929635
0.06499514041191713
0.05983021589336109
0.05830907208566407
0.05865630286511135
0.06064558772222035
0.0622082886938631
0.06370074026594294
0.06358335511221372
0.0635019545653712
0.063361311240013
0.06371033305341628
0.06352349822434464
0.06322946258456959
0.06315110207685133
0.06409924084248146
0.06699483181875004
0.07194331900777005
0.07726268870168355
0.08298001252247014
0.08688885004438354
0.08907721953576679
0.08896372142460957
0.08863684645804545
0.08799625756107782
0.08654526276449075
0.08428125851865068
0.08144800763554398
0.07964547427816594
0.07783070438587751
0.07600924402207473
0.07326058652992583
0.07044364987081504
0.06774175572570537
0.06494261074947963
0.062181512732710005
0.05921485372819027
0.058069452606309004
0.05770962332030716
0.059561018343687544
0.060933075761218626
0.062352024112632624
0.06267976112120942
0.06253118941875814
0.06165022223317924
0.06230883632884167
0.06414841709758613
0.0673505963977358
0.07062143641574017
0.07410599716938385
0.0767009175822224
0.07866702496891931
0.07846866997803581
0.07714451245476665
0.07455135058003927
0.07303728894307805
0.0714783071885502
0.07096226155105156
0.06949600435911052
0.06832635315036847
0.0673334445023411
0.0673791422081747
0.06843409130297211
0.07141885871673756
0.07473254198019007
0.07598995571951006
0.07435255013923439
0.07009182168279665
0.06552782361138751
0.0621643498746823
0.06118487297262153
0.06223594612664003
0.06537939220497077
0.06872404403636048
0.07144671564771815
0.07316934804801861
0.07241110629997372
0.07004387733849295
0.06680815635499758
0.06441511355485907
0.06113342772947719
0.057664750006635866
0.05347977899366476
0.0501249374865972
0.04928945956797625
0.05136859620660987
0.05554437644671824
0.061858027799537654
0.06785459070718927
0.07224255975334629
0.07400103633064585
0.07202368484851161
0.06779184618048599
0.06207383112823434
0.05799397726863436
0.05586752048700181
0.054991081310608494
0.055095266326355946
0.05660448573679808
0.05901009970209863
0.061849416565606975
0.06425223691403506
0.06694690513202355
0.06867712717096217
0.06856497553110286
0.0658415736205795
0.06193286425975443
0.05890755449757664
0.058092052597698195
0.059309784784052556
0.06358609969571612
0.06869242745564091
0.07252628868521811
0.07294873611419579
0.070266136204469
0.06415877977212947
0.05780306959909021
0.05254756658404438
0.050993749361468416
0.05253853047207227
0.056816134251871875
0.06134299068032373
0.06508553914881152
0.06781049897903624
0.07021828305196169
0.07252002455200485
0.0734883010711342
0.07333491240502814
0.07207900744220277
0.07060323234093496
0.06824231147865763
0.06632997924553961
0.06572016544747991
0.06695290139675003
0.0682817267677093
0.0687412245084121
0.06710137910096323
0.06343441993622129
0.05908347217772538
0.05611182083119301
0.05623436375599343
0.0590832521569651
0.06339082633212079
0.06749409398710855
0.07064255514838705
0.07127437187003254
0.06950557940840643
0.06622825379707797
0.06328005687894982
0.06205732445017144
0.063602356058269
0.0669680624479648
0.07120966204991196
0.0752377225852421
0.0774537300637263
0.0787456638722426
0.0791637099436517
0.0788496390276121
0.07914559686415919
0.07835409010149352
0.07722048698741055
0.07482987830410527
0.07265405802379143
0.07099462171779188
0.06963968973783015
0.06748695331858046
0.06466257189091447
0.062002026294314866
0.06016362323115558
0.05935309129868588
0.05976615858819366
0.06085128441975596
0.062453040200017976
0.06381684580336207
0.06358216585460369
0.06075292589581409
0.055531039658464086
0.0501574777571532
0.04679064295110515
0.04609498872240091
0.04915069088747031
0.05421383473377484
0.06078112483452137
0.06678149578077203
0.07013669759462315
0.07137414906049593
0.07014274938936445
0.06887711295186093
0.06833891154730122
0.0689848123207773
0.0692146101877438
0.06867590353799853
0.06763399958617082
0.06680685576385594
0.06667095892413025
0.06710199300791418
0.06755600082011645
0.0675206435196393
0.06785446713123439
0.06761656581683369
0.06797251338607216
0.0673001848269956
0.06605503495584757
0.06323493184978217
0.05984333577122796
0.05668519388210394
0.05543968152282349
0.05614322513697945
0.05942172216042132
0.06330626935369471
0.06662770031644828
0.06843747845200417
0.0687746215050507
0.06818006782291718
0.06618229528855586
0.06490250051530716
0.0639665458303946
0.06440453445573789
0.06649075710389664
0.06974958343723806
0.07359561872907604
0.0750376347919282
0.07542208738695425
0.07414314506885591
0.07251110450716176
0.07100595931810752
0.07088825512266729
0.07293936128617153
0.07645098254824002
0.07927209265578557
0.07981954440335254
0.07744905608897348
0.07211383763015795
0.06686517340267835
0.0632151542278328
0.06198324881415959
0.062082550042082366
0.06275871430374588
0.06435136430206594
0.06715590511042681
0.07092622082686881
0.07499731702293443
0.07901969259371092
0.08281541913727321
0.08579888256922008
0.0859587116322194
0.0842034509204386
0.08132020965820819
0.07902854510965555
0.07728119775513366
0.0749816293999712
0.07263868900402512
0.0713703400061506
0.07112391017741068
0.07343408394408818
0.07614319474240538
0.07917853097404028
0.08036728652544452
0.080126371301243
0.07838576231834643
0.07655648341754907
0.07564209639565324
0.07593845070950997
0.07675893477469242
0.07666686758484446
0.07622882495381322
0.07532119279033626
0.07453108031815293
0.07296668735755468
0.07038904166352875
0.06763288658815036
0.06649940870234321
0.06763678109645191
0.07194496349926587
0.07671390648225249
0.08167002898646085
0.08439273524052117
0.08594428430400769
0.08589979902119871
0.08396984089923311
0.08079368049807918
0.07801810323391589
0.07549653975777522
0.07508452485967244
0.0755614421043526
0.07861933089584824
0.08276130254513613
0.08728130289113957
0.0897675169610445
0.09043906377385061
0.08923543585909145
0.08650532017528302
0.08367827779276198
0.08192917869729936
0.08265317104740076
0.08504082364691493
0.08789074308530699
0.0902763350908754
0.09306862250273273
0.09577055144793051
0.09757750782251477
0.0985572802155349
0.09753540440602988
0.09554209923975035
0.09316474862520384
0.09107630969115404
0.09006725408748818
0.08932173980730813
0.09026005191104189
0.09135477323840575
0.09230165947519185
0.09123217388557224
0.08805730644389705
0.08311389438307513
0.07710499868880967
0.07120839394121228
0.06566763965848199
0.06145763757805219
0.058589079334988955
0.056233355815744124
0.05467844213232316
0.054040277713407275
0.05519630089767103
0.057859123139690403
0.06094877065823209
0.06431230076027122
0.06614089054818442
0.06755477196841349
0.06761511856166762
0.06722632359674867
0.06728670343433088
0.06811850161898814
0.07043413918206153
0.07409455399135764
0.07949484955396736
0.08481811766329293
0.08853637143317362
0.08904292712106619
0.08667554100633652
0.08297024454743175
0.07991044275841647
0.07794836971762863
0.07607483923853213
0.07385301073757926
0.07131321229545709
0.06928038934962887
0.06807541224202467
0.06770576827400872
0.06867526172781044
0.07079654277713941
0.07293898320213757
0.07365371861033994
0.07184542674609183
0.0693502453516246
0.06804546215266523
0.06922968341068961
0.0724150840081597
0.0761261148211077
0.07983996095054198
0.08397704987899088
0.08792779595022707
0.09041252266565775
0.0891616188599839
0.0850298080106493
0.07898335164552098
0.0742060019317095
0.07125911264006332
0.07164745940250358
0.07239878309764786
0.07470398871023115
0.07586828070178678
0.07751705180875679
0.07779628531098695
0.07767196331294356
0.07656177893342887
0.07517937345378069
0.0740669533112525
0.07289008840543909
0.07127051931629905
0.06933283996294003
0.06791799679619366
0.0684602715656714
0.07180526121325115
0.0775349585105603
0.08378374460886025
0.08783026817384677
0.08804370859246474
0.08559556818426256
0.0819665685313624
0.08028708949501596
0.08064520313107995
0.08258623787371906
0.08354852794339346
0.08222271745434491
0.07815534854672937
0.07246885089616432
0.06731844337012063
0.06450607478713694
0.06408922301274744
0.06529809667634444
0.06803646412686047
0.0714221263244867
0.07331038529290529
0.07326432602531037
0.07131998944623853
0.06792526507959448
0.0645173930052562
0.06298570392770868
0.06339377195117482
0.06585336851416063
0.06960280375370775
0.0738958319489941
0.07654136111433082
0.0782937135500738
0.07814770475402363
0.07742260805795419
0.0756919991545234
0.07286655102417278
0.06976045258035674
0.06714073726410902
0.06600645385714905
0.06596980320983126
0.06708482245589062
0.06831710790321445
0.07000642042483793
0.07138584508931063
0.07278374068238748
0.07526380257231355
0.07749897076555828
0.07873887472874064
0.07717042008077898
0.07250831338326799
0.06629762643476896
0.06022582103536808
0.05810891967416946
0.05966920839507501
0.06618379401230248
0.073843433458838
0.0808363555873126
0.08469144058124906
0.08636091811283177
0.0856115458265258
0.08357362883020904
0.0801845975487725
0.07511603996185469
0.06910325016984013
0.06381258729830343
0.06174038503138656
0.06170145726758829
0.06378064620821608
0.06732127113581497
0.07129893828146303
0.07580599223238217
0.07961272850103401
0.08333852568835126
0.08667097034946758
0.0898051322927452
0.09197609670622259
0.09323762693019627
0.09255559473976552
0.08952462755383296
0.08520671598671731
0.08117507485397102
0.0781660908271593
0.07716774465366356
0.07763039278721429
0.07998888329363264
0.08187365182541999
0.08173004260377974
0.07853644325915358
0.07290146803868269
0.06701923327622913
0.06329552311865563
0.061480534192887126
0.062388876501080645
0.0638952173868162
0.06548339661337389
0.06664008020605065
0.06713693274318311
0.06900033443296376
0.07035984200414108
0.0724417115985169
0.07281560354331204
0.07337626890669187
0.07320957036065723
0.07344470583123182
0.07333261829575122
0.07259841230152196
0.07228471605247531
0.07248725537598937
0.07266058120109377
0.07312341186819997
0.07194512451291855
0.07054430607758737
0.06917244744694558
0.06918322682198601
0.07070811843388916
0.07264959614722623
0.07394041925234536
0.07349813689710856
0.07148514332085915
0.07013061019922491
0.0701713976055163
0.0720529298773156
0.07408651604026564
0.07474492922045145
0.07347952993362154
0.07085984628707957
0.069229834519215
0.06948633417906595
0.07141105261038524
0.07302250500858494
0.07327306552392873
0.07176535014286908
0.06942231003105843
0.06716667110704422
0.06552841965114188
0.06525138606545923
0.06609288067398612
0.06708844481212135
0.06703861977425968
0.06697457764057273
0.06680537702918195
0.0677889702176007
0.07008414156654011
0.073037750373153
0.07715239341446563
0.08008965082222642
0.08209304212301959
0.08300443371499512
0.08428019530774901
0.08496172565411346
0.08486435230807542
0.08327656718813668
0.08068017973033799
0.07912673230484697
0.07757096230220188
0.07682867616193499
0.07608116935330189
0.07472571946976019
0.07206336280610294
0.0685309533132348
0.06440967817858738
0.059959302768237036
0.057245802717540414
0.0572929599040206
0.06126090916660722
0.06662533281034502
0.07074671228962938
0.07197438497214748
0.07086707877733521
0.06902195664930393
0.06868093024074762
0.07143177110010299
0.07633921670774602
0.08174968120025579
0.08547900625724754
0.08534050817459035
0.08290474207764592
0.07958558040607626
0.07744784634638756
0.07670837853017624
0.07672355351376792
0.07533086067577131
0.07319370443657289
0.07114598458793382
0.06998106407270618
0.06932554097877096
0.06874520720139622
0.06835091567397011
0.06838278040534132
0.06885955715086388
0.06891916336697024
0.06870781609845539
0.06822700945216773
0.06775866057786555
0.06709276714800413
0.06587086950300548
0.06605434765144297
0.06777838803616688
0.07102523166027941
0.07459469918888413
0.07709469570989126
0.07926078576157276
0.08063047256449937
0.0826362958795865
0.08345178131494012
0.08255256075315397
0.07931665812537866
0.07391176340368444
0.06836975542150094
0.0635455264078832
0.05949198644279314
0.056823949992765306
0.05648322705535563
0.057808663509854016
0.059564237346036185
0.06042917881426034
0.05995867263210613
0.058164864363125214
0.05591448462157656
0.053427863032273384
0.05219336739031689
0.05342152528795779
0.058326198403364136
0.0643809973380288
0.07163886373715514
0.07678169355905479
0.07900592533063149
0.0776643144183307
0.07508674072924362
0.07276842317411526
0.07113608346248838
0.0700651090088436
0.06874399971681723
0.06750339412357596
0.06623027044637891
0.06555253807170844
0.06487690740405794
0.06582655141731053
0.0680736823592859
0.07168386635160506
0.07522415923931931
0.07703730932306016
0.07674321130593696
0.07443641321619994
0.07181673598525622
0.06869854485910167
0.06740406770793875
0.06697092123509685
0.06972103528579814
0.07179006723077702
0.0748003839513367
0.07677626166601238
0.07833291328759795
0.07976915998957639
0.08008913049426485
0.07919186487752476
0.07747941693322766
0.07543104844647916
0.0748923630497169
0.0744861526272631
0.07375470964488233
0.07159820529300141
0.06773130991950226
0.06395585861102118
0.0615894224184522
0.06045808147582021
0.0608502216642213
0.06159884467271568
0.062411207494373476
0.06330870383188741
0.06393054185083318
0.06346675116471513
0.06337071587756009
0.06389566735149257
0.06707182239836879
0.07119297433029557
0.07529521109311892
0.07759196528000802
0.07801590289260722
0.07816595378011246
0.07925795825245167
0.08138078564303157
0.0833179511662797
0.08465417055539813
0.08335602417109346
0.0799326887399536
0.07617814143456147
0.07324626636429743
0.0715795994244354
0.07085291497367288
0.07037072438693968
0.06987623253025105
0.06933300937735346
0.0674147339568698
0.06603849577814132
0.06497049865331748
0.06413321694093504
0.06381259208197869
0.06241678234800468
0.06108781163633565
0.06006636452590488
0.060771768335222874
0.062230608527485826
0.06384298050701497
0.06596079708914393
0.06827617604363166
0.07101968735043693
0.07367207981072713
0.07595344419733402
0.07647303677448218
0.07596717682785616
0.07430111073004038
0.073302801673563
0.07269307938947354
0.07204925080182951
0.07297291604655541
0.07382482562660157
0.07520708583505403
0.07524944050177049
0.07448459968169262
0.07241844540311167
0.07167416054132747
0.07112785624258597
0.0706868346547887
0.0675729818533915
0.06319284787646592
0.05798899796615821
0.05638144271544482
0.056594780793983536
0.05841226207980535
0.05859644956624338
0.056707248152238605
0.05293391363784835
0.04881726323458634
0.04596455451024578
0.044829106608467624
0.04540741381453028
0.04733527411609229
0.05033349371063224
0.054246421976798805
0.05821936123379668
0.060865395624859084
0.062380273928823005
0.06326680118538729
0.06476440011355314
0.06639772510270689
0.06869092727923368
0.07084010262371451
0.07205074461641055
0.07252995616618538
0.07179914350086908
0.07143724911071879
0.07094964134756906
0.07060807092103509
0.07129022583120107
0.07286321438870848
0.07552305025476454
0.07628936156427035
0.07547874414474115
0.07198503276668214
0.06807407004156293
0.06392299503040222
0.06005329510816905
0.05757481862498019
0.05730763873314675
0.05950279284142761
0.06202591259220899
0.06306798181091242
0.0605490699291879
0.05603285861663309
0.05133361696402838
0.04940946010738342
0.050808102254834675
0.05422798520329504
0.05811193998530366
0.06110344754290537
0.06257911391366489
0.06344694568320487
0.06453985147504904
0.06666654557191057
0.06976726035024872
0.0746809736413266
0.07858986005716401
0.08204249592440012
0.08331490745236665
0.08293039070639846
0.08115761531943662
0.07821162434377704
0.07469304707905078
0.07041477201130834
0.06758737865904975
0.06693149589243287
0.06828725922765184
0.07152201832259772
0.074755939172083
0.0763839358196441
0.07596644436850539
0.07219995820118535
0.06817642356961096
0.06297082978676699
0.05962827380138573
0.05695676691246031
0.05639713951663748
0.057059832904682556
0.058485882437501496
0.060837225553793325
0.06248775313340023
0.06476572608041925
0.06661823193761474
0.0683800900320578
0.06912085522450329
0.06830506290958956
0.06647116504714945
0.06376868210298478
0.06156807462653064
0.06037173669062592
0.0604580620150237
0.062195099086199634
0.06367136005580752
0.06511413328703923
0.0651102910113848
0.06326511471939793
0.06163561132942811
0.06079491751719064
0.06057985574068008
0.06058839742723713
0.05985297210634554
0.05889832330724213
0.057807376576313296
0.058080606320373644
0.05897520499090013
0.06122501933790245
0.06425991591391958
0.06754542218440321
0.07062882805493935
0.07289763033148783
0.07462179439493978
0.07604263357543076
0.07772196323317024
0.0794633551581584
0.08005260133233501
0.07879187232312039
0.07459371017395193
0.0700075860816162
0.0659577851761567
0.06480847383261468
0.06551194241626762
0.06816105718745478
0.06930423856865078
0.06888364810308241
0.06558468473019248
0.060589679128173826
0.05595311655693305
0.052841076562295454
0.05278234270822651
0.05401892365732194
0.05667768212924984
0.05824462237229469
0.059633922289747565
0.06028462865761208
0.060428900102141046
0.05938206069009223
0.05738974889843766
0.05604441377563715
0.05593919318314149
0.057809910513447284
0.06096484399368162
0.06489195733846294
0.0682450826360455
0.07104891936213228
0.07330090509019296
0.07507564507386091
0.07836259415649321
0.08068482380253536
0.08211926441280079
0.08043644217900531
0.07706762392844763
0.07336256290080297
0.07126030127038474
0.07032935636246143
0.07101752134241639
0.07226955696368687
0.07425883320843998
0.07388956164179623
0.07151235797748355
0.06616212988438296
0.05988489994252766
0.055733001035380994
0.05501719610657623
0.056610799572943786
0.058524323629399126
0.06013480632692529
0.060962792969185026
0.06267568414962903
0.06510993088881638
0.06786277159759345
0.06971397631012716
0.07071303306871056
0.07083406699012779
0.07095970649076082
0.07163714689529535
0.0736846678933141
0.0754739443505336
0.07832606417620493
0.08114498665806544
0.08414427609059073
0.08536592475966853
0.08388861587253572
0.08022879005728042
0.07564176110079529
0.0720171227985129
0.06928493545230534
0.06775043080049219
0.06628779128006414
0.06552429668202339
0.06533077483607459
0.06555035178679257
0.06636184755605246
0.06692248957570782
0.06712776946163711
0.06557745078474837
0.0628572474880081
0.05909170402925964
0.05681662776951291
0.05646442962396017
0.05858253332111521
0.0628881524909723
0.06769011739817084
0.07338650173960233
0.07805266125707365
0.0814320121106999
0.08274837394424316
0.08241443944273386
0.08165808516793842
0.0793182496368963
0.07698501789532487
0.0743002471294064
0.07272721196135135
0.0721671125470577
0.07085440516900936
0.06914003062377479
0.06757335195215389
0.06796014889870669
0.06849199432329928
0.06813615151211741
0.06624321339085658
0.06449436710141015
0.06395181102059652
0.06376827315263435
0.06333691014713073
0.06126586622917413
0.05741759440454527
0.05329512614639613
0.050402654960845616
0.05135703160173507
0.055381704814303066
0.06263243704750779
0.06980044649033208
0.07580480282435034
0.07950290245429632
0.08095424802771657
0.08023405369534051
0.07680253268447665
0.07220535307650594
0.06768757906347032
0.06604442409761935
0.06730155320506975
0.07011918536118097
0.07306301002898452
0.07569282507853065
0.07679368283578926
0.07603672864820654
0.07326069766580258
0.07034407136217699
0.06688381903862567
0.0630645725414159
0.05854998564667356
0.05427127825821719
0.05071911477687555
0.049761376703141756
0.04997792569522273
0.051757218366966444
0.05330633105063149
0.05537743781894511
0.05787980873277572
0.06072377288120307
0.06337159602261047
0.06598700454056876
0.06738829493114255
0.06686700072114451
0.06601134116777554
0.06512184662705528
0.06570637326477695
0.0671650268242989
0.06880937471295874
0.06971450114602011
0.06999606587703391
0.06973055857842382
0.06996370247295422
0.07116722098651267
0.07250033294768925
0.07293183764102121
0.07188825283692897
0.06961020245943321
0.06661492911102769
0.06447870734213461
0.06470204283542619
0.06699415313428532
0.07129451386103222
0.07453347334594798
0.0753549363950732
0.07407353891775731
0.07235921148457812
0.07049271183195249
0.06796631440639557
0.06350189571508046
0.05931490759986644
0.055160566383238505
0.05308006216129292
0.05309725047905647
0.054873112149604726
0.05731729353953526
0.06051910651970874
0.06429232756348159
0.06780823643349942
0.07053253974410897
0.07096290562637898
0.06989913307244
0.0675784689265512
0.06642113654137857
0.06608628863649779
0.06801471503942276
0.07071802342935718
0.0742447069381649
0.07771942047767048
0.08049490762764439
0.08137014786296586
0.08107923221473648
0.0786750684210078
0.0770614195801812
0.07593871916913726
0.07624792721295905
0.07435951477184637
0.07225986011982588
0.0686589420782897
0.06697904323532923
0.06502473710184574
0.06527598503717338
0.06503595169387126
0.06535624106947915
0.06441326139702663
0.06203089823210793
0.05866951959025345
0.056235767198719935
0.056633227426930284
0.05971755653417449
0.06311386414918925
0.06648952223889278
0.0685410321387877
0.06964853105509018
0.06933801611429016
0.06838024031091738
0.0678146052730165
0.06793044755253776
0.06911191245420799
0.07083552841091946
0.07206009228306262
0.07228818646948085
0.0706930362128896
0.06941069849303218
0.06935441698207195
0.07140140185539287
0.07527049371319876
0.07920199883266882
0.08177608434857424
0.08323907799875598
0.08362356216307358
0.08402439333815083
0.08482438317423861
0.08350532596752584
0.08029211738306026
0.07529977276549431
0.07102419790860726
0.06879500120462954
0.06760001440722839
0.06599032406576195
0.06356189637622149
0.060470814762641455
0.05802257428219788
0.057183729471227664
0.058312507310417316
0.06000219006854636
0.06215515809904375
0.06272445400613091
0.06319425137893481
0.06363746736052495
0.06431574033201566
0.06570373955486151
0.06697923539710975
0.07056957310437528
0.07502116788368789
0.08072914301416355
0.08635984767612541
0.09075044021566955
0.0952878700697423
0.09737938237297003
0.09895014868516938
0.09638364587498463
0.09268268025579542
0.08671323152253423
0.08134525908247506
0.07762843861528328
0.07677866151775166
0.07986062153014555
0.08514235259567932
0.09055021304106525
0.0943531000439668
0.09650520337917005
0.09665589076261566
0.09606657399725899
0.09372809581088351
0.09137803032227043
0.08878111890659861
0.08634910371648027
0.08399395696910908
0.08192309382953743
0.08124027218423317
0.0815941578881728
0.08249665565367531
0.08372729746345489
0.08456681589308337
0.08528252494168446
0.08692977810321788
0.08853516905301259
0.0895826211373992
0.0880609115311864
0.08631614650087399
0.08375440795135793
0.08050921545145007
0.07639195622122966
0.0725723914478646
0.07064299558690466
0.06949402453692766
0.06892878324612974
0.06765522303358333
0.06665570812245405
0.06707970611629459
0.06960780147022508
0.07275474514223726
0.07509785756607501
0.07592674585385434
0.07502371561707366
0.07463014876054233
0.07550336033350023
0.07893387008118877
0.08263929348058205
0.0852863526740468
0.08623946229235654
0.08745670473870028
0.08988263791737783
0.09398825571526523
0.09742572192859691
0.09824825098992117
0.0959387741239804
0.09044704288589318
0.08452019318540495
0.07966783849633663
0.0760586577091436
0.07320965764689424
0.07150679347585538
0.06931733049835476
0.06702039605393542
0.06435971313315617
0.0621266560539522
0.061241977199674454
0.06107031684407657
0.06169400839429557
0.06250272316191076
0.06430399094319608
0.06657366552232281
0.0680906633019794
0.06721338606654506
0.06480938247261943
0.06253327920911382
0.061854086469334865
0.06290925859700168
0.06480189804959034
0.06778228190833792
0.07206783362004415
0.07794830053379835
0.08227834292924163
0.08565359807330436
0.08611314818034052
0.0861682490559293
0.08557612658818328
0.08531520507483316
0.08605432685551816
0.08629612639958704
0.08568677724588027
0.08339661218982902
0.0793966226370262
0.07522008650943257
0.07026367796763434
0.06754480451707988
0.06674712588510731
0.0677782210089511
0.06961106141885343
0.07025471783553806
0.06934523389225547
0.06641421007498487
0.06409239627582136
0.06275745957572049
0.06186171385379906
0.06121384509104083
0.0601082123121551
0.06030280797674121
0.06149780555804824
0.06261910322370916
0.06349857212926613
0.06356550375951477
0.06370989868558975
0.06382773877353587
0.06512771893423144
0.0671091458922479
0.06926444499347688
0.07019826526410206
0.07031962864466992
0.07066488921940849
0.07261338646852003
0.07436265909254315
0.07627423934917897
0.07641888142827183
0.07602821645305298
0.07481131527349033
0.07548436739033906
0.07711923904430183
0.08066575406496679
0.08480698982026343
0.08858505764457751
0.09059476039425376
0.09024967432854038
0.0880571294995628
0.08471452732393177
0.08144415474617345
0.0793206815613051
0.07839384535708802
0.07674056334984161
0.07522827747240414
0.0726309012561976
0.07327965496368227
0.0752535308199241
0.08049800005205676
0.08448169102105217
0.08786385377025631
0.08947087392881657
0.0901201319253753
0.08773485258961014
0.08207566838369387
0.074995878353469
0.06806841765937496
0.06348462024404919
0.060613480776543
0.05907798238077393
0.05885056935814031
0.05974060633825003
0.061600180414512304
0.06371825107391826
0.06632475221981209
0.06932382821673994
0.07401104623691776
0.07752750584604824
0.07997174826491421
0.07909513564372286
0.07823147157438891
0.07742902901986759
0.07827005147731715
0.0804303916048233
0.08319029268413575
0.08553132361260547
0.08631400457966534
0.08490778502978918
0.08229697964085093
0.079435602465122
0.07769340479479099
0.07705178167238264
0.0770162087948849
0.07665046251312589
0.07473066727398242
0.07258027494830545
0.06996724405816486
0.06698855548543767
0.06367634763583753
0.060947559127301355
0.05886595626314635
0.05739245487067253
0.05607212738671072
0.05520774988174967
0.05507597260584506
0.05643653669431842
0.05992533593466309
0.06394760289627455
0.0674012512724559
0.06973354880126767
0.07173626020359392
0.07307947244972544
0.07493181955972714
0.07668218779098543
0.07917561639843536
0.08160508731480992
0.08373110233256734
0.08615740805694315
0.08999142354722113
0.09397773338771963
0.09743381704825868
0.0987833287006009
0.09719841965474241
0.09247111731947422
0.08612605671477282
0.08022429678568074
0.07527832530862627
0.072692509570929
0.07188607544968531
0.07313651605855209
0.07424718165913899
0.07512099618638918
0.07519606668752417
0.07444532767463266
0.07325279228887212
0.07099945844327116
0.0682831475790477
0.06473568281281745
0.06241454366593659
0.061818708913741784
0.06335201606971325
0.06668363884637973
0.06960827943964337
0.07157564524669166
0.07199694956986828
0.07351610509104388
0.0764509141975278
0.08047952512891922
0.084078197450891
0.08753840905306469
0.0902349018762731
0.09363720008465289
0.09647879133436132
0.09844855788957212
0.09945675930437453
0.09991868826095082
0.09730447475198879
0.09414587035537234
0.08999966810865836
0.08609004539740449
0.08201968996151182
0.0788853571287761
0.07700856699544856
0.07777861721474502
0.0794751208295377
0.08208152151748223
0.084546285439402
0.08659070404642702
0.08675295394509326
0.08456340034148123
0.08147823885247601
0.07968505009599187
0.0818480747219948
0.08819335223555594
0.09555384773040713
0.09996444163626979
0.09866525482222688
0.09335066355211266
0.08454153801193655
0.07657981853743788
0.06974175837381942
0.06652759091636769
0.0657621472138326
0.06712139404479388
0.0692226746105547
0.07110819417240949
0.07094515442854933
0.06894798598674567
0.06549349592838237
0.06233091089563227
0.05950818689802041
0.05853888013536951
0.0603397352837273
0.0648847747177993
0.07068040314199371
0.0751556008073947
0.07913816587426258
0.08165196087404365
0.08481858150208588
0.08748716507720164
0.08942354274382706
0.09031223061781712
0.09109940516511672
0.0922246700440779
0.09399468401308686
0.09562329731868295
0.09765852547549085
0.097479070214053
0.09536712960180535
0.09129780136646985
0.08713641718711042
0.083639056419306
0.08077017191001301
0.07800267709462264
0.07411793715491753
0.06978389746866881
0.06729104300292328
0.06768697438067273
0.06973886498898664
0.07342325727560159
0.07729784872050942
0.08107339560845492
0.08271314111443544
0.08126870798428952
0.0783942387292822
0.07514568654582149
0.07381977617720972
0.0757819617435702
0.08074577326088085
0.08696048165729153
0.09260939856968846
0.09700907762491488
0.10009292868220683
0.1009109088300075
0.10137186744656741
0.10032468839314543
0.10033369843397509
0.10071527960889706
0.10139844170659223
0.10062417549261334
0.0976314490732151
0.0934772531761408
0.089762205713683
0.08722936274879073
0.08540625974038345
0.08488140196760424
0.08403138156947952
0.08259683329460672
0.08080159366197821
0.07762558979969345
0.07320520295914876
0.06808027429703216
0.06367576009878773
0.05922916663328177
0.05558400299043098
0.053826523749384195
0.05599502475458749
0.06099057447727985
0.06691673580664087
0.0715043757385588
0.07388006294665334
0.07564572630851123
0.07593955979137657
0.07555932372467969
0.07391617004966036
0.07185688198663798
0.07102960384196269
0.07175671054807543
0.07586524153909513
0.08189840648217134
0.08936003158949167
0.09513567034667114
0.0992647386249841
0.10092765410840197
0.09969771302936058
0.09614804550579036
0.09163767392455618
0.08810882016812026
0.08607937876431951
0.08619915581333441
0.08728744595531446
0.08819520972903719
0.08610427474182589
0.07980133578288999
0.07049714704297001
0.06204397817346873
0.05718596691234677
0.05632303594452456
0.05892585641715018
0.0638161156044875
0.0701901294128868
0.07589375558192481
0.0802872373946797
0.0834319549837634
0.08522375553647815
0.0866049213987666
0.08655845044793016
0.08530465159235064
0.08168450186560208
0.07779320768399642
0.0745450749550113
0.07286222572670724
0.07301616279402118
0.07390329968744062
0.07550722338601049
0.07628734600593656
0.07756400396015715
0.0780317157651343
0.0799249440680487
0.0820114116196646
0.08261121635382555
0.0807202046656606
0.07701184236948512
0.07184178323886181
0.06800660295997175
0.06669758082658742
0.06897556254691918
0.0739908848010396
0.07989445858980113
0.08432903012125124
0.08574643068584337
0.08482007026614889
0.08218035594973748
0.079366437885313
0.07706581174585109
0.07648641051586985
0.07640770514256277
0.0770467872872341
0.07695148859434983
0.0758760205546406
0.07381253255194009
0.0718540801408068
0.07067402188524012
0.06989570209187573
0.0701914645352198
0.07098330736837857
0.07309852784039056
0.07478361148522666
0.07556232360102817
0.07485019265985171
0.07453474808157312
0.07586853742912206
0.07839403302032844
0.08007847123550511
0.08009084227488751
0.07907633882777201
0.0766178423136988
0.07349023708842478
0.07003927153184508
0.06762147967701405
0.06737669937579222
0.06902401069696573
0.0714778738774384
0.07407786047264024
0.07598357023524806
0.0769240915664722
0.0768475399968775
0.07580821783186178
0.07526386679052761
0.0762550999590221
0.07889070814958872
0.08210286150349815
0.08454849204833029
0.08637025929744446
0.08719155937062151
0.08743973329201465
0.08581903635967847
0.08150866488752183
0.07583400591554311
0.07136927886116204
0.07000808325248749
0.0716597073910136
0.07603016124043535
0.0801322400332109
0.07994597179257386
0.07586606003487802
0.07150318326662856
0.07085644458093715
0.07277249162969406
0.07562486386303564
0.07689846389709278
0.07668612537317789
0.07587134013910726
0.07481310677809243
0.0740283324697449
0.07341137064451482
0.07346308708705984
0.07348185452200799
0.07411585352786564
0.07628288990964617
0.07948407063277765
0.08423036769916577
0.08744020152835298
0.08883269182081628
0.08770477183024453
0.0842895380411107
0.07960856690371391
0.07394489551646646
0.0684909441482396
0.06394697218210632
0.061460572851851844
0.05972617554058436
0.059203018950323545
0.05988012840839885
0.061601239761559776
0.06301305516614451
0.06490699074271943
0.06673034450593215
0.06984552738277099
0.07239283130230534
0.07589556094468891
0.07929627284286123
0.08213728622189007
0.08560510387125897
0.08838272674413927
0.09208661946410628
0.09490685542331843
0.09761190781062928
0.1005263447539488
0.10343174549770133
0.10698689842948082
0.11034555185168234
0.11294839041873875
0.11346157780903308
0.11235081717066418
0.10963434846960035
0.1045064310100918
0.09786997655527765
0.09057082970654831
0.08354899570131925
0.07814337510680758
0.07491289970387105
0.07229773860142111
0.06907833693028731
0.06517974382318702
0.0614238210453566
0.05888751741759464
0.058073378597013406
0.05932695765468037
0.06196603864669389
0.06496937872670398
0.06870505506595659
0.07286337140247041
0.07808405827784583
0.0844599835186114
0.08931050176574874
0.09150494862708258
0.09190228457861097
0.09137294230084843
0.09100997856939858
0.09027185289077953
0.08973607523829004
0.08949226483807285
0.09098753393916965
0.09213440251881132
0.09160505309614554
0.0863718657589246
0.07853917714310675
0.06862150755197846
0.06038150771686186
0.05507091824980787
0.05353749877613731
0.054614513270904184
0.057433205147767334
0.0597357417825291
0.06122072912956251
0.06074246155301996
0.0593953560594705
0.058739736874354354
0.059827951887237565
0.06343635925288983
0.06911205379372705
0.07585689665184922
0.08098078847099185
0.08374019139705624
0.08404219698630473
0.08421964389794855
0.0847550846422126
0.08608959833297891
0.08688645259601042
0.08603973962348559
0.08433419340571172
0.08303982244644956
0.08367887977414619
0.08544254105050848
0.08656864094079643
0.08515442539221589
0.08157192022845422
0.07572804481990406
0.06920324019870477
0.06266717041756392
0.0575638537729551
0.05420443707777517
0.0531718866945744
0.05420318766416697
0.057400465415410405
0.06145346392013759
0.06577706061253921
0.06948916224139384
0.07257717259605426
0.07470114147848793
0.07619923230663983
0.07765112321568417
0.08074139887364094
0.08642839626099008
0.09386140192122648
0.10185962045397579
0.10820413677497807
0.11252081182061906
0.11399933010433416
0.11428664202649635
0.11114556692078836
0.10549016540879164
0.09734356063069172
0.08840743592356394
0.08211601526243353
0.0783832155336664
0.07817930841049336
0.0790623866669278
0.0802380668453626
0.07956620978640652
0.07695321446636884
0.07376287169256501
0.07166500258746634
0.0714304194124232
0.07211186552566654
0.07322600708021582
0.07401983950865278
0.07559556217336443
0.07778483528436794
0.08095106591002997
0.08530322168534284
0.08928899646386343
0.09345673860792669
0.09532782430503471
0.09440453685963451
0.08968120589544114
0.08383151008759067
0.08038195173160238
0.0805409147005268
0.08321725597500856
0.08715391392474736
0.09021781106572829
0.09043804599884783
0.08770327972519344
0.08317168544031306
0.07859694152944122
0.07544406673945352
0.07370040938669392
0.07331128508865714
0.07388820221599351
0.07521238104812247
0.07656825046921621
0.07729663313740406
0.07863068636304138
0.0807692845998792
0.08402801712757327
0.08645031622322205
0.08815373522527797
0.08737009420037099
0.08561677310362248
0.08330901448867147
0.08151705050189625
0.08037880810075237
0.08143000264191463
0.08393673292235507
0.08689618327880241
0.08936406654669014
0.09075069342855797
0.09019086691691422
0.08774056346138921
0.08398609826044325
0.07923457480968109
0.07481430364727129
0.07159837006679484
0.07013819356597085
0.07004144824552416
0.07032373421932087
0.07069441118130687
0.0707876904673843
0.070528640351129
0.07017329296639985
0.06937438904341142
0.06805627086584833
0.0670217714257834
0.066705399688099
0.06672713635941134
0.06676090307375097
0.06762699711689713
0.06935994063851077
0.07262865657896615
0.07723389773045373
0.08224420223850344
0.08771864290385373
0.09296067103779836
0.09621052631940748
0.09680489525633308
0.09265185537096002
0.08780694191643942
0.08249836523083685
0.07900142177842524
0.07494388915733292
0.07088007857134192
0.06731266086801682
0.0659556203897798
0.06566729825527219
0.06624457668683974
0.06697579729931033
0.06579804111400839
0.06368674445609876
0.06170073838495802
0.060628973373104245
0.05991729498514913
0.059396760995412856
0.06070732948877417
0.06504980599813234
0.07136268899939852
0.07858111709715955
0.08424949270502012
0.08789349875469227
0.08861275550392762
0.0883841533787725
0.0881257694500674
0.08971137986621808
0.09185780080630311
0.09272170095513288
0.09187693316515799
0.08948433327123595
0.08759872255454945
0.08695041426157517
0.08720296882157148
0.08728056262140453
0.0850123132596392
0.0801693519225632
0.07370983803431215
0.06736203931240703
0.06304714419566385
0.06076117596105093
0.059908948331968734
0.06014818188906487
0.06131677293148271
0.06315164211825587
0.06456161504452225
0.06486881756928731
0.0645959311865777
0.06381004758721569
0.06368405226098156
0.06408501896109933
0.06466899364622498
0.064595804755295
0.06413530677460091
0.0638738242916565
0.06504843111304776
0.0673211215205919
0.06920867553225318
0.07056915386018497
0.0707994765673996
0.07020131690556038
0.06951923901372306
0.0696482881855866
0.06996482520720215
0.07038980536167219
0.07018693362019428
0.06863438738772744
0.06541954127074462
0.06175828774989236
0.05842530036309086
0.05645459104767593
0.055126046025349214
0.056004903928512796
0.05788615793912694
0.06193455317339452
0.06632387379482485
0.07065171851483934
0.07308547621875135
0.07392049339783317
0.07332610277145425
0.07310104120851064
0.07311773044758109
0.07291025518436534
0.0715351804926109
0.0711422393599266
0.07158693381677925
0.07239819107839682
0.07290061211906733
0.07373988087738247
0.07622663985917633
0.07930078931898024
0.08135017268740065
0.08144541683665196
0.07953512476535662
0.07704990546103886
0.0748480935290601
0.07377543132290447
0.07398842258706176
0.07431588698403084
0.0749814472865003
0.07358463074749828
0.07210029265310115
0.07092656586506677
0.07123154602870299
0.07352069750332922
0.07520626990249875
0.07696220577186771
0.07762330730628268
0.0775114262931612
0.07631411592530264
0.07435722164628884
0.0719947863162862
0.07066250733120268
0.06999711052391144
0.07047148791916971
0.07138577579767054
0.07293719858441199
0.07365381401425873
0.07391307483524563
0.0728454627544674
0.07221880061076236
0.07122567971281195
0.07039237175181873
0.06976956429537323
0.07053362046476327
0.0728665320349954
0.07555351501022109
0.07881569340389315
0.08149195882303911
0.08405534225804984
0.0850333688124596
0.0835082952631395
0.07958186239402773
0.07405906491037309
0.06854514480657674
0.06424121919673051
0.06132841583766461
0.05988097057255765
0.060179283631992556
0.06206854245782937
0.06612867646190501
0.07150326387348348
0.07638795690413673
0.07953356401103208
0.07987158614063537
0.07781780505765377
0.07383367663806922
0.06927194575026457
0.06539029083102704
0.06434761170173409
0.06664408931326478
0.07090178634701899
0.07443862020870455
0.0758749143872091
0.07428832525261359
0.07111595861290236
0.06776917739832654
0.06612594837943568
0.06648683872641842
0.06881459853135816
0.07033112319805357
0.07035511762122129
0.06819525114715698
0.06521921915936837
0.061607081837410774
0.05935435041309042
0.0584961665537855
0.059743866106715275
0.06134178961087474
0.06198668019617928
0.06192154187045103
0.062022188616921645
0.06312953551055596
0.06481901538245242
0.06708814330200831
0.06858312289791409
0.06910984415084467
0.06942048186776172
0.06987627231438645
0.07270044983598632
0.07816716710106814
0.08729430918887075
0.09775679094075354
0.10657456573954643
0.11072849943480116
0.10918808007922219
0.10362606421792221
0.09622292845805133
0.08867164773844882
0.08173349409800404
0.07573468955170813
0.07073495100214824
0.0669821643795533
0.06442534721991595
0.06345765655017922
0.0645505658012679
0.06622678246935265
0.06803622335858561
0.06827514552950549
0.06624278399750066
0.06281770052178152
0.058248876560230006
0.05388728577236242
0.05016977234488359
0.04911805306716456
0.05084983475781254
0.055441044193870234
0.06111395532660507
0.06580474722496378
0.07009513733214118
0.07326915246069703
0.07764661757938711
0.0813475873933178
0.08303658107894517
0.08213692630961046
0.07949106330182222
0.07666881305323932
0.07364682111798014
0.07207931534062104
0.0707601879904555
0.07145456209634465
0.07291804459565433
0.07501140092205308
0.07566606305828741
0.07549045563899363
0.07407079162619583
0.07207719188187939
0.0691942095345208
0.0664528918685934
0.06489304861627543
0.0635869604858793
0.06394795109803819
0.06538794393972591
0.06914819684468641
0.0740513707233135
0.07812555347974727
0.08166631163108815
0.08425796217689019
0.08635113119004818
0.08606101934390183
0.0829027383503107
0.07805121963601556
0.07239469468283062
0.06858510237078504
0.06797569275432308
0.06993890552438392
0.07311840771166811
0.07615049057362461
0.07906236892446696
0.08118244505809062
0.08129916012162319
0.07810635823576385
0.07293053435417267
0.06683314046941724
0.06282793457415928
0.06062647971091166
0.060889360023726725
0.06227709799395561
0.06371645525571129
0.06445543149682284
0.06542335892986632
0.06731738192482963
0.07008278890750594
0.07288239113910648
0.07453484831808295
0.07482679488537758
0.07436376613667403
0.07368634066460988
0.07243759294689006
0.07118567833835245
0.06902507693068423
0.0682183762740721
0.06872133842216757
0.07139582972259365
0.07521493541750884
0.07794660521591484
0.07984921625297313
0.07928308390805369
0.07790178496049112
0.0751231688533641
0.07162567370798578
0.06847037821346522
0.06647964548178849
0.0666911144973303
0.06755791940132373
0.06808063866798215
0.06851897755909638
0.06982862604529462
0.07268841011934572
0.0753248305453844
0.07644705452944989
0.07598658823581814
0.07445976943470337
0.07385506482516957
0.07407523838986226
0.07429806962983929
0.0742839464616205
0.07289145706912942
0.07154773535721692
0.06970488760402077
0.06942588367309863
0.07049121778107191
0.07252714178760376
0.07444447976988275
0.07553183725809323
0.07516588952212643
0.0724525124164149
0.06824648385580467
0.06392936039826783
0.061006962233835595
0.06051414995139349
0.06128997132218493
0.06210978513545651
0.06147523816760999
0.06140480855392937
0.062387191308757244
0.06521175652228073
0.06861540558626117
0.07076283101089119
0.0695625861337813
0.06610318803267072
0.062081188594877365
0.06072956817198729
0.06281477168574424
0.06812222936990366
0.07426580624335982
0.0788919157671165
0.08137589105532321
0.08127163602091511
0.07970604127824288
0.07724551411864013
0.07527996096117286
0.07317229741710701
0.06944906007450495
0.06669541532827226
0.06574780792521345
0.06711033580400838
0.0698527918376921
0.07283781896383847
