0.0
0.0038768331610342243
0.012513715164490465
0.020366114663648828
0.02371472884013133
0.02352544373719131
0.023777375769417963
0.027997956138948298
0.036056888020068324
0.045305836781143194
0.05207421864429191
0.05817415260419527
0.06509819335073883
0.07570096340605954
0.08629653909984972
0.09361833167350098
0.09460169821399463
0.09051817406819772
0.08335903646969403
0.07445071010096799
0.06434971199454644
0.05535797397958453
0.04753730728267347
0.04155403111282054
0.03663578126693194
0.03278835705718812
0.030314924691404975
0.028148373483971326
0.026027371299455523
0.02370837704792017
0.021876853437698372
0.021321467537359667
0.02180238292027743
0.02403630169428892
0.028956714032543438
0.03768055247051383
0.04963621357514401
0.06317892350517358
0.07554542847750556
0.08617055822017756
0.09628581400636307
0.1057755335240407
0.11529268745587022
0.12186095939611159
0.12565977665600356
0.1251497598584454
0.12301862364026256
0.11856873865207349
0.11380420378952767
0.10928806851567653
0.10369656263470137
0.09663892656042816
0.08820431195498694
0.07766533068105821
0.06696816974041671
0.05646154855022586
0.04750341388531774
0.04071235525436862
0.03603734138045889
0.03303442355938274
0.03169839142359128
0.03261775498676247
0.0358502158548859
0.041231847763281045
0.04849589446598582
0.05741130035892404
0.06743687610730222
0.07829757448498617
0.08821247008936205
0.09630782933962898
0.10242660549765491
0.10776827480422174
0.11241661615812588
0.11738046791203656
0.12324228874185461
0.1288750818467488
0.13383644660700794
0.13571851472477098
0.13251154771833643
0.1268316507909272
0.11901774792889806
0.10946643285568969
0.0980949689563012
0.08506378452157635
0.0731605836440952
0.06458173813413946
0.059012892995572136
0.0542979214947337
0.048625253071269366
0.04229333719798915
0.036587338788980156
0.0318672525447956
0.028247899391969103
0.025520874469261816
0.024770048653365292
0.02605851159873019
0.029382653031980285
0.03309336226727442
0.03664840176160213
0.040101147950779265
0.043551328419266136
0.04774639608250335
0.05326194202997816
0.06012399908907381
0.06837329212849134
0.07824586846326025
0.0892017645894268
0.10068748726892296
0.10911089455053911
0.11302173426727449
0.11225162156905298
0.1076314390738609
0.10218410552772865
0.09560485326979604
0.08925566935543888
0.0796694652720919
0.0691258090620062
0.05926281162643332
0.05141855901770917
0.045228467833148156
0.0393194485916908
0.03359745887484646
0.028031794947009196
0.023724998966400682
0.021915759429427566
0.02231626813043112
0.024524869749882557
0.02714474740886064
0.030761999422908665
0.03547597931820731
0.041800219832009426
0.05007637621220934
0.060564290545779165
0.07281382514525779
0.08502902865689595
0.09557321257946134
0.1035910352391573
0.10856170776780423
0.11262633098658777
0.11692352052537054
0.12119981980345262
0.12441602867618651
0.12575722638871345
0.12341192689164589
0.11686771035459582
0.10746651817718411
0.09653580020614534
0.08599872944408812
0.07674144695708393
0.06794300384886866
0.05916520597595075
0.05163391061698971
0.04519589391766845
0.04133963656148158
0.03941001082287036
0.03866487947192678
0.03854375451937687
0.037919497705971715
0.03772899810617306
0.03872340721370681
0.041182057699771304
0.0453292591854145
0.05019824383129745
0.05532739088570022
0.05992566268088656
0.06463167637832141
0.07251815155358676
0.08259039804377544
0.09235317338014161
0.10119855495129891
0.10799819918377275
0.11392074701576778
0.12003404365120277
0.12480903306231636
0.1250633844456272
0.120824149542915
0.11400712277473722
0.10646735920691823
0.10164691097304124
0.09825127735203781
0.0945786096029622
0.08830688714652735
0.0803046696148606
0.07096974275793225
0.06103702546490568
0.05102995819541334
0.0424981961541395
0.03706487948246791
0.03402332341992359
0.03220009021055652
0.031156697154096174
0.030970823866193178
0.031973527509058144
0.03419393674743323
0.03771193523520969
0.04367965611302065
0.051401743762722045
0.06022215750548821
0.06836467713792395
0.07569434745978387
0.08315430213786074
0.09008485117490338
0.09659841011940733
0.09997977963355956
0.10160734588403521
0.10114439249544514
0.0994662224379874
0.09761622486064679
0.09455194962919425
0.09103233875920105
0.08480019839835598
0.07789911242092283
0.07057816555863163
0.06234074342596486
0.05204972256625632
0.042981504067620295
0.03569383573998358
0.03019921698348431
0.025653075405212014
0.0225111629089283
0.0203824229750247
0.019564562526495057
0.019510604066762607
0.020029228865737773
0.02155450715002985
0.02353746321961309
0.026059185408274718
0.02975983723240793
0.035034362048529416
0.04206729563641703
0.05105154615109746
0.06205871960875686
0.07336743436040201
0.08346518510174328
0.09115682177766979
0.09674786054243653
0.10065547143236436
0.1024279349002452
0.10214652651103036
0.0981002527037253
0.09350113467262568
0.08708058085999212
0.08094833118523498
0.07298127864107258
0.06425601251812478
0.055713792269485994
0.04865459873936145
0.04303105141736055
0.037993417319301705
0.0331931258896911
0.029766529055178206
0.027641521117686283
0.027316145193726278
0.02782653611418751
0.028335780086598768
0.02897406666863484
0.029869442211443276
0.031364057959391366
0.03481350822212211
0.04011399941304728
0.04837274121142945
0.05927436416928745
0.07060102065501808
0.0806042719876959
0.08734407058445236
0.09203438455620716
0.0956199840959865
0.09966303817485354
0.10391291519036158
0.10599743412171295
0.10545558220904865
0.10204313045623606
0.09659761391410382
0.09111712445380964
0.08397690540981981
0.07728923726516147
0.07020635415816612
0.06272226503261384
0.056049920436217884
0.04969782148056139
0.04370525787315255
0.03760294823907616
0.03319601692974359
0.03085676461617267
0.030854261985476673
0.03237830146449469
0.03490918004621386
0.036858994040495384
0.040230087918089026
0.044595246791623036
0.04956848174711882
0.05490624647599424
0.06094349593102684
0.06795170919023329
0.07450696235516517
0.08099450099028782
0.08728900258443717
0.09311346403613543
0.0990927848849119
0.1034704270987306
0.10634913619642082
0.10770902756079147
0.10648485591804327
0.10339224782393686
0.09762792219435759
0.08852029292879243
0.07804080586271434
0.06820625527935996
0.06041059794105706
0.05484315861541898
0.05055243614694609
0.04668911036341983
0.04304095382794976
0.03930301159584025
0.034324479908126634
0.02960842668140577
0.02538681768530021
0.023629394221563203
0.025351569399155442
0.0287211510944886
0.032127792931709975
0.03480077502167751
0.03749221778089975
0.041438580824909955
0.04694447185584627
0.051722075006934855
0.05648195898984248
0.06167509127275966
0.06898277742646917
0.07642720782709203
0.0818646536672142
0.08640476714166954
0.08849443798306224
0.0867739929282874
0.08217482118941294
0.07705591120857999
0.07173583827500588
0.06544571856627678
0.05769520393482506
0.04971867178373017
0.04299704291443164
0.03711007250904061
0.03211246899800055
0.028703578283013315
0.02652844021877558
0.025471801126293894
0.02488697571668462
0.024621344271340363
0.024468420342611104
0.024913216195921524
0.025718539366672195
0.027823613897701074
0.03211543099596984
0.03810810318840423
0.044297325346146464
0.04952974767481736
0.055116252694019145
0.06263919768558211
0.07155756108183592
0.08056216314004037
0.08639845013680852
0.09114023575559398
0.09433843295194591
0.09725027304047569
0.09990223381687503
0.10003442661674232
0.09690222744376618
0.09016995593448432
0.08400519318290865
0.07783669505223816
0.07100502011597405
0.0640495251280038
0.05666741396963072
0.049683497911740496
0.04325561543342574
0.037634160884183504
0.033327964562316105
0.03050937352747593
0.028123794729647888
0.027247493114545975
0.028418727417233683
0.03234653096441056
0.03691649279816408
0.04088595213620585
0.04378064188753911
0.04622253201795168
0.04888532708699415
0.05202433728607238
0.05594706072761511
0.06164708173340212
0.06754429288429574
0.07274506338440355
0.07665429103378851
0.08009911708481234
0.08318050138066573
0.08521848773327927
0.08556741499284842
0.0836647636877135
0.08013873738284126
0.07728363956867536
0.07573777104661895
0.07509122668936999
0.07192751652189176
0.06615942498243342
0.059193199094301735
0.050957875442694714
0.0429268739802261
0.035971216562025704
0.03151541742890347
0.029024818076871288
0.02807848658640818
0.02849105902209463
0.03009978531348384
0.032126187717771926
0.035206611797398535
0.039342516191876446
0.044662589315436686
0.050521521044471406
0.056127795341849133
0.060845274116351426
0.06392340252166877
0.06710054079030806
0.07153361309473336
0.07812637080510106
0.08477135086755427
0.08861321273497642
0.08989872653385161
0.08901474601779029
0.08764474345870785
0.08648786354646011
0.08626278887145905
0.08582432770652035
0.08475815485419186
0.08132180031906174
0.07434980388537296
0.06464990356460161
0.05464418969370031
0.045156611766259507
0.03699388113896227
0.031822464273609706
0.02917044232466389
0.027227496042685356
0.02613574183885244
0.02582217736007887
0.026369437991386302
0.02861491608738399
0.031720863246912916
0.03554643805535207
0.038661842927339964
0.042176513328592825
0.046336966727523396
0.05269866099699577
0.0603538913377826
0.0670909608051713
0.07098640728995846
0.07309302486095097
0.07398626650057957
0.07588292646003916
0.07807800874217571
0.07861786312959178
0.07723861194413739
0.07268424089820842
0.066368322257949
0.059591719012063574
0.05413530735466872
0.04903093236656829
0.04538672583593641
0.04269888316157955
0.03910710758602769
0.03461143410609946
0.0299523111978655
0.026023136632646642
0.024045235849226024
0.02270237995065155
0.02172413926994122
0.020942904450147067
0.02175151578091657
0.02501989799404102
0.031038408138212296
0.03842043772544153
0.045577590964830585
0.05148906576290612
0.058561749481480053
0.06697129568013642
0.07648193340402845
0.08333467519357428
0.08764387671284155
0.08931570027306211
0.08953668771420066
0.08890718497034163
0.08783572247660444
0.08462639449249765
0.07972132024272423
0.07418211389159805
0.06897221897049827
0.06495689723100462
0.062330948347064645
0.05991905403719294
0.05618422170011131
0.05093486236542104
0.04498046085654365
0.039548090578152756
0.035368124692767525
0.032681209960791664
0.030127219981858175
0.028475520714928662
0.02805783618673951
0.0288494186741722
0.029485989097790346
0.03105303925162538
0.035127229617234065
0.041784675521542955
0.05130675522835753
0.06178442080462191
0.07109575014678882
0.07804503874284673
0.08250551316369974
0.08590457900815922
0.08858793212195427
0.08952445180837171
0.0874205631408646
0.08268173581385978
0.07645419929989677
0.07053196876660332
0.06647218673160857
0.06360871602759124
0.06004445343849964
0.055688271989855306
0.05053865868630444
0.04598338650498812
0.04271935157010524
0.04074835035651152
0.038606326623753726
0.036407128486126705
0.03304592142245763
0.02948438416288843
0.02689025243463529
0.025897733679695542
0.026404697338938306
0.028177674640573545
0.030652525273845564
0.03356961319727628
0.03703109919989922
0.04256491837087478
0.051056720372581334
0.06186682798214572
0.07269736451998338
0.08115448556466161
0.08539070941223763
0.08756212439259897
0.08809485147423235
0.09001430489836228
0.09214431578762168
0.09210433904142945
0.0876435874699623
0.08010358322169145
0.07174119829130193
0.06424848591807941
0.0582237582012615
0.05295979977606868
0.04751293411733535
0.04250303052817389
0.03769073476307311
0.03276471635598519
0.028203179188567257
0.025581578139290802
0.024337858977977616
0.02442155187621534
0.023738044520905156
0.022078802322939503
0.020264108243948045
0.019956070061106036
0.02264803167460221
0.027882535187718296
0.03411304250157258
0.04070153596953788
0.04627928746804614
0.051582839210975936
0.05789214553499713
0.06400789630473563
0.07020798658835974
0.07410712502688781
0.07601814754917742
0.07634657337260856
0.07525557665124796
0.07478071774605019
0.07232477167480349
0.06730702544092539
0.06014224263076883
0.052225074931242337
0.04568567091617008
0.04047850428690589
0.03696550912069906
0.03493522442773478
0.033468693459704824
0.031090943902367812
0.02780687835796859
0.024714450008384906
0.02298852705158736
0.022776566355673277
0.024593751904539215
0.027260488747497338
0.030564621280240553
0.03506740157751628
0.041781873398974455
0.049445625955143985
0.05656856530086196
0.06286137671044635
0.06832996690158745
0.07368059819668951
0.07800156648887607
0.08123718284863035
0.08552407718977108
0.09038367125792808
0.09363146816082375
0.09531126694360947
0.09366534912399703
0.0893004602691744
0.08223770245886423
0.07502193475224736
0.06779550659928997
0.06022941688628259
0.053652520256282824
0.048535261717645585
0.043214194778241816
0.03857671066494012
0.03445894422807981
0.03202724746811537
0.03098169307722325
0.030371899909547598
0.029208237247979715
0.028944421240344725
0.028915832044038164
0.03001130065569501
0.03205610207872116
0.034767492711610455
0.03806429082881748
0.04096144301295737
0.04505595562735941
0.049393489968747664
0.05508115639248355
0.060742415869470885
0.06672768601404148
0.07225245394538579
0.07741853646826796
0.07972471487210807
0.07936946591905608
0.07750572860238336
0.07481431106260303
0.07085583284885602
0.06563327230489834
0.05859428298696717
0.051661086984453146
0.046508540034422965
0.04360612754682206
0.04134493308906255
0.037688176929728354
0.03320303291827138
0.02856191809931548
0.026224331415671855
0.02595094307448097
0.02806823186302216
0.031113699462315455
0.034227913849051175
0.03603865085955491
0.03630549195933493
0.036330937729244936
0.03729846710610889
0.039602380485683875
0.04329190370918806
0.047916245037519956
0.05310282727749427
0.05857425674487301
0.0651849590542376
0.07086210532840578
0.07545548000772684
0.07867092675013909
0.07912911355374783
0.07779184630221064
0.07371460242792464
0.0682527218228638
0.06178377217785024
0.05508514230156684
0.04992783236969909
0.044947148811112454
0.04128745058665359
0.03782424787773787
0.033549497247679215
0.03009290184930193
0.027751487738066787
0.026284149294960365
0.026066851119247954
0.027010866332372492
0.028050406065601847
0.029483823680452576
0.030847160080158476
0.03258311388712621
0.03430678702562425
0.03569100258191593
0.037786912331240693
0.04184733307384068
0.04600127647887484
0.051778633844215015
0.05900209359607967
0.06705957791747927
0.07186411060509144
0.07174750119337893
0.06826588286083281
0.06260025366638539
0.05838108650768511
0.05681037685009867
0.057132377113591384
0.05770862861843755
0.05669773307392289
0.05369242179168112
0.049055621171855524
0.044002023828736754
0.03834094297589978
0.0338266255106049
0.031944922951688215
0.032396768498598294
0.033894673285181615
0.033680202337428945
0.03237488829988435
0.03030738788374922
0.029880329451319094
0.031132792475555546
0.03442513602120807
0.04009013197171174
0.047493158088323315
0.054068247099319657
0.059667690381315676
0.06299927578447044
0.06442702206557326
0.06575987030865675
0.067619156109984
0.06977043691621475
0.07118840690529186
0.07172133598609239
0.07141607121046512
0.0705266778869547
0.06962531670417128
0.06863523772757858
0.06647890570309214
0.06211393533462361
0.05634407646833433
0.04970952046829811
0.044581927348957245
0.04102734559340506
0.03861280203174241
0.037413443012961116
0.03640384250241941
0.035006827016528776
0.03244963055920104
0.02999528569625344
0.028102872464813796
0.027256676649492023
0.0265102631464687
0.027694465130187126
0.03076747994452235
0.03561082829410214
0.04022314943129127
0.04368570105140017
0.046284671171520346
0.04876227772851566
0.05103274481545635
0.053249550738013574
0.05583594637018027
0.05659313713901815
0.05785291757158773
0.058970431377145124
0.05985678940666542
0.05894453131883223
0.05702760341519211
0.053790118800480645
0.04962461490823097
0.04510444443994244
0.04035553378163156
0.03616978462244415
0.03352479441356866
0.03086461508159619
0.027638448187832967
0.02446242617682731
0.022920755964319563
0.023255141251920276
0.024145115521005223
0.024939889306035887
0.025544008033350402
0.02665989657419221
0.028921284262013743
0.03211465468026705
0.03658081074863903
0.04203048011123822
0.047585308136449074
0.05343524167643123
0.05840042539236015
0.06286886434471166
0.06664510422311645
0.06934704055687749
0.06921947436590642
0.06878608525282137
0.06924775796371489
0.07041120898356638
0.07100563286366735
0.06990292880748578
0.06735017851298576
0.06296741511288066
0.05662861427425099
0.04999114887479984
0.04473661234325817
0.041047134947020454
0.037206152413462715
0.03360496309207089
0.029871685125636076
0.026335133883142965
0.023018336420147667
0.021642945219145907
0.022330050363649913
0.02430574158108866
0.02766959424857248
0.03148407689515116
0.03462716086521089
0.03656650433022177
0.03852602516759915
0.04099534595942195
0.04475153443494669
0.050012918807099564
0.05557548233838202
0.061804721079962696
0.06799765772879489
0.07432449458447452
0.07794913207453737
0.07911921716957541
0.07659801982699647
0.07243636185118456
0.06803073329860859
0.06433089223170678
0.06044488119394658
0.05651354207194794
0.05204436320183946
0.04760178511427445
0.04218971375730679
0.03715068104651452
0.032728759731793476
0.029167195627360084
0.026321083079126346
0.024810254455965394
0.02471936704364032
0.025939762543888654
0.028987869176078644
0.033609287630825116
0.03896042070993118
0.044134631513846355
0.04904165010172184
0.05299763500163341
0.05603900036995666
0.05870630261825475
0.062064976348122754
0.06582873232397429
0.06889162832799163
0.07137393410172199
0.07340761290959877
0.07354638620365828
0.073247963803047
0.07454029998844874
0.07604745151794014
0.07735811373681686
0.07702500140965642
0.07421935179762125
0.06987671679604059
0.06422292512219478
0.05794285881700847
0.051442764149618625
0.04516187526759873
0.038552321198467604
0.03318279242625745
0.02990867740831935
0.029204099029401416
0.029231982677673973
0.028720864328131056
0.027257239505138635
0.02529512802198673
0.02464491679875258
0.02685766216140082
0.031360171122939554
0.03732893326014851
0.042287000078950546
0.04550743546778764
0.04848112497899692
0.05074196547861463
0.05319856711948492
0.05500499646726284
0.059022405753220035
0.0630238741551832
0.0677732938453526
0.07011519199523336
0.06958894682662854
0.06685542310250926
0.06303470365717113
0.0580178611964023
0.052818562813118815
0.04793435425146364
0.043702823041918436
0.040738164066469705
0.03837012034498376
0.035634849293555516
0.03272064261719601
0.029640970219537592
0.027225390875381415
0.024635542183234087
0.02313394866424209
0.023163401632923956
0.025005451710857014
0.028549161013638354
0.03381119580635145
0.03977309451379889
0.04584587087794458
0.05068068421172275
0.05639833035646056
0.06201635132953276
0.06746373593670882
0.07212999981606759
0.07441669727683535
0.07537456753284456
0.0750342955247438
0.07506067572961438
0.07340707638402447
0.07022082453595062
0.06548891250828777
0.060999454736638495
0.057148831074275756
0.054587562777005376
0.0514894963742318
0.04802705968983961
0.04378636991784047
0.03800367749893322
0.03177592416283005
0.027247762224932245
0.02451328094918052
0.023746712050082455
0.02385608821407858
0.02512315762598942
0.026694011710344256
0.028371892888133354
0.030155215339815956
0.031709912294121304
0.032741418703026666
0.03398236034059711
0.037023854147364504
0.042064521395399415
0.04885058307351377
0.05545444913689466
0.06174719485137995
0.06626236271794926
0.06845948306750957
0.06816678455458636
0.06607177793418646
0.06256780597700706
0.059117794032517046
0.05554301743987768
0.053083674871955255
0.05112289146713206
0.05061973546332554
0.05083534877678288
0.04865004510733039
0.044026761703908096
0.038262470525088695
0.033872969685197214
0.03059516452663381
0.028566454972538107
0.027519487079434822
0.026816500678874085
0.026081925867692417
0.026164637203533632
0.026021094531798083
0.027013875484822765
0.02937974233066857
0.032920124455656015
0.037557122949018786
0.043691469935757614
0.04863688288668816
0.05191236615770498
0.05518510936403604
0.05958727621365143
0.06546939746886397
0.06964963092974635
0.07222745442607435
0.07241389823790656
0.07074071135359294
0.06760411860794036
0.06390496850667388
0.05969262347171479
0.055897388864559014
0.05291959712021273
0.05057863074627802
0.046500921142534964
0.04123043559139041
0.035428894425339016
0.030864054732705603
0.027808466705556985
0.026203575834575075
0.024655274980249203
0.023416150752667796
0.02281667734314564
0.02325947969109104
0.025010119934627675
0.02817333507950909
0.03266226436801984
0.03711972594186605
0.04153369202770045
0.04528010017904067
0.04897039620884846
0.052571335738512026
0.05501565083738854
0.05758871364714935
0.06004058372111629
0.06303840453929188
0.0655939964945981
0.0682115732668967
0.07096699265218585
0.0719403424400974
0.07032716949061163
0.06559147532881526
0.06021090064324117
0.05270858286619419
0.04568503136761443
0.039731443989215694
0.03483827346929273
0.031629868989289905
0.029661547135251792
0.028258675348675766
0.027439799961643842
0.02596805847785548
0.02455109227412033
0.023136124383682774
0.022265477391385836
0.022268553548167466
0.023579197112725395
0.026474221285140955
0.030640854075622975
0.035041487159334174
0.03893818919671017
0.04295393159787111
0.0462126752651629
0.048788795907641194
0.05069929282799591
0.053646455743585536
0.05736778055470476
0.06114649473069001
0.06498521939219466
0.06805785065517268
0.0683269834197464
0.06583570795954413
0.06088290400352597
0.05473158109599562
0.04813171823790781
0.04388330649595273
0.04170008721530154
0.04040672090408837
0.037972745059970864
0.033632134349217246
0.02953835958146072
0.027501869940162255
0.026201587223294565
0.025359310472868293
0.02539975547269387
0.027447179965857424
0.03115431100963271
0.03546983520934869
0.03937027024847758
0.04185026583240397
0.042824462799732683
0.04334457443416034
0.044393010197912114
0.04757748457430928
0.05185436207500816
0.056195844310744245
0.059639652287432066
0.06186178852599948
0.06318291714687428
0.06367902616394576
0.0634874299902007
0.06194882954800451
0.05841479159394765
0.05489937294277863
0.051550138458091
0.04843338254853267
0.045140911573348014
0.0423114959790597
0.04118536186453647
0.03949606548498818
0.03741944996400457
0.035044353747016636
0.03238486692473045
0.028937610029758216
0.026498747986121098
0.02677431801716371
0.028455911908176888
0.0315838239482438
0.035006917085760605
0.03872485408587813
0.04241554148467206
0.04501397374801329
0.045902249140459636
0.04701389223904394
0.04902715692619262
0.05342508630723127
0.058870769332881934
0.06393846330330161
0.06634976010767502
0.06611429984857549
0.06435078183701189
0.06198816104751481
0.05886494881363042
0.056282100181419895
0.05312683499152181
0.05012168771545895
0.046870077152048814
0.04386869600184275
0.04160130251615792
0.038763072006504334
0.03638414159471038
0.03404430801973439
0.03086665814683867
0.0274121764099907
0.02495359185448966
0.025034437300279162
0.02744989221020233
0.03126468523489913
0.03428637692105541
0.03589870368930104
0.0360464535037294
0.03611127405584976
0.03816905122800062
0.04268184441431655
0.04787207930804133
0.05269941471226459
0.055692708688123475
0.05750380583080146
0.057895652602202856
0.05674660367319575
0.05517811665427762
0.05395799893029878
0.05206253527449303
0.049376033854679154
0.046083094487501516
0.04364559031090845
0.042960275011863655
0.042166437352379495
0.04004243923231346
0.03599351406488087
0.031619191560762705
0.027925897396478834
0.024506308385322317
0.022042703734604215
0.02190895471550289
0.02468129540345896
0.028057934370014387
0.030884156890238847
0.03165808812949034
0.03093351749486582
0.029810819261672936
0.030182694239958858
0.032611453663366825
0.03663083780843997
0.04144299310461982
0.04568536512105451
0.04991231690094666
0.053832195271892015
0.056801558026240824
0.05880078123699653
0.060524128621810044
0.06173433399568599
0.06134717715975954
0.05837184458215711
0.053712302241233696
0.047366433131339196
0.04282306022083119
0.03908809168980097
0.037597577350157445
0.03611005227887352
0.03424152355224366
0.031703444061312494
0.028963360803326677
0.026379704342812452
0.024403987760470487
0.023754940289544037
0.02439284963936689
0.02609036378331401
0.027307003011617453
0.028263988872338885
0.028973022211315015
0.030674542942815103
0.03358609368027158
0.03751049867357149
0.04138623417491816
0.044981790132626154
0.0488309305073893
0.05257212629450834
0.05665726588437674
0.06037543922508984
0.06365237472847281
0.0656688112859101
0.06507001663815408
0.06328280701944158
0.06057034078919276
0.057827124827448007
0.054064307578464275
0.050068000569880755
0.045476610504156856
0.039592883493039834
0.03402501405716726
0.030829948915890058
0.030443009940476513
0.031339897925310646
0.031132227327210917
0.030067358366700873
0.02893743138448417
0.027616355858778068
0.02738604834859428
0.028537734435707843
0.030424665133309405
0.03287163035172202
0.03503681465833225
0.03733657204145233
0.040734549490750345
0.04491966903330943
0.049824581232028035
0.05432801131931684
0.056439770437139596
0.056941138415804816
0.057445308094093483
0.05867328151510408
0.06038200657074066
0.061270314690715144
0.05919009842160294
0.05622028930490853
0.054683172603762695
0.054467365367636876
0.05359460339819253
0.051021712332654505
0.045870049666633404
0.0405733476325609
0.03586041598253234
0.03271848674755483
0.03146381507721782
0.031382452929581785
0.03194455242166354
0.03239367066550436
0.03304173833428967
0.03441975152244519
0.035540613596699654
0.03555748673557696
0.03623429593682975
0.03792532297632343
0.04037666586771485
0.04274781516564279
0.046080772632112715
0.0489039942460642
0.051402632517671944
0.05258261714241697
0.05298430038648714
0.052712832772742794
0.05181600354551309
0.05126161431980672
0.0532259922007024
0.05618935102828889
0.05818113013448152
0.05748453270370377
0.05416498163796597
0.047495938161350955
0.04021607130160845
0.0341017155219857
0.030235266758794482
0.027893407807038726
0.02583982751289903
0.023745317358681545
0.02327960121072363
0.02422125621761065
0.026781830804268936
0.03011550117880649
0.03317804661545442
0.03562797673797002
0.037171760671121545
0.03853871389446517
0.04077885129346846
0.04339089522125804
0.046079482211806695
0.049053987151432256
0.051458872369227394
0.05380340395562761
0.05551303730483122
0.05694935913148791
0.0583093335698908
0.05812231939199779
0.055275490374617486
0.05061427099016499
0.04590530992460365
0.04245215446144537
0.03829226410693122
0.035052409099789024
0.0313178813077622
0.0284850935056271
0.026126463931951543
0.0244118036556525
0.023851792131790336
0.02401884433176706
0.023968873120912296
0.024244316176962252
0.025140461786643843
0.026658184591235107
0.027923718610605677
0.029649377491243047
0.03222077414883753
0.036272054129570956
0.040894964256822715
0.04610572598485625
0.05101485237469786
0.0546731048540576
0.05641416053974942
0.05672184588935348
0.055879295132374815
0.05564556568287933
0.057106991876666686
0.05965999925950488
0.06030977998305212
0.05727667114092819
0.05234836894351368
0.0467881095912492
0.04228146131939469
0.039535049589061885
0.03741491022474924
0.03523277241099493
0.03288645135881817
0.030126953180825904
0.027378347102320413
0.026059580655781494
0.025912253045482656
0.027734944971704884
0.03034313120583616
0.03187330401436119
0.031977540268595166
0.03241500131159363
0.03397136251984521
0.03716176328170216
0.0409649148214792
0.04504921690504992
0.04893269054470555
0.053580641844714706
0.057371564397399544
0.061257627877312835
0.06270106823968959
0.06397246346651153
0.06480054656530729
0.06518773949029145
0.06504632444109361
0.06439553344048074
0.06191570428907425
0.0581037944329132
0.05359118152094562
0.048463615614536076
0.04457855650041314
0.04188858850449362
0.03867540776339241
0.035053048092209334
0.031330792885964465
0.028491765240690897
0.027581078972064715
0.028013826624834922
0.028474412781739282
0.02900444631856232
0.029688965413604582
0.030962456773152302
0.033940199772359556
0.03740568099188158
0.041376956548220795
0.04534518438637502
0.04760034469352812
0.04927961941002752
0.05076385243803398
0.052595761201361446
0.05527430113022027
0.05825596955986526
0.06121435297893852
0.06517008503079452
0.06695638004385267
0.06702699913909728
0.06514672276168454
0.06211114938414269
0.057737167336178764
0.05239208349434587
0.046870168421677495
0.04108183174232206
0.03582968402461411
0.032167031176421716
0.030249976700622114
0.030867373333758358
0.03263398992403267
0.033051956658745336
0.031629993361072
0.028486399868671658
0.025695710831752767
0.025042034153034652
0.026151549706611977
0.02902581597857165
0.03222900662956937
0.03579561148150367
0.03858736971374455
0.04043388287993796
0.04179442141936116
0.04341449609372998
0.04562876245511001
0.049001658599516634
0.053023648176187134
0.05647153871967186
0.058628276844124874
0.06006096271130636
0.06024881149888985
0.05984596168969279
0.05849020331690904
0.055161888108251844
0.05095949173983517
0.04562869140423085
0.040368268823083565
0.03572089267905398
0.031822331189843574
0.02910888979617351
0.028354582874715865
0.028677148657354778
0.029781698883389544
0.030049488998773476
0.030019459519385717
0.029855801209329357
0.03025129644636249
0.03098097305221796
0.03248388394012175
0.03514326779433726
0.03879946482365662
0.04155506253844311
0.04410506005249232
0.04794301881856682
0.052047891887863636
0.05497702004772671
0.05717264539468349
0.05861605780641372
0.05900332208285255
0.059730032313249005
0.05967509242084526
0.058912874017653175
0.05667262398560738
0.05364098641540241
0.051318024692188886
0.04916270752566963
0.04768678371361862
0.046129230964541884
0.04313574231353323
0.03933920083397398
0.03538750363542271
0.03334193555255505
0.03221482277336597
0.03165361882260054
0.030804639326369107
0.031701793974781636
0.03272919192176431
0.034762160846317516
0.036927074097998634
0.04009176459624547
0.042779298723776456
0.04582934813963365
0.048090273337207626
0.04966396878855878
0.050784004068672985
0.05108922444157153
0.05230024118774842
0.05432335038301052
0.05824264807895734
0.06161726595022585
0.06292791466085843
0.061480617522752544
0.057901033495360764
0.053138150205757365
0.049529205293018255
0.0470067038101493
0.04504555803735529
0.04341681250822073
0.04109455780560728
0.03872152768805165
0.037168595012472216
0.03533917465742753
0.03324352460514162
0.032181575242449335
0.031911823517120706
0.03181140423860149
0.030748558977233307
0.029844969087813172
0.03021686688306074
0.031530235600876984
0.03397829286094176
0.03692921540063507
0.039966391019927404
0.04303959042319727
0.04527005568117903
0.047640798427196894
0.05114939024493084
0.0552598511105218
0.05849549832060816
0.06003716470385019
0.060147954741763
0.057686805080697554
0.0551643673263684
0.05362515606873434
0.05293960701152987
0.05260064915292439
0.051119590085463455
0.04883260448468525
0.04679740213676241
0.04369590581257283
0.04067714858026571
0.038738439273140496
0.038086317530961034
0.038116530116782246
0.03829114377399809
0.037724295100670095
0.03574002358391023
0.03291675800802605
0.030544974154941493
0.029506478840820968
0.0297638446047743
0.03211917544690132
0.03620047065944601
0.04047447608236001
0.04502133838899135
0.049060712940372724
0.05205477827174116
0.05455743473059201
0.05564705388618795
0.05637345079489135
0.05564372372849129
0.05354029953738481
0.0515501808856286
0.04973428429278721
0.05036947263330574
0.050506462823571116
0.05052345301752661
0.04895028610623085
0.045700129225110825
0.04104162390292515
0.0357807390585519
0.03104258197483733
0.028501709666324464
0.028549808287812256
0.029871515462526876
0.030451617416877578
0.029885586907202114
0.02896347837071515
0.027764725077164116
0.027367301531221907
0.02840588042956512
0.0305374035167637
0.03269379431838793
0.03556341066336074
0.03877357723583881
0.04366469033953488
0.04831797159840875
0.05209674171737455
0.05413474394944315
0.05534294636966474
0.05673296647611197
0.05770545983201891
0.05779607641074549
0.05668346884341957
0.05529745908065884
0.05249764998847009
0.049263017232343526
0.04558233648024987
0.042742555428931864
0.04129143359401443
0.0384931819772459
0.034870528255873556
0.032141517343571055
0.03125809618261428
0.031114541229557566
0.032505747952421234
0.03352539113010508
0.03302603806662628
0.03014057285558198
0.027030982944123885
0.025719862129631135
0.027760916512538435
0.032152443587589036
0.036439890998852184
0.03988463523160113
0.042325461546498626
0.04459955783139321
0.04719431061070117
0.04780062476108447
0.04616630226592926
0.043739485779711894
0.04274759609729825
0.04352282911325855
0.04428955364099434
0.043430730956377
0.04070138830871065
0.03751488689694758
0.03669409305144504
0.03762809479277888
0.037613852176557494
0.036253550558980135
0.03310001935013728
0.029498555127246195
0.027474466604840424
0.02678872803840424
0.026098205250363535
0.025160831319227413
0.024910260956233134
0.026233623862539687
0.02871976037770545
0.032333359692920796
0.035783176169680374
0.038779059148381576
0.0412864334970106
0.04233159508861699
0.04293423960609579
0.044404922432100084
0.046417391528648884
0.049290218362877315
0.052045427727309024
0.05454557669802659
0.05545428357668595
0.05468637852540774
0.05384398580412788
0.0547828051491625
0.055772541037335754
0.05483267516799867
0.0521090210871651
0.04895300574621051
0.04589088909437382
0.04400252750306317
0.040929134226456526
0.03790162252961462
0.035186476418828494
0.032435765751918914
0.03206112279003766
0.033680022639938266
0.03545605517432018
0.036099613125415354
0.035696573043837415
0.03493046105499429
0.034646819411959406
0.03441127122851829
0.035489225475064334
0.037574223742965394
0.04084470941404431
0.04402348963653102
0.04718265845877527
0.04915711626973416
0.048541064264599365
0.04737121519722816
0.0458545175219554
0.045808291428976494
0.04686984154461726
0.05014385437100515
0.05306238594507112
0.055305015121141256
0.055391410602149284
0.05405847711923182
0.051357015846662926
0.047358117589646725
0.043636460030163776
0.040284677501614435
0.03581885306880231
0.03157145834878063
0.029352636972025194
0.029782413725785543
0.029867000557897757
0.030106998261625793
0.030712558725304775
0.03178486231030031
0.03306652712506038
0.035048400414525734
0.03697825589521958
0.038387575316091806
0.03893197618364745
0.03977342678218873
0.040261117860128696
0.04066112145384343
0.04129461629696236
0.04201765074525485
0.042090498258252444
0.04149924986348723
0.042403026339830896
0.043794487797277154
0.0445690150607831
0.04438104306878585
0.04303725678920306
0.04184547439446823
0.041006977925405995
0.040499720118395074
0.03932801646926589
0.03714082380341821
0.03444258856478296
0.032509463748165865
0.03175227022575845
0.031291403484215774
0.031443351504116285
0.03121676133174118
0.0309960304478761
0.030995795768823525
0.03268876671895443
0.03504164973135042
0.03713052364786911
0.039241385528948146
0.04173245400301628
0.04292022532017858
0.0425515392153024
0.0425767533758336
0.04178087480178363
0.041325420705762485
0.04055390398526796
0.03966462856791592
0.03794384753443013
0.036284742289060146
0.03657310895796778
0.03833778038166283
0.04028407742099732
0.040497750131581405
0.03927005984972821
0.03773478030948174
0.036991371641256376
0.03692634598153578
0.0368476959288257
0.03593433727011866
0.03383260504806147
0.03103080400700165
0.029313785527804528
0.02919429192015048
0.029684797271960207
0.02938346969333528
0.030401347768281413
0.03237706329684391
0.03529920269877851
0.03852507677513721
0.042306123246867375
0.04576443880920971
0.04847732097202637
0.049085291659655896
0.04926801940905866
0.04875446490991857
0.04705772647639586
0.04439404874982002
0.04256639054932484
0.04322567728851137
0.04548418167066421
0.04718378385101986
0.04659172821905776
0.04439619158022191
0.0412062518071597
0.03902964897488415
0.03705282962805571
0.035813564115309095
0.033967310275211646
0.031672513369974016
0.03036369029846557
0.030518569556957933
0.031619930719516125
0.03170701595036037
0.031162773946558513
0.029989460336950033
0.029529084280188925
0.029734494376897083
0.0307251667770797
0.03216248255587721
0.033691212875460806
0.03541907705936477
0.038193146555613344
0.04167764202315759
0.045578967461172265
0.04888626825501206
0.05053950227532142
0.050504018572686514
0.04889524107199468
0.046770883807312445
0.04423458835347588
0.042800781172399556
0.04251423229431554
0.04227606940381514
0.041674763682018084
0.04119759391388294
0.040171896015714345
0.039716294597192746
0.04051781350386018
0.040674682586433475
0.04021709812138413
0.03893080238511884
0.03761617758270936
0.03716719709050157
0.03679802600376188
0.037476323911007185
0.03838335808812798
0.03925525022415473
0.039748020734263055
0.040086555652381825
0.04097419641369646
0.04225321789640707
0.0425803160483441
0.04047161642212481
0.03834403403342077
0.03820928976409382
0.04052907784222244
0.04380673376694776
0.04650570129448086
0.04773888161480935
0.0478917848200224
0.04751087975740541
0.0470296094655054
0.04604163264284635
0.044156933465672794
0.042504434220031764
0.04093775122019977
0.03973923623188633
0.03860254664679791
0.03754405401810999
0.035722096638006344
0.03508311106167388
0.035005688544440326
0.03547142496799292
0.03505265092662286
0.033048663165676624
0.03195600544228081
0.03189689515130712
0.033101634149427926
0.03487162441872592
0.03650499781699608
0.03632820079720957
0.03537300023368112
0.034700097556524846
0.035339033029964204
0.03753256303472779
0.04087804052136747
0.04280609486167586
0.04381613537088134
0.04367039290127084
0.04239831626980832
0.04089809934603632
0.03997418425906654
0.0403688954950716
0.04220523199989896
0.0435647909406931
0.04335983656919698
0.04157427767899865
0.039758893591928156
0.037872894179414286
0.03753757372907282
0.0371244494405286
0.03639115868065795
0.03556400016590327
0.03551352646750615
0.03631488665906458
0.037552299230786686
0.03886740496835587
0.03975453991310523
0.03989086497112315
0.04006427516254931
0.04039719902903795
0.04056684616307247
0.04097246013982285
0.040442207370269705
0.0395228486239981
0.038659437164568614
0.0380094560243856
0.038376741001245385
0.0384408695426979
0.03935923590479205
0.04006554694046668
0.040702276330085004
0.04047652899045656
0.03931129993831841
0.03685632448278346
0.035185342442853505
0.034512958611084936
0.034586827407556
0.03427195475918806
0.033416683081284315
0.032837117426592156
0.033162539872302825
0.03438271167104068
0.03536452437234569
0.03547819907755593
0.03503806989638028
0.03486116883734742
0.036273525733949874
0.039385670210145336
0.0431721601481258
0.04568093258292383
0.04585857371648301
0.045273803912005535
0.04496044661196933
0.045660639279052784
0.04626745060068286
0.04551841741182429
0.043964356800174575
0.042264782339437194
0.04230092363799785
0.04274085087105926
0.04238982176899634
0.04171827058376946
0.04126081782417931
0.04103995231922569
0.04078717023454667
0.03982013644503
0.038103164320443736
0.03755362883298324
0.037653626091662534
0.03838185997843189
0.03835376161977231
0.03716596107024285
0.03554503036728984
0.034620173303323405
0.03443567995096205
0.03498904836402566
0.03526962332503707
0.035021758665039086
0.034683711670576475
0.03640153490726869
0.0400879424379152
0.04305450789423643
0.044264018271916714
0.04311916743714275
0.04095442538893139
0.039163305691230985
0.038345988569484984
0.03940831153488947
0.04151294156542333
0.043126009302879825
0.04326570256334688
0.04115703088187658
0.03820131928913997
0.03668757409856144
0.037228872717088295
0.03779978782848636
0.038017763581347765
0.038002202691756984
0.038593597528175136
0.039386595843383713
0.03899595888368262
0.03746703533240759
0.03573075484828396
0.03399813459439514
0.0335946092431343
0.03450693392296045
0.03612902344171498
0.03810412626714428
0.03936687278215227
0.039118868143856254
0.03841024626823473
0.03713870081593241
0.035864715136981896
0.0342771869298085
0.03372435077295483
0.03423348483652862
0.036018284403026055
0.03820767285794218
0.040403107816552083
0.04181869893477361
0.04241523624889775
0.04101567175938322
0.03811193011658663
0.03499080472498775
0.033215321454443725
0.03365368213561611
0.035361924992633915
0.03682795627335101
0.03742614416022769
0.038379282272439495
0.03937809958397122
0.039893243276973474
0.04038213989747024
0.0416572486029516
0.042315403094821374
0.0419289371931239
0.04122524852398917
0.04120349454745155
0.0417533239383954
0.041482148924971624
0.03948927332143943
0.0374018458730907
0.036189599140664636
0.035930072331264155
0.03649062045381033
0.03794833621121178
0.03970882342189714
0.04021766040617376
0.04059511855790782
0.039534881556194584
0.0378536197888952
0.035356448784003264
0.03402175719340062
0.03524071677846255
0.038020152442994753
0.040542750781326055
0.04181837387506356
0.04180845953113504
0.041020713059125184
0.040017665749416495
0.03919426124606777
0.03902078500881726
0.03953060914043765
0.039403418198972646
0.039233395210285626
0.04037263998190629
0.04351757368249591
0.0477055672436562
0.050772324825754805
0.05151772760176072
0.04963744350691491
0.04651424249354538
0.04339245093579801
0.04132249267684042
0.04005891424222442
0.03864547182280454
0.03725984624209226
0.03593735809447185
0.03577065523299716
0.0352589854800507
0.03460584133338633
0.03360398502611813
0.03254313638950098
0.03214523944869188
0.0325200012118742
0.03418225515863821
0.036075616884880896
0.0363069740515521
0.03512227765141405
0.03306920469210028
0.030912878403475348
0.030167089597074353
0.03249240433897919
0.036532787038823844
0.04070693963226132
0.04243501966319197
0.04296233880854094
0.04293557581231479
0.043094675927773135
0.04398030001214608
0.04582823271645921
0.045639932224644915
0.0435027406132393
0.041167503853582414
0.03960451725545286
0.03995224978952744
0.041548346216323806
0.04167487290171549
0.0403680193085231
0.03852788391414091
0.036408730346370995
0.0347463624228603
0.03240729717168294
0.03095232156155134
0.03159594880913459
0.034725279228431764
0.03811037916730283
0.040115258593299924
0.03992699277128451
0.03904773070367913
0.03849452405579844
0.03912933462033319
0.039976989662184936
0.04049968300413522
0.04158304772097168
0.04364633512163433
0.04599790491030732
0.04715813982014154
0.04668179997858695
0.045290460585059665
0.04279429764028121
0.0401549881249678
0.0383082420932047
0.03829806126958814
0.03972655557136596
0.040857023381795095
0.03932384305175071
0.037185197618368034
0.035565106770549436
0.036160081872558134
0.037268318570806785
0.03694908127088775
0.0345453567841628
0.03172603269602811
0.03076756194564169
0.03229658888893457
0.03588962527834597
0.040325675600725815
0.04295361241085237
0.042778938312447154
0.040123405599765995
0.03859928823889098
0.039232901905992136
0.041184946284463855
0.04325284449563427
0.04507802052072558
0.045761992471492895
0.045321808392299184
0.04473652172533228
0.04432630534889994
0.04372929740287452
0.04233283719137751
0.041801954611030055
0.04075569917832447
0.03929543560468767
0.037705289737204196
0.03585590858639535
0.03514263732697605
0.035739092723841265
0.037164720266426476
0.037511540409199046
0.03639524875131432
0.03454253010428682
0.03363325184983118
0.03357013293529365
0.03498081624009546
0.03730731421961739
0.038898560697178376
0.039391028466165226
0.03930514369900236
0.0403128179716707
0.04279329599395577
0.04437268335466306
0.043242191667395465
0.04064137603480626
0.038816577752621574
0.03942403738991289
0.04186579894172842
0.04560809836482713
0.04689090989266183
0.04515662828314173
0.041725066646585124
0.03878576121663346
0.03767011158240388
0.037875930977683984
0.03883952555219171
0.038097203533001646
0.03589208327847798
0.034981886868056956
0.035152747733275064
0.035950947782036155
0.03561535376800535
0.03479458437607659
0.034710703332342364
0.03534730141434386
0.03545912615241004
0.03449503116532344
0.03318452228077432
0.03198762029608891
0.031087920510527525
0.031388108185740185
0.03259444349256492
0.033760672332723556
0.03475243280217081
0.03549566778711968
0.035958172365278554
0.0377011114849385
0.04039387621056562
0.04287292707098122
0.04483272695054541
0.04609910572937012
0.047223216060403646
0.04674412263667524
0.04353116228403003
0.03917503934529968
0.036942488571278825
0.038260849830390985
0.0410416592994269
0.04283002257445969
0.0420154734266503
0.039710092157719014
0.037774934634271645
0.038291112467449186
0.04112810531370799
0.04294557846291831
0.042429845426592276
0.04040206413527162
0.03767297476293166
0.0347701197263731
0.03267556500390526
0.031905315013652485
0.03233105093098466
0.03285181345701446
0.03304425624379871
0.03350434335380351
0.03468274178326849
0.036622504514040054
0.0381935058563907
0.038393470297340346
0.038153709044656675
0.037823550216419415
0.03812309199362166
0.038550964665029185
0.038756610183648135
0.03904182718274635
0.039441378566693726
0.03940494426771091
0.03843052803185026
0.037950185111817136
0.03847419711950086
0.038383979959999495
0.037487236501342
0.03608642586013239
0.03464018902662739
0.035442515423210655
0.03786173545332364
0.041188226556935534
0.04377525263573389
0.04469422245652444
0.04439078168450108
0.04274357591698788
0.04023542578383664
0.0377094146320775
0.035905169696927336
0.03606514595212074
0.03736252163591315
0.03859289459671521
0.03920938770703738
0.03991031539571637
0.039460127505993335
0.037556009427351496
0.034996381293552245
0.03332178564362912
0.03327767236590155
0.03460969529315658
0.03612558700055615
0.03638160847039396
0.036289110284598525
0.035930205776894604
0.0357712814311298
0.03586688189031895
0.03624531454836972
0.03698902661086645
0.03765565002428586
0.03712750788276764
0.036259254718908306
0.035443518341086055
0.03609850352752913
0.0376188615859134
0.03932236140397404
0.04007230597563553
0.039883618207111705
0.03999044508391148
0.040151809969242565
0.040144210494307955
0.03978321570190397
0.039292914113046036
0.03923893569901539
0.0394480651564361
0.039928610149545914
0.04045196098096245
0.04037833040512729
0.0398152153934362
0.03778950337337316
0.0351562569532053
0.03241610560028868
0.0302596308977325
0.029972243417370825
0.031363093848444476
0.033246047103703824
0.03407770389527458
0.033346909008658596
0.03213416236670582
0.031898773369955835
0.033398738101802
0.036036632679530084
0.03713520122894023
0.03580493550750636
0.03386706198305925
0.03353060408722457
0.03603319064710011
0.04115374150040176
0.045658636243777515
0.04841522660088933
0.04764362111936858
0.04460135392854815
0.04123478083250063
0.0385020033180189
0.038003083547877174
0.03843926999402316
0.03853577035135848
0.037752337606488814
0.03619678653514745
0.03467648452263456
0.03289493217034738
0.03229305143577003
0.03222937116935382
0.03223910893699206
0.03235692297641651
0.03290797700594815
0.03302838849165493
0.03265911437409647
0.03273181672879828
0.03277026553342008
0.03301502064036624
0.03428131987311389
0.03648070124729478
0.03726219583048189
0.037060017835042744
0.0355615588961026
0.03481473518604476
0.03371045226656222
0.032761934600948305
0.03139732019272862
0.030814116879334507
0.03272393025759296
0.035906612610077555
0.03880478281600681
0.04054122183758348
0.03856700022217274
0.0354091741857504
0.032862273598546356
0.03240797849388927
0.032022373271546244
0.03238766665105691
0.032858815664040794
0.032572463896958156
0.03218306097961002
0.032534546252938876
0.03447940813858764
0.03672726090982267
0.03810639870302523
0.03876130326817841
0.0391197755097898
0.038674425648434686
0.037595780426710614
0.03654707468710135
0.03534191227731591
0.03461337676240837
0.03507001937345717
0.0364447782285144
0.03830904888367412
0.038625855613454246
0.037930440699053505
0.0364646389673503
0.03642856883918118
0.03766898432697771
0.040202080336560586
0.04165810753583933
0.04155164431284402
0.039038752298730814
0.03618117000174224
0.03421128230453982
0.033761688229415346
0.03331937818119753
0.03347172304821661
0.034090274470211644
0.03539598908446895
0.03724064969910247
0.038575103363444746
0.03955086256916126
0.03873996589507886
0.036543459794725924
0.035698922963343344
0.03573572677606645
0.036770064126767685
0.037728089548892785
0.03681659937820088
0.03611253488695172
0.037215684305207074
0.03953078476617777
0.04110285064258422
0.040689379358005824
0.038019982224708364
0.034947535712649226
0.03253363144431038
0.032095604547999784
0.032411097655311576
0.03214694977505352
0.02964809418367644
0.02751646874023779
0.02682761258831879
0.02817974265351205
0.030814965676335456
0.03352108273734757
0.03523839742118505
0.03561026196109205
0.03553295650109525
0.0354748906949527
0.035589585669619166
0.035716012410728616
0.0358703752532118
0.03679942987868793
0.03874954166055136
0.04142582551483959
0.04452111254643566
0.0465334364724109
0.045798763672258755
0.04293079743604509
0.03977648654670715
0.03792073282704422
0.03777126710014137
0.038688189174840154
0.03999670721033585
0.04015066525162976
0.03996441527711469
0.03959931836200404
0.03986813047053764
0.04046333405506883
0.04101865551003693
0.0408044502628374
0.04011452469168935
0.03870524297314048
0.03810831348650935
0.037764573042558355
0.0383602392872305
0.038002109488770634
0.03629020704694558
0.03407286280932023
0.03277792888539216
0.03237046879000976
0.03274502276911724
0.032848949923497926
0.032598862555680216
0.032373099201850004
0.03144374676877588
0.029906853705170003
0.029136528069803644
0.031143733698282716
0.035186747285828476
0.03915285547389412
0.041229774240353734
0.041136663791918764
0.039391039496393505
0.03835448115187428
0.03814517756117001
0.038597345690269326
0.038135015408874755
0.03612154067724035
0.033766197991717976
0.031413372972073
0.029250599066751804
0.028846066190058393
0.02985020658190304
0.03134033842218821
0.032103015694885835
0.031280312807387044
0.030385776886466584
0.029103364909381927
0.02900563793751833
0.029214519002588427
0.031161097358943447
0.03365647125372982
0.03688799295225176
0.03832877486719657
0.03822416110924969
0.036747256977514645
0.03647044603269784
0.03661046123455257
0.03693802330690063
0.03647612915972915
0.03673271177399916
0.03931243578150922
0.04332554205034459
0.04651469554291126
0.04634260141510814
0.04394283511086441
0.039789515874613476
0.035768781221686266
0.033580315870402604
0.033018131648212594
0.03284393985207114
0.03246686078234825
0.0322123637806082
0.03288849531738241
0.034637536882200545
0.037476902978033966
0.039847420333718034
0.04112606953516073
0.04240311709802166
0.041537291444102634
0.039497886931656304
0.03686171814705718
0.035722292055001374
0.03593810010525835
0.036106672814377905
0.03544996288409933
0.034534527250931445
0.03451426360918979
0.035346795267705636
0.03702552286647998
0.03755919591661128
0.03695904160765089
0.03565150711867111
0.03454189520675182
0.03523885955956765
0.03699021521391665
0.038350790143438625
0.03854515422417904
0.0369980174906185
0.03543098043256246
0.03441732430445404
0.034156864572405014
0.034380335766582296
0.034097489408826315
0.03269437979964699
0.03251627656734208
0.033266272158078244
0.0347235240203811
0.035318625093460905
0.0345486313728613
0.03307233493928845
0.031828608174002036
0.03213898390838704
0.033145292578120766
0.0339410636833421
0.03498880859713785
0.03619965156300099
0.0383100556595412
0.039876072556740215
0.04098720727705905
0.041676891323645784
0.042654131446419184
0.04297430310606378
0.042441665511093775
0.04098262005070406
0.03955981200048741
0.038264039557096945
0.037117168635121746
0.03722742610706319
0.03761320431910031
0.03828581869255838
0.03862988139736909
0.037687079065904364
0.035823405351051406
0.03411834428221989
0.03364468215392428
0.03482314264977493
0.035854145611366406
0.03665448334064901
0.03593581959027181
0.03462286611268148
0.03487564515503407
0.03642833896679651
0.038337665043745875
0.038124297283721506
0.036503321798059346
0.03382283742547407
0.032614912625923614
0.03200605136373776
0.03217714018726515
0.03237565673982946
0.03274472228866416
0.03255321174328964
0.03163029398376512
0.030822223328086484
0.03016246077217445
0.030481969619866957
0.03147323263117147
0.03264535618039484
0.03345645374111207
0.03533608357949911
0.03754058891017263
0.03869448607329644
0.03852643902118761
0.03800964297340756
0.037731807199202105
0.03955268890294984
0.04146012900073573
0.04319584744756791
0.04449216547396173
0.04507273335332711
0.046420380993627
0.04698623577928503
0.047061391272107525
0.04654986668945805
0.04686013749697276
0.046136782026944656
0.0449530403494823
0.04355622877782914
0.04264486989333827
0.04220497616256657
0.04165851376595428
0.042164510184085964
0.04287657905671092
0.04323578107941335
0.04245787635109529
0.042039202638084194
0.042780368429870715
0.04422704196804933
0.043860256564605245
0.0412520699593046
0.037798486546869424
0.035234559958377015
0.03373932784197568
0.03304165616778929
0.03345689640886769
0.03355616964862807
0.03288184071285611
0.03201500077878837
0.03091626930140147
0.03084514557458108
0.031857187459624854
0.032808911703819055
0.03422049463031797
0.036458399321412344
0.03842115088632439
0.0391967039436282
0.03972438762095844
0.03979643164584453
0.04020345225227445
0.0392806700241518
0.03814066947847991
0.03844978895111701
0.04024856323932105
0.04243150297830794
0.04369961277271958
0.04319493556260755
0.04049103180511199
0.03707607151675677
0.035001052303487386
0.03559745089319171
0.03697617647461408
0.03778888661105446
0.037524172545336396
0.03620510090341395
0.034797505857551675
0.03381374942427233
0.03455867113838612
0.03707960785548882
0.03847201321946329
0.03837103156575342
0.037125280944611816
0.03595209433937405
0.03629861622150786
0.03870093854945205
0.04118745822631064
0.04240813146572235
0.04111796231369192
0.04038461247926185
0.04117892302753352
0.04195828753593115
0.04242327070961362
0.042648376692414246
0.04151893114030919
0.039592896853579335
0.03735546031931769
0.036024056110845054
0.03571885074644686
0.036426966275349956
0.0373172083653093
0.037659791842890956
0.036376466810306575
0.034664371793621716
0.03407421865938179
0.0352985019692989
0.03669512831139087
0.03803785994765698
0.0382453032694068
0.03793969431510398
0.03706806561749735
0.03585375537903086
0.035413019345250145
0.0363736697455738
0.03770628864655482
0.037870751894349554
0.03586724914257911
0.033933662547258686
0.033677624923144564
0.034600710682684666
0.03485473831268779
0.032982325041090645
0.030280493844761166
0.028331878315740678
0.028645292649830578
0.03021312434059268
0.031482266200749114
0.031066280204306827
0.030388158019426414
0.029713729812328407
0.029253259720193058
0.0291662190439478
0.02884087871515104
0.029427696496722534
0.02977341396839789
0.03223044308070092
0.035491545774425655
0.03748603664941453
0.038438408517150656
0.0389663034188995
0.04057329568914251
0.043572816998177964
0.04666924999132971
0.049289391090794756
0.050095156654433204
0.048943565317282674
0.04787116215928375
0.04706214244004227
0.04505718679574369
0.042865347944773556
0.04175725977831755
0.04271726085191289
0.044791422640696556
0.04532483180210295
0.04336143259696721
0.03965198970092863
0.03640232747118215
0.03452091627574028
0.034365327607454255
0.034677838219443625
0.03484207167336117
0.034046494691326985
0.033592132016963885
0.033555135694475775
0.03311308926772038
0.03176717095250329
0.03078722347833237
0.0309495308741225
0.03258375732738222
0.034533484369387066
0.035792568424556956
0.03586775471981645
0.035984633148677475
0.03659543476591979
0.03796334194584729
0.040240550481084825
0.04343494191359207
0.04526310038178289
0.04634017090518516
0.046541655774812
0.045537678722862907
0.04472445938013795
0.04375548177682157
0.04281218346857049
0.04109518155038404
0.03831975272941487
0.03563868462976753
0.03389428577899734
0.03470086341648297
0.03684636971778721
0.03886138502577562
0.04000508966678978
0.0392640732264611
0.03589735225628014
0.03192029380261098
0.02989177707448829
0.02976884645154261
0.03230223408458138
0.03411173076610458
0.035291629287165185
0.03591609473031288
0.03604657472152939
0.03601392974732262
0.035557121559617114
0.03545424630619047
0.03700778004825273
0.03997732541095501
0.04380704247866688
0.04660972718086369
0.04791700793981081
0.047431456787207706
0.046733266474423066
0.047080468883226666
0.04781215410556282
0.047743346455975354
0.04725843954646395
0.045813728000346124
0.04306709431620343
0.04024756783514141
0.038281286539307804
0.03821324981605699
0.03999882042060679
0.04216268069934784
0.04393387872363584
0.045243592637100316
0.04387961549348327
0.040857068139689284
0.03731807713748508
0.033803272819512474
0.03235128396420344
0.03235157885230168
0.034198359117227635
0.03711893200309312
0.04032656270194813
0.04218134181741704
0.04244397043361525
0.041667931432688494
0.03990963822178399
0.037025961764795515
0.034729120216517514
0.03271554060619789
0.031299388808235545
0.031561456926572556
0.03355071493174615
0.037486192638312876
0.04125689256502402
0.04211984328603172
0.040681367720845955
0.03745537531354627
0.03529419129084876
0.03350431184830685
0.03286446461203461
0.032241082426131204
0.03181396315705193
0.03154221370127846
0.03211755107947159
0.03296923469450079
0.034009075480701624
0.03606776333641621
0.03877717007077743
0.04096236130038077
0.04124730080779203
0.03981519116701681
0.037629938510491664
0.03617460758513793
0.03693717014963974
0.04091618109667493
0.0467101333576739
0.051576377176593566
0.053457317348775936
0.05203516093267319
0.049075338198166465
0.045844442508531515
0.04314519537818396
0.04034217953358177
0.03811630225068587
0.035988745453381876
0.033639386241489634
0.032767465275523766
0.03305095020671115
0.03431930100626674
0.03508315890313537
0.034954151780030376
0.033548046958019793
0.0315673264395463
0.02946174963784783
0.029191298345186842
0.030868791498561237
0.03357722660731305
0.03669614975984587
0.03913666818199973
0.04005238462785381
0.04044301385257963
0.041524358681142605
0.0426526099499266
0.043573970812872335
0.042958435568362846
0.04175253311037685
0.041700171128014295
0.042301093915598
0.04338832916114309
0.04325336991960968
0.042137752019421444
0.04123701253937032
0.04119627123950661
0.040768960137195
0.03992794567473165
0.038417605259726366
0.03623702345091039
0.03354074643154225
0.031310953530362215
0.03017148802248771
0.02975271788366317
0.03041280263274947
0.03142001541292123
0.03257454905228749
0.03222669444851363
0.031060827786659376
0.030177493108042717
0.030075875449998568
0.031206721825198083
0.03304762320417312
0.03542452484137015
0.03753886928408547
0.03957201531765807
0.040807459212877865
0.04060285358998622
0.03970215676374732
0.039185199279545724
0.040025272324442904
0.03962363540524288
0.0377500479097099
0.03460060203499697
0.033194677052952655
0.03420344144119281
0.03791121953401938
0.04162039480974183
0.043282216953255626
0.04154502750958435
0.03807684735536851
0.034790230844948505
0.03324608439556148
0.033981223163931096
0.036185257312171426
0.038189783869757334
0.037884263381892734
0.03631549890200465
0.03424853378756293
0.03197608706481238
0.030532053331041614
0.03103291932565665
0.03268714870038368
0.033675332346937134
0.03406336956113024
0.03396446675018064
0.03311074229258361
0.03231718235280272
0.032133099195393554
0.03237051424539961
0.03296820902252832
0.03366251311395545
0.03437694454148404
0.034011329569527536
0.03380415122498264
0.03314231862656228
0.032747728198503044
0.032975525038287344
0.03289029155462509
0.03247890460697634
0.032264936348394654
0.032195089779730096
0.03217171510570547
0.033365272223132764
0.03428629338169947
0.03516827693337728
0.0351503988680005
0.033915740663994866
0.031186545479004145
0.028435809537670952
0.0278645564657452
0.028503718107267425
0.02987823487821372
0.031009689343821516
0.03193605294233843
0.03290452353751496
0.032858895982379184
0.03305614850016074
0.033118844018116024
0.033282548100779276
0.034526200598813166
0.036595927752975044
0.0383228190433788
0.03892585666021539
0.03776577627544772
0.035740540562375155
0.034382187926567956
0.03281837866141052
0.03194509133904196
0.03241763390943562
0.03320656026160454
0.033276252673967464
0.03295773482061234
0.032606541746551504
0.031965731295943586
0.030238192400715166
0.027652545973306446
0.025586239751364023
0.024420734078109286
0.02394251198214717
0.024085362956289404
0.02501449642230216
0.027000660485919564
0.029310399428601853
0.03139544497957857
0.03235060591562659
0.0319685318349512
0.031147864992929705
0.03115073764585287
0.032027259538147404
0.03395044528436856
0.03560879763467545
0.0365534203269369
0.037845777729585243
0.03789442639624184
0.03623305084200233
0.03399063764851646
0.032275942800689246
0.032041684068587296
0.03191673710809019
0.0312377595672685
0.029193870063072558
0.027513452779715442
0.02614036078518289
0.025429017545807668
0.025003769483051205
0.025246182707070252
0.02653957878090335
0.028215752224257346
0.029818476963908744
0.031714213728728895
0.03412583444742084
0.03515494452518247
0.034724384641763695
0.03312122395515672
0.03231587068606831
0.033626644025682634
0.03642978734490345
0.03878828287393737
0.04016691911649723
0.041542244077181656
0.042491572212494104
0.04256526951073276
0.042005306674234584
0.03979749548564421
0.03814879884377427
0.03871144555512246
