0.0
0.006026735926784682
0.01921228846499138
0.0317866376368539
0.0395638798404394
0.04609344789533598
0.056099893069474195
0.06772506606302878
0.07924168248491477
0.09172606206727231
0.1115680725110596
0.13622815542672193
0.15277273863991758
0.15747958073173896
0.149330156897646
0.13510925054180883
0.11889711346494868
0.10431161320980957
0.09135156465019433
0.08047507135268095
0.07181106256688728
0.06585292082498596
0.062447588110406876
0.05998566073515407
0.058208953287697714
0.0560036957124193
0.05454628305997694
0.05539913014482408
0.060734739500799356
0.06999823154198281
0.08268113959709442
0.09770046705180353
0.11199533621073961
0.12241270957821852
0.12985394407908424
0.133685718386337
0.13675211585626298
0.13860138882940595
0.1389257164770001
0.1370630856101872
0.1331491981024145
0.1278647615012411
0.11755177305288779
0.1062425929613483
0.09808591248290187
0.09407635420035072
0.09349264365873254
0.09475886350136882
0.09663768955066426
0.09893448374417352
0.1018513825821257
0.10547304108848421
0.10846992375909112
0.10965015285975513
0.10886885648669646
0.10510436928337279
0.10323999860878376
0.10336795831448808
0.10380377867495993
0.10219838622270369
0.09545021466680942
0.08658299480411677
0.07862130219940933
0.07406351880603405
0.07315038758756197
0.07340835862543799
0.07417288688811548
0.07401773332174069
0.07326335068571616
0.07312619173464255
0.07404791473247631
0.0778973360204881
0.08657165624795313
0.09695805106971277
0.10681761084626852
0.11734270439463296
0.12714132865060498
0.13215897516323244
0.1321284295568921
0.1273421317283869
0.11918083641544006
0.10818595765143554
0.09427615419910491
0.08029713462654019
0.06535792083366676
0.053045022330234295
0.04462358397433454
0.03967649765874585
0.03605827034260606
0.03325284163876155
0.03062725146879084
0.02881091834255798
0.028704225867023248
0.031156703018707575
0.03572370514862559
0.04278732500586393
0.05290400889723999
0.06561119254909234
0.08000466147848664
0.09426454012418618
0.10595392846332255
0.11541608169426035
0.12049054512579271
0.1237926269934883
0.1258441785593492
0.12668679244307993
0.12539289917963115
0.12207913863083301
0.11505936023266676
0.10300081431363492
0.08987046520455921
0.07762900490404503
0.06837341029762277
0.06243949978126067
0.05863726402192789
0.05446658404694987
0.04930876177702362
0.0446900483044763
0.04381836882026009
0.04649954780144003
0.051917245136849394
0.05960880652650888
0.06880993012898519
0.07663602711902275
0.0822202847435385
0.08492532204139261
0.08766989258089893
0.09087675967793458
0.09181340351723068
0.09185077302150552
0.0891633743932668
0.08454928403298703
0.07963821533680225
0.07369069508322014
0.06762863032915674
0.06381098234081857
0.06391211049486172
0.06671468513126921
0.07107427778528812
0.07468566957569585
0.07713823759255599
0.07828016094159744
0.07796957841651136
0.07838957581756895
0.07858251311060126
0.07787744084000091
0.07859377753640125
0.07985807977229539
0.08231955117939284
0.08345373988058195
0.08132717179095861
0.07652966075512635
0.07093306344186785
0.06467763227005967
0.05680516500277588
0.05058302272699258
0.048136007443398854
0.0480600242665515
0.04899578112307387
0.04913954356476677
0.04858689327565413
0.048658273052252086
0.051312141110097624
0.057068234820196656
0.0633032627664765
0.07050884444988208
0.07874919460097195
0.08505983268693688
0.09125975513133389
0.0951684939590019
0.09527237091779678
0.0904866045442344
0.08440474330342286
0.08032152140428414
0.07758941247533861
0.07658873114168843
0.07678630696859645
0.07665298844144267
0.07130099846851749
0.06008053803547061
0.04945835512310049
0.04266903531696272
0.039404646289992726
0.0389475743839842
0.04203146165357838
0.04665865096497984
0.05216462095429122
0.05766211921948088
0.06099759564666857
0.06352555106498062
0.06783558584373939
0.07380703409063391
0.08111221327884897
0.08725170051810874
0.09105219723634596
0.09372795655834719
0.09343969092384802
0.08998809286937491
0.08571761804770642
0.0812980461925249
0.07666628819732343
0.07230699247932473
0.06933222755488255
0.06750649709070587
0.062319931448487235
0.05435730431186462
0.047318078363263634
0.04347550645906607
0.042149717095641206
0.043754507715050295
0.04778522125499441
0.052821769813589325
0.05717644888373954
0.05836858176204708
0.05860008136605822
0.059520425888734844
0.06323224613552055
0.07042012047617723
0.07902704544957737
0.083673765658556
0.08243064249082095
0.07832128948460759
0.07576197934450771
0.0729201447586993
0.06779724807263186
0.06450305239572948
0.06227513781745003
0.06225998640305845
0.06333734027526262
0.06412426569723936
0.06322088478042848
0.06216625069446619
0.061057271663056266
0.06132602697682363
0.06352104541193884
0.06648146001549635
0.0682381053041215
0.06762483680391738
0.0669543636909982
0.06721437769932587
0.06782051005948025
0.068579265625672
0.06835156535189155
0.0678186045722856
0.06686117770734173
0.06476864903535988
0.06139745842809051
0.05662421621574314
0.05088196291179521
0.04886766293606577
0.05098037592021673
0.05343243869047224
0.05448808211848399
0.053656975146856994
0.053015498495606425
0.054269845559404006
0.05963740587366541
0.06619730007235908
0.07514964022920227
0.08409407050812018
0.08939417162770617
0.09120207615586341
0.09124430404337337
0.08741561868696031
0.08121513572802401
0.0732023218513766
0.06556186734094802
0.05934146202102999
0.0548378006401158
0.052750003735164364
0.050734091680486273
0.04660620297203336
0.040650739859989696
0.034729504155332255
0.03127740113625849
0.03154959281983993
0.03551328439642
0.040401235763446945
0.04573984313197677
0.05341402557352338
0.06171376164017512
0.06920921289281862
0.07548684482819794
0.08154625172430989
0.08729818628725192
0.09154579203288445
0.09382093202620391
0.09527110166394832
0.09508855536423681
0.09348610446860811
0.0881337281532815
0.08160513999271132
0.07470392652449055
0.06717318773817273
0.05736086331329431
0.04762357878946726
0.04150625513076743
0.04172811442806505
0.04585332645112997
0.049581337941854105
0.05197639803290689
0.05396412474593157
0.05613781429378151
0.058806182043502124
0.06168484180812708
0.06564612106620789
0.0699212170183515
0.07388896480974248
0.07664452479282283
0.07731928725477538
0.07609204931631453
0.0725247537123881
0.06789107549775607
0.0644613292845088
0.06150053902988936
0.05965016515439082
0.057990323298876705
0.05673850115933146
0.056816818440832036
0.05683762327584877
0.056171556090569584
0.05396406282114543
0.05182237274144721
0.05136619684033342
0.05355389674434589
0.056060742041176365
0.05713414443476391
0.05881709188208848
0.06110001316167066
0.06057812073877525
0.05937857856706852
0.05862628004991388
0.057970525751962425
0.05800501734267096
0.0593380728511527
0.06129489362378039
0.06175893489650128
0.06105190125594835
0.05867821448778667
0.05567403063161642
0.05304487302652897
0.052679847540864355
0.05342180166201574
0.05533019466583775
0.059642615041370514
0.06637892962240032
0.07323241511821635
0.07745458157992763
0.07820422604050453
0.07680397689079205
0.07500228420774864
0.07430428463923447
0.07455145587699967
0.07502605894418277
0.0743104802897038
0.07148920982995045
0.06698722178534822
0.06506014755957062
0.06393144542589807
0.06142319868759346
0.058318805463917746
0.053912538347862915
0.05106436957987439
0.0504654207901444
0.05171044839360176
0.053044905198835236
0.05305092310405211
0.05230285470635203
0.0526120796025599
0.054164422776431784
0.05688193001800454
0.06037393623397533
0.06539273883931383
0.0710927987219791
0.07493168078334356
0.07400215207541692
0.06863668103298996
0.06401120007439805
0.06192719409493139
0.06186339619503729
0.06308235300889509
0.06391469991528319
0.06528058172074712
0.06569213863558833
0.064577904923647
0.06081351281371046
0.0557385761817426
0.05241215283552698
0.050946305391545106
0.05083525242776646
0.05216240763434506
0.053409977649880445
0.05308893630170389
0.05058821878865511
0.04759905173737124
0.0470685964451707
0.050242750374155445
0.05469514922198049
0.056952314398173484
0.05666629591100716
0.056389048665677795
0.0556667310611344
0.05356067541589683
0.05195342647117543
0.054044139148225
0.06004179537576427
0.06638663164564038
0.07084742726719415
0.07070637979817612
0.06785350412130167
0.0653423797067961
0.06516103494436389
0.06748658780639692
0.07072512900426232
0.0701065904821432
0.06695666884362678
0.06254266578669268
0.05928571851534289
0.058902925503631354
0.06082518063676318
0.06232554519409299
0.061265123504317565
0.057633431529961254
0.05384390484212348
0.05156026993824317
0.05066388615912106
0.05199373867001222
0.05474569081504834
0.057668072913350396
0.05881046633328865
0.058289479039488584
0.056506588716843484
0.05593052485346266
0.05708352840150387
0.057600975807528626
0.05568523645425019
0.0522759698093304
0.04992457220654592
0.04920991204897013
0.04960038158138099
0.05101377528113952
0.05231439263887639
0.053729310347318045
0.055592272421953644
0.05649941776865716
0.054546199234654716
0.05164884064688891
0.051053669609045615
0.05171749758056318
0.05340635365192496
0.055202569544175385
0.054751668723415435
0.053848674101281954
0.05313872102626062
0.053115294654191895
0.05233545814249417
0.050171494558366926
0.04563058899547363
0.04163113685364004
0.04046414400007541
0.041122422801860146
0.043480152000169234
0.04683046563034385
0.051893838674795974
0.058031548932368386
0.061506945457605655
0.060192130918393684
0.05805700360481867
0.056939404080796854
0.055940808615476366
0.05479084974009499
0.055347163683782744
0.055533451060156176
0.054977639043968754
0.05330979475532113
0.05224911499541017
0.05218727081701106
0.05112108200891515
0.04874497144262913
0.047482103909091154
0.04564053908054872
0.04335127597529691
0.041798419998095075
0.040322169810425364
0.040421503249536396
0.04025567132195261
0.03928955217995172
0.040520971989949243
0.043373896676754425
0.04529209617459734
0.04507010967359673
0.04522752956784514
0.0461455806550921
0.047732190616146725
0.049102780327630546
0.05162584087215629
0.05520609581222163
0.05915077100649561
0.0627367380248487
0.0635967112667261
0.06261875401365948
0.06158199008074159
0.06140080653265883
0.062176655809761776
0.061729911975150695
0.05978051866272117
0.05666266598259503
0.05458503398467797
0.05355181698130835
0.05286926902464631
0.05093746768947533
0.04806575425157995
0.04509197338461352
0.04383601188479053
0.04382958881600864
0.0437561421548008
0.042132707903482204
0.03997633448246999
0.03898937659804901
0.04050332372731714
0.044376862696524494
0.04645141128689774
0.046902578161021447
0.047509280096322874
0.04948992005958835
0.053244200423707075
0.05591109093913361
0.05559661733254143
0.05481866387322924
0.05601049957761541
0.05865879504777746
0.059824755899615355
0.05740897863540982
0.05239892339463517
0.050134548305846766
0.050177351917027324
0.050887318402855965
0.05166394529655254
0.052371229573655774
0.05228914957007081
0.053205323422272584
0.05410452690168543
0.05587597336612439
0.05708138168853597
0.05829749618554203
0.05864227904264871
0.05915550302375951
0.05963040797480246
0.05808039603367031
0.05530705602133374
0.05387973727009687
0.054187235831161334
0.05598208611993985
0.058529795637140856
0.059224122758840037
0.05944454990463232
0.058737318654061635
0.05878575459515058
0.058587128683126245
0.05727039706980989
0.05440125376828612
0.05292470048119325
0.053603343143580874
0.05580591466979572
0.05693989194687543
0.05676474539950516
0.055137388602734726
0.051453450222612024
0.050485958919654655
0.05263303328113933
0.05500333064303504
0.05575184515912553
0.053546495255958296
0.05201034290389196
0.051266285037957667
0.049617274952229326
0.04623751829141888
0.04327749712852932
0.042219446886894024
0.0445080283534366
0.04606649022856996
0.04615938477527613
0.046892775103856824
0.04972512246671264
0.0530793297463923
0.055997488288591316
0.05970384716757458
0.06185837669996107
0.06259611762496645
0.06334470863068224
0.06447189753143268
0.0650177348515319
0.06469352855489571
0.0648664338497126
0.06706801918579273
0.06857373424100652
0.06715393485935134
0.0625051508030565
0.057697136224092366
0.05469089594217103
0.051630455550720385
0.04666809457509402
0.042695128519718864
0.040805062367086184
0.04157778002220162
0.043689319090070566
0.04405761005681752
0.041901213711303925
0.040210395384306506
0.040928018202329206
0.043382035075401684
0.04500196024390335
0.047181806230827794
0.04926463477446506
0.05156886382087844
0.05402783965164235
0.05585937401217145
0.05753455847965155
0.06031767236065925
0.06429191494436874
0.06624739867092637
0.06484115950583243
0.06115848438269105
0.05723514167515831
0.05413430424910453
0.05240999276722283
0.05257934947982945
0.05498264282353659
0.05808784434396919
0.059112408707626886
0.0579565688068209
0.05680088164506207
0.05407584215666553
0.04873520316179602
0.041618401728992845
0.03675662260984751
0.03781592952477201
0.04378711347572015
0.05071740282456265
0.0557231881868235
0.05764423930059473
0.055458460065178065
0.050454745616786534
0.04714772012696856
0.046385995623472155
0.04836199240435534
0.052134658068223795
0.056062613764897615
0.05994420094983758
0.0646250415424272
0.06891436448759766
0.07239657567074806
0.07305339747521512
0.06909739093409409
0.06528375279342248
0.0647334292341909
0.06460377319166155
0.06218367509022575
0.05885592241474853
0.0564907160608141
0.05401980775477858
0.051614250122383146
0.04986784174115141
0.04799052964005488
0.04484986223993173
0.04424050571631869
0.04540564323341539
0.04654419604500609
0.04727094521780395
0.04897812211142206
0.05179556590731509
0.055777249062452273
0.058845851963031943
0.06084707049687583
0.06139207431250592
0.06201566563094474
0.06365480019465526
0.06591464723067156
0.06988686165080486
0.07515762070175348
0.07965334727593046
0.08087045542763568
0.07958098506038583
0.07670352875697432
0.07344943297855519
0.07180445269898332
0.07059773936301587
0.06937796720050048
0.06777469413158903
0.06601597499992078
0.06341378438803388
0.05960416011647699
0.05667133209837292
0.05448225583035473
0.05085836436559378
0.04889837705338347
0.04994640797005527
0.05200620123625578
0.05436234418991008
0.05615371898579921
0.05712904282501151
0.05672894124384108
0.05574785190189429
0.05653060698925239
0.059110768142813935
0.06140413960282302
0.060927694966215425
0.057941067874296814
0.055520105971403375
0.056938294199441415
0.06067911743853536
0.06363726973424946
0.06545618614291758
0.06526083919561762
0.06256563747794762
0.05919077780131573
0.05434717918359901
0.050028111112454775
0.04833769013253435
0.048890236312131
0.04920310852833318
0.049180231776606104
0.0478052001787604
0.04375490447663318
0.038993095769285405
0.03719646934637551
0.03867903792361474
0.04115143202656889
0.04308108933608579
0.04531320010269778
0.04704958500320844
0.049549222552234706
0.05318560169503171
0.05759301498578983
0.06154919816790636
0.063751810431581
0.06256003471910757
0.06025341487392597
0.0608143379919804
0.06352241815929618
0.06700324119170432
0.06821959749338338
0.06631992783689186
0.060809153756478725
0.05554681556300546
0.053329406232445545
0.05263133195721122
0.049829363777855996
0.0453989355912436
0.03996817021237081
0.03648049623823014
0.03572068286950892
0.03655904970801215
0.03830178226479087
0.04044953761970236
0.04212806108358873
0.04363369583463565
0.045394620506741756
0.04617931958708963
0.045412369188863475
0.04644243506413585
0.0523805283790555
0.06162727187874414
0.06940506620127936
0.07318056983388252
0.07614860035204352
0.07867750708619176
0.07951840277562036
0.07931034227599279
0.07947356189852166
0.07762831366125088
0.07396879948312059
0.07107427950444262
0.0688291304973066
0.06855556671411481
0.06776661930263597
0.06421687350341036
0.057751103693032886
0.05249538224599522
0.04976368311678479
0.04874922690882368
0.04946833377042619
0.05030124526107847
0.04997505400172696
0.04861613943504932
0.04698258410602521
0.04449084009631007
0.041661118869180724
0.0388315730122437
0.03903695990984883
0.04338108612853319
0.05172119273445138
0.06045012604882798
0.06584349306104552
0.06751359380074508
0.06773188608060883
0.06899890356659065
0.07024669337929201
0.0710846393554831
0.07237600729611461
0.07468823093412363
0.07714253376200822
0.07692069974554658
0.07417618660855566
0.06981245192369362
0.06730884222962018
0.06419062684207094
0.059809347330510666
0.05610701352732956
0.05377210253436577
0.05424970784061893
0.054809392035160026
0.054424378841489575
0.05249771542203095
0.04927485076639572
0.04546492811131993
0.04364084485695194
0.04609053926082354
0.051124852726277766
0.05610020407590855
0.058567925792404205
0.0596863536625329
0.061094418381080914
0.06090727236692374
0.05960559470483237
0.06012363300875113
0.06399892090128978
0.06964875441778938
0.07308208793565674
0.07199685470104118
0.06862967427141116
0.0661518134362347
0.06341919855255886
0.06067414069682177
0.05783376261933287
0.05499861028967539
0.05483190456658634
0.0572035986700992
0.06010816907576638
0.0633688102376556
0.06515532907333423
0.06402769919764285
0.060003322174670755
0.05575438426015815
0.051716234450969734
0.048773142395663056
0.04704447427452193
0.04755115984858841
0.049827780857409756
0.050652724741673295
0.049305028371379366
0.04952487431791698
0.05295773600219005
0.0568160178243974
0.059373794325514005
0.05926483768192039
0.05811749857718671
0.058894166294504155
0.06179349863323188
0.06497492156594736
0.0672393692571218
0.06973908269184387
0.07388868915309128
0.07662019629801946
0.07630386642677166
0.07299385425051212
0.07029168921555169
0.06966133230734203
0.0682479242184777
0.06515256703132924
0.06187235426168302
0.06024813846155838
0.05846219030337196
0.05689238559423456
0.05538615853074682
0.053776645576771136
0.0531273889951928
0.0546595281678832
0.05675618003605519
0.058803915966898886
0.06032236627417349
0.06255463824421147
0.06685760890771092
0.06935380699568347
0.06948888053073392
0.07060916136614444
0.0726925558465602
0.07313052340077465
0.07115910866724354
0.06940400184499906
0.06850378902847379
0.06674726142826495
0.06314945544936763
0.05830230559005533
0.0530080950358942
0.048797769364091054
0.04717255169178595
0.0480879403460298
0.05129698438674589
0.05369872336592205
0.052439690813937144
0.049340564987940524
0.047679246401169946
0.04941810139183637
0.053249769105047376
0.0564848310163478
0.05623937457630316
0.05452727959358558
0.051524719144131516
0.04951275681579135
0.04938075465872072
0.051607218021040034
0.05543240099268145
0.059708325438544894
0.06438081676551874
0.0700351265056158
0.07367769948192354
0.07433182625249365
0.07155119121644787
0.06829400422936378
0.06801089784764096
0.07194340573748544
0.07650115617375812
0.07991165534027106
0.07908700127298408
0.0749259019678234
0.06901952759619527
0.06153984901344507
0.05470462802183395
0.0505139971535226
0.048806057124668026
0.04948014783467388
0.05111776927541416
0.05057174801359603
0.048382181667360954
0.04584580731857358
0.043314466491843645
0.04122448867879363
0.03978098037041154
0.04010371713586111
0.04303449731198404
0.047090151828120284
0.05174232891120901
0.05489802258011092
0.05666570042124956
0.057005727628823104
0.05788979061283655
0.06141168987513479
0.06331557219078016
0.06310488834668601
0.06008477158097714
0.05669135373995673
0.05583013007014241
0.055853333426628654
0.055068603539922434
0.05395298956018774
0.05209744746852578
0.048586726911276704
0.04611064406737663
0.047167694832853505
0.05021336353700075
0.0526306451796764
0.05193858384432744
0.05178284558708533
0.053162609457907885
0.05371551888823347
0.0523634427123722
0.05161054772210439
0.05231643177478138
0.054865667628981984
0.05862771952107745
0.061796478087400304
0.06061709979524571
0.055648193324454046
0.05108592590188874
0.047350750395804206
0.04670371152686521
0.04779355561197755
0.04879192731941969
0.04822458520294037
0.049145109419079284
0.05128911644146082
0.05344560503754687
0.05375502312383353
0.052799378075630246
0.052495288684416073
0.05305868701113118
0.0546924645837685
0.055317955101889645
0.054770938898285104
0.05569548813001859
0.05693726404476639
0.05678131346932329
0.05592293872485138
0.0543470677010288
0.053079011316722394
0.05191097512702704
0.05169172542380341
0.05118488101923529
0.04893180328543164
0.04759255055285653
0.046172495766118364
0.044677693598555175
0.04500386573322993
0.046579705788578514
0.0497197621303214
0.051921126425451984
0.051934848043366656
0.05102392816157641
0.05161690238126493
0.0528382521680575
0.05293064326196702
0.05257307814422726
0.05274364407866052
0.053482156228777
0.052050555044210224
0.04674458589657645
0.04084799505848246
0.03796732339449498
0.039489456908462485
0.04289569467598338
0.04603398055052255
0.0474482760267282
0.0481267388268493
0.04855041285767461
0.04896588410640389
0.050286418880645584
0.052279167839648324
0.05540220677530898
0.05774107460876585
0.0594772832216866
0.05904918910054187
0.0581264739239922
0.05648871678325025
0.05476704456580474
0.05438027505829455
0.0558799114784698
0.059201655386306125
0.06256264301902113
0.06315652739061034
0.06217032883955078
0.061463245970816205
0.06053716553717865
0.05843924923532437
0.059038750147704745
0.06229543662030765
0.06738035299359996
0.07085382951390722
0.07244183887954596
0.07185286363386822
0.0689967893038568
0.06597410361184612
0.06421844570405932
0.06313115752348743
0.06291197171326003
0.062076421233643764
0.05960616536966313
0.05748944680420733
0.055037912051372824
0.0520119470256063
0.04881148333918234
0.04562470498712921
0.044364063114018325
0.04540586329954537
0.04795181360495395
0.05047017783927757
0.05360707028310171
0.05545898619030586
0.05642544029390256
0.05828918275587904
0.05954407137480552
0.05972983407739959
0.05962985217573986
0.06045474641597292
0.061486639104198534
0.0627388017756226
0.06188350402856133
0.05974489011889879
0.05583834124919613
0.05047677489642952
0.04683187672394986
0.04613407522535225
0.04622178241119024
0.04575760075803971
0.044840154457651896
0.04443299065436394
0.044364963307053105
0.04408163644840238
0.0456552761465719
0.04889241236716354
0.04966409631710744
0.048484853165358645
0.04849627274888322
0.0509856820283396
0.05220061632676299
0.05339685476485367
0.05560074943635291
0.05831431894283331
0.060130458922216606
0.060900259178427237
0.06112016186776364
0.059632818445142705
0.054777703867816094
0.04834343058430261
0.044171164194535595
0.04350871227151659
0.04429980078882654
0.04524147867020008
0.04571990441935127
0.04518772485225526
0.044893482795315326
0.045143565744206075
0.04468230486406871
0.045084235274473194
0.04662795469462435
0.049682978673690856
0.05143992382729984
0.0529717378270178
0.05652191099976403
0.0583562945448121
0.05976981479022786
0.06061025971275654
0.058382800123954345
0.05468167323736887
0.05036384905125705
0.048449076368746034
0.04903067495755846
0.05147282691332427
0.05526126098082515
0.058420462049470476
0.059165525919275624
0.05794111494739417
0.058199721745640184
0.06005832699074137
0.06352572093341281
0.06604037886442901
0.06500247261325658
0.06364718229611513
0.06548344235524829
0.0685033365144834
0.0685172685706328
0.06473500546765074
0.058628311092510974
0.053548022632120565
0.04850921354774153
0.04458970929554496
0.04327019387907166
0.04415693017985913
0.04535498777642569
0.046360923621659125
0.047042386834464
0.047902842690208954
0.05018149733741934
0.05220072906329707
0.0517326953629746
0.04979661488173082
0.047634253080137
0.045509584535527434
0.046395320915963024
0.05209712089061541
0.05924673031810216
0.06681229415994529
0.07151702853023703
0.07322653130867365
0.07272013035994902
0.06909147280987649
0.06356508381973362
0.05822415631545972
0.05522950290743859
0.05521993178600616
0.055720010522564735
0.05417602263533528
0.051414714847082654
0.04803733748364778
0.04419890041886469
0.040588534101261925
0.03800843399081173
0.03773614883471113
0.04077544639307654
0.04545160992582303
0.048336436968997705
0.04921495987973269
0.05079096814640375
0.05292613752780173
0.05530097410025563
0.05792866586523652
0.059390084589178584
0.06022718487170576
0.059172483395156725
0.05705485081647595
0.05286530791598783
0.048590940681149164
0.045075986301046464
0.04552130331837515
0.04905642124827142
0.051335609062817915
0.051265094874974805
0.050051674721677125
0.048542909555772965
0.046650023014656615
0.04415826533252123
0.04249686062751843
0.043733939258096655
0.04675647447383574
0.04897540719455676
0.047417089724869105
0.046215324311348956
0.04839918944095216
0.05281145099430501
0.05462260547851376
0.05387695622087043
0.053386912371765564
0.05459504597607181
0.0549668071306561
0.053638069023336024
0.05156398138322377
0.05182480991749195
0.05267565792566414
0.0526343681195217
0.05234037820115401
0.05106645109272441
0.05182432893689304
0.054901591039837
0.05924549835133094
0.06241641916400541
0.06128413719460758
0.056599464492626886
0.05268776311952725
0.05099777399692087
0.05065274294300876
0.05014213919409751
0.050499591364427256
0.049541603944190125
0.04868508646979113
0.04867096496371663
0.04773904098501868
0.04749150818638387
0.047890700371101165
0.047506662046227464
0.045908055105864015
0.04428328281995359
0.04541866658064164
0.049796690208764746
0.05410193248019994
0.056912041653309826
0.059686800130605996
0.0612708801179613
0.06078026675855849
0.058967837888374695
0.05654300279847991
0.05391740986467891
0.05268155039041431
0.05402831499914944
0.055690303862975854
0.056535137159934884
0.05765108202447277
0.05784614628676252
0.055867708233018475
0.051831495712657744
0.04896493040455115
0.049577195768155044
0.050989648506412584
0.04933086153810536
0.04674166106738661
0.045586929168578386
0.04708979827571903
0.04942072630529963
0.05076892659435165
0.052423551008143804
0.05517682753697695
0.0571821719929614
0.05792864540097648
0.05698213275038148
0.055354557850169246
0.052991404313029365
0.051504555138745925
0.05297444625928343
0.0556413517299858
0.05656013670563022
0.055524441359508
0.053581366676959084
0.05117540187209638
0.049912879160506664
0.04997173153502425
0.049794204179681965
0.04877963363681202
0.047772983560195
0.047545557879701314
0.047355656934382186
0.04841843224063782
0.050109640205141616
0.051405008619040446
0.053156681714524104
0.05434151206752888
0.0533680219487322
0.05208814342918505
0.0516505190422959
0.05355019933937268
0.05492883912447329
0.05244510782130292
0.04853448315655052
0.04858169885650948
0.0528946599256427
0.05692941710831627
0.05766873804158698
0.054994112906199315
0.052679863745773096
0.05221050615386683
0.05199180764915494
0.050956773230533194
0.04933868463761712
0.04621747511993409
0.043249809298476306
0.042410349909798285
0.04337706262763997
0.04488147400933634
0.04509735866339233
0.044908501197683
0.04657518375962315
0.05059001221422423
0.053454971045004664
0.05294536481376924
0.05139944480868676
0.05248659610012487
0.056083205347965195
0.05947134441765735
0.06163579475332351
0.0649450237800337
0.06974246588291867
0.07342781685168352
0.07394719447887242
0.0725345287762072
0.06897130891723495
0.06464747769244529
0.06173402924533618
0.059398924558499364
0.05640541160106332
0.05350898879431946
0.05209774586446517
0.051867291308497675
0.052108046348671645
0.05108338641793595
0.05004375024369499
0.049031714823866916
0.048572663523042146
0.04753686874298817
0.04709030897479702
0.046497795385256745
0.04677576787076831
0.04872722151731172
0.05063111195380449
0.05053877871342522
0.04935501966611705
0.048408561693034
0.04934529419009784
0.05184981461823491
0.055972084480700665
0.0598627887839471
0.0629103260788999
0.06501192896380659
0.06673275034490606
0.0691819046148211
0.06928986513843982
0.06682247081707557
0.06279680595879868
0.0586679340507958
0.0555873605461833
0.05346421733304523
0.0519685847668485
0.05009022947499505
0.04839704247326152
0.046742847790440606
0.04552721222952328
0.042425474353804345
0.0395825509123654
0.03703522323765673
0.03466985883391686
0.033433837535959916
0.03603638147975035
0.04311098914781111
0.05066274734579511
0.05508839209727602
0.055163923285702375
0.05375662290069655
0.055869626218864585
0.0591279273531256
0.06101268445527186
0.06050164311607
0.06235419947377165
0.0672812856943296
0.07255487861548075
0.07392863675967608
0.07203937678265478
0.06818433400968067
0.0627841586522419
0.05869936119725574
0.05614708325535831
0.05323731538026497
0.05025467168349922
0.049325641827263775
0.05006144190780279
0.05245720976871385
0.0551920995154851
0.05645058444341448
0.054116393817955785
0.049742368137995166
0.046645843048552064
0.04634323609030006
0.04786472699366464
0.05038365618582791
0.05248864626747516
0.05446810246491773
0.05509303944141061
0.056679708491289664
0.05680653311307468
0.054611834161290285
0.05239906595464091
0.05162354755708261
0.052702910770905546
0.05410108978780468
0.05600068309559409
0.059437394862111276
0.06553479135665569
0.07051727055073122
0.07162018952496059
0.06861215935243244
0.06434944402154921
0.06125655502101506
0.05944432908088415
0.057831355961866775
0.05689046914554529
0.05823576425925272
0.06178362456340472
0.06399746116802028
0.06100166632262437
0.05345009767227025
0.04757489714829461
0.04649982515886133
0.04812604528630555
0.04980099017552286
0.052666416340533435
0.054737088885226916
0.05552879168470442
0.055464656156103076
0.055517776698942416
0.05543282622470499
0.05662047948160483
0.05753126246542595
0.05966845638981674
0.06264946236028818
0.0645892490781708
0.06566182139119338
0.06708932829502562
0.06841608054612881
0.06862948170515697
0.067332970174807
0.06437570646923166
0.06046776545546783
0.05566020533783069
0.05219223502897847
0.05112677622662658
0.04928971056148132
0.047450563533015515
0.04607326949548186
0.044380866503544655
0.04204943321973437
0.040787178466567056
0.04289902609401778
0.04838759163672529
0.05633385871237012
0.06380975237389029
0.06822386598354752
0.06893961753153359
0.06972834564325951
0.06816375358688014
0.06345278073947398
0.0575894753783356
0.05341965328613269
0.0542581246109373
0.058133654909656565
0.059831748129705334
0.05763044975538228
0.053756554025581126
0.05076607896627471
0.048324657243566965
0.04894574355236098
0.05257827404380898
0.05640710460552168
0.058255031979349205
0.06003162584110047
0.06216598913551381
0.0658630332557452
0.06709038959231392
0.06437613465011494
0.0578606330516362
0.052486308120588715
0.050697764073755695
0.05295396724770525
0.05506828468277954
0.05617550615920576
0.056118227232586367
0.05544656912053273
0.055881328944383274
0.05575522783507134
0.055351708724313754
0.05596303806652456
0.05721196762080574
0.05866792949782752
0.05887601512807839
0.05869979989175905
0.059350072530963166
0.06147390106663067
0.06332604579969894
0.061459040201536606
0.0574529818305325
0.05642578699704649
0.05749981940544023
0.0574740706371215
0.05482315762248766
0.05136723541970147
0.04819449588366756
0.04671263628078
0.046176784849294585
0.046052301053969895
0.04550472515082231
0.046086778150377206
0.047189163524706756
0.04912246976406267
0.05300705094886954
0.05695495019604231
0.06079466823614839
0.06376448133777267
0.0672309917909792
0.06930255705144353
0.06888958590002887
0.06890529785409936
0.07097859493805933
0.07327001208399367
0.07171234720790386
0.0666832233907674
0.06161910167749591
0.058052905119703964
0.05498316270883575
0.053076591719327944
0.051350269484040534
0.04933089865918277
0.04723820527459853
0.047694948378802206
0.05014568422521093
0.052420671856689645
0.051561867362247146
0.04894637877786018
0.04929698988137366
0.0531545972509522
0.057968085566892334
0.06113487200659276
0.06058390459789047
0.05700092173763238
0.05279459357112664
0.051826035491517944
0.05375068404936426
0.05474601812126742
0.05253936078645698
0.04999363400708934
0.05120499260756509
0.05316859309972612
0.05438209600814043
0.05403501341735755
0.0507516731698302
0.048323402830976275
0.04680565637628781
0.04518896074501125
0.04500671128798888
0.047384707895561005
0.05079664933266033
0.05258103097177815
0.053131399453833515
0.053727433254143676
0.0531088119145047
0.050964113326450046
0.0499615103482837
0.051353116002263936
0.05560171508085006
0.05919911569968793
0.059675420907035315
0.056626142863768936
0.05266751550675316
0.04957481798884869
0.0475674659454781
0.04736550515106759
0.046823192408414115
0.0460880721081973
0.0463668420639585
0.04739981030951202
0.04927336528400305
0.050763834947986114
0.05214712502392178
0.05382082088259913
0.054292532028873
0.05257694296089599
0.04862390862715372
0.04568003018782944
0.043730600474390695
0.041387915575484796
0.03862565311705415
0.03875466839876216
0.041110884460374086
0.04215732313331194
0.04138162146643001
0.0390531628421024
0.0385576748444713
0.038895205191440636
0.039423844099542714
0.04128796875300533
0.04423734096021718
0.04653490258016773
0.04839009806711354
0.048035554949098426
0.04635016548804162
0.044881365580455114
0.045597813676268154
0.05006832090987115
0.054283652716663224
0.05567220410501292
0.05369784678959516
0.05102773195577296
0.04916923523396239
0.048974749033528275
0.04904135172702059
0.049724604708841325
0.05007764660667241
0.04926508068155715
0.04752127856139854
0.0460788342269904
0.04553880705674317
0.0455951086116779
0.04431628442090395
0.042244508226140766
0.04135799805958171
0.04324414968841716
0.04626936587534185
0.04838521538097721
0.0500701345522364
0.05026381174139862
0.04778304970768029
0.04453665829976243
0.04334888994727363
0.04310079933596522
0.04328225335412243
0.04311537593214501
0.042526384039549864
0.04227340017072927
0.04174181628528975
0.04183561461433938
0.041127306228000114
0.0401568083821931
0.03949655971313477
0.0398146852461394
0.040996024888873224
0.042894827573619454
0.044340744459163424
0.042941688668157806
0.04163724890770938
0.04304184693812815
0.04621460871061764
0.04847478829484253
0.047836848415067613
0.04677458547587002
0.04654569870334276
0.04597956289573362
0.04546908688964754
0.04494304865236877
0.04448206728440533
0.04433677427042322
0.04559517850795156
0.04650007256819636
0.0459591030364383
0.04520889256017292
0.045673720839913
0.04550170916222416
0.04500179422429283
0.04540105903189706
0.04624729721480533
0.04620980637814398
0.04527759393333076
0.043665323780335476
0.044379345844801556
0.04817137857494398
0.053430028427342686
0.05747643369962954
0.05771705668841562
0.05516221459354844
0.0518866203138259
0.049572510499344795
0.04755749491515148
0.047228393426330915
0.04873776247829555
0.0510005005835891
0.053279966111659215
0.054136516323119416
0.052790888114810294
0.05176983325556698
0.052189122443796004
0.05198817739922809
0.05009354330859294
0.04774460571568854
0.0471170031876373
0.04870321735691405
0.05052057668986785
0.05198907348099763
0.05173494002622625
0.050586872243062644
0.04968755732077574
0.05042327215855632
0.051627270576459855
0.050596889611114096
0.04717963943529749
0.04438918047607834
0.044309749415892975
0.04607536331548566
0.04717855303743797
0.04783628347089273
0.047555163867183135
0.04702388184228938
0.04850371122931598
0.050868968248631304
0.05260152083449351
0.053935317293450386
0.055135309138670006
0.054218621693057266
0.051243460330962096
0.049023903636823046
0.04774021779939667
0.0478387118804789
0.04999298359700267
0.051579078605688174
0.052141102471132225
0.051287116043760586
0.048517198217529055
0.046123552848323354
0.04459966586641701
0.04452851953330295
0.04633761527859171
0.04723834159101794
0.046781324383872704
0.045100970017999405
0.044856085908110445
0.04471816669795355
0.04438376875226452
0.044047171137580485
0.045515336993822576
0.048905862633727454
0.05136434935190469
0.05237910135179027
0.05299787823642603
0.053141081511659104
0.05277432607233705
0.05199565375698382
0.05202919146229691
0.052852008571977936
0.0535627962135565
0.05350314585134707
0.05266845401868115
0.051078488623526624
0.04913048698839446
0.04864895242828961
0.04775004752900264
0.046530200408851044
0.04660450162397092
0.04737302774852558
0.0488957596313271
0.05050486707114968
0.050628532628790156
0.05006744739329721
0.04927519460528601
0.04940209205917314
0.049469794199675954
0.050125763143619335
0.051615861137036124
0.05445002736311483
0.056705456539664655
0.057501830846413
0.056365609636872246
0.05388632100869355
0.051579333485777756
0.05079244533491034
0.05205738249324155
0.056400467291921184
0.06077978172436559
0.06343455060942241
0.06349657059043379
0.06055818454444619
0.05531152438008544
0.050402954000490795
0.048229565971727034
0.049386286148745254
0.05164287325088321
0.053535467782287134
0.055906409726642535
0.058632743129575095
0.0583347301329886
0.054949364574757
0.05141147730129232
0.050153296579776636
0.051617665710562075
0.052478836090271916
0.05202550993168321
0.05239815452988931
0.05285820487821645
0.05301420257963467
0.0532326277365591
0.053033610346117366
0.05212697753439961
0.05142794696916338
0.050926382986559646
0.05061893107791853
0.05113984604542976
0.05188928957971676
0.05386707887394615
0.05810774655280283
0.06453911542640857
0.06857517824788092
0.06742613899007709
0.06264848240558143
0.05760697483034846
0.0551397000152391
0.05710193214238596
0.05928055893645632
0.05894341545542314
0.05752220051049074
0.05418301774893894
0.053542846445733254
0.055808442059293265
0.05775673877946048
0.057219840838087635
0.055093846794366824
0.053074278640033154
0.05226127429845217
0.05250064458157157
0.05221776178483555
0.04911702943378928
0.046682817430814955
0.047856738011907506
0.050717563367941323
0.053334295756793076
0.053514720198125636
0.05307624332377973
0.05351495710934977
0.05439963601256548
0.056371103971929896
0.0591323076785845
0.060802436390220496
0.061999084789170635
0.062382999159310844
0.06168227235785798
0.0582889019399285
0.05259619919118842
0.04743479733510775
0.04361591374806136
0.043467663040015064
0.04781202141517405
0.052945847800076
0.055026672814066986
0.05335470683094355
0.052216255730052535
0.053193672809115466
0.0538215174468642
0.05375602219254853
0.05303802500762551
0.05343766175342408
0.05556716505797225
0.055733746042238706
0.05322991510094363
0.05099746400625955
0.05005136405083226
0.04843371093367898
0.04849678045309744
0.04831789504617954
0.046651100262960245
0.044497179991960185
0.04532596684014329
0.04773394347803068
0.05169686053333998
0.05436579351952669
0.05441156215122298
0.052657593872509026
0.0504011641519807
0.04868434826982693
0.04880256337609144
0.04948929938893636
0.05134071123332728
0.05573615336784821
0.060549097073239015
0.06332378590161779
0.0643518121145164
0.06298005690508432
0.05989855791072305
0.056406296785790185
0.05375680872684424
0.05171435319697089
0.050327978304584076
0.048912164063737044
0.04578384427626644
0.044297269129977015
0.044511397183514975
0.04561936418471019
0.04780652538555573
0.05021001817456977
0.0526517228073418
0.05421242705442133
0.05386699650996363
0.050958717802694335
0.04703938258738631
0.04573288807967569
0.04966276781961365
0.05547192927916584
0.05903305172462762
0.059490391682041496
0.05829991943942737
0.05661326601148586
0.054027820140720696
0.050066132522728235
0.044104336738133264
0.03996612357246343
0.04059202500175031
0.046097978990425705
0.05194536828841371
0.05443746451384138
0.05310504848037197
0.05155732594781748
0.0503733644597792
0.04856015699690166
0.046082482101508886
0.04482666619125687
0.0460577201675948
0.04885422661435332
0.05000150685005031
0.04886246540404678
0.04691467738019216
0.047850542839609246
0.05218075956351885
0.05656840823951505
0.0579118896543466
0.056770837019718086
0.055020953081033906
0.05473640182094039
0.05445802331538241
0.053340967095238674
0.05359283024737891
0.054373877361625376
0.05340902453411149
0.05257480994607265
0.05158267261845292
0.050366983237262165
0.05053804957622849
0.05284432523082871
0.056078436926465504
0.05777275910443206
0.05806204500241022
0.05725012560681005
0.05656940069276285
0.057160532328548
0.05796848596979503
0.058821179947041974
0.05869863414485095
0.05775962463851524
0.05674907790789887
0.05581901928241913
0.054429554992229644
0.05324898629348721
0.052870151289587504
0.052039011396062054
0.0499229036276109
0.047643134936509846
0.049341094688581145
0.05537517611927776
0.060793858889946185
0.06240678803914823
0.06158573671582126
0.06077141747255533
0.06039853035942666
0.06127313702656838
0.06061258164818978
0.05714049722666632
0.05282042302496314
0.050771442334105604
0.05208108106912441
0.052663158227135236
0.051374438938789534
0.05042842919761195
0.05270930063088222
0.05651145211149996
0.057695184591771795
0.056750771108651836
0.05479030071355543
0.05302031646112814
0.05123936430352196
0.052304311474617275
0.0557850321893732
0.05953383101299553
0.06237573781746578
0.06305403201451663
0.061871435607691885
0.059328166265505675
0.05712457362114688
0.05505686994808342
0.05404138833395686
0.05386017120665688
0.0538175743988361
0.05361630214194513
0.05331144494889224
0.052668858170183686
0.051004404367446764
0.04717280647471238
0.04168183282619458
0.03704830320050886
0.034996383156428605
0.03492463223377266
0.03676392722145578
0.03887954460177278
0.04164071377724742
0.04369449533050376
0.04570426145285721
0.04860224089477255
0.05033555427337731
0.051298798123219386
0.052796515535230376
0.05578158042255424
0.05956323141744822
0.060452665185143674
0.057135710817463076
0.052543458459637836
0.05131167906455173
0.051242201984283524
0.051360721573235506
0.05057353141228197
0.049896867427518206
0.05011075192548375
0.05144466019444061
0.05399280059956621
0.05696340180442672
0.05877364065231857
0.05867122059248066
0.05673048669964084
0.05314301459632492
0.05106188696565813
0.05121476113828791
0.05405182575724344
0.05787105436212081
0.06021121732968493
0.059274631169721155
0.05666127239988504
0.0540403000801817
0.05248412818091845
0.052785496703591485
0.05328728763842766
0.05276197226411327
0.051717198547308905
0.05029190278626782
0.0494020679674208
0.04778930075141504
0.04543994314091543
0.044764266529147535
0.047133479558467604
0.05091760516588797
0.05368824110022384
0.05410483989205343
0.05322584124351714
0.05200771048391669
0.05171116088073144
0.05300982697864202
0.053762663945616865
0.05324392713386641
0.0513668782551257
0.047151555434315755
0.04513496191458224
0.044396458336414715
0.04332093091751951
0.04092094525411928
0.038704987152839355
0.03900043405273637
0.04334569065636659
0.04897523342129481
0.05218384217426602
0.053722757106202695
0.055476051338423024
0.06004649981723368
0.06519949535451905
0.06621963553640046
0.06289254827626285
0.059042502345240874
0.05740373370360326
0.05705598585427361
0.057091161409359735
0.057531632207227686
0.058512201211336816
0.057689292890318204
0.05306037251431772
0.04772481262785774
0.04319294196636231
0.04079198433748139
0.038865820815113965
0.0374284043577711
0.036807697269848845
0.03741237916003933
0.03831694509159921
0.03807209963800108
0.038241059129244
0.039642420043393405
0.04150778704065985
0.04343003505818905
0.046315543924559624
0.049251132623710364
0.05239205782496039
0.05841775848918032
0.06498456866236142
0.07005605613312882
0.07139298535807656
0.07000227139517175
0.06691647210660501
0.06333470195616639
0.061096914704191825
0.0597250923392178
0.05639062435900729
0.05347995518780153
0.05229449632246305
0.051053173734730554
0.05198181549653916
0.05452017810116181
0.05683178503440621
0.05736474529725737
0.056503052299711407
0.05549964973601168
0.054268966656390354
0.05448354632643301
0.055749385446390735
0.05610972242611414
0.057825803596065636
0.05744028978086652
0.0549399209410694
0.05398754613615144
0.055383020637900744
0.05765311921612302
0.056304840947350554
0.05221912812269346
0.04869418657673313
0.04815751632933615
0.05063425672936789
0.05314878798612588
0.056709337914970424
0.06056586176378772
0.06306119412877102
0.06248603524785839
0.05893343567275306
0.055397296033019246
0.05380404187487247
0.05468894585223736
0.05514710310220891
0.054229011393088875
0.05264113390968306
0.050872253194346906
0.049286455826142
0.048085872407733786
0.04647591528163408
0.045538991276968095
0.04642733377420104
0.04878449393058122
0.0504612617879332
0.0506794926779021
0.05075020601802076
0.049685632072456624
0.0498132805064186
0.051309724168843635
0.05419538817402783
0.056299902669479165
0.0562862799280999
0.057348069160634424
0.06098647183988611
0.06571327956334047
0.06877992622477658
0.06803173399753273
0.06378095526362226
0.05759066261986056
0.05224997170025503
0.048997773881890534
0.04710021486559003
0.04510634939066279
0.043278107161081346
0.04357760249252806
0.04349389745627303
0.041627563299658096
0.03952152400180271
0.03955687426502727
0.040229659281715034
0.04201589382378918
0.044826006541387076
0.04656878061123575
0.04869454640142377
0.05331527542436464
0.05623545887969338
0.05491759104963856
0.05212269157648893
0.05068799046160498
0.050086979445901375
0.051776703827384724
0.05623714112434631
0.05955197257556206
0.05928048511560869
0.05594383077177868
0.05151021048515742
0.04863358392874877
0.049921982263265864
0.0532178126765283
0.055746528660857025
0.05553140472012995
0.05023340093158857
0.04313663294543112
0.04121752293375586
0.04378638439542456
0.04804294812234632
0.05129814192138267
0.05118368541456481
0.04881453336842173
0.04578315058977659
0.04436498812860666
0.04291163371385896
0.04200448227028014
0.04159453962614922
0.04195832235829975
0.04563625549997217
0.04952993742444725
0.05236780399615771
0.05456655481388659
0.05663953476410242
0.05892821761129428
0.05932968682582595
0.056176730994657614
0.05391340313107108
0.0549865474126076
0.05837174227280174
0.06084612969521565
0.06160800672276136
0.05957151612427202
0.05667143428641399
0.054860719144129946
0.055258785383937935
0.05489541060779596
0.05172698765195473
0.046120860131177555
0.04110018306100422
0.039246891449468704
0.03985801134930232
0.04043471296778367
0.042011091587362416
0.04473366073846284
0.04857826904429453
0.049457098002378165
0.04808911656034045
0.04653130642364468
0.04701418299379028
0.050437606210604904
0.05496575114304822
0.057898153606307665
0.059322512852961556
0.05984873432608714
0.06026988863617968
0.058823788461337415
0.057324686729177045
0.05643404742692382
0.056195876497563906
0.05480839362688165
0.053418209958919445
0.05312320977231372
0.053829739684490174
0.05578243005139861
0.05533345758903112
0.052449635710936575
0.04917709569014953
0.048111006198959826
0.04761738279022816
0.047278041971923715
0.04688158230553139
0.046823722626530145
0.04937910622075066
0.052434140007933734
0.05147342778561022
0.04906678043032212
0.0471648165365313
0.04528487286602205
0.044852905903443936
0.04533916864511504
0.04548839844710798
0.04632752902798539
0.04649832712696628
0.04744940773398894
0.04875269651856482
0.04929261663933678
0.047785848848712245
0.046324659518540874
0.045847859302358566
0.047294716012647134
0.04994713743442448
0.05196881007300065
0.053063296638652425
0.05186316896794316
0.0488832683193685
0.04815251923382961
0.05011576231462904
0.05374319430516719
0.05509250187043363
0.052326100106151636
0.04794271471656204
0.044863401468796305
0.04274343513470411
0.041342112733365
0.0408785751696758
0.042376262961357845
0.04344732082588052
0.043689935460629006
0.04460280438132599
0.0459568168539088
0.048049043266192755
0.05134195471992621
0.053574657187516604
0.05407661137261392
0.05394373439114224
0.05457970530267007
0.056136605741206574
0.05930116126169195
0.062242004447323994
0.0611424227471446
0.05606949963035038
0.049785509226041934
0.045522383175015446
0.04267111526017215
0.03901767639993951
0.03452667636767671
0.03379649859067485
0.036177434400855926
0.037438959471701144
0.0366225747864015
0.03619577127058965
0.03760604999505668
0.040246002863654214
0.04415024407863971
0.04650736440549814
0.04972273240175688
0.05230472156613518
0.05408026312452222
0.05556057227691781
0.056437422846039066
0.057421763419746925
0.05535260422838155
0.05107219528819608
0.0482498598531491
0.04693851199056049
0.04693916059295154
0.04650181624669223
0.04497186812875661
0.0423913791300559
0.0426015028309105
0.043997330983117006
0.04505076999572762
0.04444703268577275
0.043217971323628555
0.043550434880118116
0.04595826815891
0.05071103393972974
0.054440239053481713
0.057282167635525225
0.059497213299593274
0.061203414077594574
0.0591098763534313
0.053676048199187566
0.049298416153238926
0.048041355679164205
0.04705850858399538
0.04437484094407971
0.042505607162796374
0.040844332849353085
0.04051095148923121
0.041212533502155084
0.04122265927547058
0.0396290020988208
0.03764281865711921
0.0364870579076724
0.036226194726599985
0.037179708462898156
0.037932454866073
0.040023331260782946
0.043466833957580976
0.04742396237103506
0.048426423562841686
0.045939841112742574
0.0419603088858147
0.04119415183826798
0.04351012399406513
0.04530677694692486
0.04414687600465394
0.04121022052245809
0.04001537123770452
0.04161346729871496
0.04417258282444931
0.045419514716308514
0.04349063454975852
0.03897278799437878
0.03660578073396439
0.03674768874408432
0.03921435874564555
0.043429950124909994
0.04574540413303305
0.047285871805394744
0.048406533016838595
0.048210525597952004
0.04871417857269419
0.050804348800121225
0.05116598432600775
0.05011656487042115
0.04986466282424377
0.05006891798237164
0.04823656338503349
0.04314219809854567
0.03758068183142538
0.03480651054347185
0.035771580498618116
0.03908126826416856
0.0422305246977311
0.04259262737916873
0.04242522672501864
0.04374194086802857
0.04622313265662631
0.04597500571220158
0.04523873900354047
0.04572846126679487
0.047831567355833125
0.051186667712319556
0.05360317585310354
0.05437682829069545
0.0538062901649667
0.05039292903784141
0.047043171256823904
0.0443956377462146
0.04163941682064481
0.038981513615188805
0.03762909991921143
0.036990361452687893
0.03709270156703049
0.036924808033663555
0.03658370856117797
0.038366652723950914
0.041110254475765204
0.044614746538596345
0.04805193561794792
0.04986856457818687
0.049841229032925885
0.04897911991423853
0.048789969423690786
0.04995391246632692
0.05006120469346412
0.04910437702290969
0.04837590211536861
0.049669209771948136
0.0513143293338846
0.05093921838111174
0.04888547437200698
0.04728349921851934
0.0462917243866484
0.044393538718712565
0.04340181143076513
0.045266372841647445
0.04768503657855163
0.04818893101681782
0.047346693944288525
0.04724209938210827
0.0476735282226878
0.04803817300017448
0.047501065376361444
0.0467809706827045
0.04530676350200853
0.04359441329396419
0.04186580554110594
0.04136761419605713
0.04182487802648968
0.04206044261213512
0.040292207545024224
0.03776975372326605
0.03701167331982092
0.03625071912549566
0.035874237153431895
0.03745018408526803
0.04073840332025097
0.04307425829230844
0.04476483704831301
0.04729130315934044
0.049660420107662126
0.0508932431036938
0.05195054336480537
0.053997552568640764
0.0544403739520792
0.05459919585715381
0.05577479740757003
0.05623573282725837
0.053991876372959526
0.048589518036885854
0.043633028423888734
0.0410241120048106
0.04273232693256721
0.04412107897599591
0.042875658566645304
0.040090698643283865
0.039652779794353686
0.04213918053323296
0.04470424897665612
0.04589339077793968
0.0460108027448338
0.04688856368653652
0.04885961289132201
0.05098470155616669
0.05253583202450349
0.053681474327259456
0.053364859389896484
0.05263427378558314
0.051593238914478964
0.05215069719516254
0.054078619512252846
0.054067559390575434
0.051794170766511285
0.0491316822869716
0.04608902056969183
0.04412994279360394
0.043495387591571164
0.046351658404943354
0.05199465248616341
0.05531375169927614
0.05470834697244263
0.05189475008544309
0.04809987382868713
0.04556633281882903
0.04558978244477318
0.04750053850020164
0.04990845679038024
0.04979372987413362
0.048002411827402
0.047438813355402794
0.04861733186587938
0.05017297515673795
0.04934977757288434
0.04644846142184875
0.044911460878952536
0.04595516527738264
0.04866696190210879
0.05142344402083124
0.051438738687097724
0.04930195253166067
0.048599029494100124
0.048678726047767254
0.050739186702371285
0.055035541518619766
0.05903812348216267
0.06040309541244358
0.05924660849435325
0.05771797400857289
0.05403898823066197
0.05035478938478613
0.05007772889459498
0.05299611424382307
0.055412478285435086
0.055457173213502915
0.05341861169180997
0.05058759207610476
0.04868116634684707
0.04670594874263633
0.046275311968961674
0.04759751023400291
0.04762521969448791
0.04616111335865623
0.044334021575903534
0.0444854161352836
0.04622869249977625
0.047659445021907866
0.047933893337170866
0.046993495365587314
0.04881268478216919
0.05328700414355022
0.05736408921511769
0.058380982833584845
0.0585213650294079
0.060868220635686296
0.06416290441726359
0.06567824454037567
0.0652468126781412
0.06332674608715205
0.06052176436421662
0.05721963472963043
0.054336355173714566
0.05204147888753276
0.05098706858673991
0.04993190701923825
0.04891167439990461
0.04701227379028364
0.04363779402884561
0.04143526741316377
0.04151876596822477
0.04180174734574397
0.04074639709886778
0.04081073365176199
0.046539966234078176
0.05580196021928036
0.06279336843794955
0.06344071209359815
0.06006385569684937
0.05845859850748736
0.05854289199931131
0.05961898237114562
0.06054398209108604
0.06162807312914215
0.06396763843985553
0.06658124902466937
0.06674267379128959
0.06369196310697235
0.05859952906178202
0.055552867316989635
0.05465789247743409
0.0549108528656794
0.053307448634839605
0.04994345494222641
0.04692511081487787
0.046926796442924794
0.04711244428398941
0.04401971532700536
0.03991748262601799
0.03829374179912947
0.04047747364359195
0.043395542399749125
0.04451032090585097
0.04508875295475102
0.04380741642274375
0.04307043358827654
0.043270352234632284
0.041766275265128994
0.03886498731017349
0.03743694757055386
0.03989604878769601
0.044954499438145314
0.05044896561465403
0.05395479902558614
0.05525064482761382
0.052134519722447814
0.049318447830405995
0.04969773723335248
0.05307190399147614
0.05533098518107491
0.057939988530237324
0.06036977646794688
0.06271001623217677
0.06417331175892847
0.06603219619683147
0.06704993385855545
0.06445207391017325
0.05894735529265171
0.05400789896597424
0.05068794044721566
0.04777846227546356
0.04503096568394893
0.042075134450990856
0.039148180796241376
0.03750747877849749
0.03842326261506622
0.040362646933776426
0.039719192908228264
0.038037444467873126
0.037427905567436956
0.03948693396214303
0.04213500215801711
0.04436119663060543
0.046120240961846685
0.04687485522860733
0.045786573297975336
0.045589872819690166
0.04843469174054126
0.05394313779198076
0.05566553804037311
0.05361481121305777
0.05064255931991505
0.04873166069605327
0.048914527558181334
0.05063190072275951
0.051025998899116964
0.04908392801006786
0.046964143340476563
0.0457440805273755
0.046872221107002836
0.04702434312816612
0.04435738963775992
0.04259680186139444
0.04292667669389042
0.045537401530098554
0.05086065315097024
0.055987000499978776
0.06079545665425828
0.06538941561870279
0.06983371724084853
0.07026175806147655
0.06642978533402828
0.0632004581086126
0.0621443210939569
0.06282798790239584
0.06337853108245753
0.061719994911629696
0.059618357373917026
0.05769105581630639
0.056058454865128685
0.05347746834787433
0.05075192203487412
0.0479008371965502
0.04443527933104522
0.04177963328649929
0.041826762681641316
0.04497881369908746
0.04900077072114194
0.05019782888963226
0.04813290999916052
0.044788328904092574
0.04285102826514518
0.041883749295488194
0.04206314066699401
0.04551643519666577
0.05022897946076169
0.05315790542241876
0.05210165401274043
0.04946950706219851
0.04902043572781509
0.04971980314100523
0.050575314858545974
0.054038422174219676
0.05848847161739333
0.060830997843449024
0.05997972967584623
0.05743209842342221
0.05738457598835818
0.059339327844195246
0.061975355439974185
0.0647395182901172
0.06711551200486207
0.07056091556877975
0.0731953880072652
0.07236569488516388
0.06860173382418654
0.06323946969783371
0.059280712976880534
0.05638777322711009
0.05503459641781566
0.05554231328973706
0.05712444101218469
0.0583346752780782
0.05712564817952975
0.054386355065989815
0.050028821776805954
0.04451022623373543
0.04088616029454673
0.04034503600678629
0.042817985020009094
0.04650555357625415
0.04958005600675662
0.0535968378322301
0.05629999530228771
0.057179497779631376
0.05710667674863827
0.05541129596888566
0.0528127276482703
0.05018267862868479
0.048972008693301525
0.04982282325984431
0.05129490420470272
0.05314630761437973
0.05695349270286151
0.06116765487318774
0.06238673633459281
0.06000689095674082
0.05667738376338319
0.05476211588568797
0.05438085895782311
0.05482508659452599
0.0551406013513269
0.05391111934372241
0.05340324083332806
0.054647418613712286
0.05573779320707043
0.054215139194489385
0.051834089867824056
0.05133103573978871
0.05295254274797285
0.053712528842711146
0.05330176818164881
0.05349286287494687
0.054015166231595454
0.053758284413286624
0.05268541490298055
0.052693169481585915
0.05421339818966849
0.05708748507672537
0.05933889086662713
0.06100003533159818
0.05936750330233788
0.0564636188761578
0.05613960986253801
0.05717929032279753
0.055610165769045705
0.05121236025555848
0.04728675087446147
0.04722788715454545
0.048615083783863776
0.04838507790813608
0.04669604610440094
0.04499732923849222
0.04353394084225323
0.04171178059783793
0.04095973732159467
0.04141525434716978
0.04301167327774629
0.0436737421759148
0.04484724465997546
0.046917279237656324
0.04812071141734586
0.0500446289094617
0.053285209662389935
0.05753978735663792
0.06466847141500431
0.07004685667411702
0.07034405042236895
0.06708426185277823
0.06312184178230662
0.05883571385142934
0.05414339632745927
0.05121239635790965
0.05026731620273712
0.05079101778337785
0.051292284078956196
0.050784137635343625
0.04953559797049004
0.04877941063354466
0.0475137644641043
0.0467458084677517
0.047132160957248016
0.048259659059509144
0.04929673182996415
0.05051485481310541
0.05044140364771589
0.04927357917467926
0.048706159363677316
0.050734867082458175
0.054197938421793844
0.05511959936179648
0.052936581645653825
0.04980020252273527
0.04994375681728614
0.0495846104127774
0.050416061329090746
0.05174927782022226
0.05235854920252581
0.053746623766079
0.055699526642488895
0.05761870426282061
0.05867235929666176
0.05863878742864394
0.05781378760922955
0.05761372660764391
0.05678889920187004
0.053317277910122224
0.04875895901990291
0.04689005600191001
0.047582973345296736
0.047213799827614825
0.045379396058002154
0.04268518546979276
0.04064919304755699
0.03952298721613778
0.04024511196008756
0.04186452566451366
0.04169458319767328
0.04036131085944615
0.03995577393762774
0.042112505577398485
0.04602026107212659
0.047739493065974525
0.048238394335213285
0.05176677469555474
0.05959423971780671
0.06789486475718264
0.06928715677690248
0.06352224970851758
0.0556385310578993
0.05085952581335195
0.050968819994259784
0.05474209420138462
0.056500359045037196
0.053688688106696934
0.047438522866522455
0.040644151898482916
0.036129683618496285
0.0344007014115855
0.035011265328565244
0.03658112077170946
0.039045479420624786
0.04226592371097272
0.04645833655967469
0.05215106903102504
0.057084068019159974
0.06007505206517501
0.06188160932284612
0.061298929418125876
0.058104758248358736
0.05588083425301799
0.05785878828834407
0.06218284785949127
0.06723335918485283
0.06967250993384784
0.06966592869820547
0.06608179724425008
0.06138707198113938
0.054891627100583346
0.047185771213884585
0.04093166904906533
0.03875547829708173
0.03962293256692918
0.040880954657546216
0.04366065047452989
0.046656841536186044
0.04826230362505076
0.04804256960401899
0.04818878226994542
0.04952851001420778
0.051014057277927245
0.05266317109611206
0.055129386375978966
0.0580021560201273
0.0594049368514078
0.057284134224853824
0.052934308411357545
0.051364865234932354
0.05369418196679175
0.05623266753701278
0.05370043005271044
0.04902194063041033
0.04637259341852795
0.04645713980694025
0.048759806450475035
0.0520109894393656
0.05379542789171576
0.05532182968982276
0.0562229415097416
0.05522156434061843
0.05353195711355021
0.05238166100271157
0.05119792530670196
0.05125780105084154
0.052456505120843426
0.0512102966470989
0.04875372158591138
0.04779141481652414
0.0473294532997421
0.047768928879429136
0.047938160991173276
0.045774363350333344
0.04176724795780485
0.03850828972975562
0.03996447344796022
0.04333708399043637
0.043753588486172876
0.04143113561070708
0.03757566177616291
0.036030719591631996
0.03867400703166046
0.043391446011279595
0.04846499734105406
0.05328748170401749
0.0562830832422611
0.05722651891053273
0.058493020803917384
0.059042606978385724
0.05731315791606685
0.05381457642175288
0.05035120847100203
0.048035478753466095
0.0462840383981798
0.04562679409025283
0.0455599556244713
0.044374787346091134
0.04039356351925077
0.03558766113276899
0.03364445118328276
0.03389446083811922
0.0355460212578086
0.04030541170795646
0.04663702173978221
0.05283659120055057
0.05536199826409894
0.05506242123513991
0.053700707209046884
0.053802901328562386
