7.222083679724387e-32
0.008346776137449018
0.02180248629443687
0.039173113917276445
0.06851272715402497
0.11653969039985629
0.18138253662199857
0.2540673319525908
0.29771952445376915
0.30729544956399796
0.27527883637645967
0.23304718862577176
0.1940166164140352
0.1801125877162748
0.17403957397532036
0.18089206504711744
0.19072668510134128
0.2161869640220443
0.2527852980442484
0.2846606052609736
0.30053226025732316
0.30467764365616884
0.2963491183298977
0.27974934299291254
0.26444677492065133
0.24718704071254383
0.22802820471501858
0.20707571569189795
0.1965048735128689
0.1875662336375078
0.17943830333643485
0.176945427390818
0.18743076625749222
0.20971178509797167
0.22856091470258943
0.23225193320500676
0.22990489831888672
0.2210034600462734
0.2057695909106541
0.19451581706101026
0.1878896262641866
0.190531299484039
0.1959002456000041
0.2078616276269555
0.22065809412937668
0.23263961369499014
0.23822077445024345
0.2288800955352298
0.21576871577338302
0.20343221028457595
0.20100565623990754
0.2024456722109884
0.2093304948686847
0.2206214193390416
0.2266203465114546
0.22837120369855424
0.22406939712669746
0.2298206169985918
0.2303187958533397
0.23310342510666837
0.22859963339993658
0.2286644732761137
0.2318432425490871
0.23626211182315685
0.24612596483190186
0.2599061588228823
0.26462730072752616
0.2527611517850254
0.23463450247266537
0.22267439505042966
0.21572721521002755
0.21933025767358358
0.2220916668959504
0.23304777980827515
0.23899086823205967
0.2470377338034431
0.24370086008183464
0.24250315868166408
0.23543681836483998
0.2296368695133315
0.22410175401747365
0.22079169819938185
0.2212545723742953
0.21413511676353328
0.20796124760371865
0.19779528559460083
0.19628757049393947
0.19809683803297543
0.2021928592134523
0.20628231651129314
0.2110678282619891
0.21499187006652362
0.2204999989828713
0.2264790124713704
0.2247245148988491
0.2187757114987742
0.2129599050075701
0.2025989605840327
0.20278491988420672
0.21486437037387957
0.22854326700077748
0.2383228453166319
0.24931331680856242
0.2585336582827422
0.2707414167621644
0.26956133067872334
0.26109096562378953
0.2412742827475371
0.22918996905976846
0.2233382596812242
0.2340972024433816
0.24899388403659697
0.25884059235253043
0.2643291919099175
0.248281376923859
0.23209306154032133
0.21559949566691305
0.21067763851257404
0.20305705061132762
0.20268930655996503
0.20273247895094515
0.21012689595288592
0.2109721771962829
0.21584283584321617
0.22021639933287554
0.2239639257466516
0.22472110964888817
0.2287874925619091
0.2287904683241181
0.23090660054244797
0.23653470753876088
0.24316409215680468
0.24568132576067483
0.2486020427501906
0.25332476871359316
0.25737082634054204
0.2538755578303821
0.253042786204794
0.24831088741126614
0.24420296678884051
0.24180243496534684
0.24468304876842198
0.25260425093572286
0.25280404810700635
0.2605915392465229
0.2589671365552975
0.24961757882189411
0.24581583964105205
0.24671969946270947
0.23221122628809365
0.22616337841993409
0.21406619679906475
0.21778111040056866
0.22830108685013173
0.242181177907275
0.24631732816234672
0.24566281024180106
0.23945186663308485
0.2222510455252156
0.20513239407752565
0.19808973564034685
0.19872510068705684
0.20508426126962698
0.2191748499178744
0.23513079168330855
0.2426697812990968
0.23675764765139334
0.22347363853738794
0.208804936737061
0.19817703676510298
0.1909876347779073
0.19045716591300654
0.1951365557530241
0.1980680121269939
0.2026142194266834
0.213284045239338
0.22237281250075522
0.22690127032407528
0.22729865590213122
0.22840735628542944
0.22775440723537113
0.2321567245380751
0.23631658758607263
0.24524949601052792
0.24954017262884523
0.2542536202013549
0.261273660066537
0.25634797995962366
0.24552593696749608
0.23332828968024424
0.22425517302296852
0.23442604873481793
0.25104790529568166
0.2762467565479258
0.28262304838148905
0.28412065527924174
0.26873825961997405
0.2586721529280779
0.2486456604961443
0.2323011421704712
0.21577510673655922
0.20976643869242573
0.2141190017807069
0.21165073091458983
0.2096944009887882
0.20179690315129822
0.20006748983585187
0.19307094671795325
0.19698402733970802
0.19819225444603178
0.20057623807324562
0.2009562401083331
0.20689384809736613
0.20869687503598236
0.21459530374562308
0.21265045074929292
0.21346817708998067
0.21136557200591516
0.2123557756445331
0.21045951628229123
0.21439177966514564
0.22090789293497481
0.23428855536429302
0.24598676081195672
0.2503832283737929
0.24535257026597668
0.23401406003110256
0.22121963595827226
0.21184186181772638
0.20996924299851774
0.2119362316981983
0.22583451417884448
0.2383143071221084
0.25297989022576456
0.25455324748752817
0.2567085817451742
0.25872621917718336
0.2634763486173247
0.24804563780626945
0.2249562072070874
0.21135677064689798
0.19459049357995947
0.18259633103038125
0.18700319503557805
0.19995387327445216
0.21339169827636292
0.23012808525764897
0.2476490813641767
0.25462624054914573
0.2513997448911067
0.24571114192685742
0.2403954340047826
0.23512596037552372
0.23166440195379442
0.23337080132344412
0.23508447322788914
0.22889811456382347
0.22359562539259265
0.21520054976318076
0.20747912450794673
0.20399900669559853
0.20700249642894208
0.22004277922587043
0.23361533122290526
0.24796000345059377
0.2519308250417744
0.24265026624888789
0.22808937208528107
0.21675926931219178
0.21487762687701328
0.21306755281827944
0.22379282308498794
0.22069180314562398
0.22752476602556623
0.22617190933712972
0.23076329499456094
0.22571486654971495
0.22645533098386408
0.2228971513983443
0.23452942520892334
0.23886197359473224
0.24665037856517968
0.24056815053038258
0.23675130887692597
0.23088207043584041
0.23120155800226147
0.23233175711688206
0.23207820274195368
0.22290308831741007
0.21423731866160342
0.19999163181669577
0.19105920099299484
0.18038532099840576
0.17610544831296143
0.1771702973383244
0.1798133802631681
0.17217458887121675
0.16957597746527922
0.1697184977063478
0.1799937221602893
0.19238039954521508
0.20582584585201313
0.2103401781013934
0.21156532907223358
0.20913581358146743
0.20466685596401893
0.2018363016669879
0.19975552845067768
0.19809461342530363
0.1969777115126012
0.1935529572223325
0.19486640464578137
0.2038336182047256
0.215256335273115
0.22498512773585516
0.2328338850564186
0.23384968699576297
0.22959307952494695
0.2181814468359641
0.21416138732216672
0.2094605624847887
0.2084889723289571
0.20859752322511546
0.2137517166922712
0.21586087544494947
0.22692090115284186
0.22435698111513153
0.21292720024955242
0.1933391159576413
0.17408719297128483
0.16766731404720805
0.17061760528791414
0.17861590450306064
0.19506043335248768
0.2140017665450482
0.23291678137913116
0.23522496629557277
0.23718125892279557
0.22783432792100586
0.21712658101675206
0.20756814160579887
0.2080217687381559
0.20789759521414883
0.2101966995098618
0.2151996870528566
0.22468354460084713
0.23094859591977823
0.2286617790574957
0.22403013103824515
0.20808948100936414
0.19571751209439314
0.18741417241349945
0.19391775348635465
0.20332248166545244
0.22332057009166184
0.23834350028860818
0.24467686753088494
0.23133617745484517
0.21925948299200715
0.21134622746365478
0.21564520336657572
0.21880254434756993
0.22209162176463335
0.21691446465349354
0.22053640498127353
0.2224907090641074
0.2262087222948503
0.21364781292011112
0.21307584685469277
0.21748411441653917
0.22540060529047556
0.23189163937791815
0.22829466639698465
0.2237851926964447
0.2295436213205511
0.2332686428021255
0.23108482749557788
0.21907828391017303
0.20672150058646638
0.19737328293825926
0.18805269058981858
0.19404342545844172
0.20452216289126934
0.2161826551653003
0.22177894089007524
0.22041838953630602
0.21171831736888072
0.19905570454118002
0.19146042720287895
0.18822148928215804
0.1905751760191688
0.1913460856333741
0.2026238082940356
0.20949292135708206
0.21599479001293193
0.20906049864308232
0.20417313532412548
0.1997568201422606
0.20104677947469704
0.20214485608262797
0.2106544935328572
0.2221489679224196
0.237286171542816
0.25127603016535216
0.24968936412899898
0.2374593258699565
0.21814807705501185
0.20660233946851775
0.19789439703488504
0.20208298028013924
0.2146216400421867
0.24545832308552326
0.2642713231704471
0.27431332897990396
0.25147706990168733
0.22889419827571408
0.19707750637242627
0.18020049429921475
0.16265093570986028
0.16351353053575476
0.17188252319663516
0.19396449687822928
0.21837940902797895
0.23688613383625667
0.24416059417751013
0.24050108857927838
0.23437598885784142
0.2215891446427029
0.21661216976250733
0.20426506023356306
0.2017211439112721
0.19532611490744195
0.20067738987021666
0.20333484923778042
0.2126127980108561
0.2127253196549843
0.21715815475378675
0.21295390911091935
0.20838503769482655
0.20468136534631684
0.20671300129421538
0.21473279791572197
0.22935178118468488
0.24508175223107062
0.24477259157715683
0.2355571992946764
0.22277793936267812
0.22019318094452467
0.22531557214065434
0.22646075497875812
0.23476452527435218
0.23918752794432757
0.24250564650372924
0.23947620876050962
0.23062935298106485
0.21791960736093033
0.20753475962375284
0.2040194526043723
0.20044081479684103
0.2064838700982395
0.21207541663372226
0.21642018024131066
0.22100928049344346
0.219378330808062
0.21223555192097618
0.20303385800110635
0.19920574346714418
0.1975203754644829
0.2030357232494537
0.21630229196522643
0.22214232058495548
0.22995873591651014
0.2281644215577839
0.22705204198504894
0.21935541707028106
0.21821846503808878
0.21747755098616983
0.21911207152363155
0.22051507991704414
0.22224783879151452
0.2269888019094698
0.22601104407218095
0.22810082542399993
0.22835991822874427
0.2263369068384446
0.2216119537296034
0.21862401980058832
0.2134697935906141
0.2179351778847956
0.2203783164262468
0.2295130492978367
0.23224027469896968
0.24293705250773032
0.2496250541722842
0.2631675398037314
0.2657517172853297
0.2620869407378445
0.25553831811055705
0.25230015304107395
0.2529286136906132
0.2507741503250934
0.2538096237180026
0.2559128645659694
0.25457452303865286
0.2426444048817389
0.22615613542508262
0.2045865959815567
0.19246336149134854
0.1887471979916744
0.19408016397449965
0.2033479874136511
0.2192596489270309
0.23155767295065446
0.24097177842777576
0.2381375646600822
0.23792446210775495
0.22923397687905636
0.2216858087616452
0.21715609499008892
0.22274573351494992
0.2300395742808658
0.2423125357041079
0.24003585802884522
0.2351147972814888
0.23317472515583446
0.23425869676488897
0.23920971077146314
0.2386870366737483
0.23903147091175214
0.2398595870170619
0.24287064410509895
0.24285504634863936
0.24004024407097305
0.24065108880472225
0.24107709721837278
0.23343875909137382
0.22576158414094236
0.22119335521961384
0.21632505181941142
0.2173794676342702
0.22544420180153177
0.2331593045797928
0.22951432257902768
0.21495962294638019
0.200661964792051
0.20060886022735197
0.19971959814116894
0.2124221618146949
0.2214306904357959
0.2304656556387944
0.22723840253960506
0.21443674607067614
0.20263394619640637
0.18463727509374403
0.1880491777933929
0.194056891248045
0.20532866193519508
0.21559047943426568
0.22711110183410116
0.22787763004846984
0.22721636292436792
0.22314962132201205
0.21525406202568861
0.20801481812018716
0.2056493257237894
0.2182856140930955
0.23245211003566532
0.23890773722240155
0.237015061573401
0.22297152063548684
0.20191653749271168
0.18615558961249848
0.18317159944915917
0.19269528064043562
0.21036670836721572
0.23207289893443062
0.24765979826615783
0.25587548151018036
0.254355195255043
0.24065440604251234
0.23462522793888796
0.22794651711175656
0.23487672927802375
0.25229369817108827
0.2690881478274361
0.27088949661571593
0.262634248317711
0.25404368646601266
0.24716633764757137
0.2310074219220161
0.21611080870270974
0.20576096058992713
0.21491682169361523
0.22571252014190257
0.24218572526913001
0.2455613336030384
0.2435247363113344
0.24101451651165365
0.2398960720713584
0.23459041174869716
0.22931426728289486
0.22166367078717988
0.2086376484450274
0.19837234758361352
0.19751689429101693
0.21059001874461072
0.2286798278440604
0.24286840930716377
0.24216285111833502
0.23621793647439848
0.2267424980907618
0.22011431651836436
0.21604573332490895
0.21331436687352595
0.2126186551886656
0.21443423393833808
0.22087710801203958
0.22980851372398323
0.2375651133166962
0.24171987775019568
0.23300860918855704
0.22628878503657518
0.21603201105724826
0.21439604064592443
0.21045637074490736
0.21577456292283162
0.21233701963415674
0.21348918001962944
0.21027245643679818
0.20913164817158425
0.2016444898022002
0.20401086645053096
0.21691491460102943
0.22381650280300092
0.22930039864978485
0.22961472178310208
0.23106220405745007
0.22819691516042342
0.2253777767013432
0.20912162144603216
0.20451573372189275
0.19846013071333793
0.20241858537553736
0.20744700948908198
0.2180184582506668
0.22910616744759119
0.23688048123175987
0.24444989848669418
0.2338300970969985
0.23285081457796056
0.22263627922901524
0.22433383325873768
0.22124222793426312
0.22376843130279295
0.2226014993308446
0.22460161745530588
0.22828918699385375
0.23290153870787803
0.23350665329775272
0.22708953909397533
0.2251311143022357
0.2229992560828766
0.2225452142012935
0.22284434012184354
0.22521583922090194
0.2273465457282706
0.2311340504384516
0.22687263991203188
0.2230928151189711
0.2072826631210457
0.20155549484338683
0.19358658304798143
0.1932222501084376
0.19085899551430713
0.19082302398240986
0.1933710876679928
0.19654213874729445
0.2016779268012553
0.20827666104568973
0.21209265764058177
0.21902828964093124
0.2239710530344835
0.22697769857017422
0.22433101464675664
0.21780086413703664
0.21423857824090728
0.20646820633195095
0.19886265651802013
0.179903920302293
0.17294794818617032
0.16536108093235424
0.175827901052463
0.18535721050622928
0.20193632142308993
0.20596336845604143
0.21628001824139995
0.21076895322527744
0.21469584736151984
0.20588700942008858
0.2078629366115872
0.20539288495036728
0.21243464306100268
0.22101348813507635
0.22930632061445747
0.23171861741318484
0.2329790756446286
0.22878231157851472
0.2223557183808406
0.2194385729540121
0.22625274525207198
0.2427319532901399
0.2587319828521172
0.27606091666953025
0.27573879009670954
0.27772503959767064
0.2589054011255345
0.24311736330709033
0.2337391353761534
0.23006348482228314
0.23147772996591995
0.22320215587012893
0.22100674550597238
0.21901212335446046
0.21181024709824123
0.1974111716360708
0.18726552979429537
0.18184362139252336
0.17861771717252437
0.1725990600208097
0.17486990132903232
0.179041573233501
0.19372994695611276
0.20485915278371963
0.21447560199521146
0.21837489741698102
0.21535679681360315
0.21173156267872434
0.2098300620002084
0.21211856937657936
0.22098488849532366
0.23854736056569914
0.25107144310162627
0.26031612451059144
0.2580674545571763
0.2485754368747214
0.24089818119433368
0.2407286634561094
0.24752532349022865
0.2580217395816034
0.26497367253155313
0.27295311421110735
0.27310501620753935
0.2621635482424372
0.24367931409416613
0.22826480318659692
0.21397796286766557
0.20146494011156404
0.20169277369536207
0.20827614881986942
0.22601262312099898
0.24191041443440076
0.24448225878839702
0.22987833865604435
0.21395275830975355
0.1992772676716627
0.19359575295000012
0.19734202221988908
0.21629679735209273
0.24696554656865885
0.2714547473758064
0.2753114726500374
0.2630393842897505
0.23748364733111033
0.21616514442206403
0.20036243338861653
0.20648635227181597
0.21871461492691305
0.2363943075820644
0.24214406000269065
0.2467886925152864
0.2364685137966907
0.22494218554533146
0.21000172580670548
0.20197664695717601
0.20125427355532227
0.20464289080434855
0.21082211280175242
0.2152617616900793
0.212885864696829
0.2063138568677904
0.19683318054521437
0.1913833727143007
0.18943863997917398
0.19327687859081769
0.2059700963586561
0.2296751933683354
0.2558790927506822
0.27385866127201947
0.27723379643947643
0.2690661549765782
0.25481948657150805
0.2484158595986317
0.24937137882051671
0.25757274135783487
0.2674483522039642
0.27871397182842117
0.2683142137925211
0.2587855607857336
0.23703583469802517
0.2125883243091143
0.18960170995148265
0.17982493482585094
0.18688974214815343
0.2009270175751223
0.21499965294531506
0.22755543027697522
0.22801341745377074
0.2176481870745784
0.21162368875614482
0.20970387354548847
0.21934442688450437
0.22116271135572668
0.22243278218232565
0.22137700522696113
0.22621971188029488
0.21211449117581702
0.19626340740974865
0.1853181732746379
0.1937846460356525
0.20849901980114063
0.22978210522056955
0.24727923954899658
0.2651986345590197
0.2631879768404338
0.2530074095711566
0.23693771387486356
0.22343514955694777
0.21893050544147194
0.22890668458720154
0.24256337813362458
0.24993818231843956
0.24225637596876534
0.22924200527683317
0.21753580402081107
0.2075540954417227
0.2070493023512934
0.21006015236462927
0.21992363487837516
0.22338227421112547
0.22763143213780906
0.22507036267529484
0.2236527399396756
0.22394938887064017
0.22689434503345554
0.22175194551012095
0.2292360582228914
0.23602808599592404
0.2431330021187407
0.2400772612710087
0.24060225123111978
0.2281822763500859
0.21288186872685777
0.20143236322757357
0.20136797713585078
0.21162543811894116
0.22352693278853797
0.23240268293632912
0.2381887138176665
0.23632302615190684
0.22927066322988982
0.22523086005574042
0.22906313065541037
0.2325273632045307
0.22932992650650516
0.22352989606758794
0.21166390304745267
0.19813601575401232
0.18608481995849935
0.18135174965631376
0.18682460323868272
0.1968454770795911
0.2176959805723951
0.23881523527752835
0.2634121201603418
0.2692518147425177
0.2639855236688622
0.24484896243197224
0.23174117610838357
0.22388899601901774
0.2236940113124023
0.23447165110289925
0.24276805810343088
0.24325674052925172
0.2278811006135449
0.21514860410456688
0.2019400246839644
0.20286960378642827
0.20546547618393127
0.21766012912209814
0.23116800956599262
0.2518095341373996
0.25509491913123605
0.25454903036224324
0.24474631131607588
0.2389593750531027
0.22643866074212723
0.21442534989996573
0.19851787510212981
0.19141708900602
0.18507112120190175
0.19505505289219735
0.20110974048801153
0.21181838583602042
0.2139321229643883
0.21634201203855946
0.2201271626834261
0.22848544987162545
0.24037225686532662
0.24912138720796478
0.25305746783422145
0.25867360614287715
0.2663384078481132
0.27476666772537695
0.2840410677798384
0.2814149259391574
0.27051752687054653
0.24959057146862787
0.23594197062152672
0.22357199750530363
0.22476821540141603
0.2214562757916096
0.2256548230065524
0.22336459056274538
0.21980977477044833
0.2074565853431323
0.20480455341571382
0.20085078232709774
0.2061647921790468
0.21577071752842045
0.22545454460394998
0.2265797953829691
0.22990394946523185
0.23193597167601065
0.23363329009736652
0.2246910473479171
0.22117511995615827
0.21093067592622944
0.20597696001168897
0.2093944482405557
0.2234920294338175
0.23148023586630206
0.23953286364590584
0.23712103484845506
0.23551790617801005
0.23181637377221312
0.22789744572238121
0.22327056916641846
0.2200184951226418
0.22112524761336255
0.2164756885699352
0.22544176246115072
0.2353287911470608
0.24174466368227354
0.23354549281663867
0.21884979132049745
0.20147926519975004
0.1880588330689377
0.18337091321706855
0.1910269780678788
0.21051451130854937
0.23468980577588805
0.2503372008153284
0.25142297282549486
0.23847045090261354
0.2269649103129532
0.2248340749891604
0.225633093611781
0.22796520637010773
0.23190116452399157
0.23121004379395385
0.2297469585906459
0.22622715893100484
0.22467049997484995
0.23119599194109286
0.24040225055158115
0.24236647006089668
0.23964071554368896
0.23578672743390267
0.22863357309183183
0.2215613645509647
0.21504330130443455
0.21672893883612648
0.21338165421844849
0.20927303223120775
0.2043161583027145
0.19778133323026245
0.19393460978647203
0.1902876887495134
0.18977899742242818
0.1964947197467155
0.20112785890272128
0.21054880171771
0.214339724046248
0.21955531888149624
0.21469656749761126
0.2170772562124694
0.2154244534312769
0.21147522825748585
0.20900230108483012
0.21448643286405783
0.22532637778500628
0.23281096213865332
0.23098181201031417
0.22129224562002392
0.2103792433040656
0.19943796485509024
0.18935246795509714
0.18764558985148494
0.18827105193129962
0.1814604796690844
0.17260251541216712
0.1684317793125023
0.17033655585195975
0.17709088994356612
0.18779079768422127
0.20537249117296666
0.21552443623534082
0.22346731114267523
0.22663376511467467
0.22759837850574927
0.2213929256775682
0.21433901101889336
0.20232848181150864
0.19789540123050706
0.19407976798351828
0.20113295545343107
0.2016823526561756
0.19972757947295577
0.20185067614239013
0.2141164016219048
0.22637609842646758
0.2383491425489874
0.24391474642057848
0.2253951907807375
0.2088819835229997
0.19334192633771044
0.18699203117781515
0.18610109419383875
0.19882696562859878
0.21020535932818163
0.22358006793856777
0.22515064769688112
0.2379327065186662
0.2442267803868567
0.2502406128504744
0.24172333109380087
0.24110428516212595
0.23416426941345306
0.22582030426676514
0.21576137807882062
0.2049203973105136
0.19355024438500973
0.192195890936588
0.19488762608741048
0.1992519066799949
0.20196260870404026
0.2127887198231862
0.2236772152729689
0.2333038504294664
0.23925502843746366
0.23623437274776504
0.23754321906882683
0.22403535759862173
0.20587360421270334
0.19725790277134547
0.19264888416086373
0.19667813765769168
0.2003433236572108
0.20798596032448663
0.22340527487220357
0.23569327540972354
0.24477374847574854
0.24246207102345216
0.2390621105708213
0.22615874491060853
0.22514394949312813
0.21577930777083673
0.21472373102043815
0.21837436431526547
0.22246347950247378
0.22871342622479096
0.23041045869617238
0.22641571217694462
0.2253312389502972
0.22084960797812528
0.2253829567516916
0.22472852946157987
0.23292605111794756
0.23025214246325795
0.22831691881501678
0.21581911348236524
0.20599683593947393
0.20368031780095458
0.2061018897757978
0.2237680912249292
0.24052723494261252
0.2540596671207107
0.25226053441604884
0.2470648973608667
0.23843341925330663
0.22074161217769817
0.20590286654500128
0.19679858251034285
0.20153586975779678
0.21408447017012666
0.23585739786452678
0.2532874918419131
0.256885872630782
0.2506613605508561
0.23804929450542478
0.22432946232823495
0.21376743445901425
0.21112406619489407
0.2132115016613993
0.22536388469759222
0.2322818912879826
0.2395629090467579
0.23769748268797583
0.22519974247384447
0.21229852115483958
0.20246552279907798
0.20599080404043868
0.21408443962796847
0.2259024813507875
0.23097262288684656
0.23474508754467774
0.2430989344267798
0.2419045095166714
0.23625146161555446
0.23447739297662193
0.23092886557807565
0.23495674386560478
0.23909164678036415
0.2407046805345827
0.24176809754260636
0.23493058144237455
0.23559582165419782
0.23231434453659913
0.23640755453982037
0.2329258286614316
0.22906174305328522
0.225839151455577
0.22357883227076197
0.21859865542186813
0.20762206877636147
0.20017787784002294
0.19073931913597905
0.1921618377802005
0.19633838075026078
0.20799207598256644
0.2155893689714485
0.21152469712008776
0.2069948573113359
0.20808262922951384
0.22039558663353923
0.22906726355768256
0.24170467439410018
0.22967802202409993
0.21900238412039935
0.20408826255224366
0.1950237713955755
0.18901767421152277
0.201527767999734
0.2077934987131373
0.21864792127805527
0.2237425462823094
0.22253250467199157
0.21152578468772365
0.20741823402108675
0.2019740389735277
0.20812061496446965
0.2208391677629791
0.2396931216774871
0.2533373488920342
0.2640322823826234
0.2578411626290055
0.23938170675420234
0.2221781441478172
0.2100755766891821
0.2129959928266146
0.22903458299363488
0.24420431045113258
0.25721637164350347
0.2580311848500007
0.2496378941730197
0.23577836621939924
0.2179560615324104
0.20895522763721794
0.21296305820236097
0.22872987296438568
0.2386793018258825
0.24875439500753335
0.2462879815930017
0.23439127090389772
0.2170364582567085
0.2080809330857053
0.20898692869858146
0.21226770691813904
0.22473250297656694
0.23746847675686958
0.2489968359999122
0.25157903054887104
0.2460431013437054
0.2304436846584538
0.21246781720055344
0.19696379041557804
0.18502986141840252
0.1802607990366952
0.18142501975497857
0.18925153812732973
0.2019499054372243
0.2110784524031241
0.2161320109418615
0.20581159783306874
0.19869819886867776
0.18818604747900045
0.19727050853847444
0.21254878583878495
0.2382776712100094
0.2489156582660411
0.24697133761044332
0.232128025475742
0.2159971914798814
0.20765777729801982
0.20826319478593233
0.21156328261580432
0.22407433969721396
0.23162848617175144
0.2413327763750981
0.2411666816675025
0.24273669732404035
0.2304751393917967
0.22593734122148354
0.21590734213046156
0.20980180539093043
0.1996590590109709
0.20206127192357304
0.20415191022894505
0.20771734419180762
0.20529321497286182
0.20916058024158596
0.21460333234607393
0.21680827554277765
0.21101745882654638
0.2043792176264745
0.1953493066668986
0.19385378076235768
0.19541987167693456
0.20658850388158176
0.21343988526533153
0.21611533274402606
0.21675625752267202
0.21179372510089184
0.21417950349204284
0.2178201870882472
0.22511162882843605
0.22583717306341597
0.22080939452535767
0.21647610677313692
0.2108758256354201
0.2153483179727546
0.2223898916744528
0.23683226089499818
0.2436356457123104
0.25118424386822047
0.2493978920179147
0.2446436728279589
0.2350627971128987
0.22500904964640825
0.21399196598500472
0.2019303058110177
0.19702334545252254
0.19721192708167987
0.19212426470972732
0.1960066058892193
0.19501180466400464
0.2065673614179223
0.21317389068362871
0.22044048132625532
0.20771974244184382
0.19954336837514722
0.18338020387784856
0.1789519686173629
0.17786516243090172
0.18823576153348784
0.20097077779981942
0.21513162465071003
0.21761657659685618
0.21623788120266021
0.20636974608821654
0.20663686778228682
0.20012446563196598
0.19931999786049998
0.19897545922061455
0.20342751230591655
0.20887631703042145
0.22015029989513435
0.22365160797545489
0.22628744776233714
0.22235554419925363
0.23192998290338346
0.2400323979914689
0.256591573737689
0.2608722587322666
0.25771169991428616
0.23709617176871853
0.21085558154101808
0.19822527207399512
0.19807753325556984
0.20436820272588188
0.21575492370771382
0.22356992954381388
0.2341958062181741
0.22663733987400086
0.21741888250720615
0.20583799780102335
0.20294574126368692
0.20291387571248626
0.20618277909948202
0.21277906597907575
0.22170371734906616
0.23572858212089304
0.24389281049854117
0.2433863069388653
0.23025315965026155
0.21042791123669866
0.19269003896268883
0.1854307724295504
0.1918188632072174
0.20448348330815735
0.22578261090334567
0.24657022803146114
0.24963958040998882
0.2407209618758684
0.22082519786333712
0.2109779000795952
0.2011437995881985
0.2042600591584778
0.20690465810746278
0.20640236595042138
0.19585335266449927
0.19313775081078124
0.19104488103272207
0.18663316840566577
0.18980053385057488
0.19519494546825358
0.2115964414084009
0.224329705033847
0.23407619222048406
0.2343969089694269
0.22637088845453213
0.21238685446526506
0.20855678213850204
0.20388139116575774
0.1988703330418218
0.1956606514059749
0.1961540188164744
0.2035136236591723
0.2128368263915356
0.21207553619066125
0.20295340352690158
0.19840709201261744
0.1941513525048319
0.19402006190672547
0.19152089273802086
0.1962613762221658
0.2067799960918789
0.22031218366486757
0.22994401589367802
0.23401608980887076
0.23785054177972478
0.23350377645255252
0.22431224866366029
0.21845987067705638
0.21854029606431882
0.21468159482982171
0.21186727833790986
0.20877563556003664
0.21312607284640428
0.21226779324161
0.21021233324740699
0.21285929552029081
0.21208439394598713
0.2186086012016715
0.2195495306488662
0.22484577633161276
0.23108089337337986
0.2463666116629124
0.24275295152359863
0.2352402312193807
0.21846685229680182
0.2112361278086383
0.20666859314899036
0.20748294485143903
0.20661620954793647
0.20905996227155757
0.2055163660658981
0.2020691301165768
0.1943773063980674
0.17935436896122675
0.170267270722179
0.1665420669750118
0.17530362339100766
0.18822785321609858
0.20363374235664358
0.21749879003000666
0.22721415622250904
0.2310884466179117
0.22834088559854276
0.21934753662196693
0.21873559255546574
0.21171361448370046
0.20852883859682672
0.20958225883005266
0.2055697765174965
0.19942590080948105
0.19809865825055256
0.20790137713052667
0.2167706890901111
0.22744672991474865
0.23582206506320502
0.23909756068258117
0.23725247390633272
0.23361016256223377
0.22498030374149566
0.21706721728465816
0.21131775085442925
0.20195122407011837
0.19637491715327798
0.2003913421984138
0.21416666170050308
0.23969671937108208
0.25997989132413774
0.26401028994959425
0.263245374465844
0.24937567959847773
0.24303417124375065
0.2357855597935455
0.23055809319559736
0.2279919673524264
0.21994194662365055
0.2230894828608068
0.2175048848341797
0.22221071078894686
0.2296074857444116
0.2291792270647721
0.22346043063530185
0.20983249700487938
0.20311345634147226
0.201163291416394
0.20517741407102216
0.21496828748280714
0.2294172036072453
0.2413211199632511
0.2557730197076809
0.26034306145711533
0.26010692017804454
0.24571585839906795
0.23674867047494227
0.2214011231871269
0.21489055987051117
0.2084298624881334
0.21319985363909286
0.21370690479629678
0.22134722886715053
0.22775759881779198
0.24045241264160572
0.2441596024166655
0.2503777863658937
0.2512510791133647
0.24824639904909893
0.24874559593455114
0.24622899581243102
0.23670075934299228
0.215362396380606
0.20250614896003638
0.1922167499612522
0.1868370658837635
0.18586337441231993
0.1993065958024696
0.2054610800209923
0.21767646226373763
0.22531965367316648
0.23750685555172094
0.24776349178724114
0.2490041002827446
0.24939664418894175
0.23289715318954682
0.21726788937098174
0.20278366780356638
0.20406158659112023
0.2070266550985691
0.21726905676022515
0.22714913636079967
0.23501861516082387
0.23284816745147865
0.2244648213400036
0.2100042267058449
0.19893178487671406
0.19452087552613426
0.1902287923153832
0.18430668565508482
0.18223038680459605
0.17527990194133336
0.18455538097912133
0.1893505044096533
0.20233570790969588
0.20989422482176476
0.22169263148294724
0.23077698586288825
0.238536576813674
0.2490380256735704
0.2527861558704318
0.24538103739674
0.23710592059251395
0.22869770442142007
0.22241637836246217
0.21523055778249514
0.21159477473050473
0.20429464317645568
0.20235681649447979
0.20390102924494585
0.21604018395953897
0.22568826283774918
0.24191579530183538
0.24428177636801712
0.24115169217183796
0.23313796983698093
0.2275639254318905
0.23152251394411508
0.24111772186729596
0.2524181109319076
0.2560102181499656
0.25594098283691163
0.2570085492652702
0.2565062236633097
0.2536277878782308
0.2508292790354876
0.24885168960061005
0.25483668187081004
0.2614514318824855
0.2691588182014609
0.2712957666354194
0.2599732336550272
0.24539758453238486
0.2387442312023003
0.24362850818494383
0.25156570802257655
0.2540219261800493
0.24588471899177508
0.23849858692774106
0.23321204527282793
0.22657946697214146
0.21382702363877384
0.20526767316174463
0.20474100782117274
0.20738571883985593
0.21210590450682765
0.22187764143432107
0.2338109347803174
0.23217681630331757
0.21941011483135409
0.21689768873899365
0.2197857076973357
0.23166145240338168
0.24188465523816907
0.24694242975339317
0.24592596535686823
0.2490046263287452
0.25086313177349223
0.2581608204880486
0.2570015993708187
0.25212136149992603
0.25284955751817995
0.25124075106418764
0.25406145138005054
0.24805479493535448
0.24544009562621186
0.2340805458271277
0.22377219904759776
0.2063825512612936
0.19977609571020524
0.20071032601337246
0.21399902677596538
0.22336691949607132
0.2406140799915908
0.2419588382675036
0.233271968679129
0.22451865817158095
0.22058020751151317
0.22186503177430006
0.22333310969029546
0.22499625535053214
0.2317965245681029
0.24492257665160672
0.2510546707633883
0.2501201565949081
0.2413714446434987
0.23287248484895157
0.22633574637252063
0.23498812367708127
0.24469360957427572
0.25900478521865633
0.25660092837607834
0.24790437708121976
0.23084215183340448
0.2195966653518851
0.20669525632577007
0.21453156160093703
0.21670771237214612
0.2243052754312834
0.227861514193872
0.22773711830702406
0.2258102998944604
0.2280103038703623
0.22141094287667942
0.21770368529781187
0.21854840957799684
0.2159916989667791
0.21730886607395525
0.22856563953371936
0.23716205904069093
0.24449860072032326
0.23938346285682954
0.23060006063804045
0.2162476342362026
0.21257394248697356
0.21751793052333193
0.23024712755124888
0.24643191425714062
0.2524994785715985
0.25660393376630564
0.2485193744781893
0.2461773591879291
0.23372713827635683
0.22682355301561255
0.2228262264758717
0.21968477170779158
0.22347467880388153
0.2310675891253542
0.2397631620595933
0.2445707684135955
0.23702772702810213
0.226465239495487
0.21665302801630587
0.20670333003536873
0.20732285880678214
0.20656087941163342
0.21056325154375294
0.21778965899117164
0.22275438645117485
0.22147951544316938
0.21821029687240096
0.2093238345523502
0.20183920957413132
0.19350748946215948
0.19578535689563273
0.20392821845809703
0.21939521360215763
0.23244135481493963
0.24135803351998275
0.243617584067845
0.24360097943259343
0.23253956300181428
0.21687401153911795
0.20806098756180547
0.2091968429076005
0.21814079015330892
0.229705572863977
0.23848325035039902
0.24426433267544567
0.25025049723261605
0.24982452311823147
0.25179410316105627
0.24212417792688776
0.2377283929546948
0.22823078896269275
0.22344514660732695
0.21104118013102222
0.2024031061777791
0.1954413590973576
0.1969947144188147
0.20290960582266399
0.21508003998954228
0.22073829687022134
0.22620623931261605
0.2161880549757913
0.21102815111397974
0.19665062704735312
0.19116906501561046
0.18865014597220267
0.19872262888786515
0.20766960661571493
0.2168883556185839
0.21966621901249964
0.2131005468814885
0.20381790854844986
0.1922483438349773
0.20112977707190938
0.20996851220549526
0.22027528060572135
0.2219896707928918
0.22095457808082702
0.21250524117150404
0.20678748041234074
0.20216747015262956
0.19265965359837725
0.18569800843627576
0.18474987036704177
0.19344228895369123
0.2130139220988584
0.2278967446998058
0.22654223964443382
0.21855459909452513
0.21449361963770625
0.20908229014378577
0.20563662227525747
0.20739499926191762
0.2052642048034207
0.21777761998885886
0.2292061815581406
0.24548193514631111
0.25135451835457456
0.2489568547510449
0.2434384666864667
0.23345994738964354
0.22381124502767122
0.21354876453737606
0.2181342537383465
0.22337559608646754
0.2291118485630399
0.23010671335794305
0.22018095973591703
0.20891236156817627
0.19954389420656402
0.20332005525415486
0.20480855576618798
0.21409882606991204
0.23270160871232914
0.24158809216628907
0.2517986297030493
0.2539659342785698
0.24816074495089074
0.2353441856786895
0.22946877714291844
0.2200969224565996
0.21440583907384286
0.2108624428292359
0.21163836232087166
0.2213310372108263
0.2389880870369117
0.25575310592932454
0.2610111667728238
0.25402234191097256
0.2365438996854402
0.22981541229564995
0.2235309568993644
0.2264321579515174
0.22568920178855936
0.2309229369634299
0.2400312534517967
0.24645199665719011
0.24830417628998713
0.246603028239582
0.23940215898536787
0.2301448350381419
0.22151492586741017
0.22116295609172362
0.21768059755037392
0.21401515280347716
0.21114648052779966
0.21519877456620384
0.2165650135061318
0.21693825462156596
0.21437158279932836
0.21503299037209192
0.22307023854593752
0.23047131880315466
0.2309660131594869
0.22808670020970342
0.22204121101284385
0.2235230528627017
0.22089771824054202
0.22120602576286497
0.2131100416670042
0.20803201637897614
0.21897394974112686
0.2311408105746864
0.24026744934694813
0.2436623374013108
0.23724986292237263
0.2272014181042477
0.21157195182277325
0.20778392948836086
0.20396109092526682
0.21028086267675783
0.20823204361676323
0.21277038390438757
0.20702279909021504
0.20565532128370237
0.19694025063553458
0.19089102533260083
0.17362729059463794
0.15900110015667585
0.15363839197743603
0.1585526547322822
0.17004232180146453
0.189206585085589
0.21345076037894412
0.23201706430175292
0.24640188862777937
0.25316743209297177
0.2436485738364787
0.23035658909126397
0.2117689860420929
0.20220219221168076
0.19263739235218466
0.19400976667961506
0.19687791277732422
0.2134331095490756
0.22432232389737553
0.2380155143057066
0.2432281680460087
0.23374871103726697
0.21089130821116953
0.19261593886904319
0.17909161313700206
0.18080924883599492
0.18987026812688196
0.21521178602516772
0.23768873720583983
0.2607925049201557
0.2627015094146082
0.25408225496173903
0.23679248019146726
0.21946407983625307
0.20080083493942683
0.18882324421445662
0.18715144385823435
0.1863321545999413
0.18483143971730595
0.18941261315965952
0.20150291363779174
0.21127398782178974
0.22000381119916598
0.22569353518952112
0.2372446344340886
0.2464949203535265
0.2500667843329533
0.2377627191826737
0.22832551077425423
0.2139139021613337
0.20847496021488274
0.2081636020539706
0.2167437805089076
0.21965561344359452
0.22637847438150505
0.2261866911754075
0.22874537568813508
0.23258811658596218
0.23984966144471986
0.24289173454455787
0.23764752893981642
0.23403621255591947
0.22155395058037175
0.20924174402619108
0.1974467032978051
0.19923772699714928
0.20622094184827366
0.2131460174569968
0.21659949631387188
0.22444832906578785
0.2257788780381775
0.2313636696501539
0.23906652802249742
0.2501804579611975
0.24973751488169835
0.2413402460564727
0.2346735755396203
0.2258193589812199
0.2224027001534868
0.22403949398918555
0.23283861446040344
0.24749383755706644
0.2541460870134607
0.24282389408554678
0.2259704683172062
0.2054576835503851
0.20099627660896696
0.20186284394839102
0.20849849244336033
0.21114100676070754
0.2154070260867496
0.21665094732018508
0.2123679081682366
0.2145726365479489
0.21809078123784179
0.21620097933638108
0.21537566921006068
0.21754778098042776
0.22365159379245977
0.2200829375097599
0.22272943014731686
0.22531313889683233
0.22759259882468938
0.22298919917000973
0.22255151414053903
0.22442193929105891
0.2271040506445377
0.23249218154003454
0.24209719083987621
0.24731589864384715
0.2464958575459753
0.2363414174668432
0.22816957531354562
0.21695928241988394
0.2091701177243128
0.2028100159650967
0.207901376866483
0.21260213761714977
0.2156553201711781
0.21228969906584866
0.20839701909400923
0.19931693715456322
0.1874247257417649
0.17605724507144915
0.17261604232307173
0.1707573572834356
0.18217287201509744
0.2028116445688236
0.2244607353258155
0.24395710574850016
0.2544574765449665
0.2542919590201702
0.2511786475663309
0.24621346384987644
0.23629570738292693
0.22488542316339916
0.22379368002758243
0.23034582853826258
0.24432795090433965
0.25254851705444076
0.25206898767794517
0.2510341971417543
0.24677693656091404
0.23754402778324468
0.21893333294528103
0.19888891316387855
0.17857597959141805
0.17541242801972404
0.17926232748097268
0.19183008317231068
0.21029827457365013
0.22577577157243955
0.22897054018357124
0.21955096751504805
0.20945356052815117
0.19716232523042862
0.18582004914500036
0.18130324074811238
0.1821583350835731
0.18503424179343517
0.18993920832712186
0.18919784401185413
0.19346783213653485
0.19670524042585494
0.20161979612436634
0.20199226313674795
0.21485733937575072
0.22279101159272666
0.23791853632590568
0.25020872371524455
0.2542171646947595
0.2509089779938742
0.23637924047556264
0.22056814939826785
0.20619044722886115
0.19673568336749706
0.19920908631649312
0.20683168754419134
0.21676097914643905
0.22644571753766995
0.2330742043075579
0.23107139331796803
0.22826422787390685
0.22123425574583191
0.22072274893750402
0.21468500905532237
0.22221504730115751
0.23015081003170876
0.2404930348764245
0.24539917236575068
0.2368974633759152
0.22106465287093902
0.21267056337754664
0.21058932363456045
0.21132273231378643
0.21165986940543366
0.21242920645601127
0.21419538968848845
0.21161394306042441
0.20148810153702587
0.19504381104974455
0.19376635106238138
0.1977391143405484
0.2015883258167153
0.2054240693532073
0.20472415985616996
0.19931039953207133
0.20092826807059014
0.20682521541105278
0.22124887506477348
0.23239781784283364
0.24288850991975897
0.24170107623491205
0.24343464036062976
0.24928750844975295
0.26163579588509334
0.28089755119893345
0.2913538975923426
0.2893878434902447
0.27082844611238
0.24806518056895413
0.22937302115885486
0.219211221424689
0.21384616527869885
0.21675213483679936
0.21497323138816934
0.2258936709599666
0.23123835683443852
0.23329398902036216
0.22720712675811597
0.2205302580421679
0.21013747399286947
0.20515051589263272
0.20411438353885927
0.21178501088468635
0.2190359032313172
0.22265832598132465
0.21810951517241595
0.21822593632126475
0.220522841401314
0.22882923260731697
0.23065556803156326
0.231105361412477
0.22410876577599145
0.22172593382862246
0.2285006359856577
0.2326527875984504
0.2526508676078307
0.2634051180196496
0.2652146941173602
0.24973075715848342
0.23056247699264376
0.21643429599630612
0.20856088616459115
0.20562436110363838
0.20523594366053333
0.20929870971067369
0.20611671457939376
0.20628447623019525
0.20543086104777927
0.2099078701604401
0.20088207542159814
0.2001397709775932
0.20322377463317226
0.21622219022581418
0.2176189169269535
0.2108011584389832
0.2016528666006967
0.19437829906674495
0.1938227307552297
0.2027407916585016
0.21470159659711008
0.23567287100060313
0.25628906483546143
0.27454269862109254
0.283450692580715
0.27832228669120723
0.2682297056708059
0.2611724047013796
0.2545878987190746
0.24920362765807477
0.24571886218554323
0.24299713888432448
0.23640069178553386
0.2357553621113909
0.22709836976311132
0.22460497650234207
0.2244858390446589
0.22220842292715104
0.2176918109414882
0.21629793992088212
0.2119664648336049
0.19935948159979067
0.1983923541615048
0.20321851746849617
0.20883058719421715
0.2144767309238776
0.22106727990270914
0.23023938448739395
0.2346138016756313
0.23765589338348989
0.2369557550030978
0.24078067111340756
0.24655028990039576
0.25981558826971196
0.2739280868033761
0.27949274324409284
0.27687047199013387
0.267413624439189
0.2582142254888764
0.24449850823052136
0.23460396239251957
0.23458155838042272
0.23637423838288973
0.23979458403447843
0.23399608117269038
0.21834540943052816
0.20072824395010447
0.18529133615855078
0.1706825672434158
0.17106296130295862
0.18333521440624395
0.2023710327415718
0.22134107771222591
0.23455979588803938
0.23340724538625499
0.22811808123399702
0.22370406446801047
0.2237425838841738
0.22582297572567012
0.24328880604148853
0.25441910685450736
0.2603352821086399
0.25217640403466224
0.24567058910763093
0.23437040038583154
0.22885369624980498
0.23087586010858174
0.23970568340323373
0.24816830558765438
0.25259583738094266
0.2615448362798213
0.2700870376896975
0.2630262900248707
0.24139570045776454
0.21436630816101226
0.18859912387437933
0.16243939506818617
0.15191735404019677
0.1589516908559319
0.1685006673968789
0.18537875483117658
0.20298826679190834
0.2179857300648532
0.22226567963639104
0.20930404674074957
0.19105023294080195
0.18416592305516213
0.18336130027508557
0.18799771123725847
0.19439371850415907
0.2045395558329068
0.21476406760122216
0.2242525378847098
0.2202567908800867
0.22168239785416607
0.21522791502806354
0.21431034728974138
0.20914475919708728
0.2082064885214862
0.2154664057209408
0.2203792009006435
0.22656635801072442
0.21906225521092285
0.20965666160272436
0.18954712446738387
0.17971905015802708
0.17771702858672206
0.18221466571173567
0.19132212005402324
0.20651483045899832
0.22238727558486737
0.23134677607942278
0.23318726837172024
0.22328030150068573
0.21333361611937102
0.21285669618526581
0.2159431130958396
0.2264800347275423
0.23185540153939063
0.23169805231693222
0.22259781129401532
0.2126875178820141
0.20757270625796043
0.20460480799415967
0.20828838887497236
0.20945090586591245
0.21046354909010254
0.2119861086922912
0.2167897267782086
0.2225987773376314
0.21366999662180342
0.20753194596741437
0.20478089932794122
0.20675584580530307
0.21157206848218607
0.21735200531474555
0.22130737722026067
0.23356930169802587
0.23409923851187145
0.24401958507343913
0.2458687897008606
0.25548820561791546
0.24850009785553717
0.23965959307129445
0.22972610065111956
0.2320440464139587
0.23301113750100422
0.2340125030675571
0.22832067201755546
0.2258334915246453
0.2181349114442798
0.21163501019508513
0.20220164619926118
0.20630042208201277
0.22495548977772137
0.24249253380168553
0.25288777838966203
0.248896808202211
0.23733793397201083
0.22256384193449785
0.20204801527636715
0.19303553714841842
0.1985435809643145
0.21726608593373864
0.23357016808702302
0.24439429056090115
0.23480685830433864
0.22471352997867458
0.21383722844384784
0.2065262442256062
0.20854377126169404
0.21150626855738933
0.2186274136599205
0.22076892618334792
0.2243374756593112
0.21998261834857327
0.22804103692989808
0.2406841770379896
0.24516776549589542
0.24507848222887774
0.23829497328554688
0.2307972551688875
0.22434728201538826
0.21103840337653207
0.20283706606446653
0.20236895251188686
0.2097524172789923
0.2144395680567037
0.22336006226407573
0.22238592984345698
0.22725167001893198
0.23090219152207164
0.24564494831902545
0.2537455605193621
0.2678678575609749
0.27009906036216924
0.27414111170946215
0.26592262296962904
0.25355937740753637
0.23446056209248206
0.2159617587690383
0.20529879503046036
0.19977813587623053
0.20054303059229805
0.2049051843407595
0.21902417613736916
0.22262440101471032
0.22020540876302486
0.2086461594733069
0.19721324491877593
0.18391949989612766
0.1787160360702165
0.18435080745836613
0.20126288066791453
0.22713289365727032
0.2522666208034264
0.26383760219572533
0.25421559196182764
0.23382689379664182
0.2129320901237448
0.20698150844502883
0.20204946362023654
0.2006700179505841
0.19514706212750257
0.196116086946243
0.19262422586989814
0.1941260319431626
0.18838604711169749
0.18468690787190692
0.18950410219380076
0.19974055097179566
0.2103725215468202
0.21573693754903941
0.21835538750583272
0.217968572793709
0.21727862152244612
0.21710261164060432
0.21749477566460743
0.21873930006448858
0.2233831362374771
0.22871959821784224
0.22522751701338736
0.22174858225031224
0.22282377822106278
0.2261292216524024
0.2326089242917535
0.22449444918029002
0.21701433396303627
0.2063903594965283
0.20411920724331298
0.1960929971817951
0.19770835475108897
0.19668775091164703
0.1963319381798071
0.18760531075453085
0.1873687923569443
0.18983292541634156
0.19728097823431442
0.19490725368895787
0.18836849308271675
0.18337832905659018
0.19293152655888687
0.20102668034791046
0.21312362819597488
0.2226754670517773
0.23261097274713596
0.23055924286161372
0.224380168890604
0.21322155458567982
0.20149517870265782
0.20385057779916102
0.21093002262839008
0.2277930352277935
0.2346065763008812
0.23801292752769648
0.23581027154740639
0.23526985579109327
0.22832676520412676
0.21861499259166034
0.21570926753421282
0.2087645100489336
0.20216707906698514
0.19805731079679184
0.19595624834482533
0.19467849474626933
0.1940149215684981
0.19593510464914018
0.2001230177228883
0.21003476771138394
0.21547799274995463
0.22461704528012985
0.2280829449100828
0.23218693275518273
0.22951581142504066
0.23011040255537896
0.22119145060863213
0.22621528594901574
0.22362563269803631
0.22649361361430115
0.22303840279152215
0.22197565515237483
0.21726306579747726
0.21670792216928944
0.21457321914943697
0.2124009736103934
0.21411188564730924
0.20896400877296395
0.21325935736566254
0.2053648516600647
0.20255359803152817
0.20006506561862933
0.21200748076916745
0.22685718601824054
0.23957453849594154
0.2494099305989456
0.24252037379489794
0.22007810285935708
0.19775722560187006
0.18012683475305608
0.17955927699373092
0.18311615614378962
0.20016578247054684
0.22265969074715733
0.25054703666249345
0.2628000294359582
0.2688135697680142
0.25369396513607273
0.23731617889299786
0.22757630840430967
0.23373844953516862
0.23758464186921482
0.2392472493535871
0.22798692711250937
0.2086246979474429
0.19167313187985865
0.184822603010227
0.18879434338521692
0.1962258093776168
0.20604903476035294
0.21068910502558852
0.20838408395107103
0.20299617621977234
0.1994546239412706
0.20102080840892741
0.1990605119299147
0.2017803448563596
0.206252203207244
0.21453651385662334
0.22203764298914036
0.2271957074031567
0.23259656516842447
0.22986153148563895
0.22715354239887967
0.22460093527221467
0.21847386364968346
0.2118652900803418
0.20862751187294012
0.21755654030390664
0.2202189954439588
0.22584270023286157
0.21751473520474654
0.21304267801025092
0.19950674941328045
0.19091208135145227
0.17921161985295037
0.18297091059507112
0.1948868814044578
0.2141966563660733
0.22654710857124097
0.23691476377545662
0.24677985396113689
0.23752397567603134
0.2234815715696961
0.21591736654495655
0.2193176581876384
0.22068078605224656
0.21364321569678513
0.2139494176591987
0.21372161433445136
0.21475001589291762
0.22364772018072682
0.2319634812394625
0.22503264108287377
0.19925081862782498
0.18371224130846037
0.1752138280029996
0.18057832646710026
0.18269021228642976
0.19741962925066261
0.19902103326162068
0.20212241487340343
0.19800027964915456
0.19697880580094815
0.20025446058411198
0.20986746691264316
0.21868675201006033
0.22214675068810957
0.2316681989700423
0.22615387335901838
0.21597471297368717
0.20418817394324557
0.2020479614650098
0.20454966219856888
0.2104841547505503
0.2205741981229881
0.22713493367961626
0.23143951977156474
0.22712228993679973
0.2248433578726444
0.2119146803223329
0.20617890992750829
0.20425283431815972
0.20948660490112944
0.22394016775015713
0.2417591623316106
0.24958918608371902
0.2382315490709285
0.21920079728883257
0.19902318334356917
0.1871925370517145
0.17890224155516046
0.18106862389219963
0.18287022900183555
0.19453790243431113
0.20297545263326117
0.21398924807913455
0.22247737382199204
0.2267109448348301
0.2295555999594218
0.22181910955998507
0.22038586701656532
0.21735639757232794
0.22524034798203038
0.22938888164517718
0.23384363789158477
0.2359922920676711
0.24213413680955798
0.2375603459185066
0.22801623791377862
0.20986155047869526
0.19257676780378677
0.18466804830079897
0.18777444323934664
0.2070728855564176
0.22229043622942152
0.23616468241642216
0.24059137307409606
0.23532462112383123
0.23195979487906637
0.21983673356866285
0.21053331672223377
0.21127910161055427
0.21429205942100363
0.22009683498478738
0.2180446983351547
0.2132988907509887
0.20907843648823216
0.2079999383684709
0.2161160891509712
0.23146576864768056
0.24827833208264724
0.25862745302551515
0.2563478209280907
0.24808101375977015
0.23230221110661983
0.22519333769402708
0.2139068531857903
0.21654133475899331
0.21503443539591224
0.22072269073696743
0.21936850132609376
0.22139591878912696
0.21795682346593498
0.21589070232535967
0.21208269551573036
0.20677611585389813
0.20697837999670585
0.20352227874887818
0.2065326795679743
0.2143788802690506
0.22606528806089568
0.2359964116716518
0.23988536715151085
0.2332282212404636
0.225632879080457
0.21638615683176177
0.20474450184768508
0.20143784626864197
0.19533782227267074
0.19455100731070232
0.20364029480184065
0.21447292420869202
0.22080225399493836
0.22384884923847367
0.22899631002678508
0.22990836954894814
0.2213966466962859
0.20164075619875588
0.18896944750727757
0.1822374143817923
0.18562995643863628
0.19272695322482256
0.20587055230339707
0.214543504645146
0.22567110805812016
0.24231230923979297
0.26087526644335307
0.2771683834642204
0.2836423448594318
0.2875470260229121
0.27118364476779644
0.25953124072416106
0.24427290385481412
0.2419929965135181
0.2333367538920122
0.23417546846793166
0.22110491340266175
0.21574679504159977
0.21014704657534952
0.21032717228244716
0.2084781996965842
0.21416512707354263
0.21583657163811945
0.2208845759112655
0.21994783108178004
0.22356227053201763
0.21838562177180043
0.21488529985612506
0.2089668509459464
0.2101067621749479
0.21399301031163717
0.214823387839869
0.2183081654375595
0.210924919973639
0.1997616275265868
0.18742280041031892
0.18119868050656662
0.186329578560254
0.19403310602410442
0.206779410109953
0.23047152013589386
0.25705562154799305
0.2913729699215118
0.30475304392058544
0.2970384306282679
0.26660051343716423
0.23410471105702585
0.20795624873804702
0.19035030940716463
0.18898534946231177
0.19532728615832912
0.2103626076302836
0.21483711382957582
0.22152457803979064
0.2111072393992814
0.20250137762969483
0.1891833191871039
0.182363139912911
0.1816132158829242
0.18899554514024564
0.2049418471215954
0.2235811915805342
0.23795060310958066
0.2505077997442968
0.2511177332191257
0.2485585069746543
0.23939799727901773
0.2387444240647299
0.24464578696570063
0.25843775521838874
0.273114395980899
0.27688674942337493
0.2717799574099416
0.2574338421031583
0.24684895469614418
0.24143531861261186
0.24190996854436767
0.23703282843354995
0.2319786196823728
0.23063731035351184
0.22868138857956188
0.22572929716114581
0.2298132177531487
0.23218693894417702
0.23081497208393087
0.2264365035688215
0.21518312949244883
0.21149037167893048
0.2149532462293524
0.22391352079180826
0.2334112311620774
0.233029910674467
0.22753868542171693
0.21908555346235012
0.21532707490545028
0.21217975032527175
0.21221447629720216
0.21486045860090694
0.21971076322134095
0.22769790615507648
0.235704220753128
0.24069136614739098
0.2381141078391729
0.23960824534347258
0.23689809648122143
0.23772146101105393
0.24302297336985504
0.2520181940448742
0.26198757940972156
0.2589517707400628
0.2595111933554986
0.26606895881950837
0.26740422452500295
0.25736360318818013
0.24440857294994175
0.2321538540619207
0.22273731076938763
0.22234773409137817
0.23226034699076206
0.24022364127946502
0.249341874989995
0.24038294661352813
0.23309248718154513
0.2150413813997245
0.21325432882086334
0.2115376151895794
0.21879897628892017
0.22621203113707603
0.23936902901230261
0.2506502230053245
0.25662063090009773
0.2557250306439643
0.24077095779682012
0.22662777958177255
0.2190450770962135
0.21306760829708038
0.21239428703498434
0.2183635677787652
0.22474144581794472
0.21691337029935598
0.21864416229331976
0.21400776926990403
0.21582186350741686
0.22254637055135604
0.2248251638384297
0.23062271932004394
0.23887933169402503
0.2448396080692826
0.24117827674739473
0.2353242145052379
0.22606975733292192
0.2182525334748165
0.2181297732898363
0.22457934478665198
0.23447758908062416
0.23911905721966734
0.23968184239548254
0.22566447378795967
0.2204356251080536
0.21273149650333756
0.21620934424340238
0.21717429992725673
0.22618356491418093
0.23155317103116524
0.24377946361521097
0.24639753244887116
0.24794384869178723
0.24220492440695685
0.23725269085864806
0.22525770468200773
0.205569010973476
0.1888395691118922
0.18941322358334944
0.19768103272873003
0.21201393930754495
0.22304219158095845
0.22802132343789946
0.21970439977857578
0.2108636201014532
0.1992828878159934
0.18915069891172925
0.17913760717514818
0.17680269540017254
0.17546977911600703
0.18212211857637892
0.19252399619289295
0.19791224521289658
0.20303870372133864
0.2064787955633238
0.20863427821924513
0.2109395344528689
0.20964323924054198
0.20926396840815942
0.2099163055359088
0.21808606509149564
0.2292263496285642
0.23286424984325516
0.2301221535396372
0.22173427822200137
0.22198993549342327
0.2225813059237624
0.2282448965720926
0.23049453338466008
0.23373168501440347
0.23784480133367125
0.2484860832656199
0.252453243010184
0.2523180875562264
0.24051908151254317
0.23939981078510292
0.240294564622141
0.24902676763382278
0.248154768911097
0.25662762435483616
0.25729044413427776
0.257036491206644
0.24128696574177266
0.22914059415735838
0.2200735410992978
0.21408859876461114
0.20974154311973495
0.2061600929981973
0.2102482398309438
0.21371844561692607
0.22172921112563776
0.21794605476101464
0.2190045309854089
0.22097869358477448
0.22773209220524468
0.23183254833876446
0.2328563296967011
0.23946354382320917
0.2404022648978899
0.23547046745342112
0.22426736355261778
0.2161369110351501
0.2140114052578064
0.21497415375353907
0.22753346025779878
0.242297679892284
0.2504152207331
0.2596357638759496
0.2530273946023094
0.25016233982359404
0.23766197313584136
0.22819749228380087
0.2142814020597397
0.20467903918746588
0.2049897336957831
0.21411577505592333
0.23094734134107117
0.24120831055777386
0.24062759710652054
0.23979768618432107
0.2343179532310222
0.2224122425671884
0.21358819124140255
0.20332356320354672
0.19747239748001386
0.19151016669207582
0.19243379396299248
0.19213410541849557
0.19957016537096142
0.21067659575452716
0.23195038337872356
0.25412406028171447
0.2614436789469561
0.25682622797875004
0.2404525646009404
0.2233789557807732
0.21317332013858964
0.21308797280143515
0.21409591576382747
0.2198470886135066
0.22233161644840901
0.22385553107928396
0.2265070762940374
0.22695306111656055
0.2300300090031642
0.23441191656009744
0.24260435941712202
0.24194528755130842
0.24008858579249953
0.22619846063190685
0.2068717702925834
0.18868055490764307
0.17790238243409534
0.17969610728690655
0.18840645828951263
0.20990361999457882
0.22861799947263842
0.2407071834380672
0.24213900444096115
0.226594509649239
0.21139357345360751
0.1970384002974809
0.19786101860801178
0.20322472674056977
0.2182282269276582
0.229737842811277
0.2458759115694295
0.2464999714820337
0.2446897649324337
0.2281551586925052
0.22561213689426673
0.217462756223788
0.23040603085267752
0.24584998742711636
0.2639900214523683
0.27674527052381126
0.2893458302402816
0.28932435342606444
0.2726166330806643
0.2584331132867478
0.23908615851184528
0.23197941185875864
0.2197246435513116
0.22004070876095908
0.21715201961068156
0.2227567488396495
0.22007105674761088
0.22361361126596777
0.22093192519217147
0.22767399919887032
0.2200176153420432
0.21603374472134862
0.2099803149625991
0.2136646332802886
0.21467745095288288
0.21705402098513588
0.21408501591316953
0.20750806214669884
0.20351118753933778
0.20148027748537617
0.20637922320749622
0.22177612398696034
0.2369325920413713
0.2524381860039998
0.2528021775238421
0.2443227817823696
0.22718516351783777
0.21639285033938868
0.2111450466080209
0.214633087908761
0.21922197301054785
0.23304043805954952
0.2426737124912694
0.25438458290689747
0.2706743560993993
0.28664639125824887
0.2869085511451212
0.28104217835586387
0.26117388110535106
0.24219125505529135
0.22755962122184203
0.2198154172152075
0.21881545962869187
0.22935471967159418
0.24563871257460423
0.2511623760167879
0.24216898754933727
0.2247426539125319
0.20295811860444676
0.18810402122901623
0.18066190340601976
0.1916787453130899
0.21256896098499825
0.22643891536484045
0.23339893424722208
0.23509648644506448
0.22927064167375985
0.22265699016730572
0.21229128877865325
0.2069424048609606
0.20330752837462754
0.20031198775999418
0.20456134859768713
0.2117133564509376
0.2245428711845909
0.2413634416253561
0.2498129098793275
0.25216436292678657
0.2551764946961432
0.24959015151469713
0.24175700530810235
0.23061728436356965
0.22475969852337463
0.21818071077810747
0.21394303361470962
0.20488731288440157
0.19799755845019215
0.19740012413113997
0.2023732608539199
0.20822617093755863
0.2170286374434612
0.2194060523114049
0.2232632286614902
0.22697248249740756
0.22698122257268957
0.22081497722313198
0.21853554402659264
0.2205568636494511
0.21947495906165837
0.21507689951199677
0.21762951359304286
0.2293169230098498
0.23463046459127557
0.24032833759202096
0.23010719704037882
0.22033071587279607
0.2033467857301759
0.18958432616907325
0.18120912303657985
0.18717949546066232
0.20307639357809895
0.22869496428869984
0.2528975449600033
