6.182227124907199e-33
0.0006906901069821224
0.002341544180663382
0.004109281051187031
0.005456226992041393
0.006359044534387565
0.007115032548841408
0.007997306249446215
0.00907387809424955
0.010132984574157641
0.01087241669621866
0.011175809284199463
0.0112442019782909
0.011520168962167579
0.012616316058079922
0.014687711240198081
0.016981977500464176
0.01841023324047488
0.018685722447955026
0.01833196569112728
0.017735473974912555
0.017030323018161313
0.016498216972220592
0.01643493647866953
0.016755342043352946
0.01690208119912392
0.016330642374494383
0.015033633284510453
0.013291553260349821
0.011464878585768192
0.00990673715896965
0.008861668994599734
0.00835448551973518
0.008177898664099006
0.00799701704936125
0.007589475488569178
0.006948626782135285
0.006292392043585309
0.005845443228869848
0.00569790441183784
0.005825708688489972
0.00621224839383933
0.006885303414893589
0.007749859643960042
0.008580286836493796
0.009164128192565861
0.009416742571362505
0.009395536502440523
0.009215046700380227
0.00904778790190478
0.009034658071230762
0.009166067695604792
0.009388423226575036
0.00966308886364097
0.009975504548472678
0.010309997496392677
0.010708472425001517
0.011224845657984527
0.011835250624459033
0.012329927973741613
0.012617677172925779
0.012938631588235737
0.013515728266206457
0.014205195839522766
0.014685432488308208
0.014881482426043445
0.015056426867682866
0.01551438046799163
0.01608121400576132
0.016339915695619996
0.01599920996882877
0.01497519774570969
0.013324753457602612
0.011322687981442548
0.009584138529941858
0.008718540711767019
0.008784633820263812
0.00929415133593208
0.009633132166119818
0.009435262376648542
0.00871113181504398
0.007838929156041083
0.007250693189226133
0.00704535409893051
0.006948843425485879
0.006680791139234047
0.006372309289950301
0.00633991978524341
0.006691223345010773
0.007235661597418614
0.007704284262272069
0.007925609805368859
0.00783959403679647
0.007557963072522631
0.00730493071464176
0.00737228379456415
0.008003594289288308
0.009265314205287856
0.010884273417320872
0.012375662770309404
0.013410527930832467
0.013966607876417448
0.014323689688008241
0.014926453769765698
0.016056518439532354
0.017584314504988482
0.01922391150603799
0.020725947992291962
0.02154838144078034
0.021264629901665874
0.020065682638894196
0.018524622542397014
0.01689201523639326
0.015193933261690624
0.013567463749770626
0.012199032310457486
0.011115465746474852
0.010357125733754994
0.00988083302036432
0.009489119891888324
0.008953513991780742
0.008285672707613967
0.007636057520823348
0.007074931948070319
0.0066094474636867705
0.006370567131184829
0.006542232690049707
0.007132688715073098
0.007943866032179992
0.008707743683592837
0.009235008490996488
0.009465266916825359
0.009436874865952698
0.009294105926557907
0.009128696509357541
0.009070654375584417
0.009326775444832375
0.010039919834156627
0.010981646149878644
0.011619824009439767
0.01158102935648453
0.011107560661903689
0.010817486246884904
0.011126870640772878
0.012029463228126131
0.013230654192527957
0.014275684011465822
0.014831730259314061
0.014902852634622113
0.014971148309496649
0.015230589897718333
0.015048840494580999
0.013819901683197671
0.012110289006395452
0.011150530993721208
0.011422276595436959
0.012305506245630156
0.012996760374873179
0.013109292429236074
0.01274055088141124
0.012278971732891372
0.011980546741275334
0.011809858712265706
0.011571872367159692
0.011191401157112393
0.010713669329999682
0.010234391162368696
0.009798415745700352
0.009351904107322494
0.00885888788580956
0.00832454696850147
0.0077856835738292895
0.007341022301197132
0.007081567316893083
0.0070428390398645235
0.0071596813802135
0.007372712098128626
0.007610137447511813
0.007842882714407829
0.008038712971240147
0.008212866123597489
0.008420015065754823
0.008680513803150556
0.009009691192188769
0.009573739051536748
0.010731883688275694
0.012632247401853931
0.014916444737807486
0.016876870588125002
0.017926276909402378
0.01789002731608935
0.017203362554159624
0.016560480359848105
0.016293520061694645
0.016153534580608274
0.015594544319763265
0.014366349378489355
0.012780785703724165
0.011452006579351831
0.010808553964178302
0.010929998281807223
0.011589175233844966
0.012316842412859559
0.012715152823454867
0.01264289482019228
0.012218790895366462
0.01158813563157596
0.010824680718488033
0.010024861340545413
0.009156661310829643
0.008192357357178067
0.007331817545708333
0.006914127927744127
0.007021062040655451
0.007391813135818345
0.007697000422315108
0.007777253946086306
0.007698372956973081
0.007639500949896413
0.0077309931366662185
0.007969555094060164
0.008256340031903137
0.008588047435387762
0.008967787359705059
0.009349851300855866
0.009665543932452069
0.010002008918587086
0.010496088317557398
0.011264112117214219
0.012232856677584197
0.013113331375228188
0.013551276488012833
0.013586101653281231
0.01355392193150769
0.013900345517512005
0.014573515426048551
0.01516144839797439
0.01530558301122761
0.01516356597087095
0.015160357113297312
0.015408333221202785
0.015599080920823379
0.01539334043009537
0.014747249207200885
0.013763653653125164
0.012589586709735801
0.011437136705790598
0.010527798557976626
0.009996747165193495
0.009969620928458026
0.010303900405689865
0.01064891611004581
0.010740265480389765
0.010599800543291085
0.010392242578565677
0.010181390561392252
0.010000975671065407
0.00995366383135144
0.010077817152689933
0.010175430444492147
0.010002094489932447
0.009531859862141945
0.008953043994561182
0.008491067794163726
0.008298519516555544
0.00833529436980489
0.008474171257960681
0.008571274092707627
0.008540999218480984
0.008570532402197347
0.008942959092695083
0.009905552823791219
0.011351388178995836
0.012728094496435987
0.01328754002025346
0.012740237899286116
0.01163101748676164
0.010776265691404148
0.01063905197043159
0.011077993910976464
0.01177578355212582
0.01244621720711453
0.013172526827745716
0.014150668384040763
0.0153392763867669
0.016317267007564352
0.01669819851405263
0.016460322458925588
0.015750542720899256
0.014885257280591962
0.014079436323343906
0.013291247143394448
0.012195820341434113
0.010619771699202005
0.008744788161462949
0.0070233916870196915
0.00590217513227058
0.005630231170972825
0.0061391349024555834
0.0070812871021867395
0.007968595917569122
0.008416486277153572
0.00843861909543503
0.008342638433229268
0.008501040836125935
0.008981505936545143
0.009579697107442588
0.010055831238308475
0.010353242645379455
0.010506073013772434
0.010552663861889277
0.010511682978846732
0.010427287185523264
0.010403193526112
0.010680884683790125
0.011435891439776339
0.01256160671694346
0.01374015225793328
0.014705237785264731
0.01540998134332024
0.01581601473924227
0.016051664657996633
0.0163062492219558
0.01656651659595169
0.016631949478557763
0.016305497318093245
0.015552567057047792
0.014402677528810559
0.013099913721765994
0.01188825747528279
0.011046841960658662
0.010697296642675406
0.010843438561986607
0.011453879382855393
0.012403176348113117
0.013472640744383778
0.014366986204246084
0.01483241325602269
0.014626541880813512
0.013698334474979828
0.01238829841915162
0.01122380952043478
0.010547942633438197
0.010356748853346693
0.01049394665491895
0.01063697375732252
0.010545699308217976
0.010201645511618658
0.009772839351041387
0.00932630055790554
0.008836142409529166
0.008202148205596236
0.007542987715192781
0.007209707613232057
0.00759635489073083
0.008733884747756751
0.010283564817325362
0.011740250896496546
0.0127541954036392
0.013147981332685382
0.013047448415235769
0.012717424522309128
0.012504019036947282
0.012610735605069425
0.012960122260891735
0.013396063491831573
0.013778853363032985
0.014082396954917155
0.014207816298173668
0.014133005218319419
0.014002630219845156
0.014110845727752175
0.014598081087004406
0.01533932597117296
0.01598851912766226
0.016198590976667333
0.015928863482766512
0.015346719382425881
0.014634557391661005
0.013823332227221919
0.012958471359165778
0.012069937484192564
0.011123373994745962
0.010198927712935717
0.009532091484003842
0.00930172797496127
0.009341596819914814
0.009266601660948812
0.00874924697178728
0.007866720191759708
0.00699071559782982
0.0065876034084133206
0.006773284117644814
0.007288698154590063
0.007700314455753705
0.007778034395201248
0.007582613452580143
0.007476445127362176
0.007800200013995657
0.008583810747074585
0.009540912507144835
0.010346590928863945
0.011013464551334442
0.01177377619303661
0.01268178120115278
0.013554525044433538
0.014172630738356074
0.014406781795265864
0.01406869656472216
0.013101939514348546
0.011885935963542692
0.011216875204712042
0.011515796658625644
0.012494027238443088
0.013542954409402173
0.014209170021705199
0.014370741533529298
0.014084258176268913
0.013510128151703911
0.013046029420864894
0.013028633713309637
0.01320991279203744
0.012936361356178077
0.011932526298979276
0.010608346366423412
0.009591817277594415
0.009220538204132378
0.00941662285374161
0.009824553049401443
0.010035159165080496
0.0097807116399745
0.009120434375582794
0.008290618156078547
0.007620064154662668
0.007436590155807203
0.007920777316882266
0.008977004749351989
0.010246501891086293
0.011370849956738498
0.0120934524483853
0.012276356736875677
0.011809754681826849
0.010772416292290391
0.009589549948331541
0.00887184092424837
0.008884020634349612
0.009448142428336213
0.010266863786818486
0.011271504451555512
0.012489491328810847
0.013858062971804115
0.015066158513468271
0.015739200471281932
0.015899401303065625
0.016033295913889713
0.016461657535276876
0.016998062336899707
0.017226927855662363
0.016992306590895644
0.01633067588813497
0.015289981370536332
0.013977227595920015
0.012708560220257646
0.011865297699553998
0.011567014477718577
0.011488831206738345
0.01139062754773833
0.011350517132323455
0.011479331979939552
0.01153539656305419
0.011220585479903563
0.010551075171288575
0.0098696683941011
0.00945258620895852
0.00936193544900905
0.009444609740899106
0.009598684531283534
0.009875273844131274
0.010326193311942506
0.010825095651266886
0.011131980449867091
0.011069974282704806
0.010645346928993068
0.010042357988163327
0.009550171476792555
0.009347760306036497
0.00945895644846446
0.00979809017493164
0.0103946415314746
0.011344550951623117
0.012572437991270093
0.013771908240694398
0.014588674445880597
0.014953461082408647
0.014972675507271754
0.014849081631177827
0.014859903795715201
0.015116367807339428
0.015462604616409751
0.015591033207915994
0.015212162125751705
0.014320252801344762
0.013338584012854659
0.01282814336906957
0.012924923896249883
0.013211991441720578
0.013184724817473703
0.01282077264262593
0.012517364277483324
0.012596608407557422
0.012879995389421507
0.01299983449522625
0.01275975199019507
0.012294455075538073
0.011852470860424787
0.011515279859156333
0.011173929575846646
0.010709203481078178
0.010206163417987484
0.009907480819288864
0.009942129062362625
0.010164251388291936
0.01036176131178083
0.010378712279427361
0.01026718650928419
0.01018292097734972
0.010275464147381187
0.010532408008752766
0.010861898857759747
0.011203129305820594
0.011599235134915405
0.012013367186735334
0.01235427885750125
0.012613375887618515
0.012869207698956095
0.013236107062645773
0.013821418035503913
0.014594815171464003
0.015243232112954717
0.015468378724960107
0.015271632820884926
0.014802686162609562
0.01422433139202343
0.013577326377597782
0.012786260974702559
0.011852522166441642
0.011002664404660733
0.010488561200469558
0.010276235741484197
0.010089884984178916
0.009871012826735063
0.009895528489432318
0.01035419617895205
0.01112488327662138
0.01188494623889677
0.012353259677656055
0.012529188675111226
0.012572536336259838
0.012594528264832492
0.012534778542856749
0.012194637387146412
0.011416843286557182
0.010268112102011555
0.009023406062217026
0.0079493358455208
0.007178613474439231
0.00667531716840911
0.006395075807410423
0.006371543504700227
0.006695193949545108
0.007336756720925456
0.007987986407835369
0.008399026983396512
0.008617558069743745
0.008904954967511657
0.009385044467136528
0.010065291320164609
0.010866817994047553
0.011697643339168382
0.012412541113656604
0.012873325845578763
0.013025224609812069
0.01305617479252844
0.013085300528187663
0.013072974617661276
0.012948297051872854
0.01282424986824792
0.012813517133562657
0.013110359185561976
0.01382403770515898
0.014700089489945313
0.015059510994519455
0.014530014250010567
0.013329064588762688
0.012163539715090849
0.011667511294896762
0.011828118108236736
0.011955517148316726
0.011452499493433344
0.010481325110216839
0.00959916199714131
0.009038371784242404
0.00863158716711839
0.00823464978188123
0.00789987750175147
0.007749979397147791
0.007868455801658833
0.00819152894122258
0.008573566510505398
0.008890756349045844
0.00919135238178203
0.009570410209986889
0.00994419599597882
0.010104902741428308
0.00993336700649079
0.009593302027945498
0.00927629658611525
0.009006553475452893
0.008713940427128999
0.008402010646609444
0.008204010980971536
0.008374086879744284
0.00897574609911718
0.00980581454226894
0.010447696672290323
0.010619925941707763
0.010250018963961424
0.009703468850680361
0.009583969681956265
0.01022193748914101
0.011454011437317523
0.012818191193172766
0.013780655421105273
0.01394298411564084
0.013156854911344305
0.011815017050310343
0.010670937459471003
0.010229263673410609
0.01031769288975461
0.010327839705467788
0.009885009846113279
0.009205874697453311
0.008911474882372981
0.009398451020945896
0.010528962726514862
0.011744341961215677
0.012521978027399202
0.012620302646503387
0.01211219283762782
0.011270381383988979
0.010492694892481535
0.0099961545119618
0.00973971509622984
0.00953110382034795
0.009212433927982103
0.008854117030928981
0.008649772361250349
0.008683377834972495
0.008850428497219055
0.00901248594106255
0.009124742531585732
0.00910454677023989
0.008967095505184932
0.008878520449334784
0.009083346364118406
0.009688722081329933
0.010640605715794265
0.011647700193176387
0.012236596501970861
0.012103358764328572
0.011377115454071152
0.01050402586256725
0.009882500434847992
0.009847340716015361
0.0106055648248453
0.011973276892356947
0.013314251441594574
0.014016044858134215
0.013849981166782876
0.013003967753213573
0.011898090393922338
0.01095371904780985
0.010445452406091082
0.010303300032769936
0.010251821493698113
0.010179540400907601
0.010213919520412474
0.010478452378466204
0.010894547163863446
0.01110833127600305
0.01075605159382685
0.009786375011406397
0.008526414063163483
0.007418636421630267
0.006717550461954117
0.006531833279856677
0.006926685768184744
0.007941069856037323
0.00930317596805122
0.010446493795025524
0.010922674652418503
0.010786695114584606
0.010539401239240423
0.0107292444025358
0.01153875475148666
0.012732220856390218
0.013792679842864662
0.014276265714606197
0.014086166115570765
0.013549019224088379
0.01323607901264861
0.013548945326616933
0.014392728918134645
0.015263820561924872
0.015702231440438596
0.01563051501289436
0.015301673887540428
0.01484113214669856
0.014161570713233236
0.013249523047639487
0.012242051499102881
0.011386740979929158
0.010923829919589132
0.010868358633117343
0.011005391219893959
0.011093293154974126
0.011030914338458025
0.01080061721872444
0.010419085737829424
0.009948230406984232
0.009530195886149758
0.009310387094615936
0.009429805198831003
0.009904267057607111
0.010521543974020033
0.01092896602353226
0.010953889767890601
0.010690258713478291
0.010351646612137574
0.010196995427957076
0.010380165736884883
0.010768890195965032
0.01111412652833552
0.011263528897388513
0.011185867775136799
0.010767699454359375
0.009969166871447287
0.009025060390990108
0.008393896363745618
0.00824249967521984
0.00842509206004099
0.008782296268044628
0.009310331330403755
0.009937160206061937
0.010327056675512532
0.0102262997011243
0.009811031614486829
0.00952350192598947
0.009568706278509862
0.009913883751757484
0.01036069716155261
0.010781767057166842
0.011116696569028696
0.011355667286717856
0.011442321622476557
0.011289287996903563
0.010895141435941896
0.010563080451967771
0.010704915271955197
0.011552739564774983
0.01281928109977425
0.013889340792877427
0.014212627220239572
0.013731645850242969
0.012767931334939784
0.011728513565549952
0.010865374068090303
0.01014224634876561
0.009429134282248005
0.008728266874502873
0.008215602479724401
0.007985959267147978
0.00798421299575385
0.00804997683599234
0.007996284056217879
0.007726115265452843
0.007292611325713945
0.006865104791794673
0.006690314392712936
0.006967910139559088
0.007771479104237449
0.009023098483368096
0.010414668225417265
0.011498567539792327
0.011878473819017585
0.011509930380617905
0.010844844780915462
0.010518169662425907
0.010746837654679785
0.011176044737507707
0.011408551813505802
0.011451831959922453
0.01159818083294219
0.011998632115730774
0.012589350644655042
0.013272316849403191
0.013860630590929441
0.014110733500657991
0.01369356744293
0.012592171070138861
0.011153270186416358
0.009974455394407085
0.009451039649585723
0.009539753834763276
0.009960565928815071
0.010476789459502535
0.01082943524798165
0.010758036635801684
0.010281385009813286
0.009698975851024062
0.0093433024001152
0.00936251939914568
0.009698915157417536
0.010199907015796412
0.010561908233919294
0.010416820059122847
0.00969641356996363
0.0087935279814259
0.008250790327992202
0.008257367157947778
0.008706845072466452
0.009490957929894165
0.010631879478327373
0.011891845867105975
0.012849019312570324
0.013138499621710688
0.012759396887631672
0.011884506323618128
0.010722939439709178
0.009506780977196481
0.00849275215616173
0.007905959344893175
0.007789152139069242
0.008187517146717133
0.009100345594927416
0.010363720141805545
0.011593260465639228
0.0124858152779178
0.012968887712190335
0.013183595290872822
0.013278690188703814
0.01326869018378001
0.012991934036945839
0.012462710111366114
0.011823434906212956
0.011175644641733809
0.010636318934827034
0.01038325826795106
0.010593758269947526
0.011253293422697106
0.012106240527592405
0.012721169826617244
0.012774332490614009
0.012321119042748274
0.011723368808518538
0.011290430233104535
0.010956870716111424
0.010444009577521564
0.009649252555027266
0.008729194111436448
0.007942913314542497
0.007417043178727902
0.00721080293383615
0.007356320296827639
0.007849430677725939
0.008487808180953982
0.008980096116979369
0.009086753187574325
0.008868447318009485
0.008619151410128268
0.008643200183450247
0.00883566604368271
0.00886906935693654
0.00871063945496023
0.00870889294026046
0.009163378424916935
0.010112918614216052
0.011413918613106332
0.012907630065863523
0.014280823308744908
0.01514079012702694
0.015359197052935395
0.014987110886386365
0.014172988491245526
0.013108997698571117
0.011990682325005601
0.010906042946650941
0.010040079231250755
0.009538361271395549
0.009423705007732297
0.009568580614889386
0.009690005556537042
0.009537487483200387
0.009098646467378797
0.008561433580985465
0.008136558641532387
0.008012608300430931
0.008294814372259644
0.008859555725934394
0.009341584422803627
0.0094758327267083
0.009402798863708173
0.009567617560187414
0.010150704693008222
0.010891178394239533
0.011355296996739758
0.011404529202639338
0.011203819250938104
0.011031635005244475
0.010946957085094071
0.010801476362993664
0.010419845951637864
0.00985259017161268
0.009411475466413587
0.009453886350744215
0.010059334867115959
0.010943722717898684
0.0116687078645727
0.011924293184979338
0.011723659914844172
0.011364460846213427
0.011085953205246381
0.010841266633642115
0.010416180763684673
0.009657260186104832
0.00870551865069199
0.007864606264698643
0.007454720419081097
0.007476819414913153
0.00770788995293225
0.007907968855323378
0.00805057696862406
0.008329513720639649
0.008956165377362272
0.009917758058286107
0.010908350766178155
0.011495220035708695
0.011557501566136047
0.011371345810027673
0.011264148860466467
0.01130151299203494
0.011242339967422455
0.010815663937834405
0.010059942651260678
0.009266818173298188
0.00878082879789429
0.008767256334612677
0.009186732981450256
0.009768216223811929
0.010186770725969704
0.010172549793606983
0.009696986493956406
0.009000109169169077
0.00852519705379269
0.008602967884464144
0.009218890510452719
0.010085399170924946
0.01099441014886725
0.011811772098029357
0.012408144169646043
0.012702556820415675
0.012714607349469824
0.012513116194089558
0.012105143522969068
0.011617796913119365
0.011206542746837706
0.010864132041592391
0.010470156477027209
0.010111910007453807
0.01004759507542795
0.010424114285251137
0.01104093059434269
0.011543729280851383
0.011629725006877078
0.011310688832966466
0.010908286256006051
0.010757421352791861
0.0108991028636314
0.011122149189149878
0.011150458072861285
0.010829623213799456
0.010315247340656013
0.009908523376252993
0.009837002866331403
0.01007509852332068
0.010385157692219092
0.010580161220751512
0.010580013456219693
0.010360523537654525
0.00997528800806458
0.009636659050293544
0.009632761454772395
0.009946722219262046
0.0100686321387038
0.009745463167561471
0.009415633007388237
0.009671455378483188
0.010372990886588591
0.010908934825715482
0.010899229421611251
0.010401325251327788
0.009623833817133182
0.008768428710631264
0.008056433244160005
0.007731349838260254
0.007938211130112565
0.008500874719136912
0.00906474054994095
0.00933629409048992
0.009333201053528601
0.009307448223417763
0.009463334763998134
0.009665817720445533
0.009628943872414966
0.009279075206968596
0.008948733217405124
0.009026294977494576
0.009577132514819791
0.010168623523555442
0.01038344220387043
0.010121516180583982
0.009636375541740348
0.009125891214670178
0.0085738279069637
0.007945392672580901
0.007489926189764096
0.007535420928996517
0.008113491497902721
0.00895317178662938
0.009717082418422738
0.010212497309367838
0.010419092436521624
0.010349416187806685
0.010182166789126947
0.01021243440741565
0.010676972221125413
0.011393823609554748
0.011847596152511282
0.01170613112465762
0.01111961853725318
0.010381557839874808
0.00963818654317277
0.008985023619702085
0.008627669081046523
0.008845189421849349
0.009805602843731014
0.01135229891707121
0.012990874218846123
0.014214323411738854
0.014704992104767382
0.014383586902304917
0.013402348530651453
0.012152448593255238
0.011092484414006338
0.010387255204383519
0.009902830301097659
0.0094217501855123
0.008902836481190505
0.008364915701120893
0.007891692256094438
0.007617125418948417
0.0077408377508031544
0.008342523709566476
0.009288388159768766
0.01027549753248222
0.011128743650425734
0.011782816564161816
0.012256731738101946
0.01251270738759257
0.01245578232927208
0.012045295292789427
0.011446578666971184
0.010921309314946429
0.01060891559247724
0.010466117367836985
0.010437647174452768
0.010407646154698505
0.010317238685812821
0.010107908496390148
0.009898014447488604
0.009891890182374347
0.010333604339370266
0.011087529466982217
0.011732311993063925
0.011872350219597209
0.011459340056105008
0.010679852584733644
0.00983175432533826
0.009171022456801112
0.008998746641064625
0.009467082709922357
0.010475477965251582
0.011533163588200508
0.012094464598643951
0.012075640689046725
0.011813553177032497
0.011546054149088282
0.0112075912745388
0.010729584532846411
0.010287049247392047
0.010171236952814244
0.010454034366760684
0.011001951725129027
0.011595371899010052
0.012056983731153237
0.012287607783376342
0.012206384262261458
0.011896886861611989
0.011577905790863529
0.01159450872921786
0.012172533475501533
0.013147029031517989
0.013945079819722888
0.014010248000995708
0.013280271298096991
0.012162691402034458
0.011124305443418565
0.010487725570561974
0.010375666804365179
0.010652774809115284
0.010905733067229787
0.010729957026802118
0.010064459958703535
0.009214285578019298
0.00865323610015582
0.008603111825980867
0.00909183542618985
0.010120390805174486
0.011622766249937617
0.013298768056332348
0.014585713530589963
0.015026291232182167
0.014622697102593316
0.013911704108154293
0.013348539673031621
0.012971651435704416
0.012569245005758133
0.012006649534274057
0.011355630397365904
0.010809408132464332
0.010509445450661393
0.01036189621428753
0.010238470587277228
0.01010841137605122
0.009984475952793398
0.009861743845775808
0.00984695695345282
0.010058676881046506
0.0105672527786516
0.011173703778396748
0.011649071277544385
0.011812847690210135
0.011809491289601643
0.011749401619480031
0.011658528185004862
0.011461719760835414
0.011241519625140082
0.011062902852529533
0.010857632249296395
0.010510289183162215
0.010093446944442058
0.009783250741929499
0.009725081739895051
0.009852542757682924
0.010044768949730581
0.010320404871721551
0.010817272702436896
0.0114400294701391
0.011780446083029366
0.011520703631638778
0.010738927756456873
0.009786541121303836
0.00909050885591109
0.00892910624208214
0.009327104704326772
0.010062407823627327
0.010851712278660625
0.011352653489132588
0.011426408750496355
0.011204332146935425
0.010947946536119845
0.01079211107609157
0.010775098964040107
0.010820477111354532
0.010816681845970278
0.010578479858274778
0.010030587956193944
0.009218140111540245
0.008365532076343623
0.0078031162706684015
0.007915740557133852
0.00880408539603079
0.010211158249422867
0.01164511243551333
0.012558964553433768
0.012664988160155499
0.01207885098383147
0.011275011575488533
0.010654297410767705
0.010322231692506416
0.010137137081256202
0.009973405843821437
0.00985239092778112
0.009843431793466272
0.009991002238845486
0.010218007161866875
0.010317888347020448
0.01013573068730269
0.009738770612638758
0.009400509400303965
0.00933890013679759
0.009484637831297488
0.009596748430073255
0.009519771200527303
0.009355323434794217
0.00925866776800213
0.009230502295818887
0.009224541692476872
0.009399819576771853
0.01002584163613699
0.01121267113037372
0.012682443814731489
0.01390073831388111
0.014279508537740515
0.013840835937327088
0.013223411263879927
0.012837091906464185
0.012559640031280002
0.012219996683922976
0.011819080073836603
0.0115129482992864
0.01146605528521963
0.011574132015374192
0.011626867904482233
0.011659449477680602
0.011864863559997654
0.012284030751378123
0.01274320600208615
0.0129548744629711
0.01265518268682272
0.011809827132910239
0.010624883383103554
0.0094640168634858
0.00863836790356645
0.008290125628100935
0.00837662425782277
0.008769069458149238
0.00936960048307394
0.010133984772545542
0.010905935236374273
0.01146381614905316
0.011791405331476854
0.011979803199790208
0.01194017099850747
0.011499999085255837
0.010802008010259444
0.010296771886864382
0.010289362548732075
0.010712088453421828
0.011362989127955109
0.01216070779156855
0.01302052395992603
0.013724470311105184
0.01394266259862867
0.013692141175369233
0.013310221816501102
0.01315981776961708
0.013209252677815553
0.013172422090249731
0.012850170776891476
0.012398464264559676
0.012056033050174235
0.011904771166900797
0.011835455434113438
0.011644877475260999
0.01122330095301214
0.01063963469889849
0.010213989512292668
0.010214735091225785
0.010605475156286138
0.010981448200614806
0.010924574663097576
0.010285919031728735
0.009400170018162676
0.00877648153718262
0.008758400466399542
0.009252897057571327
0.009780081115949139
0.009873506838423009
0.009400104186742753
0.008677923287751563
0.008187706021794614
0.00829549609116501
0.008943008638532328
0.009660717430332193
0.00996980322032497
0.00994518504927048
0.01017956391323197
0.011098994834589525
0.012464504799846733
0.013523480508084612
0.013615865287539712
0.012761408425135113
0.011573591348195383
0.010811710050805121
0.010755746238948491
0.011157170068218753
0.011548562150528303
0.011734740106884398
0.011860632375153293
0.012095652398924378
0.012325340402856632
0.012333190573434304
0.012020987796387017
0.011472195219126957
0.010858628776045516
0.01031701334552318
0.009679431561889598
0.008700625158595852
0.007500258151355953
0.006637419135905488
0.006540448475470517
0.007224069943226314
0.008468301444831574
0.009937843178253703
0.011268565069284604
0.012226407215776962
0.01275959797408226
0.012790526762610294
0.012243140200427886
0.0113581036165627
0.010669331953383402
0.010486365873357911
0.010609136716243901
0.010615084751829882
0.010195405632044944
0.009388613374792599
0.008548965834218684
0.007977426491512426
0.007767985247164943
0.007980797652639053
0.008666191114819937
0.00968171142474798
0.010677795538869128
0.011421678223992796
0.011903344224517056
0.012201719034085387
0.012386439109253472
0.012418739633698621
0.012195580473848992
0.01160400182178549
0.010790161867442227
0.010077064469096009
0.009671587096242183
0.009531178560241594
0.009544321448163482
0.009634642333613897
0.009777666260112877
0.010032100033890743
0.010536662215112985
0.011226663351645795
0.011924811650140135
0.012508705558095752
0.012862017544344287
0.012762707830119263
0.012130811469387506
0.011233911583295989
0.01047984013014489
0.010054046494679112
0.009861647146936093
0.009717815478026269
0.00954232388277007
0.009362464031490691
0.00930126360220375
0.009545413147129781
0.010040297147754729
0.010442032336957516
0.010519121723907022
0.010449611795574205
0.0107142362342838
0.011524531651198626
0.012746183082021176
0.014011906449766654
0.01499084418042729
0.015538967891642726
0.01565649632408966
0.015323483927162256
0.014479953030935184
0.013128458747109027
0.011570438714879857
0.010360957402313166
0.009838995379689958
0.009767466627222748
0.009579322849401797
0.008981482206239849
0.008189352935576504
0.007607827844461979
0.007475416954178752
0.007826611561696627
0.008628937131097381
0.009720078987541009
0.0107985969964632
0.011598027300167736
0.011986608044148722
0.011977843724798504
0.011730671948294615
0.011441798765423908
0.011249502106522086
0.011232980274365222
0.01136669131245015
0.011469604481715552
0.011314507596202044
0.010731023348041806
0.009825983414190791
0.008869641117448807
0.008120826820190262
0.0077814760393726925
0.008007423372676528
0.008783436688642184
0.009818197038778674
0.0106967503591249
0.011030448621270556
0.010702519822074326
0.009975161948180102
0.009343431593009715
0.009371626912279895
0.010196220054172344
0.011437459800851596
0.012519878673858053
0.013019749356163209
0.012866207235488732
0.012200313409500611
0.01134749312738506
0.010486160913170093
0.009634484705987649
0.008898703283797865
0.008526580152676058
0.008726262996285976
0.009351055916877413
0.009848406798987833
0.009742122181514247
0.009127474375864825
0.008583421629642768
0.00860673073517951
0.009210089420758162
0.010020639315163029
0.010603217598802634
0.010728923143327667
0.01044003301814273
0.009951734394219994
0.009534369733713566
0.009372323031600075
0.009387856593953026
0.00925237145952578
0.008795507352257759
0.008279309792539116
0.00828497139606353
0.009077352221987129
0.010240115481487165
0.011153106549304218
0.011636175203897495
0.011865648302525582
0.01214737159989651
0.012706725498340461
0.013540398950661715
0.014254206882624227
0.014319114461491554
0.01367266889863732
0.012708356163386135
0.01179874078506956
0.01100665089790939
0.010157019853569435
0.009035272383426933
0.007765821302923481
0.00671792253192725
0.006333030403403533
0.00667479564538098
0.007386499845233773
0.00810025152945108
0.008761559880633776
0.009695487088592815
0.011122679814948827
0.012738708074856293
0.013899546353473811
0.014153987492201725
0.013621881123207565
0.012591762447314454
0.01137125129958272
0.010154655151903407
0.009088510322654722
0.008236894675951808
0.0076415389212573966
0.007368224408804984
0.007372929082895719
0.007423864267658287
0.007295832929425249
0.007069999473473323
0.006975146780341382
0.007118007340184147
0.007444185081709222
0.007810722883550989
0.00811946411508626
0.008295340481426012
0.008411654632157737
0.00870047430973363
0.009240140849894664
0.00979113609328461
0.010162939469588362
0.010416852792540128
0.010755629048543547
0.01130110046739453
0.011903217816311203
0.012257189361674537
0.012055442534894153
0.011402758105734752
0.010743447435719857
0.010416011244460045
0.010432669921133925
0.010683339209140184
0.011091579140264185
0.011569177155073322
0.011971149348432313
0.012079560985657888
0.011740909799378176
0.011024196695987072
0.01015070808905061
0.009385638551897633
0.008994893366289811
0.009131354421122884
0.009610078287177614
0.009867336547194962
0.009699321954375544
0.009504373609049228
0.009675001718537331
0.010132099027493225
0.010551498212570601
0.010778025671283631
0.01101656041914728
0.011482973446043833
0.012132933099748227
0.012643623516385554
0.012869821636644994
0.01290735655222712
0.01294473340894059
0.012851881739909716
0.012438817561450453
0.011796326738221282
0.011232748413778349
0.010969843488517098
0.01084763795770414
0.010571248233457016
0.010011463801386102
0.009265368959468997
0.008659251241123506
0.008506034821281106
0.00879348794559237
0.009261795064603952
0.009761384741906118
0.010273516808934754
0.010687941733740264
0.010822372409333324
0.010674672957265322
0.010663215897797694
0.011261635120645966
0.012474555601488323
0.013787442861039036
0.014645666644878796
0.014914517686668145
0.014784241450615411
0.01453526174912613
0.014197093745386686
0.013686825439099553
0.012899301141849713
0.011951630895274325
0.010992135309368618
0.010054012193667456
0.00906169082337851
0.008104846802263695
0.0074298107826382435
0.007307327947624469
0.007765283187932161
0.008539261489926212
0.00911649673454682
0.009122309536157523
0.008689958358542601
0.008220596674594464
0.00798088860621295
0.007843271068837076
0.007584641155666558
0.007123353827586074
0.006715439245458455
0.0067435848496530705
0.007361186742009074
0.008364982121091331
0.00947552850607192
0.010586260400878029
0.011647743590322437
0.012712141327161582
0.013831508932598593
0.014857004601303167
0.01549383379132213
0.015448394927352678
0.014759038648155575
0.013789339131692792
0.01290140821777079
0.012168716738711323
0.01138588059614213
0.010543032238284697
0.009844145054027167
0.009495144446759009
0.009470744424948815
0.009572180702853773
0.009628548498832263
0.009641067633799792
0.009857293221132662
0.010474343230040352
0.011287371296518208
0.011687780640974706
0.011382156972768141
0.010679869151693425
0.010109959796113732
0.00995657309361749
0.010163011573621105
0.010483526062754796
0.010728001698757542
0.010827050531184136
0.010809895132105252
0.010725974778351273
0.010582560403722765
0.010421757489933547
0.010365286055034206
0.010558423558532287
0.011090479555123928
0.011882071594486976
0.012588907376248142
0.012773655192542345
0.012207146169771282
0.011227712133579216
0.010481224695732486
0.010418068732298806
0.01090278837735432
0.011473466183329211
0.011757967124761954
0.011663508572743269
0.011278765171477289
0.010707123808835341
0.010142922083988464
0.009752299023769105
0.009585967944146083
0.009540099252487038
0.0095584704651786
0.009856452283529523
0.010599387330224521
0.011612618055718529
0.012343915347097315
0.012297503729621635
0.011438309898078099
0.010268473843127702
0.009545550563045136
0.009682746663120554
0.010488620173019277
0.011418930208359471
0.012103199266385326
0.012477268453929179
0.012626108034934554
0.012462264317084465
0.011862117208257129
0.010886218058332427
0.009901010969641322
0.009232905856106526
0.008870320679400565
0.008722751222747675
0.00877824030319179
0.009067913823908091
0.009396030035412544
0.009618318192553281
0.009698480017528285
0.009767361618569384
0.009849387172761714
0.009847353143036364
0.009585923677176983
0.009054289635948884
0.008522995683877824
0.008289003568189311
0.00842153225678107
0.008832258502753694
0.009310443605243364
0.009750610644751648
0.010101188347678328
0.01023524611832559
0.010060481468841687
0.009814015189043351
0.009801532637349342
0.010103432104016924
0.010507996311397347
0.010789530573991648
0.010869653536902803
0.010781594759973714
0.010536597798016061
0.01014119617214225
0.009689884339706068
0.009307532263268867
0.009206562910794485
0.009517595914238279
0.010124958997286031
0.010662000792358248
0.01087870654788596
0.010755844179234269
0.01033205464863571
0.0096854404199454
0.00908924818569975
0.008808098498675681
0.008879331720428296
0.009155820995008427
0.009461876025366833
0.009699094298970031
0.009796800147122964
0.009749051616971843
0.009720893296100775
0.009993486514336222
0.010642384211408043
0.011415369969187194
0.011916164149427023
0.01203730328572717
0.011855025363221434
0.01158746328424355
0.011355826341281579
0.011094035264479487
0.010593838940446385
0.009778756264959346
0.00871599348310374
0.007601185608958043
0.006679392922218402
0.0062832542120573945
0.006621856919620971
0.007531339860458625
0.008609971629353619
0.009547636280395197
0.010219276665151555
0.010639095810430698
0.01094828893442136
0.011209454614789276
0.01137086151126717
0.011273444494432596
0.010949829262734283
0.010582405782674388
0.01047412524980756
0.010641594372672302
0.010910974280198419
0.011107544872705275
0.011255546358540253
0.011472683159380492
0.011826229214268322
0.012198578255799583
0.012382347742344764
0.01227551211135614
0.011958199898363357
0.011580600071977535
0.011098510593072921
0.010401781805664968
0.00958939471398104
0.009015906149648693
0.008866048858606609
0.009046419503697022
0.009336041029051105
0.009540896263707854
0.0095864867861857
0.009546947674353984
0.0095501657950228
0.009734683846840654
0.010247305469199572
0.011138214376502096
0.012141965682684094
0.01284696721461685
0.012932697701628167
0.012431498567390824
0.011656132317277352
0.010972732308492095
0.010553322459492009
0.010329051557990191
0.010188769489020614
0.010138792075875525
0.010344981538088698
0.010845055743711593
0.01140168488329022
0.011687806080389248
0.011400148220137032
0.010583783637147718
0.009702530621144812
0.009194032996811001
0.009031167620389469
0.008908333748858372
0.0087006100850117
0.008595311727601442
0.008842917617028621
0.009480189643238967
0.010271966841482886
0.010740406487879649
0.01054989301302434
0.009799831050292477
0.009157178376493146
0.009234038115256811
0.0100853146647103
0.011057471737348959
0.011323006420410063
0.010569074812383894
0.009265139296656096
0.00815234831621772
0.0076309783047467114
0.007706141233624211
0.00821145533640271
0.008826279337321065
0.00916924070561721
0.009181770693237995
0.009175139243833978
0.009493342414179932
0.01018866980425504
0.011002115743073927
0.011505874829996411
0.011491902359424527
0.011095937761338898
0.010660210528420002
0.010481851186404273
0.010642987579166558
0.01093958593285189
0.011019288589704487
0.010723171401402457
0.010239042796813027
0.009719556489403895
0.00922780122843151
0.008778495439691694
0.008382164531397285
0.007937868831708527
0.007414840675685639
0.006883289915425007
0.006525174713838794
0.006449280271296372
0.006727158350941786
0.0074054946727056935
0.008446952337344427
0.00958272696535995
0.010438000208476142
0.010857133059607338
0.010966328178736768
0.010929213136362378
0.010776325792075181
0.01047024700556695
0.010052536504172952
0.009634335009380029
0.009461185191653133
0.009703194103612893
0.010409319935049524
0.011521874038420993
0.012810077499330217
0.01379863067832969
0.013988213629763999
0.013343786659138782
0.012128848983984671
0.010688640255563113
0.009318580483755418
0.008303247239618571
0.007852276404996715
0.00802539554862924
0.008693374494908257
0.009591667957738994
0.010420248305258192
0.010995777405944743
0.011327268274142304
0.011551048009355898
0.011778529815830698
0.012010792863524116
0.012170190619326445
0.012243911267931014
0.012272350404787975
0.012358974863512198
0.012646726007843275
0.013268419335825647
0.014192657448130731
0.015097613596542405
0.015477169514250653
0.014992597538974443
0.01368504092046946
0.011990182152373276
0.010488741706753986
0.00957790666094067
0.009278859484853162
0.009340905303411777
0.009421190660369899
0.009337621202789966
0.009170318212148702
0.009155415987383503
0.009441596385523629
0.009974571861555225
0.010699876851780152
0.011555137118757228
0.012355132969345746
0.012672621571710448
0.01230369884893547
0.011524564245066439
0.010853679618293439
0.010555251969883417
0.010582173516501203
0.01073818110101312
0.010805387379980245
0.010744606858315377
0.010859204055938815
0.011465735978715749
0.012473365310203037
0.013465174114557164
0.014051229991004676
0.01416309310880399
0.014010128923658997
0.013910930574267004
0.013892539535517551
0.013587377930848545
0.01266878608496149
0.011330223790390049
0.010217919210108105
0.00974398662695524
0.009745824162720313
0.009827137561970942
0.009800998306607316
0.009696498703163955
0.009541311119806193
0.009274443072673699
0.008949182894008555
0.008720578464044795
0.008739611920657033
0.008969904540773892
0.00925056154648175
0.009465375469079067
0.009674081911143386
0.010038910120908746
0.01071985862617584
0.011659076182186642
0.012609082748730672
0.013304078312395003
0.013800393272705845
0.014346219742847537
0.015066756712877556
0.015884888198044
0.016481151208913854
0.01643594813167098
0.015443958559762452
0.013767515119671673
0.01203492154183949
0.01083825585248641
0.010341140753825816
0.010311101353118449
0.010341417294890817
0.010133543966343334
0.009721391675892935
0.009421687006595306
0.009563128244971556
0.010042885171948119
0.010516090508315905
0.010762814804957851
0.010865120267996973
0.010924260606369758
0.010924269150920133
0.010603999748292528
0.009805137108959973
0.008821297562233568
0.00820249603389649
0.008283159348402841
0.009069782024558309
0.01021658915051007
0.011141296845552711
0.011339306074920808
0.01090382492989003
0.0102769731766758
0.009901514013714533
0.00996722556896392
0.010451669371043562
0.011197771615595655
0.012013567689975498
0.012745970438045425
0.013333858907874327
0.013753905842140148
0.013964050952304312
0.013884856960973488
0.013393043703803406
0.012580836960236748
0.011821688404972712
0.011510142797934478
0.011708573378758778
0.012033484640423043
0.012073913163353173
0.011723135596859604
0.011289846463501774
0.011203988613454405
0.011582736824983873
0.01228250807113711
0.013008218154825231
0.01363222921721126
0.014106579158514654
0.014326591840134326
0.014104284398754486
0.013359153150619443
0.01227198399667932
0.011159947502803769
0.010282614992290173
0.009601655752592106
0.009001536001731513
0.008513209506563412
0.008290102884296222
0.008324461500300123
0.008452951757590492
0.00866644625947108
0.009245820349543967
0.01041365501455333
0.012080843399795125
0.013918176357345572
0.015565726686588125
0.016788257114664664
0.0175351394305838
0.01778523564117442
0.0174905384429917
0.016562892602544663
0.015154901312784318
0.013621314155919141
0.012374475216840508
0.011683355038764456
0.01164090532367075
0.012075325089818699
0.012533252668695287
0.012559156862880397
0.01205047953953523
0.011249335780179599
0.010491981838748297
0.010035899219094287
0.009997481318749028
0.010341926176213859
0.010931188922756721
0.011439896090862618
0.011590487188735198
0.011363503895151731
0.011055121848966534
0.010951722279142793
0.010991836480003066
0.01089853741390869
0.010684210462933786
0.01066690269474449
0.01106139160704077
0.011740975043364032
0.012461149566107188
0.013179842377155873
0.013953867479063808
0.014736837800943758
0.015354205409350608
0.015696660801196152
0.01577593425153689
0.0156920631598367
0.01545768018039378
0.015019784516766945
0.014409640946675215
0.013724882823221604
0.013075282117670992
0.012382536436123408
0.011522452510705961
0.010520350213048472
0.009615934713541998
0.008984409239765954
0.008652221116794081
0.008630759906673488
0.008999715759794817
0.009613713901172185
0.010158775394684669
0.010316505136556242
0.010153487639860185
0.010027703680860848
0.01036875808707639
0.011388160491226582
0.012894947624383254
0.01438741262554312
0.015380817580961551
0.015714514406619175
0.015583346453459799
0.015421662643690595
0.015479252881181502
0.01568693875934933
0.015782565682286916
0.015473917745101404
0.014623221206102401
0.01346119196673566
0.012447376470622004
0.01184700857758433
0.011565645741382975
0.011522624771985535
0.011684758868416856
0.012100522571265237
0.012634973198350621
0.013085903079786585
0.013250227222485136
0.013045544544005921
0.012448464243824144
0.01163378595923755
0.011003522398966153
0.010951838371026788
0.011469461405687744
0.01211719760803446
0.012461275669468619
0.012359997943725064
0.012158774759273657
0.012362621279456993
0.013207135686416672
0.014481260210338288
0.015694796500651108
0.016459469441917892
0.016694556432567346
0.01663979723988351
0.016512238241763202
0.01611504347072109
0.015093596825262354
0.013440026169877661
0.011539767854693692
0.00991402874208878
0.008946227441433384
0.008718784637676263
0.009036141307785642
0.009480623302587046
0.00966276310150958
0.00949644558415819
0.009111109622526117
0.00870017612045494
0.008432685930331143
0.008552432832151778
0.009206074302366616
0.010317034889072872
0.011523731709406512
0.012408281774929779
0.012621127383048204
0.012253032150671066
0.011879375838515758
0.012148118884094049
0.013216846792838298
0.014690399812975593
0.015938238053463595
0.016536822866814845
0.01633552646322266
0.0154501855100075
0.014210339533594418
0.013122917651585946
0.01246056831786929
0.012222983876468911
0.012225761737905759
0.012264696115809586
0.012101945039698877
0.011675780517921302
0.011217418233275116
0.011127274091075756
0.011538182782026566
0.012208379737659645
0.01271860611371426
0.012739195914615977
0.012166451356077084
0.011212781248990656
0.01021570957051349
0.009347816482012368
0.008593494555245888
0.008038000668077583
0.007998452150353002
0.00879978046765488
0.010357034384909414
0.01207869112147546
0.013291258955531376
0.013723775795434575
0.013601300309944081
0.013290683287803012
0.012894999594432806
0.012290321208970202
0.011406833555668277
0.010462945788987116
0.009872094196393814
0.009933139931042145
0.010514584148704119
0.011208822932224166
0.011697354308031739
0.011951461358950949
0.012027838066819112
0.011971291766928719
0.01175100839885534
0.011522074680476963
0.011551943268241735
0.01201909304464281
0.012654487280826911
0.012934141435762294
0.012565356129770352
0.01182830482142119
0.011136327727717835
0.010857362995130881
0.011181097444697584
0.011999447923524288
0.012942253005089738
0.01363386721148828
0.013878387035699095
0.013615455250073828
0.013000739538904783
0.012306133550736776
0.01166635791880939
0.011061818722869647
0.010461935361689531
0.009939979932247595
0.009644270280348439
0.009713973734152252
0.010130572841640147
0.010719299109290183
0.011285049433818077
0.011715255923455486
0.012020593317268135
0.012201119045627365
0.012120150721368838
0.011828815921261886
0.011734912891864995
0.012223373581486197
0.01317391959444493
0.014004992618081009
0.014325675094510354
0.01413718691783644
0.013635445370849882
0.012870347899464455
0.011710839082149389
0.010273371700160024
0.009039028453770994
0.008551630933378561
0.008716213409029235
0.00899667727996288
0.009089996585701225
0.009092940015693192
0.009211040869698654
0.009654566249436208
0.010573472084186403
0.011970666901301419
0.013435374581029787
0.014456273333067883
0.014830837326603953
0.014689244826378312
0.014276827227808679
0.013737511391162424
0.013155508114328458
0.012437000123329057
0.011432948304131229
0.010248196270198575
0.009367015286185382
0.009239361609908065
0.010016247479906279
0.011411230881421095
0.012865311277070366
0.013847530465922908
0.014232408160840274
0.014299971804406428
0.014406845421115025
0.014578766646928667
0.014642799472096932
0.01438831840095191
0.013877233511520332
0.013272860211573135
0.01271101218140478
0.012353250541422608
0.012401420422095109
0.012924760685298473
0.013792160743105599
0.014759026686988445
0.01562520153681942
0.016311183406584676
0.016811277945312085
0.017019435701768774
0.01672568694396055
0.015826413039567628
0.014553062832964021
0.013426187467134039
0.012876243178254752
0.012840758129299995
0.012912585072647195
0.012740268824703764
0.012282585012328632
0.011605105880966067
0.010906847470918626
0.01029640536599877
0.009823206643612633
0.009521528873164702
0.009544109723756456
0.009927424996469173
0.010466601043857018
0.010846992693891402
0.010941774675030512
0.01089258521819362
0.010966179791031707
0.011338471739854191
0.011982043196179872
0.01273745208503272
0.013363490460207699
0.013634685649627762
0.013549507412211807
0.013100308470577056
0.012256840386565198
0.011063034034290953
0.009797990087872244
0.00888636777262169
0.00868382990729695
0.009290730001077914
0.010346516964670921
0.011380484855338217
0.012094940664814481
0.01250190767799355
0.012760740228430618
0.013072620811623536
0.013616983116677353
0.014355362892111296
0.015002460595320347
0.015376485876069863
0.015479172218375765
0.015251714544469604
0.01466502939133696
0.013768435095640892
0.012851110240601598
0.012175597067175352
0.01175626075095983
0.011462276877154632
0.01112656555745344
0.010749295755134839
0.010542943124780798
0.010824632085941192
0.011565866320091493
0.01225491789023211
0.012284635870005963
0.011494293472976026
0.010231456729711243
0.008926579764376778
0.0077886193137396585
0.006976121247911008
0.00656734715122566
0.006571116260777
0.006888014960189724
0.007389586760712254
0.008049335064777308
0.008986287237864689
0.010194432253153474
0.011407240491512694
0.012222323785660646
0.012539301204068827
0.012499066253435685
0.012321778050331949
0.012118989142797817
0.011999576679479094
0.01192484417223877
0.011805028515470214
0.011497697422970103
0.010980326831745822
0.010389665790050885
0.009866152290049996
0.009381003428851434
0.008680535322781992
0.007633347420538996
0.006439542552210185
0.005592654421280722
0.005406440490038695
0.005890691589457959
0.006751183754501349
0.007639570358973449
0.008391486955476299
0.009070573535342857
0.009843070897860266
0.010712247462091323
0.01150306600002991
0.012002547196042669
0.012055515203225274
0.01173096926983456
0.011177295843007575
0.010560498525881817
0.009996369812686675
0.009642584624194334
0.009489399511089893
0.009440353757272618
0.009468376962743169
0.00955529396640484
0.009640063252656558
0.00968651230281374
0.009711958070235647
0.009715537445283803
0.009652967189254007
0.009494155882422991
0.009170275008586385
0.008600617929970304
0.007861151422575558
0.0072838590672567125
0.007293299672542042
0.00807396185152023
0.009447402640208193
0.01098045495294123
0.012310317087058691
0.013109585892534251
0.013133660440309058
0.012434572861693952
0.011463825505862174
0.010758537037303381
0.010527679108387868
0.010537299683330842
0.010430962209395482
0.010114590964039733
0.009696882664835958
0.009297415427606457
0.008975173615118669
0.008760843458296568
0.008649915012120746
0.008643913017894567
0.00885798094910584
0.009312234390043287
0.009820856606684003
0.009927460465730743
0.009374504608707661
0.00827959247190803
0.0072349114278518695
0.006888629814839292
0.007568606484691154
0.008973491113992002
0.010312322286770474
0.011000058547832434
0.011059608002932179
0.01088117389547129
0.0107206177583573
0.010605734246758126
0.010438688867543042
0.010138024508886012
0.009662190604186077
0.009020902462372839
0.008317876350490156
0.0076805298119445985
0.007268245445507757
0.007184734176847106
0.007469928375142347
0.008080528621521981
0.008832674402350886
0.009464291052508806
0.009843777186353975
0.009997792709605035
0.009939121010428252
0.009672631654781603
0.009353369863396742
0.009239919663355335
0.009526163663888039
0.010153649962561483
0.01087143310123306
0.011331664992763228
0.011243301079641946
0.010603159491656935
0.009745316688529147
0.009158914344987513
0.00923567397134574
0.009965114342640942
0.010849180049561695
0.011207491462164066
0.010739707026719876
0.009790910506484136
0.008954284390368883
0.008510183718093292
0.008418290204063438
0.0085690534108761
0.008914425650076423
0.009415206889473497
0.00995475411301778
0.010406131724330393
0.010551863521175058
0.01016256421352688
0.00918748714030935
0.007929530651621776
0.006848286417357966
0.006392188416695485
0.006814622965864811
0.008073595366648803
0.009775869826833499
0.011416859151726926
0.012656571413163705
0.013383636074161953
0.013698163727755609
0.013763378305638601
0.013664896827809116
0.013433418328210895
0.013093695353199842
0.01273556409407785
0.012354806114632638
0.011807427061418789
0.011172870517820224
0.010687842753452607
0.010440725076577947
0.010226580137676895
0.009787054302541157
0.00907282075269391
0.008330423205656672
0.007889633691870745
0.007988823498837092
0.008770766499047266
0.01017335238508802
0.01174002906655122
0.012777161523938702
0.01287120555378346
0.012340478500556888
0.011810493533909054
0.01148391902679098
0.011230811594398362
0.01108290653320883
0.011278975961743012
0.011882128779360087
0.012501100936288045
0.012514510726992984
0.011641018600781615
0.010228970419315076
0.009056614704861403
0.00869102489486642
0.009102859707836435
0.00977574000299454
0.010444094780371322
0.011085007738843923
0.01170396034261075
0.012161329056283256
0.012487253909486526
0.012674990520647097
0.012440042712057191
0.01154505365463621
0.01041225655762342
0.009908979907777211
0.010449884521582478
0.01161306802809522
0.012613443516429382
0.012926707290573982
0.012423783529025779
0.011366870818924766
0.010273122385077809
0.009767582184667176
0.010119265591628837
0.011043849832400029
0.011856238450800494
0.012156280129945567
0.012045288803666747
0.011816046274720021
0.011533697464066187
0.011080541652525856
0.010497698331904354
0.009875374920565122
0.009191222941015554
0.008388709704422776
0.007690078152011254
0.007463382183821482
0.007909267612438278
0.00887327710707884
0.01007523583411329
0.011195031461195172
0.011933561640668607
0.012220005311743536
0.012288308189467075
0.012394214876103173
0.012584135468291322
0.012713372462805874
0.012671952540424605
0.012376087603648772
0.011857127798953053
0.011154475667246101
0.010264567158083084
0.009180145908355192
0.008185150267705348
0.0076830154111463145
0.007805161211725363
0.008414947107703635
0.009368579503898869
0.010518418127626331
0.011536054699543089
0.01205262245603201
0.011992052641483229
0.011703535115543276
0.011676589541538567
0.01209554670503474
0.012619629520373413
0.012778527115975912
0.012398273464846673
0.011656540513659512
0.010872052325139393
0.010319340635900088
0.010144754967190982
0.010357820816194154
0.010959721829447114
0.011925671200686558
0.013071982624678315
0.014054334615869711
0.014776542863678
0.015218527708970787
0.015187506074550359
0.014468618279775016
0.01320219129019134
0.011827340922304698
0.010693035724075687
0.009914710674843981
0.009460153425721242
0.009344330476160762
0.009582128109979162
0.01007659791204523
0.010624104775365842
0.011046608826932607
0.011241840712695765
0.011266427650040989
0.011304897137884993
0.011576737269337507
0.01219383912129045
0.012908172124809629
0.013283769676759075
0.013093780586812391
0.012442510253699185
0.011717457018194571
0.011339093998002061
0.011461482439498823
0.011781248003543764
0.011894686952200202
0.01174088887817728
0.011658774292368545
0.012004807173631001
0.012844089848077337
0.013964160386779636
0.01502473920611346
0.015688497915125103
0.01591109290026889
0.015743267883814492
0.015190052031437817
0.014124700876410422
0.012612322360282488
0.011015601682535259
0.00971286744159506
0.008817837970530666
0.008302331865634352
0.008101053082323877
0.008129619551336415
0.008218847628551768
0.008223674346355916
0.008141491903950202
0.008035713555299417
0.008052721040557015
0.008343498425543695
0.009030124981727021
0.010177296526574465
0.01168204280037888
0.013243141037474385
0.014411096973246624
0.014793079119051915
0.014186277665482432
0.012826585262821051
0.011406963310000769
0.010713774212783215
0.010906628668175187
0.011565813559134748
0.01224044208377694
0.012776391378217657
0.013076696363781927
0.01304110855585613
0.012763079744693071
0.012465385897997014
0.01219611549829285
0.01184236267106657
0.011373990581253664
0.011050141035598197
0.010987182666846191
0.01104115261690107
0.010923778628249434
0.010486383487385233
0.009782671897035232
0.009065902197454206
0.008652896090673767
0.008706412263697715
0.009165933186729773
0.009765243662697933
0.010249104034074603
0.010579077155095096
0.010879636640192309
0.011251026924819526
0.011600126578995378
0.01176041633958992
0.011658559661970887
0.011448915832338206
0.011455688913614006
0.011905432906027583
0.012565889596926045
0.01283227227053387
0.012266729551443513
0.011164304742068289
0.010181385469513917
0.009708559266985417
0.00960975110988928
0.009629045980833657
0.009737367021160768
0.01000961565981394
0.010488482975189164
0.011027289940424125
0.011387621564285131
0.01132281212880919
0.010841900974910909
0.01037786948769832
0.010328582018916758
0.010644174613758849
0.010984897690088563
0.011315539871710627
0.011910100196088779
0.012816466514373182
0.013834832415681142
0.014634569632049834
0.01491255673138728
0.014534850309168477
0.013812510882851993
0.013302619092097158
0.013208773167224859
0.013250201853328139
0.012983997895242032
0.01226999757683225
0.011341138775988505
0.010532312684172627
0.009876713293967825
0.009262751943601759
0.00876267054787465
0.008623359679201685
0.009031838433279819
0.009809469370256719
0.01061517290092617
0.011136848410167237
0.011269199636885422
0.011102010400558965
0.010859474131374985
0.010772373469077823
0.01100948284855167
0.01162276543117508
0.012402311961818353
0.012897661067821708
0.012687920867993778
0.01181702691938829
0.010834148835767544
0.010299861972809916
0.010344860421649789
0.010603625772835001
0.010690751252242666
0.01047077514830013
0.010120399682881054
0.009879868437339128
0.010004667559155576
0.010555776333982157
0.011429949008792028
0.0122926577602499
0.012855872174093383
0.013020878523160504
0.013002597949199168
0.013097071073631242
0.013299837567273431
0.013236461782442801
0.012614132139491795
0.01162359084324046
0.010685659853041441
0.010048226205649227
0.009747177150742015
0.009749547927552374
0.009947563342113405
0.010112513435242316
0.010072577641569188
0.00992105070622924
0.009823104477015078
0.00974384543226308
0.00946391529132529
0.008879631155204138
0.008243178134495262
0.00795289881450713
0.00813682780828503
0.008603246627458557
0.009174417793236021
0.009760729591011062
0.010298578085870798
0.010747945446422848
0.011315766229615044
0.012172203646362723
0.013150308153573735
0.013760040124282096
0.013792062870239404
0.013404600390773043
0.0129742576813651
0.012712445319897441
0.012749490325201509
0.01314614623919419
0.013788274264115826
0.01442731097857781
0.014838326325613577
0.014915247216821992
0.014755881098160319
0.014446484347318156
0.013908284968926977
0.01298932267020152
0.011690798676140665
0.010300821593994595
0.009277788302500076
0.008936633014075386
0.009218081513085856
0.009798247477877945
0.010399112726689233
0.01074497778999637
0.010656956828452035
0.010199897900666981
0.009789578663089283
0.00980558497742083
0.010274733397873237
0.01104383108913115
0.011804229221005718
0.012288841192290808
0.012381077900984454
0.012144398500832727
0.011786396592565605
0.011578289554450484
0.011647888905892266
0.011915554598922656
0.012154621664218393
0.01220906222175018
0.012103491481227694
0.011960429669873401
0.011931626022769154
0.012076784550682581
0.012221162983145201
0.012192619511763161
0.012032312443721393
0.012027116051974375
0.012295784405842515
0.012717820948824614
0.012949093883958122
0.012764210869337524
0.012236200360703274
0.011777845346860489
0.011793693247636228
0.012328225678475331
0.012872083734505792
0.012793526137984287
0.012088678121337851
0.011341782218430801
0.011078262169664902
0.011336305723694774
0.011839450861359133
0.012378235854632802
0.012907881928849925
0.013365670311987479
0.013545814964536112
0.013234710111224408
0.012488341581695823
0.01149288232256897
0.010509197200095268
0.009732803576248986
0.009346426760301667
0.009424208912415242
0.009963251580996469
0.010734130333982544
0.011331498231187688
0.011482593854070416
0.01118352006844021
0.01064300118035759
0.01013338986840593
0.009917821018597802
0.010147709259462507
0.010698587385415783
0.011319479131014002
0.011704347721448089
0.011763677024938152
0.011513294579048596
0.011024451083817631
0.010465805789225851
0.010147694323646404
0.010424440040063775
0.011252254055393738
0.012178370654608334
0.012642903298718243
0.012430330779060588
0.011670557011241494
0.010769931660766908
0.010104394252780395
0.009927051126905864
0.010367449052071072
0.01143874023846716
0.012950962304559945
0.014467531666320758
0.015374933876814309
0.015200783157072482
0.013904508825185182
0.012046853064189301
0.010367272537117148
0.009316601444936653
0.008951009032910831
0.009231520702926908
0.01005593362396135
0.011145028757446695
0.01211209641467437
0.012812376515043907
0.01330917545230005
0.013656547195648122
0.013718708870954624
0.013370358568718781
0.012643582189211938
0.011796576702729551
0.010969783661943542
0.010124545326585344
0.009296009566438317
0.008719687052042869
0.00858663219758838
0.008843320983426316
0.009215965912859597
0.009462645324200663
0.009472750059371432
0.009335844808099864
0.009327110712204
0.009756140085276229
0.010628700684605072
0.011614786762724271
0.012362241870272649
0.012670293457278745
0.012551218238780465
0.012090227630268109
0.011264763797086935
0.01024536854981466
0.009457435415607143
0.009444155858321911
0.010403801010756632
0.0120455616665994
0.013694285526897597
0.014744892287358678
0.01491224140314103
0.01429830120917306
0.01324323558389233
0.012271451101421646
0.011860091898932031
0.012066042990725532
0.012510254706023393
0.012902124703649686
0.013073532361080506
0.012885474386814992
0.012278120412269682
0.011344626557136112
0.010282108360587402
0.009283249839502393
0.008486976524221703
0.008040624430489241
0.008087448253344986
0.008509147164712022
0.008883053144171878
0.008922100976551692
0.008716140833391806
0.00857356331185872
0.00876110942435928
0.009443369254460151
0.010594494909128527
0.011892401331954622
0.012949339393264352
0.013460591743854347
0.01336054818404756
0.012697781460726108
0.011633826339986596
0.010446925653069487
0.009516328387104271
0.009268324966496287
0.010055254833994163
0.011795510335833188
0.01383797264564182
0.01529613261468592
0.015655434275773237
0.0150642464126316
0.014129440752208294
0.013268254662994567
0.012531922880342437
0.011774210374718066
0.010950309161392453
0.010150421260156391
0.009447920945720892
0.008877306668364823
0.008503478768584387
0.008365250674125515
0.008297807576128706
0.008117834015521361
0.007943134701391337
0.008135404180127731
0.008805194723127128
0.009512493376030275
0.00979895090774183
0.0096856903534238
0.00955854093612271
0.009693915129714183
0.010002790956242406
0.010169455653268994
0.009947285816740304
0.009451382094482829
0.009096923532768426
0.009248484243258961
0.009875044004662503
0.010583039506524575
0.01090034391956369
0.010740089514386502
0.010500144271405084
