5.056128044027397e-32
0.0011073194273291816
0.003630484552984467
0.005836779517013636
0.006760561862406604
0.006392739021148783
0.005895132370948314
0.006161652269953909
0.007667254231507657
0.009454642888343235
0.01061591698995154
0.010542276131636448
0.010054384177488277
0.009673426956239801
0.010217400686906828
0.011109856051629114
0.011551779008997242
0.011052540326475966
0.010574360838842322
0.011616968970619342
0.013960049406330546
0.01624824006663259
0.01708365199633999
0.016357624929900953
0.014905506118710958
0.01388186602661818
0.013335030035531931
0.013199280762151383
0.012584013469136207
0.01130074417480628
0.00979086892947063
0.008693864316725362
0.007953734405016424
0.007363466223412949
0.006793025455321955
0.006358187617265415
0.006351259268004718
0.006601765544236597
0.0071026708195785
0.007403223102934735
0.00740348859960284
0.006967633531393403
0.0065389084163811765
0.006309655468256728
0.0064243447347765315
0.0068179158644751615
0.007131927695730232
0.007401304561357815
0.007442383057588859
0.007606960479299748
0.007758660158082207
0.007895399850421283
0.007846711085792588
0.007815092743338345
0.008150724622384541
0.008847245494747538
0.00978387750810031
0.010585540405258515
0.01129413314337593
0.011922937321985034
0.01249545494011508
0.013160818648123566
0.013853035422622008
0.01421908895945606
0.014379301636513986
0.01482059065668282
0.01563996063833783
0.01649425018884184
0.01639424118618489
0.015097371538349585
0.013124065785260337
0.011135122804477756
0.009806475665872068
0.009306948158993017
0.009442177646273107
0.009571812085056962
0.00941128379138368
0.008979736934618236
0.008652199603199845
0.008426348709551812
0.008029079839579487
0.007287558844390333
0.006183523852075713
0.005274115456441724
0.004769210701910115
0.004977893456164993
0.0055937414632514035
0.0062745632661086815
0.006600695283019139
0.00665089869651792
0.00664350906372262
0.00692381414942729
0.007511455207319473
0.008076334531768285
0.008406425929732541
0.008542981376814076
0.008693911957137562
0.00920050172239775
0.010045841241195463
0.010783214906267765
0.011254547148673143
0.011314325438938858
0.011490172462911459
0.012264089657414028
0.01354337422893925
0.015291045236126012
0.01690503626389888
0.01818796550452158
0.018081476522337804
0.017069760555378337
0.015856888432988075
0.014811112724338571
0.013773308476281379
0.012763716845404545
0.012152981702916454
0.011660329437267608
0.011298175682679922
0.010951836722378644
0.010707979899982
0.010161487516633413
0.009367108197262488
0.008479299351286803
0.00794041439184167
0.0077468137829904285
0.00779988245391129
0.007866186264349198
0.00786323961187429
0.007651804457312464
0.0073031040341806925
0.0069317832211535264
0.0067664419788502315
0.007086244975722786
0.007815538455571862
0.008597800301689976
0.008942129181956339
0.008781235627778808
0.008606187595600709
0.008655406176052564
0.009038196304875698
0.009315431858772457
0.00946329018560458
0.009723776012009244
0.01043532342632659
0.011802814385423209
0.013143374801025424
0.014243184253735636
0.014965040514168663
0.015694174824245892
0.01633708499009064
0.01682612530478603
0.016664706013376062
0.01600174071215926
0.014745868917309259
0.013833621144260098
0.013563955142165126
0.013756662480989343
0.013705440545035766
0.013019689920166147
0.012220552613136162
0.011510941951999157
0.011268394727911897
0.011250176591723957
0.011191181489779661
0.01076800810654411
0.009813522223728822
0.008431705111354796
0.007164760797983524
0.006363365901190574
0.006407836972447229
0.0071335009261491705
0.007990527609241226
0.00856718501416433
0.0085007084230453
0.008124659436518116
0.007680814705361091
0.007468699096437439
0.007359826307141918
0.00736133598929011
0.007391427095449079
0.007644284018801029
0.008275750342850418
0.009166776573105051
0.010383159622275814
0.011515851510220172
0.012131516044611611
0.011833555661856685
0.011003442445508563
0.010543249821439532
0.011424691117838838
0.013172015970928834
0.015251760638999273
0.01672921092485504
0.017433551840559006
0.016787368624363357
0.015491095451955846
0.013927044491499745
0.013169826825080892
0.01310118556514971
0.013541305140072705
0.014412561565254544
0.014915436049652592
0.014918071912383545
0.01410693771303741
0.01286435849713842
0.011254379595596865
0.009857634328692744
0.008763329913013783
0.008348088817290463
0.008705632473011543
0.009232728393060094
0.009364156844499136
0.008943235041858968
0.00822354219911317
0.007656988762265565
0.007096814931021082
0.006815208934071618
0.006806186669629269
0.007176176266448055
0.007866447526959657
0.008432851556117203
0.008714622240471318
0.008692584304986987
0.008596440288120507
0.008716098074692301
0.008943297780622849
0.009280252297364868
0.0095422334365035
0.009633004258476383
0.009678031162064803
0.0096814610808412
0.009920070596614003
0.010233425524308039
0.011141662457562356
0.012232568401742297
0.013326016604239542
0.013680678265147584
0.013659799112128572
0.013469873218723847
0.013907212304287445
0.014916078254934658
0.015854926143384566
0.01619525507470804
0.01570768690496596
0.015028652683916422
0.01414591818669972
0.013151799661951962
0.011898789659353773
0.010839167356279692
0.010038891696818512
0.009757674999294431
0.009901871378416218
0.010134923359825541
0.010030298887768092
0.009733721868734481
0.009398865081956023
0.009217750405859116
0.009017931215671229
0.008656964134141517
0.008203168611466912
0.007765995184142418
0.007527830570391356
0.007552904885152857
0.007614750029846886
0.007684390047652179
0.007459382608505672
0.007347646395390512
0.007381977423605309
0.007931368066471323
0.008641484923390683
0.00915106465646792
0.009320983374626762
0.009209486616602416
0.009304634023635463
0.009711117269756368
0.010768752425572603
0.012035511029423475
0.013355335348170695
0.014178254471981781
0.014293598030716791
0.013584419387948894
0.013319138611599744
0.013763417872101096
0.01479048532230329
0.015498441439423298
0.015473581867515374
0.014763845275225737
0.014386809401571755
0.014757987955184083
0.015321554929870146
0.01503496179278336
0.014026576765877218
0.01253921545600386
0.011033154488011478
0.009784600254229264
0.009023611926840336
0.00870288687295307
0.008627952917850169
0.008509013805739771
0.008286150156854842
0.008151630648994252
0.008251327769910022
0.008721542109052237
0.009275301149744515
0.009573423078895707
0.009624148759982801
0.009674753228517477
0.00967808310289864
0.009538948288026917
0.009141824908483358
0.008641849750492987
0.008385555452599905
0.008509881092722027
0.009052935809767092
0.009602804737041499
0.009662885012632266
0.00951349250620479
0.009571429483931708
0.010354525145659372
0.011755765217218982
0.013413281555996689
0.014936484824685656
0.01575516459822104
0.016237176002000208
0.016426391844973756
0.016610645944665787
0.016482999084013548
0.01578737670599704
0.014513065545729785
0.013042309021033118
0.011770579714632306
0.01118606596217572
0.011590312006996086
0.012414704312245702
0.013246342683685975
0.013445601687734407
0.013109317576973834
0.012497974267438613
0.01198080705499982
0.011559644708637688
0.011044805880174499
0.010525307070689873
0.010058670736661808
0.009778382177432885
0.009566455974936305
0.009571941741385077
0.00959342297104355
0.009571514396209345
0.009239424922577158
0.008639995691538562
0.007869367977879304
0.007241433792855869
0.0069895869782982435
0.007304270140038334
0.008047864220014384
0.008955127650561275
0.009767169187154746
0.010312995513291266
0.010538163152388742
0.010629704204733595
0.010773443851593702
0.01109680149017166
0.01170438506664991
0.012374612062413614
0.012901143183254332
0.01280105119956744
0.01249057658825439
0.012122198706407948
0.012451133111253548
0.013245808252934236
0.01434544850216721
0.01517236619734303
0.015342938831544101
0.014975396870864743
0.014134382986901405
0.013227499593765875
0.012513361801447655
0.012408003075104113
0.01300802974643623
0.01379880205237757
0.014220637467706966
0.013957796875295598
0.012919820680214763
0.011523137950087825
0.010170422046422385
0.009061111497377563
0.00823245486066644
0.0077265320387895995
0.007570081538851295
0.007636113729779385
0.00789193005205168
0.008090962205107532
0.008284480413615009
0.00823279182577676
0.008134672895653547
0.007955872029693925
0.007850161995664353
0.007771837225381533
0.007975357683938722
0.008494218592293119
0.009400628119790413
0.010286512626768475
0.01083497195726534
0.010981824738149513
0.011009909544314953
0.01109480092627708
0.011302280592354691
0.011733645247185094
0.01246642551092952
0.01299246926717129
0.013285951665657474
0.013353695733485715
0.013494388443636462
0.013716210311191905
0.013607078411342712
0.013312156469618813
0.012645359879406888
0.012541954863638937
0.01295144416726943
0.013882173297229551
0.014347287695119304
0.014075935631091295
0.013071196520273493
0.011746180443114103
0.010857923486825315
0.010783889238834094
0.011312720190221592
0.01159799220083974
0.01146502103571428
0.010556532558955396
0.009444597489174717
0.008232577913068
0.007626151323412952
0.007550012578551141
0.008120117189343851
0.008809971575957178
0.009590676320140637
0.009996079510925019
0.010080162109559533
0.009894105376152066
0.009670884437636118
0.009544834171418156
0.009526648746970455
0.009502893518276838
0.009415659712450985
0.00935021341902967
0.009550825837277436
0.010203352360375605
0.011100604937818967
0.011740254972946835
0.011999191777205516
0.011854677130231422
0.011830398108870824
0.012225988983985386
0.012881106022017258
0.013130416065617921
0.012848426517170998
0.012385773692428244
0.012311741072796764
0.012857494206553395
0.013270631200909735
0.013368660985695547
0.012817655736302216
0.012263384018695157
0.011951466452779216
0.011801280018304133
0.011775561202641614
0.011609455045892064
0.01182321653842652
0.011965119033396974
0.011993813106358461
0.011621830796026867
0.01102449679874205
0.010566116994482124
0.010227446047713569
0.010013489572562437
0.009624246995344154
0.009311273041377854
0.009202035059010837
0.009273452659434737
0.009604336282327935
0.009813159667476902
0.009979153823516744
0.010019951898284115
0.00998549639840489
0.009959404209076006
0.009909433488523092
0.010084826323582121
0.010316699034663746
0.010524512676946353
0.01077440946598617
0.011050374395384411
0.011600774701357647
0.012169847448979457
0.012965571938105673
0.013778236973246686
0.014686369287528958
0.01535901519956072
0.01562558969336867
0.015472773769200487
0.015408419483424807
0.01575040555052372
0.016243831129913018
0.016616570137006573
0.016284277626685655
0.0151885885176859
0.013639646583831636
0.012518620554080559
0.012417418600140553
0.012966262122735722
0.01367812769619653
0.013735635206515218
0.01306211214280545
0.011922240587518725
0.010532636563233742
0.009792961095026571
0.009385511071837334
0.009337038058122617
0.00913312379954588
0.00885510232788829
0.008443557661932255
0.008321290371673028
0.008339358899942528
0.008676547188608287
0.009114605492928326
0.009518176298104686
0.009763849741099003
0.009641010631832472
0.009573407755391986
0.009525387599357215
0.009582231060049252
0.00985616906492963
0.010087595896576033
0.010251066261670128
0.010197619226164708
0.010273851477444381
0.010852856443113804
0.01178540360164529
0.01274994812318414
0.013474898690320715
0.013896573308138632
0.01400311997800591
0.01401117410123469
0.013980644424591243
0.014007489492695464
0.014124665849226756
0.013941170321177938
0.013698712804062244
0.013107893837817812
0.012574852156668228
0.01202524893557922
0.011670190512794398
0.011750226426194464
0.011825085982044915
0.011955328496376129
0.011658232879931622
0.011221066121284163
0.010562861793139554
0.010052061986649898
0.009906569182726192
0.010038689770548321
0.01026578263674158
0.010079604080923833
0.009488114087953517
0.008671144108968916
0.008104345739537049
0.007846520438143264
0.007698621903360143
0.007405529564472106
0.006940333674134017
0.006586756686222057
0.006813093744085758
0.007471783929637466
0.008196380885127653
0.008566952678356212
0.00875185895223725
0.008931225951010702
0.009322549470466514
0.010039019210053683
0.010817478052661946
0.011406012095392782
0.011865577926422087
0.012251178792664153
0.012585506080084784
0.012850024673846158
0.01269816016235148
0.012136351635033484
0.011626871748052176
0.011012522810066257
0.010966013547170328
0.011545260783789682
0.012559368145253373
0.013526528942968675
0.013985515978972277
0.01389067122568077
0.013454818547520493
0.012835237818194135
0.011942329134259917
0.01081091919291881
0.009548170211069488
0.008711863361572805
0.008614813259465911
0.009143311140364901
0.009868660984509382
0.010006858389551164
0.009610942584036218
0.008754999967154587
0.0077671472646433795
0.0070572312944620266
0.006904934991771049
0.0074232288167275905
0.008376709066789273
0.009431109472737103
0.010146389138155378
0.010332960963072632
0.009904052229596876
0.009071293641324502
0.008191611036666923
0.007773641104541567
0.008109117310807665
0.009110705829868872
0.010392564499320727
0.011486721059650668
0.012200359584842604
0.01224089433660558
0.01190246950945934
0.011402397038606349
0.010982516870374274
0.01083354990766978
0.010947175231327887
0.01138507265518126
0.01188641652194761
0.012523627526547
0.013131651615385546
0.013707233640683679
0.013823360141900814
0.013236844265668346
0.011997126627559184
0.010448307894400554
0.009189165628725142
0.008519458940676329
0.008571144099365395
0.009365366590666677
0.010421067366893261
0.011299471831418193
0.011444746761649775
0.010906962985733973
0.01004338576152764
0.00918049235635869
0.008828562044476709
0.008631520962861742
0.008660495745970748
0.008600552703980826
0.008524118130542822
0.008596569786732376
0.008797132580362035
0.009117702484685939
0.009319016627105372
0.009270105298252205
0.009091138883660217
0.008841505760734971
0.008742551431684576
0.008805690117417561
0.00915790999363244
0.00965089903880821
0.010273568038598713
0.010763250767873666
0.010992260841818285
0.011039201763847184
0.010677138418700854
0.010384693543175158
0.010307405362230007
0.01095506795144501
0.011875796646319383
0.012747727666049464
0.013358477685026446
0.013482082903266647
0.013189265095634665
0.012602754899363708
0.012020780031798987
0.011603272201877188
0.011367425515175519
0.011199294810013008
0.011164510273337062
0.011234026544515437
0.011273857249364931
0.011218797654112343
0.011214649767541466
0.011123406283048727
0.011159874087567712
0.011031569696050361
0.010780703738856685
0.010271682330099521
0.009770727512673312
0.009264062782893778
0.009048133596046637
0.008650425939321598
0.008416481196175078
0.008079784750232803
0.00838570227535404
0.00882508654967274
0.009204805272601214
0.009010299030459145
0.008437634793591532
0.008113233670677912
0.008058260805774806
0.008612248874913605
0.009273246151672649
0.009848647173577205
0.010338504515541488
0.010711721072075228
0.011088111858300746
0.011599664368495051
0.0119663325851674
0.012373192762917725
0.012261550925635639
0.012270959853868176
0.012462250319900158
0.0128865376362762
0.01311790851488307
0.012610988225791415
0.011619900175708884
0.010550370828351753
0.010136093482563429
0.010421619949695366
0.010849947658167462
0.010817334319984587
0.010196789697473193
0.009477853078375998
0.009110135037443182
0.009162322684211067
0.009512760730393118
0.00978141688379748
0.009783370079475457
0.009576196556208701
0.0094245986447293
0.009637464111826944
0.009886853401221769
0.01012029030627983
0.0101178792122453
0.010118616282647427
0.010246243033456885
0.010321146262069928
0.010212995883534288
0.009688930425115858
0.009102742465430323
0.00904399981450184
0.009570204462921025
0.010333116109085706
0.010689093831677671
0.010207674156588296
0.009091103928718466
0.008425946539937206
0.008605048164695702
0.009632269534586197
0.010289049576521745
0.010227407934927369
0.009772935264605155
0.009733519433725043
0.010388672031088241
0.011289696844907845
0.011851442443307138
0.011324089299274148
0.010122132275965796
0.009144879400937889
0.009355147873257245
0.010472113611540112
0.011410536816944603
0.011707981489674432
0.011223509640194937
0.01060097485651271
0.01035558608848238
0.010528315706341067
0.010865513691355959
0.010778816370805864
0.010615187024571291
0.010228264081231807
0.010116920862366036
0.00989884796199299
0.009972463233283163
0.009925263460256486
0.009791097794723251
0.009566378976113347
0.009201088752790755
0.008761040381056183
0.008377634594000864
0.008200882938147412
0.00807415251307041
0.008028758413795176
0.00807259938116267
0.008305031832783836
0.009015757153149345
0.009919671547110955
0.010755992747928569
0.010827678186244718
0.01016059958408702
0.009374891385782664
0.008923935847767512
0.009102644115775632
0.009997976471419704
0.011171385688185499
0.012393242806016858
0.013223554945480633
0.013743198051135667
0.013424301536325652
0.01244780205851729
0.011160392642221285
0.01032488510845962
0.009941638820654608
0.010245038644445686
0.011073332541976387
0.011937748862113635
0.012620583304499446
0.012509777100258797
0.011769893456986763
0.010852829362647197
0.010249706545952426
0.010385408844190107
0.010438797701133104
0.010052630109142913
0.00929531839568721
0.008583999665630736
0.008267011012375102
0.008184771834331804
0.008402511977508796
0.00866870675905282
0.008929536894267245
0.009084852385688548
0.009254087180219608
0.009667628842355683
0.010017608171180177
0.010086024111475795
0.00986770160181518
0.009797280466330091
0.010299056775742348
0.011245061934443502
0.01196442506899971
0.012217589543895829
0.011660112063082664
0.010774291373462992
0.010113747030400834
0.009794221914088536
0.010066001535446664
0.010268081095647013
0.010469130923915413
0.010584910138847119
0.010733024883344088
0.010815902665813226
0.010972106235225668
0.011043121020750763
0.010890894071087091
0.010366225151144333
0.009621492114405134
0.009125527280541794
0.009188343543499258
0.009918174634336915
0.010715207545801485
0.011205270272866687
0.010709561137388409
0.009780820188038783
0.008790722217388093
0.008455637451320787
0.008825986348531345
0.009716506875008954
0.010601491687546023
0.01099381835057035
0.01083367312364329
0.010504621232223765
0.01013012327918161
0.0100520216154931
0.009890625024115881
0.009715157820928683
0.009467511576913527
0.009241909974098374
0.009097731050511407
0.008942793661289396
0.00872128914873519
0.008510832357496115
0.008356214289149642
0.008530006556617316
0.008902593733341324
0.009846041881456232
0.01077970641837895
0.011414102458547877
0.011403524637765108
0.011211448628548126
0.010953847824992412
0.011008327075704993
0.010941444021068072
0.010774278850558754
0.010424462407769649
0.00990258954825718
0.009450213377058234
0.009066417150727164
0.00877592695506048
0.008831687977552093
0.009674939303405128
0.01081414586840551
0.01192382449651244
0.011951260573890607
0.011332400154835253
0.010197966496386757
0.009365738563807685
0.008800516999905098
0.008768443584597925
0.00912633186522761
0.009576800654988006
0.009993288881971046
0.010036673368986978
0.009506205718570023
0.008723461964899672
0.00788329886396157
0.007597688644119481
0.007714156550842803
0.0083148859870592
0.009090259527071482
0.009784619262855834
0.010553146267322944
0.011241437152448602
0.011688127650386166
0.011480375926711833
0.010905314718403766
0.010270992752055216
0.009828699255395935
0.009588696272841929
0.009633986314560139
0.009595989772820272
0.009626886718797776
0.009447360542948693
0.009525578708484993
0.00982752979056749
0.010284710827305062
0.010752363819642686
0.01103371135020638
0.011044936359263747
0.010818849544694732
0.010699144437977585
0.010514258069727288
0.010585109049369225
0.010378223120519392
0.010088606146072853
0.009395841143587939
0.008586088804720032
0.007895255448065904
0.007467817488353791
0.007656370026748068
0.008326463201013526
0.009503531367058275
0.010514972375532824
0.010985751828662635
0.010761239686221042
0.010312367796799348
0.01013047271204228
0.010375493334162742
0.010803444783316338
0.011291704008901076
0.011496683069507489
0.011445329535282647
0.011209100346084631
0.010597677822688922
0.009872871363934388
0.008936839977356783
0.00840591738525967
0.008384306308084401
0.008851983219937494
0.009340259427146886
0.009635827308864631
0.009722539603384057
0.009711353444013563
0.009853698977219142
0.010271959583509937
0.011000972668868975
0.011780890834434177
0.012669689990781613
0.013343113192846619
0.01395211083101636
0.014384079450671626
0.01427479488605525
0.013468950517342721
0.012251369353672608
0.011153296629781968
0.010699096089951897
0.010713685120869615
0.010845458327643512
0.010773619645748507
0.010509611428461109
0.010324547220660863
0.010706282622026986
0.011648880047037489
0.012556054074504695
0.012948709588409883
0.012557730625647552
0.011527703273545615
0.010271466133960192
0.009325046488692177
0.008851368351588186
0.00882765119960115
0.008911224221216704
0.009109315472897587
0.009239432180468122
0.009159402825909498
0.009015210802522402
0.008937208151887793
0.00911610708333325
0.009193080917921178
0.009063454818560716
0.00886859623123252
0.009146467496961198
0.009564430281842541
0.009787405785786928
0.00976626131842727
0.010133224682148737
0.011156283015219518
0.01258094493670393
0.013265136254611187
0.013040850188303834
0.011931250598249026
0.010818169855699812
0.010402474983503194
0.010615910749460299
0.011208099894588881
0.011505365772690936
0.011715420468596483
0.01156575131151306
0.010991105554644406
0.0102453492269185
0.009638648923059427
0.009821686088777828
0.010723436995234094
0.011441557240370024
0.01143825786495058
0.010385372167225545
0.009033777053293533
0.008244608327861268
0.008433300552279492
0.009372485664468718
0.010197815755330445
0.010731604179634676
0.010833295027660856
0.010745265595281472
0.010669614576446442
0.010664476364672923
0.010835939536581397
0.010795866797536439
0.010560168344549791
0.0102582334708369
0.010225530187354677
0.01013155718155564
0.009807920759301696
0.009134001551140414
0.00869185452406974
0.008668349362300043
0.009523382285946184
0.010695202758381633
0.012000402902088127
0.012590941546849428
0.012723198879904762
0.012314957186986632
0.011852493753033239
0.011541721912855707
0.011527002325723791
0.011471934795579477
0.011042067432028055
0.010362583595367209
0.010270187634806988
0.01080152818596662
0.01189354519410653
0.01256503841397728
0.01270188378432931
0.01242334576217604
0.012167916243375947
0.012301055280965
0.012480178068803345
0.012497701346699691
0.012314189675448698
0.011767935389510792
0.011130332636642629
0.010610696099373205
0.010364812394645963
0.010358495333583776
0.01029975524304516
0.010110331417217561
0.00983484023048239
0.009629617838113044
0.009340677088221411
0.009256651040093631
0.009391706831241851
0.009860786387231757
0.010306549765064132
0.010536899682635326
0.01057622813963664
0.009988472562104531
0.009353722276859043
0.008902172096805511
0.009073773946920003
0.009614948328474364
0.009901041390295068
0.009739542697399803
0.009277210663654365
0.009228126282390683
0.009535604924625034
0.010177188141486406
0.01081257195588724
0.010842044631243513
0.010504351403123393
0.010036472272412927
0.01029856050718182
0.011204965727659829
0.012318355881642467
0.01314595264475219
0.013398483489039775
0.013036169838628278
0.012197811824626639
0.011152162566366875
0.01024301128720284
0.009921236613569867
0.010241938963705148
0.010719192460986618
0.0113475925405361
0.011943557704555777
0.012164595851710239
0.011900791332547386
0.011162157498308697
0.010268612216503756
0.009822324210117594
0.010155638745376606
0.011240002668642233
0.012286276841655836
0.01236363826165294
0.011597144151869753
0.01055040478248518
0.010165376777659791
0.010541996192391755
0.011306116315579023
0.011922360055067508
0.012551474314677982
0.013167086857148312
0.013366534419138917
0.013311972994745102
0.01299180694000855
0.012563186029214522
0.012348059608365913
0.012428220358881144
0.012767169490011079
0.013070512118338684
0.013233728811701533
0.013389344751024946
0.013195126522406255
0.01275619198765448
0.011763216028448188
0.01096756294742912
0.0104150266321155
0.010298767612710895
0.010399107589744397
0.010385735670248648
0.010380802977602872
0.010344502137915886
0.01028149332140923
0.010221840301937266
0.010031865400718378
0.00979097697445512
0.009897962031195083
0.010425190177887558
0.011171997134270462
0.01177720240662966
0.011700391605631397
0.011294112768245268
0.010433324516409631
0.009936545778406117
0.009604992183693952
0.009786934635848529
0.010089698563776221
0.010448429985749592
0.010708131651609732
0.01086693734777905
0.010872526843485266
0.010877380372303411
0.011022548805584016
0.011107693001714212
0.010885140086381036
0.010194403468761343
0.009451651460872748
0.00933493436750473
0.009864766347036135
0.010732454306047015
0.011204958337412158
0.011145014925446617
0.01063449772530883
0.010151835385264006
0.010013931340648137
0.010145408915584908
0.010545478894099288
0.01100684870375026
0.011440829853813166
0.011660109030583324
0.011611956181319206
0.011231034727782288
0.010698396369133644
0.009965886334973455
0.00948921245055195
0.00924024172344107
0.009355859541447941
0.009390887525379922
0.009543983691449928
0.009790320069077879
0.010255048763230008
0.010681052587127355
0.010812689110950182
0.010908419568351783
0.010886188221841675
0.01091427012740997
0.010769777715186408
0.010513122892348912
0.010091271259854366
0.009760878869101685
0.00952468383150476
0.009586142410945547
0.009861979072215164
0.010059840738367886
0.009901205525971677
0.009301086463387124
0.008649407326312612
0.008423507039011194
0.008816231316602051
0.009525995672113163
0.010134261416939837
0.010802595268342593
0.011427626327237839
0.012292502731756779
0.013090458042043084
0.013548633816310133
0.013424625010725283
0.012518949829966208
0.011410737066599758
0.010462910509380727
0.0101997044349638
0.010417953426649008
0.010666348041986776
0.010682935671054227
0.010030546213983582
0.009396342678271897
0.009203251923373738
0.010081410044405659
0.011263997111222512
0.012334903679955316
0.012747690587538996
0.012632802633816711
0.012058570396251954
0.011342874907722842
0.010607300366384487
0.01020955238172702
0.01036818214335593
0.011015723658227256
0.011700510049090573
0.011819397830601971
0.011005489355449835
0.00984051483659628
0.008607904717778645
0.007961159598080591
0.007907455436123131
0.008574301370660068
0.00952025291206735
0.010505456163293245
0.011556830030345869
0.01219482611543301
0.01223844315988797
0.01179960790757369
0.011490269926381011
0.011754144125206246
0.012248054135350465
0.012618254693983078
0.012554629700066752
0.012375882960573546
0.012101855764085104
0.012099113612018243
0.012149489068695913
0.012134865564065797
0.011810056114275441
0.011104213341609903
0.010423568625794258
0.009568860160986691
0.008939194688099493
0.008682106918757485
0.008885995841750096
0.009583246537809334
0.010368897759919176
0.011457732976960882
0.01219450859594781
0.012562506554441554
0.012071615766523927
0.011058172502313035
0.010044033101415729
0.009645373580222846
0.009627517012089502
0.009733378915964541
0.009640933620143177
0.009624329274347629
0.009784074300832455
0.010185118265667837
0.010694410846729932
0.011192684062798419
0.011153983381493218
0.010833868159041452
0.010492064352552849
0.01046211584712111
0.010611425206210601
0.010471858801991356
0.010191275554799014
0.010068859973378029
0.010561363978447503
0.011454562426586021
0.011929491812058103
0.011829599120803677
0.010966720638898374
0.010106505858677407
0.00976218444164538
0.010167615194533589
0.01122389718617472
0.011841523429040988
0.011644027591751054
0.010768762036530736
0.009933933358826516
0.009912954203754138
0.01028889122213864
0.01086241613582592
0.01088192090389501
0.010559722656438883
0.010010440824610277
0.009626605544381451
0.009508914048155334
0.009563468348201726
0.009692711344241647
0.009510199094355588
0.00913393655502437
0.008686387403964775
0.008474700706909064
0.00875857265652937
0.009116428735026211
0.00961392781376814
0.009908350281781324
0.010208781103063464
0.010534420877392337
0.011007733975841797
0.01137590396738883
0.011301634945726096
0.010707983626540388
0.009707324332053758
0.008724329346429341
0.008108739886872645
0.008022955015918175
0.007988420025728233
0.008229930934081968
0.00845099753686333
0.009071776466453987
0.010137215256081493
0.011488357302160352
0.012947864146035985
0.013908243092203346
0.014572339944846564
0.014587711093486264
0.01405657678243413
0.013005582568387436
0.01174457322295489
0.010716995543084817
0.010131681302841132
0.00989283417323016
0.009679594365668667
0.00962234212116186
0.00983122411814423
0.010269902951108873
0.010490947088559962
0.010266058979436424
0.009758106645405253
0.009486061739411532
0.009846019927723474
0.010763278450899505
0.011430587542744867
0.011652891906897856
0.011250977809044436
0.010995881353187248
0.011003206337355138
0.011238526985497996
0.01121807541469279
0.010911697400133077
0.010408193551920387
0.009902818960198139
0.009438960548753967
0.008944917513035767
0.008670951508615734
0.008540053770353363
0.00890200658578648
0.009653768170473417
0.010465513351842395
0.010957319918292146
0.010860627801732517
0.010733893690066418
0.010523570536455367
0.010510853076594067
0.010591151315110325
0.010956345703483564
0.011418327181591609
0.011773274051733416
0.011771752031200622
0.011141793156235905
0.009991030154030908
0.008773902459046946
0.008159732518823112
0.008545971918776167
0.009477924124696956
0.01031453818479255
0.01034152780402732
0.00960957809722843
0.008606750373386407
0.007992349142753414
0.008223647080032185
0.009192489731837433
0.010472552956078863
0.011540309256110106
0.011985037270362299
0.011539281793690431
0.010695221258601808
0.009511119464244171
0.008761326054867293
0.008252991802572756
0.008227185914388408
0.008835509622303806
0.009998101633308441
0.011110053191328934
0.011416479412113644
0.0109411916143265
0.010193053106371747
0.009949495348423352
0.01001126497747444
0.010193748827675146
0.01019991200737153
0.009827257648681862
0.009434461951034843
0.00917368934127116
0.009170809665757292
0.009040213448167992
0.008659220769077124
0.008593889570002155
0.009014647904329468
0.009967602926241038
0.011025399808819886
0.011420944985456566
0.011356246039999605
0.010623536883346725
0.009993176425309547
0.009544254630508578
0.009337236547518375
0.009218250708923785
0.008822424452891515
0.008966293940232168
0.009305156269117997
0.009882693786137849
0.010324541667625184
0.010152357016513245
0.009629632716022919
0.008912102003920471
0.008530429201792688
0.008612342284411495
0.009037787938885418
0.009637131257254213
0.009864021105200156
0.009507814098615874
0.00912237798248685
0.009068820538029737
0.00975733351861965
0.01036504464709404
0.010399111890736775
0.009805710870046672
0.009201598193705255
0.008912610593630976
0.009278547137987463
0.009874881394432702
0.010434943887414061
0.010552196688774931
0.010472417916876064
0.010528246058841197
0.010724123580251765
0.010570943014175563
0.010094294029457496
0.009577118080609928
0.009367364481874512
0.009237544120724098
0.009160920776937951
0.009051991269712515
0.009168073320259163
0.009171440426972894
0.009229267100215514
0.009678038795506126
0.010270879951070469
0.010854452559764518
0.01100922664062569
0.010778333005843669
0.010624207629836182
0.010532831177130228
0.010787035011549673
0.010917669470782512
0.010781453395007155
0.010042719183658877
0.00930394676022665
0.008740926857943199
0.008596929826514525
0.008482124577605136
0.008381617711194266
0.008332870697797059
0.00863233600004237
0.009223749269295766
0.009809071282150673
0.009980486085865376
0.00961997115667352
0.00920961983859803
0.0090883965082111
0.009482731243306772
0.01032892572433353
0.010887950669680093
0.011193039090058619
0.011030784488128628
0.010618420551686169
0.01020682567179179
0.00986471213934871
0.009790514347418986
0.009679339828928577
0.009617147508897767
0.009670189356122133
0.010092794233834771
0.01084317635258836
0.011679411879175927
0.01216014743115938
0.012239148701143404
0.011853010975077998
0.011219683681876353
0.010891890290520128
0.01110624996109578
0.011824616274749788
0.012483387954017452
0.012418457983645572
0.01183533431718019
0.010935278572825344
0.010136751070981524
0.009653015470578993
0.009734720683629357
0.010354075364247229
0.011098708063217595
0.011613235801096234
0.011823780870456997
0.011621552008915627
0.011295741615850688
0.010980357695219881
0.01105543578072693
0.011473371515256433
0.011813802595298458
0.012145174428447066
0.012237041733924155
0.011897420220188857
0.011266159926360585
0.010560793047963424
0.01006590130103379
0.0097968571822461
0.009869546565480367
0.01039299263669451
0.010917673992016505
0.011249040138201112
0.011227312642536616
0.01079713484718432
0.01007333856814991
0.009522606015303605
0.009304998591028135
0.009715791508911869
0.010242049318113134
0.01067114800521918
0.010699054794440081
0.01059970204104928
0.010495584658198767
0.010684138179244582
0.01088387951901748
0.011312353529330209
0.01149500666418595
0.011604190042218972
0.011423877500623684
0.011189439590863394
0.010863041622727002
0.01047243911786036
0.01036344343015939
0.01044282329800704
0.010901980394817556
0.01084218470929192
0.010425310263861527
0.009851343045477213
0.009493321370185086
0.009667125453054091
0.010422194837838065
0.011145778066570381
0.011544293898177157
0.01115178318477158
0.010566770229641724
0.010152885178841421
0.010199731156094119
0.010302181249650474
0.010100541725446454
0.00964181831353764
0.00918992148063793
0.009091276154827856
0.009573105075852743
0.010384468855487052
0.010982771471851819
0.011089049481557046
0.010940850402884646
0.011038326252969388
0.011285775907947358
0.011578837475094306
0.011649232219758169
0.011663883407563809
0.011587581535793222
0.011858752664793864
0.011757069722302631
0.01151342926496866
0.010856092241122743
0.01058251741037048
0.010559776348850322
0.010699005962707597
0.01045386470054743
0.009870729454606217
0.009314725079787575
0.009139075530137188
0.009434653197593889
0.009846768946965775
0.010186760468797375
0.010296021239933617
0.010165960502559924
0.00990485125271582
0.009719875931148165
0.009860688469405706
0.009941556319677101
0.00999627566611323
0.009916793148579071
0.010026414644742564
0.01032235587243648
0.010762162702771513
0.011221159678112672
0.011456763370600717
0.01170161233212101
0.011757525847852486
0.01173153271977543
0.01158201002363666
0.011188050858098684
0.01090227586620203
0.010455535607396704
0.010165367514419463
0.010104487857183785
0.010264590081625448
0.010659590571544073
0.010956365069035091
0.010825336721071124
0.010548115195298226
0.01026230792919823
0.010667351795494419
0.011346014059926794
0.011893708793196952
0.011816713092942686
0.011223188841472902
0.010659444142351654
0.010250141368309375
0.009776430643593776
0.009309191466428552
0.008896891974571925
0.008850281471967678
0.00915097026056633
0.009512409785141233
0.009613700175907397
0.00956067037238874
0.009540367503960812
0.009752160466493758
0.010179896562224901
0.010410069007987664
0.010100182821530801
0.009323652141425328
0.008766333810072172
0.008837019142677231
0.009322479354758167
0.00946999863375896
0.009267082569693197
0.008938134749159322
0.009101647048184464
0.009412207713518089
0.009806762560020261
0.009797888379751842
0.009717957005561812
0.00934395481583458
0.00859396124762696
0.0077438553684514915
0.007196641608125881
0.007505760477930024
0.008337025383801792
0.009385865157523111
0.010277980756834098
0.010892043765180263
0.011185074142563279
0.011057704900640643
0.010771926429862437
0.010534904705627495
0.01062786008961749
0.011132216520890836
0.011664264128515185
0.011911539153947175
0.011547786178282183
0.010880269946869714
0.010010686161904732
0.009461084005680138
0.009379684945523421
0.0096259450039409
0.00973533717324272
0.009778855003644223
0.009850701898037106
0.010034877715109618
0.010257270660046029
0.01042150910929605
0.010385363637645183
0.010062244427770423
0.009561089289373019
0.009078703835166931
0.008624495826405154
0.00840564653274122
0.008731219555510965
0.009513498563166974
0.010342487637849876
0.01052283713737629
0.010141304356768051
0.009449804187003481
0.009121901765151987
0.009200691726739565
0.009655557864336693
0.010271341488066448
0.010818421929390637
0.011132107672052149
0.011110361672658081
0.01086154508329793
0.010247326915354495
0.00963585959228206
0.00904927912213532
0.008819673918006135
0.008855819204223226
0.008906510130569903
0.009318924627470816
0.009842935252100856
0.010488309696556931
0.011079902519410751
0.011304637108871592
0.011372596958887338
0.011036938477753094
0.010764774475543398
0.01064290506020863
0.010756195668859438
0.010857506838272466
0.010737168143491009
0.010526598354341013
0.010230406569325199
0.00998219930826373
0.009694877092560238
0.009503086010825477
0.009214893067803384
0.009129834667385492
0.00966926040408639
0.010868411992408514
0.012052520886965394
0.012676010364063685
0.012156817722529457
0.01115270568610483
0.010305701465364739
0.01024870253583008
0.010835804806156542
0.011208596812049608
0.01106683542905564
0.010755371896897575
0.01058568223654207
0.010735294346740865
0.010723981524945874
0.010433303406263092
0.009744928127699054
0.00908703733102855
0.008922985922569805
0.009418037795999002
0.010062152065562789
0.010416969728222265
0.010386786984905855
0.010073408038688707
0.009960433486493215
0.009924158104812493
0.010273263327240423
0.010455967600511158
0.010336310567287493
0.010069039188894399
0.009847637378580219
0.009819480547441757
0.00993130535275478
0.010147132188411274
0.010325782615144592
0.010334233127298162
0.010171104373550935
0.009832612560345929
0.00950010487965875
0.009621578737399354
0.010105271042862731
0.010686329722124358
0.010824080290618836
0.0109230169333511
0.010809845519960178
0.010714151601043248
0.010302840845880094
0.009839253276893133
0.009371783442391032
0.00899551311345877
0.008519199354292963
0.007948328979556041
0.007654088263187412
0.007732303083846555
0.008437646048728155
0.009298829187061658
0.009886390944000538
0.010214033869222178
0.01025570479199855
0.010278812292101716
0.010508543424001596
0.01124263917043431
0.012111085066794142
0.012545927032217349
0.011918965385977674
0.010543643799967407
0.009208954114050445
0.008738473133789018
0.009315757997992316
0.010389326988741386
0.011289049467773362
0.011609164190161335
0.011345157092781792
0.01097751137767544
0.010538143547075978
0.010094593404094594
0.009288515615102045
0.008688807765712377
0.008749648946832535
0.009727934449885612
0.011187348590186198
0.012315041613948197
0.012583443398708177
0.011973279213152239
0.011013202815071132
0.010187301396336687
0.009840171719087213
0.009858600994556018
0.009756230952569486
0.009618217902214142
0.009659262233253542
0.009857038212262569
0.009991079586717366
0.009746376748603064
0.009571356455068679
0.009436373449575774
0.0096290412612254
0.009481785678708
0.009141821890246699
0.008456725390228065
0.008013106826231567
0.008268231874127547
0.009416504481662613
0.011044198825184839
0.012624206672937453
0.013430641394746305
0.01353329079065514
0.013017866911431248
0.012272486660711606
0.011460133026806272
0.010756747669116553
0.010496390671883645
0.010741596238125433
0.011122128925455266
0.011046925445835796
0.010459844845194102
0.009571403767027337
0.009002882711609681
0.009025157575427123
0.009736272414065486
0.010831822892279505
0.011990113245791856
0.012687936895198811
0.0128518111736235
0.012647210470700086
0.01228681459328479
0.012114558945322516
0.012111143554550409
0.012274986226743922
0.0123931028480078
0.012037783656133201
0.01128012105428736
0.010227237640389514
0.009315767613676274
0.008852815621546302
0.009003843759965114
0.009861770341893474
0.010729390415476157
0.011156294516635905
0.01074085980207966
0.009968156074690706
0.009567844723832548
0.009870711979647555
0.01076714112525308
0.011559027855336308
0.011818245785681398
0.01153896227393483
0.011024554860983613
0.010645868651588068
0.010574348604253193
0.01072791884194187
0.010937237906330943
0.011340009955661883
0.011954783700554824
0.012607615310946455
0.012962707303678494
0.012808574759972149
0.01218841846880238
0.011488292167321355
0.011194310294957361
0.011273177516805264
0.01154974431595663
0.01169727304124973
0.011697036272223056
0.011574360015829215
0.011272802837425964
0.010764055644772714
0.01011239118309749
0.00979658371697461
0.009924146480055315
0.010379585239049322
0.010654535718385972
0.010594371407674276
0.010169339714185554
0.009731027851737106
0.00961597107310404
0.00998464030987516
0.010569238035195126
0.010894168477006682
0.01091379801355719
0.010451543830400164
0.010092197410258632
0.010159731343155492
0.01069756974930388
0.011435144983575046
0.011924227800151862
0.012034943893013923
0.011840843958386896
0.011410205404639332
0.011247878341114216
0.011114675959351417
0.010869184890292288
0.010404592012209835
0.009909787623389003
0.009698787308358277
0.009635921171129318
0.009752927456183518
0.010040212592012624
0.01037209296531839
0.01095228772073312
0.011871698092839843
0.012678312247279642
0.01294553257765802
0.012210230816659964
0.010920136060336857
0.009690459498301223
0.00896141666053121
0.00878453314600371
0.009000221963483764
0.009224011330556368
0.00928301337736645
0.008981169735143207
0.008935090764303934
0.009215265894103175
0.00985226373966416
0.010209179633899536
0.010424240251295387
0.010660239179299685
0.011147079564189597
0.011622822966568951
0.01203037985433146
0.012358596903719836
0.012674857138635778
0.012868843023885843
0.012932154566460604
0.01257013640185862
0.011899297353564287
0.011094949023629263
0.010357965372601228
0.009923897458689854
0.009856421907672776
0.009863736869556253
0.009876579955685997
0.009740838633660721
0.009685962926684114
0.009708027365825843
0.00997356400805656
0.010529144472381789
0.011037550415915805
0.011581802280662185
0.011817573688169528
0.011847448851526393
0.011797497117080261
0.011772967762382158
0.011706140223853053
0.011596531130591314
0.011776152187711289
0.011692630320029786
0.011274847676439036
0.010404648772709241
0.00973685059516632
0.009305548068656787
0.009137660961266525
0.009059531443318208
0.00896442391136614
0.009191976572017127
0.009887857965597885
0.011026193015162479
0.012077855142199348
0.013018905613595262
0.013711986898440012
0.01423615709605167
0.014209116711240125
0.013750058245189486
0.013042546443883616
0.012350333198992033
0.012149545514086037
0.012097367683576677
0.012070392212385731
0.011612931514318345
0.010620064130581636
0.009462457236511476
0.008603093935453257
0.008401012825601455
0.008921182623070359
0.009954522277580473
0.011008742805959123
0.011300762335624907
0.01099005568723616
0.010409108527534055
0.010290380670512413
0.0106581563495763
0.011051845536958742
0.0110752478916013
0.010605540219720705
0.010137859671767162
0.009834662541144472
0.010085754076201783
0.010379523080114052
0.010415053576591699
0.010387065015124436
0.010451266265982995
0.010888498005631709
0.01160902851622689
0.012517709877275053
0.013140418492656339
0.013253533526692266
0.012939070136701265
0.012511974961256682
0.012287745958929033
0.012225211800037527
0.012190331275639364
0.01207770313817164
0.011604291245291297
0.011085462156000122
0.01056464938657262
0.01043080121308977
0.010441760751559344
0.010942980663177424
0.011283965488901935
0.011371587430384938
0.010737474733620809
0.009900711983200073
0.009325856753223283
0.009543396074336572
0.010175379521603037
0.010678607367118266
0.01081430834743877
0.01059683285150111
0.010196117691327928
0.010040262529760537
0.010100850879371808
0.010730687782454732
0.011624751640465461
0.012634682982657927
0.013241477928748762
0.013162354105952286
0.012564656733364212
0.011901154802985524
0.011540185763998113
0.011518825861480368
0.011597655912995827
0.011673368707087642
0.011892572368552965
0.012115660499746774
0.012198579983730204
0.012032431801115673
0.011667225857961787
0.011325376980749117
0.011055432697037945
0.010849443578360771
0.010842342797099667
0.010689077573572597
0.010646749485492444
0.010487015721087688
0.01035542769518746
0.009919833237735624
0.00957120700167387
0.00970359317987313
0.010478395420536628
0.011709584390068677
0.012636976706972232
0.012978534717712594
0.012834958357152239
0.012732966984253987
0.012983223144480126
0.01337857700193864
0.013411284725133355
0.012930265961940296
0.011936314186349545
0.01085099051211184
0.010168223996311404
0.009992616933515806
0.010051186608026596
0.01020738010970814
0.010030274216233334
0.009608056777515646
0.00900280820309338
0.008646978016699258
0.008783749651052771
0.009237180402316388
0.009780198304879749
0.009862113808723953
0.009715666091585798
0.009416868176261608
0.009537110765137496
0.009984139815626366
0.010578719180584477
0.010965036175886038
0.010980965308794022
0.011133721607521317
0.011269046540025208
0.011483548623491345
0.011559120775568407
0.01160779127742665
0.011933885969047844
0.012531410549456803
0.013365412430308561
0.013773518383765553
0.013778828286628053
0.012996614182816056
0.01195493431412657
0.011029463007969411
0.010415633866301104
0.010083288245458653
0.00982112556159057
0.009662567881607373
0.009691700091801812
0.009913912565202134
0.01020137492154069
0.010262515221133793
0.00981838184459298
0.00909095043096707
0.008593482049126527
0.008707780115202946
0.009213606045165303
0.010067041553091162
0.010775522004096856
0.011232747883502708
0.011433847189733864
0.011555731991505462
0.011839999466321041
0.012060531516506682
0.012183647804696924
0.011965509933386012
0.011698209570568784
0.01130392372319382
0.01104695034596605
0.010779504401762773
0.01067844579367728
0.010574836856729055
0.010393347164884468
0.01022340113883716
0.010058785980153022
0.01015472606136496
0.010633718982456785
0.01107809133273922
0.011491871883113397
0.011547519912257678
0.011625706227746833
0.011566917929688789
0.011564402058485598
0.011565688649105055
0.011638141361718545
0.011827875886831419
0.012192612509020779
0.01238851780408555
0.011947896212465961
0.011046621970018588
0.01000523997881612
0.009499630944194168
0.009764148110644546
0.010511041370675853
0.011336378535543774
0.011544142804865938
0.01132951387435014
0.010840960127321594
0.010284203893520975
0.009870143199169817
0.009743665535561526
0.009761212723815048
0.009839575704240948
0.009902108342224027
0.009599940973588473
0.00917519901743474
0.008897351362113153
0.009077712611057097
0.009722798584140673
0.010817493397299677
0.01182425448926851
0.012776740530690783
0.013196454043587325
0.012986470975958914
0.012007061906029473
0.010763908872864303
0.00968849946694194
0.00954429836243605
0.010035030060176453
0.010634390464161215
0.010758601259851982
0.010514162266136235
0.010070980734963738
0.009688440849128063
0.009438787616481988
0.009168325022109484
0.009315902685870977
0.009854795241732562
0.010809604933772315
0.011584867677403436
0.011776784743190268
0.01162662206152257
0.011296411581550734
0.011228779546191694
0.011248965480403748
0.01126604027393649
0.010992648718718362
0.010824338410945045
0.011042076597096794
0.011718556474874423
0.012251177110760344
0.012131342018846625
0.011326289219488214
0.010109553162821024
0.009269801206881652
0.009315741110678554
0.01049258453452657
0.012410880319562431
0.01423937596358261
0.015153847271030989
0.014664938647895065
0.013436975053713204
0.011876220215512372
0.010763853475054439
0.010322499148910688
0.010345521944709328
0.0101756217548044
0.009843799004669583
0.009604693608635822
0.009700838254253896
0.01024163428324168
0.011178358967220133
0.012463085217715221
0.013535261591242614
0.014029058630535808
0.013654101055177734
0.012954863698396801
0.012169667392452996
0.011764408739213522
0.01161442108746189
0.011327309296235585
0.011131487919918788
0.010918641821502251
0.011035762195677076
0.010820919376032979
0.01029316259170717
0.009664820789514559
0.009379090524042623
0.009565416428608876
0.010071120651809038
0.010579040120494952
0.010822086927987879
0.010884359972541524
0.010807029448658552
0.010847508540246601
0.011232611127388966
0.012058407302200381
0.012955565248645353
0.013362496917435093
0.013051066881406765
0.011958907416342902
0.010591552323073622
0.009693966820140471
0.009356860827257719
0.009627055290775267
0.009763816537680471
0.009909537081500544
0.009870945077411845
0.009979102318611129
0.010195870429934962
0.01035929642456628
0.010930520164924143
0.011741312926553334
0.012465255864823586
0.0127922204111619
0.012534312673520964
0.01184268503951608
0.01096165313372116
0.010327086365882724
0.010194947675692253
0.010609816127287158
0.01117880093459139
0.011667235075993614
0.011614350566160302
0.011116865229488484
0.010471182617135295
0.009979667016751712
0.009856965470194266
0.010029661286537407
0.010192523341941572
0.010141093877599292
0.010020769760110128
0.009945206650160588
0.00991087865058426
0.009949369239313964
0.010267514182452775
0.01022699319530788
0.009717045025649577
0.008769499341639073
0.008107001533297967
0.008036033756119117
0.00878119955862941
0.010039324057670445
0.011228696913099663
0.011761314950286709
0.011500729063926539
0.010827523363391834
0.01033583020599194
0.010427342916683655
0.010753732382076102
0.011292900421240273
0.011432114804729014
0.011570804786754105
0.011345436134030823
0.010985805377898608
0.010610030614207261
0.01043957851607685
0.010411525506226456
0.010295372685540803
0.010139182768758302
0.009638571941328508
0.009167035448514814
0.008942393892211799
0.009519787594444863
0.010446334381671663
0.011325492137737665
0.011745625394745303
0.011682739111375266
0.011140692364839942
0.010295102319788668
0.009470231233574936
0.008875801325748833
0.008691765345000001
0.008949234701785061
0.00935709229401678
0.009832329856552136
0.010058064635628972
0.009769710268707146
0.009560837711285873
0.009451645006254832
0.009871067096452047
0.010166859969636802
0.0104751560908917
0.010420439826466968
0.010038236138420741
0.009479671476725626
0.009185693045373164
0.009330236479953092
0.009587086187965232
0.00987043097373041
0.009980055206995684
0.010273596676151898
0.010442407298831762
0.010441574055855463
0.010254149289280177
0.009667269009714343
0.00911199144554178
0.008632506885342011
0.008504144615412604
0.008679490426046026
0.009060453480257585
0.009691034202969236
0.010402896173350091
0.011372309496928624
0.011904415098467024
0.012059616443715695
0.011394543292834505
0.010440800821688499
0.009722512867521281
0.009748105542521994
0.010162723463141387
0.010622145613751622
0.010626213614519403
0.010165575919843827
0.00952683747765266
0.008957796251862113
0.008749877495369927
0.008615970926089766
0.00869517276193786
0.008883873347454795
0.009131812098699364
0.009169511405239498
0.008649860469869923
0.007876521911016645
0.007189796253925857
0.007312234296847299
0.008213592279540898
0.009530619895814184
0.01051863393560572
0.01093266845967328
0.01069715485092728
0.009847365114355933
0.009064459327988019
0.008656850212790926
0.008943705087855127
0.009389979047803311
0.010006713234737619
0.010714655883666649
0.011127870058212311
0.011022978335873625
0.010203003680968445
0.009320947319638517
0.008836866523197486
0.009168096525129284
0.009775758177709986
0.010223391809644902
0.010177980354338492
0.00996230097188748
0.009838109813613704
0.009772893415288648
0.009596702971034883
0.009131182213582905
0.00870870293404222
0.008487760471149011
0.008850359754301547
0.009418541593044795
0.009620274446456153
0.00946798613914001
0.008808123116355948
0.00825040976176602
0.007868067642498965
0.007836936897239237
0.008289223944744286
0.008878662558979279
0.00935769475522912
0.009490399384610718
0.009609227930734564
0.009499401162553905
0.009154164512901743
0.008453339118730254
0.007979670042692726
0.008011777596163762
0.00873762894402932
0.009484000275418264
0.009609433156889
0.009121444273531652
0.008126793206730966
0.007498348360805958
0.007441243090258597
0.00821687815679167
0.009257947326312814
0.010365874823298055
0.011360625248623135
0.012277613361965586
0.012799346312379126
0.012526264013883487
0.011688614425349266
0.010691667635856559
0.010378497479072905
0.010394023685335284
0.010785315428452881
0.01086986118619787
0.010671791098484533
0.009867712940866765
0.008881550216067447
0.008112577865865153
0.007988968929958226
0.008427563115324452
0.009063134840812096
0.009616363519536882
0.009901020007152466
0.01012111224236722
0.010082654203812894
0.009931131017802915
0.009760083089223942
0.010159339194668658
0.010655169467009227
0.01089200126767532
0.010677884725726087
0.010207266066157288
0.009887629830494422
0.00973173046405265
0.009709920006074945
0.00973292463810559
0.00957017441530821
0.009447144752636331
0.00945264738298275
0.009748962651123884
0.01006581482058177
0.010362307098924679
0.010457302667044435
0.010516976312357611
0.010534084774308583
0.010772005789125669
0.011063366465274768
0.011200906472100798
0.010919546092268436
0.01056295174179304
0.010541078832204828
0.010833066374293035
0.0111884378056042
0.011058568713085382
0.010464473703991667
0.009606221658998897
0.008858541244838983
0.008558156734611409
0.008876651867297388
0.009687639642175453
0.010632929388335096
0.011067268943065115
0.0113066556617153
0.011719057750733577
0.012222718029707064
0.012397901552645663
0.011756205950189854
0.010574202251671161
0.009254921578026674
0.00870372393936931
0.008429025637286274
0.008515687601661562
0.008509759208314337
0.008807727337952875
0.008972515691966674
0.009145859945045125
0.009353921654250951
0.009762854837324073
0.010426265514371964
0.01115898222142253
0.011941603565863192
0.012443558672999582
0.012329163123508464
0.011604548240896411
0.010514844182415306
0.0096018059797833
0.009137324948937766
0.008936379320663743
0.008851425064861805
0.008900663295610704
0.009217708207610652
0.009961926592923706
0.010535535404339144
0.010950283054242622
0.011415225938580981
0.012073396353319669
0.013071507339025913
0.014094342945419287
0.014710722560682014
0.0145325319881463
0.013594919971833952
0.01215299751593211
0.010783057745889474
0.00994358000729873
0.009745530383444816
0.009821667955199606
0.009752214997809445
0.009631837703973843
0.009562922269886368
0.009755167432832322
0.010075666283959102
0.010315303624487909
0.010195033440356377
0.010136550322772324
0.01022133502256721
0.010792410416824636
0.011336325659512132
0.011872713620727716
0.012000849353624663
0.012025408384950465
0.011547419530210877
0.010808672508155046
0.009933524685417345
0.009396691047668842
0.009284063793013345
0.009470642048431219
0.009487330562202875
0.009370127705190658
0.009202483035765006
0.009526247099725785
0.010238741491625807
0.01078641789667793
0.010897100591351249
0.010456767254271259
0.010364688559861083
0.010715748862450946
0.011554502499396047
0.012063159202398227
0.012026059816949151
0.011812641199608192
0.011988234926938568
0.012454486698390686
0.0128907404841028
0.012754155014905066
0.01244387877817946
0.012074056998242488
0.012252230647350457
0.012542331748037514
0.012959463651506232
0.013019505905654044
0.012893300738229216
0.012257012027957398
0.011427793936895468
0.010835188171141985
0.010469665921536189
0.010467956397600401
0.01018702879781816
0.00972964160236393
0.008876198225962932
0.007951170812292461
0.007288112042371027
0.00736830021710243
0.008247718103830867
0.00941998866832798
0.010597283675565604
0.011289883680587481
0.011443275092917113
0.011044362815194558
0.010377217848605647
0.009861614930181724
0.009504887362470415
0.009708331840980078
0.010229083157316408
0.010967053310402144
0.011646008018225084
0.012022303501419
0.01203179378438691
0.011815819165614406
0.011624900598713898
0.011447694566175063
0.011142428420399858
0.01064720961409173
0.010207834513649965
0.010223440437804538
0.01051544108456357
0.010700680631001892
0.010500847351367675
0.00986474732782195
0.009251775831074793
0.008938848821048812
0.00914948054714285
0.00964234993731941
0.010226438327601216
0.010539108042200722
0.01057594618686934
0.010413390659930289
0.010350979719261442
0.010506013838811903
0.010613349974562964
0.01075737692533553
0.01069986221445265
0.010605115925881136
0.010533260398721692
0.010296099653364003
0.00994486043345214
0.009551431464391793
0.009414236840555732
0.009633145817948758
0.010032756663523136
0.010027999477721324
0.009859606158677977
0.00972546187052606
0.009985108789223587
0.010182630433452113
0.010256461246314286
0.01023465488608555
0.010312856214577948
0.010662499928641066
0.010980925840340794
0.011252422533140898
0.011190644349863948
0.010851033737865279
0.010636994443106907
0.010525559607284334
0.0107641918260519
0.010703897136300908
0.010863498704450783
0.011239774715678174
0.011778867881911927
0.012162412076670735
0.012296406414718856
0.012223645433182686
0.012100966977814325
0.01208963831384078
0.012002122961238327
0.011888158231115331
0.01156484525032269
0.011068505507638247
0.010558904899602647
0.010015658497392523
0.009941062579004881
0.009912100402317965
0.010133746452623129
0.00994058269312758
0.009701065849788339
0.009441262202108763
0.009033021645299509
0.008666218156138899
0.008520369616839954
0.008907644880413599
0.009499723896365601
0.009929361181974492
0.009754981058892977
0.009139550832070943
0.008459647186600116
0.00821117617036291
0.008573217114216334
0.009349686583859958
0.010528927766640987
0.011608870562166855
0.012423501938801361
0.012299534525481657
0.01174107977972572
0.01092740623152408
0.010747448819865961
0.011183349515922751
0.012230768287925294
0.013258411124651091
0.014005441332346975
0.014254909048715299
0.014129354239647531
0.013766840185848712
0.013179964458809148
0.012517151208953083
0.011944941039161149
0.01127577176793054
0.010578841124018632
0.009833080971945938
0.009475651337432759
0.00965830086261573
0.010321055186595669
0.010974356900319112
0.01120958559658185
0.010951567220366307
0.010447065840663372
0.009830454324679145
0.009329304226125263
0.009103583721171798
0.009251964057397108
0.009643549230568645
0.010053440470221196
0.010187141164719743
0.00997176815173424
0.00951491228965857
0.009355106952636116
0.00953339659450112
0.01007710341637158
0.010710858872547564
0.01129451006699681
0.011505693223519234
0.01119630422022394
0.010729610611737555
0.010170780133783884
0.010129261914463679
0.010643345505636585
0.011645406736788846
0.012599158042521092
0.012897387965476232
0.012692883799578643
0.012319020769985554
0.012176745572320565
0.01242414973264969
0.012745250525488774
0.012753087054144213
0.012449335951613703
0.011814583024538403
0.011213612799962656
0.01089976873663948
0.010923048022759395
0.011159644801289267
0.011259395148863876
0.011062594609904254
0.010662635594247055
0.010299950418667641
0.01027279716098091
0.010191774670152403
0.010040318191163092
0.009651643888057
0.009560672528408592
0.009733810158768279
0.0100766140128867
0.010229162240942929
0.010193870629968406
0.0102024091021009
0.010191271210924377
0.010392385022777348
0.010737964141103392
0.011168517942259893
0.01148804430726473
0.011444212147459179
0.011342607280576287
0.011201428856968785
0.01112427336020318
0.011003883194841592
0.010728531214327406
0.010698020284060712
0.010861252320859069
0.011221748058397768
0.011599654637522935
0.011886395563136037
0.012167695475611829
0.012353770312462133
0.012455892543237023
0.012173760262586151
0.011589244498247813
0.010916388096199537
0.010231814214482916
0.009829182796069402
0.009697155254538023
0.009712379647925344
0.009741223915459445
0.00990094482468392
0.010228855538414927
0.01064859643057571
0.011026783565952544
0.011359564665021867
0.011357737780606492
0.011184486472683707
0.010787226693931999
0.010729013596244267
0.010902502850815277
0.011293236703835011
0.011495560916254572
0.011430926212871785
0.010948074865306554
0.0104100502128955
0.009654992886880204
0.008898327662643308
0.008159272716290113
0.007787572538026987
0.007871850292845988
0.008324464784180266
0.00917477159494086
0.010156506551999374
0.011231913874053926
0.011859763843457542
0.012170155252415275
0.012018214627753489
0.011623989982271916
0.011289383052921938
0.011343692914802948
0.01181460029970592
0.01225218267616679
0.012259031220432554
0.011569527121445268
0.010555303278586451
0.009769332873821063
0.009562079801723748
0.009992207446232013
0.010404891057081915
0.01066676183215907
0.010677212882853405
0.010858114327658298
0.010843266944027999
0.010832699044201841
0.010483571842087376
0.010814166162085423
0.01144095290633086
0.0127126213956013
0.013587567576713437
0.01401519646812735
0.013457417259500372
0.012482295959012233
0.011805200098070625
0.0115686049841588
0.011740955533976881
0.011531435017551836
0.010916280407163676
0.010338164695458328
0.01004107626623799
0.009820942714064987
0.00953361286480149
0.009001027266836395
0.0089080597740981
0.009196568488560892
0.01009742971246716
0.011134863097773702
0.01168408136646054
0.011380516429232433
0.010618019784445919
0.009943452135205349
0.009816030838978347
0.010255997606079294
0.010774496167735804
0.011298462134117091
0.011613717202551912
0.012023181702588395
0.012422138467879061
0.012622252885429524
0.012311788375953448
0.011517725933103132
0.010677287589880834
0.010206231966606081
0.010468325527128501
0.011280248721924272
0.011985104564371154
0.011976711175069711
0.011372705306815294
0.010609276612668394
0.010314560052877586
0.010778747274166493
0.011853521816625022
0.012823498452420819
0.013204067710711932
0.012801868991156002
0.012006301702297446
0.011199455637151565
0.010655508865439907
0.010269619853651477
0.009720672252495819
0.009106659834771706
0.008652634666427819
0.008399836713788534
0.008450414868677763
0.00850064443848671
0.00861316564538826
0.009015066690886765
0.009785479253199078
0.010623940466212926
0.0110967432679984
0.010962793360908144
0.010280481873845851
0.00942510526526132
0.008805811858526837
0.008674281323990805
0.009047916829818507
0.009502859342895027
0.009965666889975137
0.010218590121067841
0.010411540186568577
0.010266778984857014
0.009758321610336526
0.009261476381902646
0.009209023236075656
0.009752370528793465
0.010703578893460313
0.011659155430477026
0.012459713353154206
0.012941555829711859
0.0132283177628244
0.013337830394518484
0.013194418850756274
0.012688635862829084
0.01204706114044384
0.01130135121819561
0.010577746341091588
0.00963465746323166
0.00878806056525282
0.008245793789580118
0.008104622000064883
0.008313550567420887
0.008425499942534219
0.008538403696125015
0.008557546957929606
0.00894313442274477
0.009367846875631502
0.009660247498211193
0.009787891923890232
0.009713670343154228
0.00964619331041516
0.0094487222157135
0.009256475184797415
0.00909269241882777
0.008983188721913891
0.008909266881001587
0.009004972493079725
0.009349945022945309
0.009746640243446944
0.009926850472375641
0.009980340555190412
